 304835482365833
      13479
 3600.00993
    0.11886
   -1.01342
    0.00000
   -1.01354
    0.00000

   -0.05961
    0.04872
   -0.01579
   -0.01229
    0.05140
   -0.01352
    0.03728
    0.01901
    0.01443
    0.03757
   -0.03743
   -0.02662
   -0.03456
    0.02958
   -0.06030
    0.06918
    0.06627
    0.02414
    0.03095
   -0.05280
   -0.07143
   -0.05699
   -0.00121
   -0.03903
    0.01600
    0.01992
    0.06392
    0.06836
    0.04853
    0.02090
   -0.05646
    0.02929
   -0.07215
   -0.00766
   -0.06369
   -0.02941
   -0.03940
    0.04286
   -0.01036
    0.05087
    0.04832
    0.01908
   -0.02027
    0.06634
   -0.06443
    0.00310
    0.04008
    0.04167
    0.00962
   -0.00883
    0.02166
    0.01192
    0.00434
   -0.00607
    0.00710
    0.03967
   -0.07240
    0.00602
   -0.06002
    0.01871
   -0.01616
    0.03307
   -0.04855
   -0.04676
   -0.01894
   -0.00491
    0.05153
   -0.05777
    0.04545
   -0.05440
   -0.03147
    0.07011
    0.02862
    0.00487
    0.04085
   -0.06760
    0.05675
   -0.02764
   -0.06090
   -0.02009
   -0.04687
   -0.04549
    0.02653
    0.05137
   -0.02966
    0.01082
   -0.02536
   -0.01734
   -0.01125
    0.01225
   -0.02030
   -0.06275
    0.03892
    0.05395
   -0.00922
    0.03566
   -0.03316
    0.04166
   -0.02757
   -0.06401
    0.00908
   -0.06948
   -0.00640
    0.03634
   -0.03058
    0.03707
   -0.02641
    0.02775
   -0.06057
   -0.02921
   -0.04782
    0.04160
   -0.04401
    0.04908
    0.02186
   -0.04766
    0.06505
   -0.02325
   -0.04733
    0.01556
    0.00467
   -0.06034
    0.01631
    0.00201
   -0.03964
    0.02983
   -0.00878
   -0.05255
   -0.02219
   -0.06100
   -0.02684
    0.04699
    0.01926
   -0.02590
    0.05442
   -0.04170
   -0.03401
   -0.03928
    0.06797
    0.01046
   -0.06570
    0.05766
    0.04107
    0.00724
    0.02418
   -0.04072
    0.05719
    0.04841
   -0.05888
   -0.01744
   -0.07089
   -0.03588
   -0.04220
   -0.04662
    0.05646
   -0.05128
   -0.02023
    0.00312
    0.03922
    0.03233
    0.05716
   -0.06853
    0.00118
   -0.02835
    0.01426
   -0.02874
   -0.00560
   -0.00036
    0.01065
    0.04008
    0.01866
    0.02214
   -0.04908
   -0.03926
   -0.05258
   -0.02946
    0.06495
    0.04270
    0.05923
    0.05073
    0.01134
   -0.00488
    0.00045
    0.06602
   -0.00914
    0.04786
    0.03753
    0.03159
    0.05539
    0.00206
   -0.05692
    0.03937
    0.05110
    0.02697
   -0.06806
   -0.00004
    0.00109
    0.05144
    0.01106
    0.05204
   -0.00738
    0.02281
    0.03211
   -0.06705
    0.06035
    0.03723
    0.05838
    0.03763
   -0.00133
    0.05459
    0.05883
    0.00278
    0.06139
   -0.05380
   -0.01568
   -0.00538
    0.05160
    0.05274
   -0.04797
   -0.01657
    0.00020
   -0.02362
    0.02297
   -0.01847
    0.00803
    0.04914
    0.00585
    0.05682
    0.01848
   -0.01414
    0.02976
    0.06036
    0.00721
    0.00766
    0.02585
   -0.02209
    0.01003
    0.00139
    0.04852
   -0.02786
   -0.05686
   -0.01605
   -0.06355
    0.02922
    0.01116
   -0.07116
   -0.05303
   -0.02895
   -0.06498
    0.06637
   -0.05409
   -0.07425
   -0.05028
    0.01744
    0.05628
   -0.04882
   -0.03394
    0.00889
   -0.03510
   -0.04245
   -0.03457
    0.02262
   -0.04242
   -0.04390
    0.02361
   -0.00487
   -0.05772
   -0.06097
    0.03006
    0.02578
    0.02890
    0.02656
   -0.06562
   -0.04243
   -0.05100
    0.02213
    0.02464
    0.06943
    0.02140
   -0.00341
    0.01224
    0.03521
   -0.03547
   -0.02144
   -0.01972
    0.00794
   -0.01830
   -0.07234
    0.06811
   -0.02678
   -0.03058
   -0.06365
    0.00413
    0.05170
   -0.01236
   -0.04263
    0.04189
    0.06540
    0.01385
   -0.03678
   -0.01227
    0.03926
   -0.02662
    0.03375
    0.05938
    0.01610
    0.04039
    0.00807
   -0.01315
   -0.00307
   -0.05626
   -0.04017
   -0.02680
   -0.00707
    0.01058
   -0.02609
    0.06306
   -0.01591
   -0.02039
   -0.00680
   -0.02459
    0.02934
   -0.07218
    0.05077
    0.02168
   -0.05325
    0.00376
    0.03030
    0.06800
    0.03756
    0.01247
   -0.04069
   -0.00818
    0.04790
   -0.01149
   -0.04351
    0.02618
   -0.06146
   -0.06508
   -0.05836
    0.06250
   -0.03602
    0.02419
   -0.01798
    0.05303
   -0.01058
   -0.03680
    0.05835
   -0.03887
    0.05892
   -0.02611
   -0.03205
   -0.06370
    0.00146
    0.03301
    0.06651
   -0.02137
   -0.04924
    0.01634
    0.02435
    0.03381
    0.02794
    0.00105
   -0.03243
   -0.03651
   -0.03947
   -0.01461
   -0.04963
    0.06847
   -0.02025
    0.06374
    0.05570
   -0.00366
    0.04224
    0.06660
    0.03445
    0.04382
    0.03177
    0.01509
    0.00802
   -0.03484
   -0.06116
    0.03582
    0.00637
   -0.06253
    0.01427
    0.05558
    0.05562
    0.02665
    0.05766
    0.03103
    0.06183
   -0.01798
    0.01298
    0.00575
    0.05597
   -0.03509
    0.01523
    0.03489
   -0.05890
    0.04606
    0.00424
    0.01829
    0.00696
    0.06125
    0.01372
    0.03274
   -0.05290
    0.03588
    0.04358
   -0.03865
   -0.04837
   -0.06477
   -0.03238
    0.06641
    0.01113
   -0.02195
    0.04522
   -0.03570
   -0.02458
    0.05716
    0.02110
   -0.06676
   -0.05892
    0.05816
   -0.02652
    0.06241
    0.00631
   -0.02743
    0.06240
    0.00182
   -0.02620
   -0.06867
   -0.06694
   -0.00977
    0.02675
   -0.03893
    0.06930
    0.06530
   -0.01637
   -0.04222
    0.03531
    0.01471
   -0.01379
    0.00267
   -0.06193
    0.03465
   -0.05853
    0.02243
   -0.01508
   -0.04368
    0.02925
   -0.04881
   -0.01238
    0.03904
    0.02222
    0.00731
   -0.03048
   -0.05946
   -0.06032
   -0.03566
    0.02206
   -0.05280
   -0.00755
    0.05583
    0.00464
   -0.00717
   -0.05631
    0.07311
   -0.06328
    0.03852
   -0.05440
    0.03323
    0.06226
   -0.06688
    0.05345
    0.00768
   -0.03061
    0.00375
    0.03696
    0.04803
    0.05932
    0.03962
   -0.05880
   -0.01596
    0.05089
    0.03543
   -0.04574
   -0.02053
   -0.05714
    0.04982
    0.06562
   -0.04262
   -0.06595
   -0.02943
    0.06030
   -0.05964
   -0.07252
    0.00704
   -0.00588
   -0.06966
   -0.03514
    0.03234
    0.02265
    0.04792
    0.01214
    0.02436
    0.06088
   -0.05094
    0.04623
   -0.01181
    0.06136
    0.03093
   -0.03294
   -0.00716
   -0.01759
   -0.01423
    0.00938
    0.05349
    0.03505
   -0.03395
    0.03697
    0.04448
   -0.05744
    0.05663
   -0.02540
   -0.03397
   -0.02990
   -0.04775
   -0.00174
    0.00310
   -0.04400
   -0.02208
    0.07182
    0.01732
    0.03118
   -0.03322
   -0.01658
   -0.04316
    0.04243
    0.02007
    0.03232
   -0.04243
    0.00449
   -0.06045
   -0.01424
    0.01871
    0.01958
   -0.05020
   -0.01168
    0.03055
   -0.01113
   -0.05203
   -0.00217
    0.02254
    0.00416
    0.02851
   -0.04673
    0.04022
    0.01242
    0.03605
   -0.01270
   -0.06096
    0.03328
    0.07410
    0.04364
    0.01562
   -0.05696
   -0.04839
    0.02546
   -0.01432
    0.02592
    0.00415
   -0.01296
    0.04592
   -0.01803
   -0.03071
    0.03206
    0.03020
   -0.07512
    0.01349
    0.07370
    0.05627
   -0.01006
   -0.07156
   -0.00228
    0.02582
   -0.02119
    0.01427
    0.04607
   -0.06952
    0.06356
   -0.04199
   -0.04557
   -0.05052
    0.05927
    0.03791
   -0.02225
    0.03368
    0.01472

   -0.05967
    0.04868
   -0.01571
   -0.01240
    0.05141
   -0.01355
    0.03730
    0.01904
    0.01431
    0.03755
   -0.03742
   -0.02672
   -0.03452
    0.02955
   -0.06028
    0.06925
    0.06631
    0.02411
    0.03096
   -0.05293
   -0.07153
   -0.05697
   -0.00128
   -0.03903
    0.01599
    0.01993
    0.06399
    0.06829
    0.04845
    0.02087
   -0.05644
    0.02929
   -0.07219
   -0.00761
   -0.06371
   -0.02936
   -0.03940
    0.04287
   -0.01042
    0.05085
    0.04827
    0.01917
   -0.02032
    0.06639
   -0.06445
    0.00304
    0.04011
    0.04172
    0.00961
   -0.00893
    0.02172
    0.01197
    0.00432
   -0.00605
    0.00704
    0.03970
   -0.07245
    0.00605
   -0.06001
    0.01875
   -0.01612
    0.03321
   -0.04864
   -0.04681
   -0.01907
   -0.00491
    0.05155
   -0.05792
    0.04545
   -0.05450
   -0.03136
    0.07012
    0.02858
    0.00473
    0.04079
   -0.06772
    0.05696
   -0.02763
   -0.06097
   -0.02002
   -0.04683
   -0.04553
    0.02641
    0.05134
   -0.02956
    0.01082
   -0.02544
   -0.01730
   -0.01126
    0.01223
   -0.02036
   -0.06283
    0.03896
    0.05394
   -0.00921
    0.03565
   -0.03310
    0.04157
   -0.02751
   -0.06396
    0.00904
   -0.06950
   -0.00635
    0.03633
   -0.03060
    0.03707
   -0.02646
    0.02771
   -0.06052
   -0.02919
   -0.04777
    0.04162
   -0.04410
    0.04908
    0.02188
   -0.04755
    0.06515
   -0.02319
   -0.04728
    0.01553
    0.00468
   -0.06021
    0.01622
    0.00203
   -0.03965
    0.02978
   -0.00882
   -0.05257
   -0.02223
   -0.06098
   -0.02685
    0.04690
    0.01916
   -0.02587
    0.05444
   -0.04174
   -0.03393
   -0.03930
    0.06799
    0.01050
   -0.06572
    0.05772
    0.04110
    0.00731
    0.02427
   -0.04078
    0.05726
    0.04836
   -0.05882
   -0.01745
   -0.07095
   -0.03590
   -0.04216
   -0.04657
    0.05657
   -0.05120
   -0.02019
    0.00308
    0.03934
    0.03230
    0.05724
   -0.06856
    0.00127
   -0.02839
    0.01431
   -0.02872
   -0.00555
   -0.00038
    0.01051
    0.04001
    0.01863
    0.02212
   -0.04912
   -0.03928
   -0.05257
   -0.02954
    0.06500
    0.04273
    0.05930
    0.05075
    0.01128
   -0.00489
    0.00052
    0.06604
   -0.00914
    0.04778
    0.03760
    0.03158
    0.05542
    0.00210
   -0.05693
    0.03927
    0.05113
    0.02696
   -0.06808
   -0.00007
    0.00113
    0.05132
    0.01092
    0.05205
   -0.00729
    0.02283
    0.03201
   -0.06714
    0.06030
    0.03726
    0.05835
    0.03767
   -0.00146
    0.05454
    0.05865
    0.00273
    0.06134
   -0.05382
   -0.01575
   -0.00541
    0.05148
    0.05274
   -0.04794
   -0.01658
    0.00011
   -0.02362
    0.02301
   -0.01845
    0.00805
    0.04923
    0.00597
    0.05681
    0.01848
   -0.01399
    0.02971
    0.06028
    0.00710
    0.00764
    0.02590
   -0.02212
    0.00992
    0.00143
    0.04854
   -0.02776
   -0.05688
   -0.01627
   -0.06343
    0.02930
    0.01114
   -0.07123
   -0.05305
   -0.02898
   -0.06496
    0.06643
   -0.05413
   -0.07429
   -0.05031
    0.01749
    0.05621
   -0.04889
   -0.03393
    0.00900
   -0.03510
   -0.04254
   -0.03456
    0.02267
   -0.04244
   -0.04388
    0.02360
   -0.00492
   -0.05766
   -0.06103
    0.03004
    0.02575
    0.02894
    0.02654
   -0.06568
   -0.04240
   -0.05102
    0.02221
    0.02460
    0.06938
    0.02138
   -0.00345
    0.01222
    0.03534
   -0.03547
   -0.02133
   -0.01975
    0.00784
   -0.01833
   -0.07233
    0.06821
   -0.02679
   -0.03060
   -0.06380
    0.00414
    0.05167
   -0.01239
   -0.04257
    0.04181
    0.06530
    0.01382
   -0.03677
   -0.01232
    0.03922
   -0.02666
    0.03370
    0.05939
    0.01621
    0.04027
    0.00812
   -0.01308
   -0.00316
   -0.05620
   -0.04027
   -0.02673
   -0.00701
    0.01065
   -0.02605
    0.06316
   -0.01588
   -0.02045
   -0.00674
   -0.02457
    0.02948
   -0.07226
    0.05070
    0.02170
   -0.05333
    0.00373
    0.03033
    0.06801
    0.03760
    0.01247
   -0.04061
   -0.00820
    0.04779
   -0.01142
   -0.04351
    0.02619
   -0.06142
   -0.06510
   -0.05831
    0.06247
   -0.03602
    0.02423
   -0.01790
    0.05302
   -0.01065
   -0.03677
    0.05832
   -0.03895
    0.05884
   -0.02603
   -0.03206
   -0.06375
    0.00149
    0.03300
    0.06660
   -0.02136
   -0.04917
    0.01630
    0.02434
    0.03376
    0.02787
    0.00108
   -0.03252
   -0.03651
   -0.03950
   -0.01454
   -0.04967
    0.06855
   -0.02027
    0.06367
    0.05581
   -0.00374
    0.04226
    0.06662
    0.03444
    0.04381
    0.03174
    0.01516
    0.00800
   -0.03482
   -0.06117
    0.03587
    0.00633
   -0.06258
    0.01424
    0.05560
    0.05564
    0.02671
    0.05767
    0.03105
    0.06176
   -0.01795
    0.01297
    0.00564
    0.05586
   -0.03513
    0.01527
    0.03487
   -0.05894
    0.04601
    0.00421
    0.01832
    0.00690
    0.06117
    0.01372
    0.03283
   -0.05286
    0.03587
    0.04352
   -0.03858
   -0.04835
   -0.06483
   -0.03230
    0.06636
    0.01100
   -0.02191
    0.04528
   -0.03578
   -0.02454
    0.05712
    0.02102
   -0.06679
   -0.05897
    0.05817
   -0.02655
    0.06244
    0.00640
   -0.02747
    0.06245
    0.00183
   -0.02613
   -0.06858
   -0.06681
   -0.00966
    0.02670
   -0.03898
    0.06926
    0.06539
   -0.01647
   -0.04236
    0.03529
    0.01467
   -0.01383
    0.00267
   -0.06197
    0.03469
   -0.05847
    0.02253
   -0.01505
   -0.04369
    0.02926
   -0.04896
   -0.01244
    0.03910
    0.02235
    0.00727
   -0.03042
   -0.05953
   -0.06036
   -0.03578
    0.02208
   -0.05283
   -0.00749
    0.05581
    0.00460
   -0.00717
   -0.05628
    0.07313
   -0.06325
    0.03850
   -0.05434
    0.03317
    0.06220
   -0.06694
    0.05338
    0.00772
   -0.03059
    0.00369
    0.03687
    0.04799
    0.05930
    0.03957
   -0.05874
   -0.01596
    0.05089
    0.03555
   -0.04577
   -0.02050
   -0.05714
    0.04977
    0.06569
   -0.04268
   -0.06594
   -0.02944
    0.06036
   -0.05959
   -0.07266
    0.00710
   -0.00605
   -0.06975
   -0.03503
    0.03243
    0.02268
    0.04786
    0.01220
    0.02427
    0.06100
   -0.05088
    0.04625
   -0.01185
    0.06137
    0.03087
   -0.03301
   -0.00723
   -0.01757
   -0.01414
    0.00944
    0.05343
    0.03509
   -0.03398
    0.03704
    0.04454
   -0.05740
    0.05672
   -0.02531
   -0.03393
   -0.02982
   -0.04771
   -0.00176
    0.00309
   -0.04404
   -0.02211
    0.07187
    0.01728
    0.03118
   -0.03333
   -0.01658
   -0.04309
    0.04239
    0.02009
    0.03231
   -0.04250
    0.00458
   -0.06042
   -0.01431
    0.01871
    0.01969
   -0.05027
   -0.01163
    0.03053
   -0.01109
   -0.05206
   -0.00225
    0.02263
    0.00413
    0.02852
   -0.04674
    0.04025
    0.01240
    0.03618
   -0.01273
   -0.06095
    0.03319
    0.07404
    0.04366
    0.01558
   -0.05701
   -0.04833
    0.02545
   -0.01438
    0.02590
    0.00420
   -0.01296
    0.04586
   -0.01804
   -0.03074
    0.03201
    0.03021
   -0.07527
    0.01358
    0.07368
    0.05620
   -0.00999
   -0.07160
   -0.00234
    0.02575
   -0.02113
    0.01419
    0.04602
   -0.06955
    0.06361
   -0.04193
   -0.04545
   -0.05049
    0.05934
    0.03787
   -0.02224
    0.03368
    0.01472

   -0.06361
    0.05126
   -0.02126
   -0.00816
    0.04324
   -0.00709
    0.04258
    0.02272
    0.01555
    0.03665
   -0.04722
   -0.02410
   -0.03072
    0.03026
   -0.06153
    0.07132
    0.05866
    0.02873
    0.03914
   -0.04970
   -0.06733
   -0.05937
   -0.00137
   -0.04109
    0.01507
    0.02222
    0.06582
    0.06417
    0.05348
    0.01955
   -0.05734
    0.03185
   -0.07191
   -0.00770
   -0.06501
   -0.03118
   -0.04474
    0.04222
   -0.01225
    0.05305
    0.05302
    0.02254
   -0.02016
    0.06062
   -0.05985
    0.00757
    0.03945
    0.04194
    0.00969
    0.00033
    0.01753
    0.00868
    0.00609
   -0.00850
    0.00233
    0.03949
   -0.06797
    0.01029
   -0.05780
    0.01349
   -0.01901
    0.02655
   -0.04252
   -0.04889
   -0.01796
   -0.00272
    0.05328
   -0.05525
    0.04669
   -0.05845
   -0.02934
    0.06308
    0.02963
    0.00866
    0.04122
   -0.06328
    0.04877
   -0.02800
   -0.05829
   -0.02250
   -0.04873
   -0.04087
    0.03614
    0.05084
   -0.03344
    0.00369
   -0.02610
   -0.01398
   -0.01034
    0.01068
   -0.01872
   -0.06315
    0.04066
    0.05187
   -0.01144
    0.03879
   -0.03772
    0.04945
   -0.03174
   -0.06693
    0.01222
   -0.07149
   -0.00378
    0.03660
   -0.03201
    0.04480
   -0.02717
    0.02469
   -0.07117
   -0.02664
   -0.05648
    0.04445
   -0.04510
    0.04395
    0.01320
   -0.04924
    0.06307
   -0.02396
   -0.04998
    0.01307
    0.00739
   -0.06004
    0.01509
    0.00456
   -0.03618
    0.03352
   -0.00627
   -0.05017
   -0.02161
   -0.05791
   -0.02931
    0.05093
    0.02576
   -0.02722
    0.05559
   -0.03619
   -0.03961
   -0.04404
    0.06804
    0.01098
   -0.06571
    0.05922
    0.03430
    0.00798
    0.02179
   -0.03469
    0.05852
    0.05059
   -0.06512
   -0.02088
   -0.07029
   -0.03427
   -0.04215
   -0.04800
    0.05062
   -0.04997
   -0.02355
    0.00512
    0.04040
    0.03767
    0.06347
   -0.06984
   -0.00235
   -0.02518
    0.01455
   -0.03586
   -0.00517
    0.00441
    0.01567
    0.04283
    0.02440
    0.02015
   -0.05077
   -0.03730
   -0.05434
   -0.02916
    0.06219
    0.04306
    0.05689
    0.05365
    0.01077
   -0.00146
   -0.00318
    0.06402
   -0.01030
    0.04971
    0.03321
    0.03231
    0.05159
    0.00939
   -0.05588
    0.04329
    0.04916
    0.02817
   -0.06572
    0.00719
    0.00168
    0.05593
    0.01213
    0.04763
   -0.01224
    0.01838
    0.03680
   -0.06831
    0.06151
    0.03163
    0.05980
    0.03970
   -0.00010
    0.06285
    0.06229
   -0.00051
    0.06615
   -0.05010
   -0.01477
   -0.01047
    0.05950
    0.05059
   -0.04838
   -0.01128
   -0.00192
   -0.02423
    0.01891
   -0.02161
    0.00975
    0.04572
    0.00316
    0.05601
    0.01894
   -0.02044
    0.02890
    0.06586
   -0.00053
    0.00653
    0.01927
   -0.02209
    0.01613
    0.00227
    0.04753
   -0.03295
   -0.06187
   -0.00496
   -0.06634
    0.02963
    0.01157
   -0.06783
   -0.05910
   -0.02897
   -0.06426
    0.06556
   -0.05157
   -0.06928
   -0.04944
    0.02445
    0.05816
   -0.04685
   -0.03421
    0.01087
   -0.03453
   -0.04376
   -0.02402
    0.01756
   -0.04357
   -0.04803
    0.01935
   -0.01069
   -0.06519
   -0.05736
    0.03116
    0.03283
    0.02079
    0.02984
   -0.06561
   -0.04842
   -0.04552
    0.02165
    0.02074
    0.07181
    0.02271
    0.00496
    0.00923
    0.03107
   -0.03712
   -0.02256
   -0.01988
    0.00963
   -0.01947
   -0.06762
    0.06620
   -0.02242
   -0.02141
   -0.05933
    0.00476
    0.05697
   -0.01182
   -0.05175
    0.04597
    0.06581
    0.01536
   -0.03282
   -0.01164
    0.04270
   -0.03162
    0.03381
    0.05711
    0.01852
    0.04132
    0.01317
   -0.01026
   -0.00303
   -0.05671
   -0.03766
   -0.02106
   -0.01023
    0.01296
   -0.02949
    0.06183
   -0.02139
   -0.01226
   -0.00612
   -0.02709
    0.02183
   -0.06909
    0.05262
    0.01855
   -0.05335
    0.01509
    0.03963
    0.06921
    0.04058
    0.00456
   -0.03754
   -0.00319
    0.04891
   -0.01639
   -0.04791
    0.02716
   -0.06014
   -0.06153
   -0.06297
    0.06029
   -0.03638
    0.02439
   -0.02011
    0.04640
   -0.01270
   -0.03626
    0.05641
   -0.03270
    0.05862
   -0.02493
   -0.03318
   -0.06141
    0.00226
    0.03176
    0.06624
   -0.02462
   -0.04877
    0.01375
    0.02069
    0.02949
    0.03195
    0.00070
   -0.02968
   -0.03804
   -0.03489
   -0.01069
   -0.05339
    0.06345
   -0.01860
    0.06174
    0.05343
   -0.00106
    0.04003
    0.06969
    0.03596
    0.04632
    0.03638
    0.01382
    0.00812
   -0.03381
   -0.06384
    0.03378
    0.01165
   -0.06115
    0.01383
    0.05392
    0.05564
    0.02963
    0.05370
    0.03151
    0.05919
   -0.01531
    0.01585
    0.00979
    0.05708
   -0.02892
    0.01016
    0.03460
   -0.05044
    0.05078
    0.00748
    0.01525
    0.01007
    0.07081
    0.01736
    0.02972
   -0.05739
    0.03138
    0.03320
   -0.03821
   -0.04734
   -0.06448
   -0.03798
    0.06343
    0.01080
   -0.01869
    0.03578
   -0.03091
   -0.03241
    0.05801
    0.02214
   -0.06617
   -0.05781
    0.05728
   -0.03071
    0.06297
   -0.00591
   -0.02193
    0.06416
    0.00046
   -0.02292
   -0.06796
   -0.06888
   -0.01162
    0.02499
   -0.03736
    0.06914
    0.06206
   -0.01668
   -0.03461
    0.03456
    0.00890
   -0.01283
    0.00706
   -0.06307
    0.03162
   -0.05802
    0.02176
   -0.00503
   -0.04757
    0.03564
   -0.04269
   -0.01103
    0.03751
    0.00762
    0.00581
   -0.03628
   -0.05734
   -0.05446
   -0.03214
    0.02173
   -0.05314
   -0.00767
    0.05514
    0.00616
   -0.01133
   -0.05607
    0.07054
   -0.06884
    0.04375
   -0.05595
    0.03795
    0.06139
   -0.06854
    0.05257
    0.00430
   -0.03316
    0.00024
    0.04026
    0.04695
    0.06315
    0.04073
   -0.05919
   -0.01509
    0.05140
    0.02820
   -0.04164
   -0.02167
   -0.04784
    0.04894
    0.06544
   -0.04005
   -0.06816
   -0.03417
    0.06127
   -0.05606
   -0.06932
    0.00364
    0.00203
   -0.06135
   -0.04148
    0.03057
    0.02859
    0.05420
    0.01395
    0.02691
    0.05776
   -0.05129
    0.04639
   -0.01658
    0.06328
    0.03565
   -0.03290
   -0.00556
   -0.01525
   -0.01669
    0.00534
    0.05532
    0.03338
   -0.03309
    0.03330
    0.04386
   -0.05807
    0.05793
   -0.03198
   -0.03330
   -0.03782
   -0.05136
    0.00033
   -0.00158
   -0.04137
   -0.01375
    0.06786
    0.02473
    0.03293
   -0.02193
   -0.01388
   -0.04725
    0.04189
    0.01498
    0.02956
   -0.03561
    0.00381
   -0.05743
   -0.01585
    0.01847
    0.01487
   -0.05461
   -0.01092
    0.03759
   -0.00670
   -0.05693
    0.00134
    0.02661
    0.00790
    0.03209
   -0.04479
    0.03377
    0.01275
    0.03504
   -0.01805
   -0.05962
    0.03440
    0.06894
    0.04602
    0.01854
   -0.05871
   -0.04885
    0.02433
   -0.01489
    0.02848
    0.00567
   -0.00877
    0.04486
   -0.02180
   -0.02723
    0.03093
    0.03020
   -0.06569
    0.01602
    0.07073
    0.06276
   -0.01507
   -0.06469
    0.00796
    0.02766
   -0.01721
    0.01676
    0.04769
   -0.06833
    0.06538
   -0.04688
   -0.04669
   -0.04952
    0.06050
    0.03390
   -0.02249
    0.03218
    0.01046
