          1          0    0.00000   -1.00720    0.00000   -1.00720    0.00000   -3.63609    3.63609    0.00000
          1          1    0.39019   -1.00160    0.00000   -0.99708    0.00000   -3.63609   -0.99708    0.00000
          2          0    0.39019   -0.40167    0.00000   -0.99708    0.00000   -3.63609   -0.99708   -2.31658
          2        100   41.62680   -0.96018    0.00000   -1.00759    0.00000   -3.63609   -1.00969   -2.31658
          2        200   94.72999   -0.97653    0.00000   -1.01131    0.00000   -3.63609   -1.01292   -2.31658
          2        300  150.63382   -0.98377    0.00000   -1.01003    0.00000   -3.63609   -1.01388   -2.31658
          2        400  207.80700   -0.98810    0.00000   -1.01240    0.00000   -3.63609   -1.01423   -2.31658
          2        500  271.01914   -0.99106    0.00000   -1.01360    0.00000   -3.63609   -1.01432   -2.31658
          2        600  330.67339   -0.99327    0.00000   -1.01184    0.00000   -3.63609   -1.01529   -2.31658
          2        700  391.56919   -0.99497    0.00000   -1.01286    0.00000   -3.63609   -1.01531   -2.31658
          2        800  449.98807   -0.99635    0.00000   -1.01483    0.00000   -3.63609   -1.01531   -2.31658
          2        900  520.04484   -0.99749    0.00000   -1.01486    0.00000   -3.63609   -1.01531   -2.31658
          2       1000  583.40991   -0.99847    0.00000   -1.01420    0.00000   -3.63609   -1.01555   -2.31658
          2       1100  649.34011   -0.99931    0.00000   -1.01449    0.00000   -3.63609   -1.01556   -2.31658
          2       1200  709.65424   -1.00004    0.00000   -1.01383    0.00000   -3.63609   -1.01568   -2.31658
          2       1300  775.06372   -1.00068    0.00000   -1.01448    0.00000   -3.63609   -1.01568   -2.31658
          2       1400  833.69056   -1.00126    0.00000   -1.01488    0.00000   -3.63609   -1.01569   -2.31658
          2       1500  893.85370   -1.00178    0.00000   -1.01507    0.00000   -3.63609   -1.01579   -2.31658
          2       1600  958.54143   -1.00224    0.00000   -1.01457    0.00000   -3.63609   -1.01579   -2.31658
          2       1700 1023.39694   -1.00267    0.00000   -1.01470    0.00000   -3.63609   -1.01585   -2.31658
          2       1800 1086.10343   -1.00306    0.00000   -1.01511    0.00000   -3.63609   -1.01590   -2.31658
          2       1900 1152.58760   -1.00342    0.00000   -1.01535    0.00000   -3.63609   -1.01590   -2.31658
          2       2000 1213.70128   -1.00375    0.00000   -1.01574    0.00000   -3.63609   -1.01590   -2.31658
          2       2100 1279.32587   -1.00406    0.00000   -1.01488    0.00000   -3.63609   -1.01590   -2.31658
          2       2200 1341.51650   -1.00435    0.00000   -1.01449    0.00000   -3.63609   -1.01590   -2.31658
          2       2300 1404.79240   -1.00462    0.00000   -1.01438    0.00000   -3.63609   -1.01606   -2.31658
          2       2400 1472.64896   -1.00487    0.00000   -1.01573    0.00000   -3.63609   -1.01606   -2.31658
          2       2500 1535.32257   -1.00511    0.00000   -1.01541    0.00000   -3.63609   -1.01608   -2.31658
          2       2600 1603.29869   -1.00533    0.00000   -1.01508    0.00000   -3.63609   -1.01610   -2.31658
          2       2700 1667.46558   -1.00554    0.00000   -1.01505    0.00000   -3.63609   -1.01611   -2.31658
          2       2800 1728.78633   -1.00574    0.00000   -1.01505    0.00000   -3.63609   -1.01611   -2.31658
          2       2900 1792.54843   -1.00593    0.00000   -1.01561    0.00000   -3.63609   -1.01611   -2.31658
          2       3000 1857.55034   -1.00610    0.00000   -1.01549    0.00000   -3.63609   -1.01612   -2.31658
          2       3100 1920.58822   -1.00627    0.00000   -1.01584    0.00000   -3.63609   -1.01612   -2.31658
          2       3200 1983.74432   -1.00644    0.00000   -1.01613    0.00000   -3.63609   -1.01618   -2.31658
          2       3300 2045.99280   -1.00659    0.00000   -1.01496    0.00000   -3.63609   -1.01618   -2.31658
          2       3400 2110.69658   -1.00674    0.00000   -1.01537    0.00000   -3.63609   -1.01622   -2.31658
          2       3500 2178.30605   -1.00688    0.00000   -1.01502    0.00000   -3.63609   -1.01622   -2.31658
          2       3600 2239.55166   -1.00702    0.00000   -1.01558    0.00000   -3.63609   -1.01622   -2.31658
          2       3700 2303.98321   -1.00715    0.00000   -1.01581    0.00000   -3.63609   -1.01627   -2.31658
          2       3800 2371.56162   -1.00728    0.00000   -1.01591    0.00000   -3.63609   -1.01627   -2.31658
          2       3900 2435.29254   -1.00740    0.00000   -1.01512    0.00000   -3.63609   -1.01636   -2.31658
          2       4000 2494.16851   -1.00751    0.00000   -1.01503    0.00000   -3.63609   -1.01636   -2.31658
          2       4100 2555.33141   -1.00763    0.00000   -1.01590    0.00000   -3.63609   -1.01636   -2.31658
          2       4200 2617.87679   -1.00773    0.00000   -1.01608    0.00000   -3.63609   -1.01636   -2.31658
          2       4300 2684.84111   -1.00784    0.00000   -1.01572    0.00000   -3.63609   -1.01636   -2.31658
          2       4400 2751.42925   -1.00794    0.00000   -1.01553    0.00000   -3.63609   -1.01636   -2.31658
          2       4500 2817.75693   -1.00804    0.00000   -1.01595    0.00000   -3.63609   -1.01636   -2.31658
          2       4600 2882.58828   -1.00813    0.00000   -1.01498    0.00000   -3.63609   -1.01636   -2.31658
          2       4700 2947.41421   -1.00822    0.00000   -1.01561    0.00000   -3.63609   -1.01636   -2.31658
          2       4800 3009.80294   -1.00831    0.00000   -1.01581    0.00000   -3.63609   -1.01641   -2.31658
          2       4900 3075.18217   -1.00839    0.00000   -1.01590    0.00000   -3.63609   -1.01641   -2.31658
          2       5000 3143.45875   -1.00848    0.00000   -1.01551    0.00000   -3.63609   -1.01641   -2.31658
          2       5100 3207.28778   -1.00856    0.00000   -1.01583    0.00000   -3.63609   -1.01641   -2.31658
          2       5200 3271.97655   -1.00864    0.00000   -1.01555    0.00000   -3.63609   -1.01641   -2.31658
          2       5300 3331.75906   -1.00871    0.00000   -1.01542    0.00000   -3.63609   -1.01641   -2.31658
          2       5400 3392.15976   -1.00879    0.00000   -1.01534    0.00000   -3.63609   -1.01641   -2.31658
          2       5500 3457.10097   -1.00886    0.00000   -1.01563    0.00000   -3.63609   -1.01641   -2.31658
          2       5600 3523.40039   -1.00893    0.00000   -1.01576    0.00000   -3.63609   -1.01641   -2.31658
          2       5700 3592.95468   -1.00900    0.00000   -1.01589    0.00000   -3.63609   -1.01641   -2.31658
          2       5713 3600.10331   -1.00900    0.00000   -1.01548    0.00000   -3.63609   -1.01641   -2.31658
