          1          0    0.13492   -1.00928    0.00000   -1.00928    0.00000
          1        100   86.62954   -1.01678    0.00000   -1.01746    0.00000
          1        200  173.09834   -1.01740    0.00000   -1.01786    0.00000
          1        300  262.90107   -1.01761    0.00000   -1.01806    0.00000
          1        400  349.23003   -1.01772    0.00000   -1.01816    0.00000
          1        500  441.09361   -1.01779    0.00000   -1.01823    0.00000
          1        600  540.57226   -1.01785    0.00000   -1.01828    0.00000
          1        700  635.66041   -1.01789    0.00000   -1.01831    0.00000
          1        800  732.78292   -1.01792    0.00000   -1.01833    0.00000
          1        900  827.59609   -1.01795    0.00000   -1.01835    0.00000
          1       1000  927.61514   -1.01797    0.00000   -1.01837    0.00000
          1       1100 1023.00928   -1.01799    0.00000   -1.01838    0.00000
          1       1200 1116.73876   -1.01801    0.00000   -1.01840    0.00000
          1       1300 1212.61501   -1.01803    0.00000   -1.01841    0.00000
          1       1400 1309.57256   -1.01804    0.00000   -1.01841    0.00000
          1       1500 1404.55333   -1.01806    0.00000   -1.01842    0.00000
          1       1600 1490.88594   -1.01807    0.00000   -1.01843    0.00000
          1       1700 1591.48510   -1.01808    0.00000   -1.01844    0.00000
          1       1800 1681.20575   -1.01809    0.00000   -1.01844    0.00000
          1       1900 1776.22696   -1.01810    0.00000   -1.01845    0.00000
          1       2000 1869.24257   -1.01811    0.00000   -1.01845    0.00000
          1       2100 1968.12736   -1.01812    0.00000   -1.01846    0.00000
          1       2200 2075.72805   -1.01813    0.00000   -1.01846    0.00000
          1       2300 2170.35027   -1.01814    0.00000   -1.01846    0.00000
          1       2400 2268.36205   -1.01814    0.00000   -1.01847    0.00000
          1       2500 2354.95156   -1.01815    0.00000   -1.01847    0.00000
          1       2600 2449.48287   -1.01816    0.00000   -1.01847    0.00000
          1       2700 2539.25343   -1.01816    0.00000   -1.01848    0.00000
          1       2800 2618.72069   -1.01817    0.00000   -1.01848    0.00000
          1       2900 2721.08072   -1.01818    0.00000   -1.01848    0.00000
          1       3000 2817.10759   -1.01818    0.00000   -1.01848    0.00000
          1       3100 2904.92411   -1.01819    0.00000   -1.01849    0.00000
          1       3200 2991.83452   -1.01819    0.00000   -1.01849    0.00000
          1       3300 3087.73480   -1.01820    0.00000   -1.01849    0.00000
          1       3400 3179.37622   -1.01820    0.00000   -1.01849    0.00000
          1       3500 3273.97064   -1.01820    0.00000   -1.01849    0.00000
          1       3600 3371.83841   -1.01821    0.00000   -1.01850    0.00000
          1       3700 3474.82501   -1.01821    0.00000   -1.01850    0.00000
          1       3800 3567.87532   -1.01822    0.00000   -1.01850    0.00000
          1       3837 3600.18814   -1.01822    0.00000   -1.01837    0.00000
