 445837328723332
       2724
 3602.96542
   -1.00003
    0.00000
   -1.01008
    0.00000

   -0.03708
   -0.07538
   -0.03269
   -0.05046
    0.06468
    0.05352
    0.01568
   -0.05623
   -0.00304
    0.05168
   -0.04866
   -0.00546
   -0.01414
    0.04478
   -0.02741
    0.02465
   -0.02445
   -0.00389
    0.05902
    0.02233
    0.06278
    0.05077
   -0.00885
   -0.06227
   -0.01879
    0.00718
    0.03937
    0.02426
   -0.03981
    0.01646
    0.00333
    0.01818
   -0.04789
    0.05216
   -0.05494
    0.00066
    0.01469
    0.06425
    0.05223
    0.05071
   -0.00743
   -0.00328
    0.07020
   -0.04613
    0.01952
   -0.02172
   -0.00198
   -0.00841
   -0.00843
    0.00734
    0.05792
   -0.05964
   -0.04907
    0.05053
   -0.02705
    0.03911
   -0.03866
    0.04756
   -0.00742
    0.03400
    0.06376
   -0.04750
   -0.01344
    0.00484
   -0.05187
    0.06715
   -0.02451
   -0.01359
   -0.03859
    0.02204
   -0.03014
    0.06050
   -0.01339
    0.03856
    0.01663
   -0.04813
   -0.05636
   -0.06778
    0.06677
   -0.05021
   -0.02225
    0.04805
   -0.00704
   -0.04192
   -0.01267
   -0.03156
    0.04468
   -0.01932
   -0.03159
   -0.05264
    0.05461
   -0.07242
    0.05137
    0.00301
    0.03732
    0.02166
   -0.02043
   -0.00317
   -0.04641
   -0.03382
   -0.00291
   -0.07017
    0.02120
   -0.07768
    0.01736
    0.05695
    0.02905
    0.01434
   -0.00675
    0.06663
   -0.07776
   -0.05009
   -0.00704
    0.00332
    0.06461
    0.01486
   -0.03996
   -0.01454
   -0.02027
   -0.04881
    0.05151
   -0.04662
   -0.02238
    0.01211
   -0.00757
    0.00118
   -0.04868
    0.00361
   -0.02852
    0.07227
    0.00590
   -0.01303
   -0.03636
    0.00728
   -0.01134
    0.04557
   -0.04868
    0.01115
   -0.03811
   -0.00191
   -0.01593
   -0.04334
   -0.06308
    0.02006
    0.04759
   -0.05252
    0.05941
   -0.01209
   -0.01122
   -0.01992
   -0.00610
    0.03968
    0.01485
    0.02317
   -0.02878
   -0.00048
   -0.03672
    0.01561
    0.06986
   -0.00706
   -0.01512
   -0.04431
   -0.06337
    0.00928
   -0.02105
    0.03699
   -0.03607
   -0.04283
    0.03312
    0.03880
    0.03600
    0.00921
    0.05277
   -0.01175
    0.06897
    0.00584
    0.02911
   -0.04205
   -0.04243
   -0.04627
   -0.01490
    0.00866
   -0.01471
    0.03296
   -0.02052
    0.03690
   -0.01681
   -0.06016
   -0.07129
   -0.04080
   -0.01494
   -0.06193
   -0.02372
    0.00234
    0.00338
   -0.04046
    0.05741
    0.01798
    0.05326
   -0.03109
    0.00113
   -0.00680
   -0.03285
   -0.05328
   -0.01055
   -0.00289
   -0.04186
    0.03560
    0.01878
    0.01674
    0.02932
    0.01498
   -0.07619
    0.00001
    0.00384
   -0.05048
    0.04951
   -0.04420
   -0.07417
   -0.00077
   -0.02595
    0.06655
   -0.06915
    0.03920
   -0.06189
   -0.03864
   -0.06729
    0.06327
   -0.05164
    0.05814
   -0.03820
    0.06455
   -0.01106
    0.02245
   -0.02731
    0.04469
    0.00839
   -0.03724
   -0.05620
   -0.05697
    0.01791
    0.00071
    0.05328
    0.03376
    0.04859
    0.03707
   -0.06355
   -0.05931
    0.05707
    0.00597
   -0.01667
    0.00158
   -0.00855
    0.01983
    0.01718
   -0.01648
   -0.00376
   -0.05029
    0.06386
   -0.06878
   -0.00317
    0.02107
   -0.00654
   -0.00955
   -0.04335
   -0.00851
    0.03167
    0.04238
    0.06479
    0.04876
   -0.06220
   -0.00377
   -0.04275
    0.05565
   -0.07178
   -0.03021
   -0.03677
    0.04475
    0.03627
   -0.04039
   -0.05025
    0.00289
   -0.02321
    0.04676
    0.02528
   -0.03226
   -0.03520
   -0.06690
    0.03547
    0.06075
   -0.04010
   -0.05914
    0.04572
   -0.07122
   -0.00833
   -0.00361
   -0.03401
   -0.00271
   -0.03082
    0.07905
   -0.03154
    0.03450
   -0.04632
   -0.06775
    0.01484
    0.05626
   -0.03622
    0.02412
   -0.06293
    0.08004
    0.02843
   -0.04375
   -0.04522
    0.06607
    0.00815
    0.03865
    0.03985
   -0.05679
    0.05792
    0.00480
    0.03515
    0.02502
    0.04934
    0.01426
    0.00171
    0.02030
    0.02289
    0.00214
   -0.04094
   -0.06370
    0.06192
   -0.00223
    0.02995
   -0.03048
    0.04352
    0.04182
   -0.03063
   -0.03245
    0.05865
   -0.04853
   -0.01141
   -0.04236
   -0.03327
   -0.03281
   -0.04341
   -0.03593
    0.03851
   -0.05655
   -0.04700
    0.03277
    0.01430
    0.04098
   -0.06618
    0.01633
   -0.05283
   -0.06345
   -0.02126
   -0.01148
   -0.03448
   -0.04310
   -0.04142
    0.00080
   -0.02617
   -0.06109
    0.02522
    0.00213
    0.05229
    0.06956
    0.05141
    0.00391
   -0.01194
   -0.01775
   -0.06265
   -0.01953
   -0.01288
   -0.05865
   -0.00823
    0.04181
    0.06119
   -0.01679
   -0.00746
    0.02108
    0.02140
    0.03068
    0.03283
   -0.03216
    0.06586
    0.03495
    0.03814
    0.04529
    0.08296
   -0.06390
   -0.00023
    0.03487
   -0.05199
   -0.06164
   -0.01918
   -0.02383
   -0.04131
    0.05785
   -0.03173
    0.04429
   -0.00839
   -0.03397
   -0.06114
    0.07429
   -0.01084
    0.01867
    0.05843
   -0.02822
   -0.00800
   -0.04696
    0.04257
   -0.02314
   -0.05333
   -0.02827
   -0.01543
   -0.01242
   -0.01205
    0.00445
   -0.02328
   -0.05597
   -0.01807
   -0.02385
    0.04649
   -0.01565
    0.05135
    0.04726
    0.05726
    0.04716
   -0.04468
   -0.02440
   -0.04308
   -0.07531
   -0.00476
    0.02794
   -0.02998
   -0.04188
    0.07315
   -0.00949
    0.02107
   -0.00986
    0.04634
    0.03397
   -0.01425
    0.01374
   -0.00887
    0.01355
    0.03530
   -0.07259
    0.00700
   -0.05415
    0.01059
    0.03282
   -0.04895
   -0.00955
   -0.00792
   -0.03020
   -0.03507
    0.07492
    0.00338
    0.05233
   -0.04263
   -0.02674
   -0.01385
    0.06235
    0.04237
   -0.02779
    0.03773
    0.05655
    0.05678
   -0.04644
    0.06567
    0.05906
   -0.06177
   -0.06219
   -0.01833
   -0.06596
    0.05559
   -0.05490
    0.01283
   -0.04830
   -0.00486
   -0.06586
   -0.03682
   -0.03091
   -0.03422
   -0.03567
   -0.00427
    0.03847
    0.01364
   -0.02384
   -0.01397
    0.00059
   -0.03385
   -0.02289
    0.05066
   -0.01638
    0.07172
   -0.04288
    0.01193
    0.03845
    0.02334
    0.00091
   -0.06117
    0.03091
   -0.03573
   -0.04659
    0.07406
   -0.00257
   -0.00113
    0.00309
   -0.04871
   -0.01334
    0.02839
   -0.06914
   -0.04694
   -0.03035
    0.06470
    0.00605
    0.04627
   -0.01731
   -0.00868
    0.00671
    0.03074
    0.04911
    0.00409
    0.03635
   -0.05477
    0.03069
   -0.06083
    0.04715
    0.00218
   -0.02960
   -0.04931
    0.04070
    0.04977
    0.02743
   -0.02038
   -0.01233
   -0.02086
    0.02944
    0.01382
   -0.06313
   -0.02449
    0.00627
    0.05185
    0.06347
    0.02123
    0.07252
    0.01308
   -0.03791
   -0.06251
   -0.06856
    0.01583
   -0.03760
   -0.03481
   -0.03194
    0.05728
    0.06115
   -0.04464
    0.05120
   -0.01950
   -0.05226
   -0.04065
   -0.06103
    0.00462
   -0.05772
   -0.00581
    0.06384
    0.03900
   -0.00996
   -0.02923
   -0.00304
    0.05455
    0.03499
    0.04116
    0.01950
    0.03763
   -0.01755
   -0.03373
    0.03461
    0.05583
   -0.01068
    0.08155
    0.03015
   -0.02696
   -0.03651
    0.01376
    0.01363
    0.01595
    0.03755
   -0.04154
   -0.04394
    0.02757
   -0.03781
    0.06019
    0.03970
    0.03220
    0.03971

   -0.03747
   -0.07687
   -0.03360
   -0.05117
    0.06476
    0.05396
    0.01551
   -0.05666
   -0.00366
    0.05164
   -0.04891
   -0.00597
   -0.01449
    0.04474
   -0.02732
    0.02523
   -0.02443
   -0.00350
    0.05914
    0.02273
    0.06389
    0.05167
   -0.00953
   -0.06294
   -0.01940
    0.00749
    0.03997
    0.02398
   -0.04052
    0.01646
    0.00339
    0.01830
   -0.04911
    0.05245
   -0.05591
    0.00127
    0.01488
    0.06438
    0.05279
    0.05140
   -0.00709
   -0.00384
    0.07208
   -0.04665
    0.01993
   -0.02252
   -0.00244
   -0.00806
   -0.00836
    0.00695
    0.05777
   -0.05982
   -0.04959
    0.05163
   -0.02675
    0.03926
   -0.03908
    0.04803
   -0.00745
    0.03401
    0.06402
   -0.04810
   -0.01296
    0.00467
   -0.05286
    0.06805
   -0.02521
   -0.01360
   -0.03874
    0.02269
   -0.03037
    0.06073
   -0.01344
    0.03867
    0.01653
   -0.04901
   -0.05657
   -0.06840
    0.06711
   -0.05130
   -0.02291
    0.04823
   -0.00750
   -0.04275
   -0.01337
   -0.03225
    0.04560
   -0.01981
   -0.03086
   -0.05344
    0.05506
   -0.07338
    0.05239
    0.00338
    0.03761
    0.02202
   -0.01969
   -0.00345
   -0.04678
   -0.03453
   -0.00366
   -0.07105
    0.02152
   -0.07860
    0.01694
    0.05741
    0.02981
    0.01387
   -0.00658
    0.06746
   -0.07877
   -0.05109
   -0.00793
    0.00294
    0.06510
    0.01515
   -0.04011
   -0.01415
   -0.02070
   -0.04980
    0.05253
   -0.04725
   -0.02238
    0.01160
   -0.00723
    0.00137
   -0.04952
    0.00366
   -0.02827
    0.07270
    0.00543
   -0.01341
   -0.03649
    0.00855
   -0.01211
    0.04550
   -0.04932
    0.01085
   -0.03831
   -0.00232
   -0.01599
   -0.04435
   -0.06407
    0.02026
    0.04817
   -0.05327
    0.05990
   -0.01244
   -0.01130
   -0.02054
   -0.00553
    0.03980
    0.01500
    0.02313
   -0.02875
   -0.00041
   -0.03725
    0.01562
    0.07029
   -0.00716
   -0.01526
   -0.04505
   -0.06446
    0.00950
   -0.02180
    0.03662
   -0.03595
   -0.04254
    0.03362
    0.03903
    0.03674
    0.00893
    0.05295
   -0.01235
    0.06936
    0.00551
    0.02934
   -0.04335
   -0.04228
   -0.04711
   -0.01492
    0.00831
   -0.01506
    0.03369
   -0.02087
    0.03736
   -0.01684
   -0.06048
   -0.07174
   -0.04194
   -0.01492
   -0.06326
   -0.02396
    0.00258
    0.00343
   -0.04087
    0.05819
    0.01805
    0.05439
   -0.03158
    0.00103
   -0.00652
   -0.03290
   -0.05327
   -0.01051
   -0.00338
   -0.04330
    0.03547
    0.01915
    0.01626
    0.02963
    0.01473
   -0.07704
    0.00072
    0.00426
   -0.05158
    0.04986
   -0.04494
   -0.07489
   -0.00065
   -0.02615
    0.06680
   -0.06976
    0.03985
   -0.06218
   -0.03879
   -0.06846
    0.06360
   -0.05188
    0.05806
   -0.03853
    0.06478
   -0.01154
    0.02194
   -0.02765
    0.04483
    0.00895
   -0.03670
   -0.05683
   -0.05778
    0.01909
    0.00056
    0.05415
    0.03400
    0.04873
    0.03766
   -0.06486
   -0.05936
    0.05794
    0.00632
   -0.01705
    0.00231
   -0.00878
    0.02087
    0.01691
   -0.01651
   -0.00390
   -0.05090
    0.06566
   -0.06947
   -0.00304
    0.02095
   -0.00686
   -0.00952
   -0.04379
   -0.00879
    0.03170
    0.04326
    0.06566
    0.04905
   -0.06299
   -0.00425
   -0.04305
    0.05584
   -0.07296
   -0.03155
   -0.03683
    0.04516
    0.03674
   -0.04060
   -0.05068
    0.00206
   -0.02387
    0.04753
    0.02509
   -0.03274
   -0.03560
   -0.06690
    0.03619
    0.06122
   -0.04115
   -0.06000
    0.04650
   -0.07250
   -0.00875
   -0.00363
   -0.03433
   -0.00266
   -0.03124
    0.08016
   -0.03127
    0.03521
   -0.04693
   -0.06853
    0.01564
    0.05688
   -0.03590
    0.02427
   -0.06374
    0.08074
    0.02910
   -0.04424
   -0.04510
    0.06724
    0.00839
    0.03930
    0.04065
   -0.05806
    0.05875
    0.00513
    0.03493
    0.02567
    0.04944
    0.01352
    0.00129
    0.02073
    0.02288
    0.00180
   -0.04146
   -0.06495
    0.06276
   -0.00217
    0.03121
   -0.03057
    0.04379
    0.04269
   -0.03102
   -0.03298
    0.05946
   -0.04897
   -0.01070
   -0.04212
   -0.03339
   -0.03405
   -0.04403
   -0.03615
    0.03873
   -0.05674
   -0.04790
    0.03293
    0.01444
    0.04184
   -0.06584
    0.01651
   -0.05412
   -0.06437
   -0.02128
   -0.01125
   -0.03478
   -0.04384
   -0.04138
    0.00028
   -0.02580
   -0.06044
    0.02586
    0.00188
    0.05269
    0.07019
    0.05235
    0.00403
   -0.01275
   -0.01779
   -0.06382
   -0.01888
   -0.01267
   -0.05933
   -0.00809
    0.04224
    0.06058
   -0.01597
   -0.00699
    0.02150
    0.02226
    0.03193
    0.03332
   -0.03237
    0.06637
    0.03573
    0.03821
    0.04579
    0.08324
   -0.06467
    0.00011
    0.03552
   -0.05268
   -0.06163
   -0.01908
   -0.02461
   -0.04194
    0.05886
   -0.03226
    0.04540
   -0.00825
   -0.03362
   -0.06139
    0.07481
   -0.01091
    0.01878
    0.05958
   -0.02792
   -0.00809
   -0.04820
    0.04382
   -0.02253
   -0.05434
   -0.02829
   -0.01592
   -0.01263
   -0.01261
    0.00396
   -0.02318
   -0.05560
   -0.01847
   -0.02497
    0.04653
   -0.01585
    0.05258
    0.04829
    0.05802
    0.04684
   -0.04493
   -0.02420
   -0.04330
   -0.07636
   -0.00490
    0.02858
   -0.03021
   -0.04212
    0.07409
   -0.01046
    0.02196
   -0.00926
    0.04689
    0.03427
   -0.01366
    0.01449
   -0.00891
    0.01372
    0.03550
   -0.07311
    0.00679
   -0.05528
    0.01083
    0.03368
   -0.04975
   -0.01011
   -0.00721
   -0.03054
   -0.03568
    0.07476
    0.00367
    0.05292
   -0.04297
   -0.02745
   -0.01422
    0.06350
    0.04260
   -0.02798
    0.03852
    0.05702
    0.05771
   -0.04677
    0.06738
    0.06033
   -0.06281
   -0.06294
   -0.01804
   -0.06732
    0.05627
   -0.05582
    0.01309
   -0.04934
   -0.00481
   -0.06621
   -0.03695
   -0.03118
   -0.03439
   -0.03618
   -0.00421
    0.03889
    0.01342
   -0.02399
   -0.01432
    0.00080
   -0.03390
   -0.02298
    0.05114
   -0.01649
    0.07275
   -0.04306
    0.01198
    0.03832
    0.02323
    0.00092
   -0.06167
    0.03158
   -0.03595
   -0.04742
    0.07537
   -0.00263
   -0.00089
    0.00219
   -0.04953
   -0.01352
    0.02893
   -0.07058
   -0.04758
   -0.03078
    0.06497
    0.00638
    0.04757
   -0.01684
   -0.00855
    0.00739
    0.03111
    0.04855
    0.00374
    0.03632
   -0.05532
    0.03148
   -0.06127
    0.04815
    0.00174
   -0.02954
   -0.04971
    0.04078
    0.05001
    0.02752
   -0.02073
   -0.01326
   -0.02070
    0.02903
    0.01383
   -0.06365
   -0.02460
    0.00685
    0.05248
    0.06467
    0.02076
    0.07405
    0.01299
   -0.03817
   -0.06314
   -0.06998
    0.01638
   -0.03764
   -0.03513
   -0.03230
    0.05804
    0.06123
   -0.04505
    0.05228
   -0.02061
   -0.05279
   -0.04109
   -0.06210
    0.00458
   -0.05827
   -0.00671
    0.06461
    0.03945
   -0.01036
   -0.02996
   -0.00289
    0.05436
    0.03561
    0.04211
    0.01980
    0.03836
   -0.01757
   -0.03397
    0.03560
    0.05660
   -0.01183
    0.08272
    0.03088
   -0.02721
   -0.03666
    0.01431
    0.01439
    0.01668
    0.03824
   -0.04233
   -0.04407
    0.02758
   -0.03859
    0.06110
    0.04007
    0.03267
    0.04042
