          1          0    0.15525   -1.00831    0.00000   -1.00831    0.00000
          1        100   52.82418   -1.01770    0.00000   -1.01851    0.00000
          1        200  102.25555   -1.01821    0.00000   -1.01884    0.00000
          1        300  155.35217   -1.01846    0.00000   -1.01858    0.00000
          1        400  214.36987   -1.01860    0.00000   -1.01879    0.00000
          1        500  268.64623   -1.01870    0.00000   -1.01861    0.00000
          1        600  318.89839   -1.01877    0.00000   -1.01896    0.00000
          1        700  374.62227   -1.01883    0.00000   -1.01920    0.00000
          1        800  426.76561   -1.01888    0.00000   -1.01883    0.00000
          1        900  482.54120   -1.01891    0.00000   -1.01918    0.00000
          1       1000  534.09360   -1.01894    0.00000   -1.01919    0.00000
          1       1100  588.31013   -1.01897    0.00000   -1.01918    0.00000
          1       1200  645.09692   -1.01900    0.00000   -1.01921    0.00000
          1       1300  701.77330   -1.01902    0.00000   -1.01904    0.00000
          1       1400  752.21655   -1.01904    0.00000   -1.01932    0.00000
          1       1500  804.55035   -1.01905    0.00000   -1.01915    0.00000
          1       1600  853.89298   -1.01907    0.00000   -1.01915    0.00000
          1       1700  906.74573   -1.01908    0.00000   -1.01914    0.00000
          1       1800  957.01130   -1.01910    0.00000   -1.01928    0.00000
          1       1900 1006.86813   -1.01911    0.00000   -1.01939    0.00000
          1       2000 1059.34223   -1.01912    0.00000   -1.01940    0.00000
          1       2100 1109.49908   -1.01913    0.00000   -1.01920    0.00000
          1       2200 1162.89593   -1.01914    0.00000   -1.01943    0.00000
          1       2300 1217.61254   -1.01915    0.00000   -1.01929    0.00000
          1       2400 1274.34302   -1.01915    0.00000   -1.01924    0.00000
          1       2500 1329.94180   -1.01916    0.00000   -1.01921    0.00000
          1       2600 1381.30837   -1.01917    0.00000   -1.01929    0.00000
          1       2700 1430.60385   -1.01918    0.00000   -1.01929    0.00000
          1       2800 1490.41522   -1.01918    0.00000   -1.01927    0.00000
          1       2900 1543.28687   -1.01919    0.00000   -1.01921    0.00000
          1       3000 1597.69062   -1.01920    0.00000   -1.01928    0.00000
          1       3100 1648.48684   -1.01920    0.00000   -1.01932    0.00000
          1       3200 1701.02336   -1.01921    0.00000   -1.01939    0.00000
          1       3300 1757.84942   -1.01921    0.00000   -1.01937    0.00000
          1       3400 1810.86028   -1.01922    0.00000   -1.01929    0.00000
          1       3500 1861.18892   -1.01922    0.00000   -1.01944    0.00000
          1       3600 1911.24628   -1.01923    0.00000   -1.01940    0.00000
          1       3700 1963.80069   -1.01923    0.00000   -1.01934    0.00000
          1       3800 2019.69849   -1.01923    0.00000   -1.01930    0.00000
          1       3900 2069.81922   -1.01924    0.00000   -1.01938    0.00000
          1       4000 2121.72592   -1.01924    0.00000   -1.01941    0.00000
          1       4100 2177.53685   -1.01925    0.00000   -1.01940    0.00000
          1       4200 2229.26213   -1.01925    0.00000   -1.01936    0.00000
          1       4300 2285.95563   -1.01925    0.00000   -1.01922    0.00000
          1       4400 2338.65981   -1.01926    0.00000   -1.01941    0.00000
          1       4500 2391.16646   -1.01926    0.00000   -1.01934    0.00000
          1       4600 2444.35185   -1.01926    0.00000   -1.01939    0.00000
          1       4700 2494.70834   -1.01927    0.00000   -1.01942    0.00000
          1       4800 2545.22512   -1.01927    0.00000   -1.01932    0.00000
          1       4900 2596.82151   -1.01927    0.00000   -1.01937    0.00000
          1       5000 2653.53946   -1.01928    0.00000   -1.01937    0.00000
          1       5100 2706.28615   -1.01928    0.00000   -1.01942    0.00000
          1       5200 2762.28798   -1.01928    0.00000   -1.01942    0.00000
          1       5300 2814.53947   -1.01928    0.00000   -1.01931    0.00000
          1       5400 2866.05101   -1.01929    0.00000   -1.01944    0.00000
          1       5500 2917.81905   -1.01929    0.00000   -1.01940    0.00000
          1       5600 2972.51381   -1.01929    0.00000   -1.01947    0.00000
          1       5700 3026.83098   -1.01929    0.00000   -1.01932    0.00000
          1       5800 3079.75229   -1.01930    0.00000   -1.01945    0.00000
          1       5900 3136.11797   -1.01930    0.00000   -1.01931    0.00000
          1       6000 3196.27892   -1.01930    0.00000   -1.01948    0.00000
          1       6100 3254.21054   -1.01930    0.00000   -1.01938    0.00000
          1       6200 3311.27050   -1.01930    0.00000   -1.01943    0.00000
          1       6300 3373.86266   -1.01931    0.00000   -1.01943    0.00000
          1       6400 3431.68645   -1.01931    0.00000   -1.01934    0.00000
          1       6500 3488.88200   -1.01931    0.00000   -1.01945    0.00000
          1       6600 3539.85777   -1.01931    0.00000   -1.01942    0.00000
          1       6700 3590.99471   -1.01931    0.00000   -1.01948    0.00000
          1       6719 3600.27358   -1.01931    0.00000   -1.01934    0.00000
