          1          0    0.43793   -0.98938    0.00000   -0.98938    0.00000
          1        100   88.19696   -1.00845    0.00000   -1.00964    0.00000
          1        200  175.74037   -1.00901    0.00000   -1.00994    0.00000
          1        300  268.04005   -1.00930    0.00000   -1.00993    0.00000
          1        400  364.80012   -1.00946    0.00000   -1.01004    0.00000
          1        500  453.83931   -1.00956    0.00000   -1.00973    0.00000
          1        600  554.87652   -1.00963    0.00000   -1.01004    0.00000
          1        700  646.74492   -1.00968    0.00000   -1.01015    0.00000
          1        800  751.48884   -1.00973    0.00000   -1.00996    0.00000
          1        900  849.55524   -1.00977    0.00000   -1.00984    0.00000
          1       1000  938.34058   -1.00980    0.00000   -1.01006    0.00000
          1       1100 1039.37314   -1.00983    0.00000   -1.01034    0.00000
          1       1200 1132.34908   -1.00986    0.00000   -1.01011    0.00000
          1       1300 1230.57966   -1.00988    0.00000   -1.01018    0.00000
          1       1400 1328.02772   -1.00990    0.00000   -1.01017    0.00000
          1       1500 1421.95696   -1.00992    0.00000   -1.01025    0.00000
          1       1600 1517.05486   -1.00994    0.00000   -1.01011    0.00000
          1       1700 1617.09890   -1.00995    0.00000   -1.01032    0.00000
          1       1800 1706.31329   -1.00997    0.00000   -1.01014    0.00000
          1       1900 1796.21014   -1.00998    0.00000   -1.01022    0.00000
          1       2000 1883.14581   -1.00999    0.00000   -1.01043    0.00000
          1       2100 1963.38186   -1.01000    0.00000   -1.01040    0.00000
          1       2200 2049.77080   -1.01001    0.00000   -1.01030    0.00000
          1       2300 2141.98964   -1.01002    0.00000   -1.01031    0.00000
          1       2400 2241.58826   -1.01003    0.00000   -1.01025    0.00000
          1       2500 2339.08972   -1.01004    0.00000   -1.01025    0.00000
          1       2600 2425.81691   -1.01005    0.00000   -1.01043    0.00000
          1       2700 2522.67752   -1.01006    0.00000   -1.01027    0.00000
          1       2800 2615.33641   -1.01007    0.00000   -1.01026    0.00000
          1       2900 2720.39953   -1.01008    0.00000   -1.01030    0.00000
          1       3000 2816.43948   -1.01008    0.00000   -1.01031    0.00000
          1       3100 2917.66844   -1.01009    0.00000   -1.01040    0.00000
          1       3200 3014.88570   -1.01010    0.00000   -1.01046    0.00000
          1       3300 3102.19636   -1.01010    0.00000   -1.01025    0.00000
          1       3400 3188.49649   -1.01011    0.00000   -1.01025    0.00000
          1       3500 3287.58787   -1.01011    0.00000   -1.01033    0.00000
          1       3600 3380.93709   -1.01012    0.00000   -1.01043    0.00000
          1       3700 3470.79759   -1.01012    0.00000   -1.01042    0.00000
          1       3800 3559.96238   -1.01013    0.00000   -1.01050    0.00000
          1       3871 3600.62333   -1.01013    0.00000   -1.01041    0.00000
