          1          0    0.00000   -0.43930    0.00000   -0.43930    0.00000   -4.58800    4.58800    0.00000
          1          1    0.01056   -0.43930    0.00000   -0.43930    0.00000   -0.78699   -0.43930    0.00000
          2          0    0.01056   -0.38074    0.00000   -0.43930    0.00000   -0.78699   -0.43930   -0.61314
          2          1    0.02411   -0.42297    0.00000   -0.31187    0.00000   -0.53583   -0.43930   -0.61314
          2          2    0.03904   -0.44479    0.00000   -0.46880    0.00000   -0.51058   -0.46880   -0.61314
          2          3    0.05574   -0.45875    0.00000   -0.47792    0.00000   -0.50172   -0.47792   -0.61314
          2          4    0.09011   -0.46763    0.00000   -0.48714    0.00000   -0.50006   -0.48714   -0.61314
          2          5    0.11832   -0.47330    0.00000   -0.49051    0.00000   -0.49852   -0.49051   -0.61314
          2          6    0.16685   -0.47756    0.00000   -0.49163    0.00000   -0.49610   -0.49163   -0.61314
          2          7    0.22036   -0.48044    0.00000   -0.49152    0.00000   -0.49436   -0.49163   -0.61314
          2          8    1.33080   -0.48235    0.00000   -0.49261    0.00000   -0.49424   -0.49261   -0.61314
          2          9    1.37176   -0.48395    0.00000   -0.49311    0.00000   -0.49404   -0.49311   -0.61314
