          1          0    0.00000   -1.03527    0.00000   -1.03527    0.00000   -3.38739    3.38739    0.00000
          1          1    0.02158   -1.03384    0.00000   -1.03170    0.00000   -3.38739   -1.03170    0.00000
          2          0    0.02158   -0.41645    0.00000   -1.03170    0.00000   -3.38739   -1.03170   -2.20955
          2        100    6.09972   -0.98705    0.00000   -1.03677    0.00000   -3.38739   -1.03765   -2.20955
          2        200   12.22982   -1.00244    0.00000   -1.03791    0.00000   -3.38739   -1.03855   -2.20955
          2        300   17.70948   -1.00927    0.00000   -1.03790    0.00000   -3.38739   -1.03899   -2.20955
          2        400   23.27926   -1.01336    0.00000   -1.03849    0.00000   -3.38739   -1.03899   -2.20955
          2        500   28.78163   -1.01615    0.00000   -1.03850    0.00000   -3.38739   -1.03912   -2.20955
          2        600   34.10012   -1.01821    0.00000   -1.03881    0.00000   -3.38739   -1.03912   -2.20955
          2        700   39.91812   -1.01982    0.00000   -1.03872    0.00000   -3.38739   -1.03933   -2.20955
          2        800   45.05163   -1.02111    0.00000   -1.03884    0.00000   -3.38739   -1.03933   -2.20955
          2        900   50.94754   -1.02219    0.00000   -1.03907    0.00000   -3.38739   -1.03935   -2.20955
          2       1000   56.58170   -1.02310    0.00000   -1.03913    0.00000   -3.38739   -1.03942   -2.20955
          2       1100   61.98679   -1.02388    0.00000   -1.03881    0.00000   -3.38739   -1.03942   -2.20955
          2       1200   67.58723   -1.02456    0.00000   -1.03871    0.00000   -3.38739   -1.03942   -2.20955
          2       1300   73.48686   -1.02516    0.00000   -1.03897    0.00000   -3.38739   -1.03944   -2.20955
          2       1400   79.18224   -1.02570    0.00000   -1.03903    0.00000   -3.38739   -1.03958   -2.20955
          2       1500   84.44608   -1.02618    0.00000   -1.03919    0.00000   -3.38739   -1.03958   -2.20955
          2       1600   89.94303   -1.02662    0.00000   -1.03943    0.00000   -3.38739   -1.03958   -2.20955
          2       1700   95.38788   -1.02701    0.00000   -1.03922    0.00000   -3.38739   -1.03958   -2.20955
          2       1800  101.02473   -1.02738    0.00000   -1.03931    0.00000   -3.38739   -1.03958   -2.20955
          2       1900  106.11858   -1.02771    0.00000   -1.03900    0.00000   -3.38739   -1.03958   -2.20955
          2       2000  111.44999   -1.02802    0.00000   -1.03944    0.00000   -3.38739   -1.03962   -2.20955
          2       2100  117.26256   -1.02831    0.00000   -1.03935    0.00000   -3.38739   -1.03962   -2.20955
          2       2200  122.84852   -1.02857    0.00000   -1.03954    0.00000   -3.38739   -1.03963   -2.20955
          2       2300  128.48674   -1.02882    0.00000   -1.03942    0.00000   -3.38739   -1.03963   -2.20955
          2       2400  133.66741   -1.02906    0.00000   -1.03917    0.00000   -3.38739   -1.03963   -2.20955
          2       2500  139.43579   -1.02928    0.00000   -1.03915    0.00000   -3.38739   -1.03967   -2.20955
          2       2600  145.32535   -1.02948    0.00000   -1.03930    0.00000   -3.38739   -1.03969   -2.20955
          2       2700  150.99108   -1.02968    0.00000   -1.03944    0.00000   -3.38739   -1.03969   -2.20955
          2       2800  156.62915   -1.02986    0.00000   -1.03911    0.00000   -3.38739   -1.03969   -2.20955
          2       2900  162.23119   -1.03004    0.00000   -1.03942    0.00000   -3.38739   -1.03969   -2.20955
          2       3000  167.86128   -1.03020    0.00000   -1.03954    0.00000   -3.38739   -1.03969   -2.20955
          2       3100  173.42606   -1.03036    0.00000   -1.03946    0.00000   -3.38739   -1.03969   -2.20955
          2       3200  178.91658   -1.03051    0.00000   -1.03956    0.00000   -3.38739   -1.03969   -2.20955
          2       3300  184.44669   -1.03066    0.00000   -1.03940    0.00000   -3.38739   -1.03969   -2.20955
          2       3400  190.45092   -1.03079    0.00000   -1.03939    0.00000   -3.38739   -1.03969   -2.20955
          2       3500  196.01605   -1.03092    0.00000   -1.03951    0.00000   -3.38739   -1.03969   -2.20955
          2       3600  201.76408   -1.03105    0.00000   -1.03955    0.00000   -3.38739   -1.03969   -2.20955
          2       3700  207.08907   -1.03117    0.00000   -1.03938    0.00000   -3.38739   -1.03969   -2.20955
          2       3800  212.85077   -1.03129    0.00000   -1.03937    0.00000   -3.38739   -1.03969   -2.20955
          2       3900  218.56374   -1.03140    0.00000   -1.03942    0.00000   -3.38739   -1.03969   -2.20955
          2       4000  223.91671   -1.03150    0.00000   -1.03965    0.00000   -3.38739   -1.03970   -2.20955
          2       4100  229.49036   -1.03161    0.00000   -1.03940    0.00000   -3.38739   -1.03970   -2.20955
          2       4200  235.12859   -1.03171    0.00000   -1.03960    0.00000   -3.38739   -1.03975   -2.20955
          2       4300  241.06033   -1.03180    0.00000   -1.03946    0.00000   -3.38739   -1.03975   -2.20955
          2       4400  246.77429   -1.03190    0.00000   -1.03961    0.00000   -3.38739   -1.03975   -2.20955
          2       4500  252.12178   -1.03199    0.00000   -1.03943    0.00000   -3.38739   -1.03975   -2.20955
          2       4600  257.84359   -1.03207    0.00000   -1.03958    0.00000   -3.38739   -1.03975   -2.20955
          2       4700  263.54278   -1.03216    0.00000   -1.03935    0.00000   -3.38739   -1.03975   -2.20955
          2       4800  269.93091   -1.03224    0.00000   -1.03946    0.00000   -3.38739   -1.03977   -2.20955
          2       4900  275.82436   -1.03232    0.00000   -1.03936    0.00000   -3.38739   -1.03977   -2.20955
          2       5000  281.11799   -1.03239    0.00000   -1.03965    0.00000   -3.38739   -1.03977   -2.20955
          2       5100  286.88415   -1.03247    0.00000   -1.03966    0.00000   -3.38739   -1.03977   -2.20955
          2       5200  292.66699   -1.03254    0.00000   -1.03959    0.00000   -3.38739   -1.03977   -2.20955
          2       5300  298.56911   -1.03261    0.00000   -1.03958    0.00000   -3.38739   -1.03977   -2.20955
          2       5400  304.25265   -1.03268    0.00000   -1.03952    0.00000   -3.38739   -1.03977   -2.20955
          2       5500  310.18719   -1.03274    0.00000   -1.03970    0.00000   -3.38739   -1.03977   -2.20955
          2       5600  315.74865   -1.03281    0.00000   -1.03960    0.00000   -3.38739   -1.03977   -2.20955
          2       5700  321.92748   -1.03287    0.00000   -1.03963    0.00000   -3.38739   -1.03977   -2.20955
          2       5800  327.65792   -1.03293    0.00000   -1.03949    0.00000   -3.38739   -1.03977   -2.20955
          2       5900  333.78576   -1.03299    0.00000   -1.03950    0.00000   -3.38739   -1.03977   -2.20955
          2       6000  339.74497   -1.03305    0.00000   -1.03957    0.00000   -3.38739   -1.03977   -2.20955
          2       6100  346.14942   -1.03311    0.00000   -1.03964    0.00000   -3.38739   -1.03977   -2.20955
          2       6200  351.95912   -1.03316    0.00000   -1.03955    0.00000   -3.38739   -1.03977   -2.20955
          2       6300  357.51446   -1.03321    0.00000   -1.03963    0.00000   -3.38739   -1.03978   -2.20955
          2       6400  363.15769   -1.03327    0.00000   -1.03954    0.00000   -3.38739   -1.03978   -2.20955
          2       6500  368.85939   -1.03332    0.00000   -1.03954    0.00000   -3.38739   -1.03978   -2.20955
          2       6600  374.69406   -1.03337    0.00000   -1.03967    0.00000   -3.38739   -1.03978   -2.20955
          2       6700  380.24854   -1.03342    0.00000   -1.03963    0.00000   -3.38739   -1.03978   -2.20955
          2       6800  385.61541   -1.03347    0.00000   -1.03964    0.00000   -3.38739   -1.03978   -2.20955
          2       6900  391.26056   -1.03351    0.00000   -1.03946    0.00000   -3.38739   -1.03978   -2.20955
          2       7000  396.98413   -1.03356    0.00000   -1.03953    0.00000   -3.38739   -1.03978   -2.20955
          2       7100  403.07724   -1.03360    0.00000   -1.03952    0.00000   -3.38739   -1.03978   -2.20955
          2       7200  408.80089   -1.03365    0.00000   -1.03949    0.00000   -3.38739   -1.03978   -2.20955
          2       7300  414.84446   -1.03369    0.00000   -1.03958    0.00000   -3.38739   -1.03978   -2.20955
          2       7400  420.96751   -1.03373    0.00000   -1.03942    0.00000   -3.38739   -1.03979   -2.20955
          2       7500  426.51571   -1.03377    0.00000   -1.03955    0.00000   -3.38739   -1.03980   -2.20955
          2       7600  432.21734   -1.03382    0.00000   -1.03954    0.00000   -3.38739   -1.03980   -2.20955
          2       7700  437.78738   -1.03385    0.00000   -1.03968    0.00000   -3.38739   -1.03980   -2.20955
          2       7800  443.09758   -1.03389    0.00000   -1.03959    0.00000   -3.38739   -1.03980   -2.20955
          2       7900  448.57758   -1.03393    0.00000   -1.03969    0.00000   -3.38739   -1.03980   -2.20955
          2       8000  453.94067   -1.03397    0.00000   -1.03969    0.00000   -3.38739   -1.03980   -2.20955
          2       8100  459.86480   -1.03401    0.00000   -1.03971    0.00000   -3.38739   -1.03980   -2.20955
          2       8200  465.69927   -1.03404    0.00000   -1.03969    0.00000   -3.38739   -1.03980   -2.20955
          2       8300  471.37862   -1.03408    0.00000   -1.03956    0.00000   -3.38739   -1.03980   -2.20955
          2       8400  477.33464   -1.03411    0.00000   -1.03949    0.00000   -3.38739   -1.03980   -2.20955
          2       8500  483.32599   -1.03415    0.00000   -1.03956    0.00000   -3.38739   -1.03980   -2.20955
          2       8600  488.94224   -1.03418    0.00000   -1.03956    0.00000   -3.38739   -1.03980   -2.20955
          2       8700  494.46513   -1.03421    0.00000   -1.03969    0.00000   -3.38739   -1.03980   -2.20955
          2       8800  500.58536   -1.03425    0.00000   -1.03958    0.00000   -3.38739   -1.03980   -2.20955
          2       8900  506.07614   -1.03428    0.00000   -1.03971    0.00000   -3.38739   -1.03980   -2.20955
          2       9000  511.93352   -1.03431    0.00000   -1.03971    0.00000   -3.38739   -1.03980   -2.20955
          2       9100  517.98145   -1.03434    0.00000   -1.03967    0.00000   -3.38739   -1.03980   -2.20955
          2       9200  523.65528   -1.03437    0.00000   -1.03966    0.00000   -3.38739   -1.03980   -2.20955
          2       9300  529.07332   -1.03440    0.00000   -1.03959    0.00000   -3.38739   -1.03980   -2.20955
          2       9400  535.08554   -1.03443    0.00000   -1.03953    0.00000   -3.38739   -1.03980   -2.20955
          2       9500  540.97810   -1.03446    0.00000   -1.03960    0.00000   -3.38739   -1.03980   -2.20955
          2       9600  546.67430   -1.03449    0.00000   -1.03972    0.00000   -3.38739   -1.03980   -2.20955
          2       9700  552.79595   -1.03452    0.00000   -1.03973    0.00000   -3.38739   -1.03980   -2.20955
          2       9800  558.63258   -1.03454    0.00000   -1.03975    0.00000   -3.38739   -1.03980   -2.20955
          2       9900  564.31895   -1.03457    0.00000   -1.03966    0.00000   -3.38739   -1.03980   -2.20955
          2      10000  570.04480   -1.03460    0.00000   -1.03968    0.00000   -3.38739   -1.03980   -2.20955
          2      10100  575.83306   -1.03462    0.00000   -1.03978    0.00000   -3.38739   -1.03980   -2.20955
          2      10200  581.73469   -1.03465    0.00000   -1.03972    0.00000   -3.38739   -1.03980   -2.20955
          2      10300  587.72998   -1.03468    0.00000   -1.03958    0.00000   -3.38739   -1.03980   -2.20955
          2      10400  593.33175   -1.03470    0.00000   -1.03966    0.00000   -3.38739   -1.03981   -2.20955
          2      10500  599.29333   -1.03473    0.00000   -1.03964    0.00000   -3.38739   -1.03981   -2.20955
          2      10600  605.28355   -1.03475    0.00000   -1.03973    0.00000   -3.38739   -1.03981   -2.20955
          2      10700  611.25650   -1.03478    0.00000   -1.03961    0.00000   -3.38739   -1.03981   -2.20955
          2      10800  617.27489   -1.03480    0.00000   -1.03964    0.00000   -3.38739   -1.03981   -2.20955
          2      10900  622.89417   -1.03482    0.00000   -1.03969    0.00000   -3.38739   -1.03981   -2.20955
          2      11000  628.42406   -1.03485    0.00000   -1.03962    0.00000   -3.38739   -1.03981   -2.20955
          2      11100  634.10115   -1.03487    0.00000   -1.03968    0.00000   -3.38739   -1.03981   -2.20955
          2      11200  640.32342   -1.03489    0.00000   -1.03965    0.00000   -3.38739   -1.03981   -2.20955
          2      11300  646.01879   -1.03491    0.00000   -1.03961    0.00000   -3.38739   -1.03981   -2.20955
          2      11400  651.49967   -1.03494    0.00000   -1.03964    0.00000   -3.38739   -1.03982   -2.20955
          2      11500  657.37329   -1.03496    0.00000   -1.03961    0.00000   -3.38739   -1.03982   -2.20955
          2      11600  663.03432   -1.03498    0.00000   -1.03972    0.00000   -3.38739   -1.03982   -2.20955
          2      11700  668.64951   -1.03500    0.00000   -1.03972    0.00000   -3.38739   -1.03982   -2.20955
          2      11800  674.76649   -1.03502    0.00000   -1.03958    0.00000   -3.38739   -1.03982   -2.20955
          2      11900  680.48663   -1.03504    0.00000   -1.03974    0.00000   -3.38739   -1.03983   -2.20955
          2      12000  686.26979   -1.03506    0.00000   -1.03965    0.00000   -3.38739   -1.03983   -2.20955
          2      12100  692.17395   -1.03508    0.00000   -1.03971    0.00000   -3.38739   -1.03983   -2.20955
          2      12200  698.05517   -1.03510    0.00000   -1.03965    0.00000   -3.38739   -1.03983   -2.20955
          2      12300  703.65203   -1.03512    0.00000   -1.03969    0.00000   -3.38739   -1.03983   -2.20955
          2      12400  709.24457   -1.03514    0.00000   -1.03976    0.00000   -3.38739   -1.03983   -2.20955
          2      12500  715.14254   -1.03516    0.00000   -1.03981    0.00000   -3.38739   -1.03983   -2.20955
          2      12600  720.88096   -1.03518    0.00000   -1.03979    0.00000   -3.38739   -1.03983   -2.20955
          2      12700  726.61965   -1.03520    0.00000   -1.03976    0.00000   -3.38739   -1.03983   -2.20955
          2      12800  732.35529   -1.03522    0.00000   -1.03959    0.00000   -3.38739   -1.03983   -2.20955
          2      12900  738.56531   -1.03523    0.00000   -1.03972    0.00000   -3.38739   -1.03983   -2.20955
          2      13000  744.21417   -1.03525    0.00000   -1.03959    0.00000   -3.38739   -1.03983   -2.20955
          2      13100  750.35527   -1.03527    0.00000   -1.03965    0.00000   -3.38739   -1.03983   -2.20955
          2      13200  756.06184   -1.03529    0.00000   -1.03957    0.00000   -3.38739   -1.03983   -2.20955
          2      13300  761.93313   -1.03531    0.00000   -1.03970    0.00000   -3.38739   -1.03983   -2.20955
          2      13400  767.81319   -1.03532    0.00000   -1.03973    0.00000   -3.38739   -1.03983   -2.20955
          2      13500  773.59626   -1.03534    0.00000   -1.03970    0.00000   -3.38739   -1.03983   -2.20955
          2      13600  779.11317   -1.03536    0.00000   -1.03974    0.00000   -3.38739   -1.03983   -2.20955
          2      13700  785.38159   -1.03537    0.00000   -1.03969    0.00000   -3.38739   -1.03983   -2.20955
          2      13800  790.97003   -1.03539    0.00000   -1.03965    0.00000   -3.38739   -1.03983   -2.20955
          2      13900  796.72155   -1.03541    0.00000   -1.03969    0.00000   -3.38739   -1.03983   -2.20955
          2      14000  802.46824   -1.03542    0.00000   -1.03967    0.00000   -3.38739   -1.03983   -2.20955
          2      14100  808.45006   -1.03544    0.00000   -1.03976    0.00000   -3.38739   -1.03983   -2.20955
          2      14200  813.79470   -1.03545    0.00000   -1.03973    0.00000   -3.38739   -1.03983   -2.20955
          2      14300  819.81004   -1.03547    0.00000   -1.03967    0.00000   -3.38739   -1.03983   -2.20955
          2      14400  825.48890   -1.03549    0.00000   -1.03975    0.00000   -3.38739   -1.03983   -2.20955
          2      14500  831.76432   -1.03550    0.00000   -1.03964    0.00000   -3.38739   -1.03983   -2.20955
          2      14600  837.36219   -1.03552    0.00000   -1.03968    0.00000   -3.38739   -1.03983   -2.20955
          2      14700  843.40453   -1.03553    0.00000   -1.03970    0.00000   -3.38739   -1.03983   -2.20955
          2      14800  848.82805   -1.03555    0.00000   -1.03978    0.00000   -3.38739   -1.03984   -2.20955
          2      14900  854.60389   -1.03556    0.00000   -1.03970    0.00000   -3.38739   -1.03984   -2.20955
          2      15000  860.26163   -1.03557    0.00000   -1.03969    0.00000   -3.38739   -1.03984   -2.20955
          2      15100  866.08617   -1.03559    0.00000   -1.03976    0.00000   -3.38739   -1.03984   -2.20955
          2      15200  871.60204   -1.03560    0.00000   -1.03965    0.00000   -3.38739   -1.03984   -2.20955
          2      15300  876.98630   -1.03562    0.00000   -1.03960    0.00000   -3.38739   -1.03984   -2.20955
          2      15400  882.61837   -1.03563    0.00000   -1.03967    0.00000   -3.38739   -1.03984   -2.20955
          2      15500  888.26487   -1.03565    0.00000   -1.03974    0.00000   -3.38739   -1.03984   -2.20955
          2      15600  893.63462   -1.03566    0.00000   -1.03971    0.00000   -3.38739   -1.03984   -2.20955
          2      15700  899.02609   -1.03567    0.00000   -1.03976    0.00000   -3.38739   -1.03984   -2.20955
          2      15800  905.09346   -1.03569    0.00000   -1.03977    0.00000   -3.38739   -1.03984   -2.20955
          2      15900  910.96545   -1.03570    0.00000   -1.03967    0.00000   -3.38739   -1.03984   -2.20955
          2      16000  916.06481   -1.03571    0.00000   -1.03972    0.00000   -3.38739   -1.03984   -2.20955
          2      16100  921.69599   -1.03573    0.00000   -1.03972    0.00000   -3.38739   -1.03984   -2.20955
          2      16200  927.38589   -1.03574    0.00000   -1.03973    0.00000   -3.38739   -1.03984   -2.20955
          2      16300  933.25406   -1.03575    0.00000   -1.03978    0.00000   -3.38739   -1.03984   -2.20955
          2      16400  938.88683   -1.03576    0.00000   -1.03976    0.00000   -3.38739   -1.03984   -2.20955
          2      16500  944.60444   -1.03578    0.00000   -1.03972    0.00000   -3.38739   -1.03984   -2.20955
          2      16600  950.72198   -1.03579    0.00000   -1.03976    0.00000   -3.38739   -1.03984   -2.20955
          2      16700  956.75348   -1.03580    0.00000   -1.03965    0.00000   -3.38739   -1.03984   -2.20955
          2      16800  962.43582   -1.03581    0.00000   -1.03972    0.00000   -3.38739   -1.03984   -2.20955
          2      16900  967.85671   -1.03583    0.00000   -1.03973    0.00000   -3.38739   -1.03984   -2.20955
          2      17000  973.46705   -1.03584    0.00000   -1.03974    0.00000   -3.38739   -1.03984   -2.20955
          2      17100  979.81043   -1.03585    0.00000   -1.03973    0.00000   -3.38739   -1.03984   -2.20955
          2      17200  985.98979   -1.03586    0.00000   -1.03966    0.00000   -3.38739   -1.03984   -2.20955
          2      17300  991.73754   -1.03587    0.00000   -1.03968    0.00000   -3.38739   -1.03984   -2.20955
          2      17400  997.40666   -1.03589    0.00000   -1.03963    0.00000   -3.38739   -1.03984   -2.20955
          2      17500 1002.88515   -1.03590    0.00000   -1.03966    0.00000   -3.38739   -1.03984   -2.20955
          2      17600 1008.67598   -1.03591    0.00000   -1.03970    0.00000   -3.38739   -1.03984   -2.20955
          2      17700 1014.15133   -1.03592    0.00000   -1.03978    0.00000   -3.38739   -1.03984   -2.20955
          2      17800 1019.83661   -1.03593    0.00000   -1.03975    0.00000   -3.38739   -1.03984   -2.20955
          2      17900 1025.27611   -1.03594    0.00000   -1.03961    0.00000   -3.38739   -1.03984   -2.20955
          2      18000 1030.98173   -1.03595    0.00000   -1.03967    0.00000   -3.38739   -1.03984   -2.20955
          2      18100 1036.47524   -1.03596    0.00000   -1.03974    0.00000   -3.38739   -1.03984   -2.20955
          2      18200 1042.26138   -1.03598    0.00000   -1.03974    0.00000   -3.38739   -1.03984   -2.20955
          2      18300 1048.37908   -1.03599    0.00000   -1.03969    0.00000   -3.38739   -1.03984   -2.20955
          2      18400 1054.00244   -1.03600    0.00000   -1.03976    0.00000   -3.38739   -1.03984   -2.20955
          2      18500 1059.57250   -1.03601    0.00000   -1.03971    0.00000   -3.38739   -1.03984   -2.20955
          2      18600 1065.11943   -1.03602    0.00000   -1.03967    0.00000   -3.38739   -1.03986   -2.20955
          2      18700 1070.67159   -1.03603    0.00000   -1.03970    0.00000   -3.38739   -1.03986   -2.20955
          2      18800 1076.33201   -1.03604    0.00000   -1.03970    0.00000   -3.38739   -1.03986   -2.20955
          2      18900 1081.65400   -1.03605    0.00000   -1.03974    0.00000   -3.38739   -1.03986   -2.20955
          2      19000 1087.15710   -1.03606    0.00000   -1.03960    0.00000   -3.38739   -1.03986   -2.20955
          2      19100 1092.99487   -1.03607    0.00000   -1.03971    0.00000   -3.38739   -1.03986   -2.20955
          2      19200 1099.14892   -1.03608    0.00000   -1.03977    0.00000   -3.38739   -1.03986   -2.20955
          2      19300 1104.69586   -1.03609    0.00000   -1.03979    0.00000   -3.38739   -1.03986   -2.20955
          2      19400 1110.62011   -1.03610    0.00000   -1.03967    0.00000   -3.38739   -1.03986   -2.20955
          2      19500 1116.08085   -1.03611    0.00000   -1.03979    0.00000   -3.38739   -1.03986   -2.20955
          2      19600 1121.71106   -1.03612    0.00000   -1.03981    0.00000   -3.38739   -1.03986   -2.20955
          2      19700 1127.63793   -1.03613    0.00000   -1.03972    0.00000   -3.38739   -1.03986   -2.20955
          2      19800 1133.86454   -1.03614    0.00000   -1.03976    0.00000   -3.38739   -1.03986   -2.20955
          2      19900 1139.03535   -1.03615    0.00000   -1.03976    0.00000   -3.38739   -1.03986   -2.20955
          2      20000 1144.48325   -1.03616    0.00000   -1.03978    0.00000   -3.38739   -1.03986   -2.20955
          2      20100 1150.26995   -1.03617    0.00000   -1.03976    0.00000   -3.38739   -1.03986   -2.20955
          2      20200 1155.41340   -1.03618    0.00000   -1.03977    0.00000   -3.38739   -1.03986   -2.20955
          2      20300 1160.97991   -1.03618    0.00000   -1.03969    0.00000   -3.38739   -1.03986   -2.20955
          2      20400 1166.64349   -1.03619    0.00000   -1.03977    0.00000   -3.38739   -1.03986   -2.20955
          2      20500 1171.93182   -1.03620    0.00000   -1.03973    0.00000   -3.38739   -1.03986   -2.20955
          2      20600 1177.88988   -1.03621    0.00000   -1.03978    0.00000   -3.38739   -1.03986   -2.20955
          2      20700 1183.29167   -1.03622    0.00000   -1.03970    0.00000   -3.38739   -1.03986   -2.20955
          2      20800 1189.16246   -1.03623    0.00000   -1.03978    0.00000   -3.38739   -1.03986   -2.20955
          2      20900 1195.46734   -1.03624    0.00000   -1.03970    0.00000   -3.38739   -1.03986   -2.20955
          2      21000 1200.83224   -1.03625    0.00000   -1.03978    0.00000   -3.38739   -1.03986   -2.20955
          2      21100 1206.62213   -1.03626    0.00000   -1.03966    0.00000   -3.38739   -1.03986   -2.20955
          2      21200 1212.05098   -1.03626    0.00000   -1.03982    0.00000   -3.38739   -1.03986   -2.20955
          2      21300 1218.56334   -1.03627    0.00000   -1.03980    0.00000   -3.38739   -1.03986   -2.20955
          2      21400 1224.46989   -1.03628    0.00000   -1.03979    0.00000   -3.38739   -1.03986   -2.20955
          2      21500 1230.35549   -1.03629    0.00000   -1.03967    0.00000   -3.38739   -1.03986   -2.20955
          2      21600 1236.13322   -1.03630    0.00000   -1.03979    0.00000   -3.38739   -1.03986   -2.20955
          2      21700 1241.53816   -1.03631    0.00000   -1.03977    0.00000   -3.38739   -1.03986   -2.20955
          2      21800 1247.65151   -1.03632    0.00000   -1.03976    0.00000   -3.38739   -1.03986   -2.20955
          2      21900 1253.05180   -1.03632    0.00000   -1.03973    0.00000   -3.38739   -1.03986   -2.20955
          2      22000 1258.84662   -1.03633    0.00000   -1.03975    0.00000   -3.38739   -1.03986   -2.20955
          2      22100 1264.85538   -1.03634    0.00000   -1.03970    0.00000   -3.38739   -1.03986   -2.20955
          2      22200 1270.40843   -1.03635    0.00000   -1.03969    0.00000   -3.38739   -1.03986   -2.20955
          2      22300 1276.01533   -1.03636    0.00000   -1.03975    0.00000   -3.38739   -1.03986   -2.20955
          2      22400 1281.43995   -1.03636    0.00000   -1.03975    0.00000   -3.38739   -1.03986   -2.20955
          2      22500 1287.23857   -1.03637    0.00000   -1.03982    0.00000   -3.38739   -1.03986   -2.20955
          2      22600 1292.51791   -1.03638    0.00000   -1.03970    0.00000   -3.38739   -1.03986   -2.20955
          2      22700 1298.25957   -1.03639    0.00000   -1.03969    0.00000   -3.38739   -1.03986   -2.20955
          2      22800 1303.92837   -1.03640    0.00000   -1.03980    0.00000   -3.38739   -1.03986   -2.20955
          2      22900 1309.86892   -1.03640    0.00000   -1.03978    0.00000   -3.38739   -1.03986   -2.20955
          2      23000 1316.11635   -1.03641    0.00000   -1.03974    0.00000   -3.38739   -1.03986   -2.20955
          2      23100 1321.81325   -1.03642    0.00000   -1.03980    0.00000   -3.38739   -1.03986   -2.20955
          2      23200 1327.75097   -1.03643    0.00000   -1.03976    0.00000   -3.38739   -1.03986   -2.20955
          2      23300 1333.50400   -1.03643    0.00000   -1.03970    0.00000   -3.38739   -1.03986   -2.20955
          2      23400 1339.24959   -1.03644    0.00000   -1.03975    0.00000   -3.38739   -1.03986   -2.20955
          2      23500 1344.62989   -1.03645    0.00000   -1.03981    0.00000   -3.38739   -1.03986   -2.20955
          2      23600 1350.45799   -1.03646    0.00000   -1.03980    0.00000   -3.38739   -1.03986   -2.20955
          2      23700 1356.05719   -1.03646    0.00000   -1.03978    0.00000   -3.38739   -1.03986   -2.20955
          2      23800 1361.76839   -1.03647    0.00000   -1.03973    0.00000   -3.38739   -1.03986   -2.20955
          2      23900 1367.30000   -1.03648    0.00000   -1.03975    0.00000   -3.38739   -1.03986   -2.20955
          2      24000 1373.16022   -1.03648    0.00000   -1.03976    0.00000   -3.38739   -1.03986   -2.20955
          2      24100 1378.90722   -1.03649    0.00000   -1.03975    0.00000   -3.38739   -1.03986   -2.20955
          2      24200 1384.61018   -1.03650    0.00000   -1.03971    0.00000   -3.38739   -1.03986   -2.20955
          2      24300 1390.52851   -1.03651    0.00000   -1.03979    0.00000   -3.38739   -1.03986   -2.20955
          2      24400 1396.07172   -1.03651    0.00000   -1.03978    0.00000   -3.38739   -1.03986   -2.20955
          2      24500 1401.91204   -1.03652    0.00000   -1.03974    0.00000   -3.38739   -1.03986   -2.20955
          2      24600 1407.66177   -1.03653    0.00000   -1.03976    0.00000   -3.38739   -1.03986   -2.20955
          2      24700 1413.38553   -1.03653    0.00000   -1.03976    0.00000   -3.38739   -1.03986   -2.20955
          2      24800 1418.82968   -1.03654    0.00000   -1.03977    0.00000   -3.38739   -1.03986   -2.20955
          2      24900 1424.42394   -1.03655    0.00000   -1.03979    0.00000   -3.38739   -1.03986   -2.20955
          2      25000 1429.87799   -1.03655    0.00000   -1.03972    0.00000   -3.38739   -1.03986   -2.20955
          2      25100 1435.48225   -1.03656    0.00000   -1.03980    0.00000   -3.38739   -1.03986   -2.20955
          2      25200 1441.55630   -1.03657    0.00000   -1.03982    0.00000   -3.38739   -1.03986   -2.20955
          2      25300 1447.64259   -1.03657    0.00000   -1.03970    0.00000   -3.38739   -1.03986   -2.20955
          2      25400 1453.58462   -1.03658    0.00000   -1.03976    0.00000   -3.38739   -1.03986   -2.20955
          2      25500 1459.10144   -1.03659    0.00000   -1.03974    0.00000   -3.38739   -1.03986   -2.20955
          2      25600 1464.61975   -1.03659    0.00000   -1.03977    0.00000   -3.38739   -1.03986   -2.20955
          2      25700 1470.32912   -1.03660    0.00000   -1.03979    0.00000   -3.38739   -1.03986   -2.20955
          2      25800 1475.97643   -1.03661    0.00000   -1.03981    0.00000   -3.38739   -1.03986   -2.20955
          2      25900 1482.18604   -1.03661    0.00000   -1.03980    0.00000   -3.38739   -1.03986   -2.20955
          2      26000 1488.50273   -1.03662    0.00000   -1.03981    0.00000   -3.38739   -1.03986   -2.20955
          2      26100 1494.73537   -1.03663    0.00000   -1.03973    0.00000   -3.38739   -1.03986   -2.20955
          2      26200 1500.63959   -1.03663    0.00000   -1.03979    0.00000   -3.38739   -1.03986   -2.20955
          2      26300 1506.38497   -1.03664    0.00000   -1.03972    0.00000   -3.38739   -1.03986   -2.20955
          2      26400 1512.38035   -1.03664    0.00000   -1.03978    0.00000   -3.38739   -1.03986   -2.20955
          2      26500 1517.84164   -1.03665    0.00000   -1.03975    0.00000   -3.38739   -1.03986   -2.20955
          2      26600 1523.08192   -1.03666    0.00000   -1.03978    0.00000   -3.38739   -1.03986   -2.20955
          2      26700 1528.62834   -1.03666    0.00000   -1.03978    0.00000   -3.38739   -1.03986   -2.20955
          2      26800 1534.42429   -1.03667    0.00000   -1.03983    0.00000   -3.38739   -1.03986   -2.20955
          2      26900 1540.44219   -1.03668    0.00000   -1.03971    0.00000   -3.38739   -1.03986   -2.20955
          2      27000 1545.73907   -1.03668    0.00000   -1.03969    0.00000   -3.38739   -1.03986   -2.20955
          2      27100 1551.34321   -1.03669    0.00000   -1.03974    0.00000   -3.38739   -1.03986   -2.20955
          2      27200 1557.20750   -1.03669    0.00000   -1.03979    0.00000   -3.38739   -1.03986   -2.20955
          2      27300 1562.79946   -1.03670    0.00000   -1.03975    0.00000   -3.38739   -1.03986   -2.20955
          2      27400 1568.43254   -1.03670    0.00000   -1.03974    0.00000   -3.38739   -1.03986   -2.20955
          2      27500 1573.92407   -1.03671    0.00000   -1.03969    0.00000   -3.38739   -1.03986   -2.20955
          2      27600 1580.02492   -1.03672    0.00000   -1.03981    0.00000   -3.38739   -1.03986   -2.20955
          2      27700 1585.67942   -1.03672    0.00000   -1.03972    0.00000   -3.38739   -1.03986   -2.20955
          2      27800 1591.63723   -1.03673    0.00000   -1.03975    0.00000   -3.38739   -1.03986   -2.20955
          2      27900 1597.47922   -1.03673    0.00000   -1.03976    0.00000   -3.38739   -1.03986   -2.20955
          2      28000 1603.47650   -1.03674    0.00000   -1.03970    0.00000   -3.38739   -1.03986   -2.20955
          2      28100 1609.29128   -1.03675    0.00000   -1.03984    0.00000   -3.38739   -1.03986   -2.20955
          2      28200 1615.29450   -1.03675    0.00000   -1.03976    0.00000   -3.38739   -1.03986   -2.20955
          2      28300 1621.23812   -1.03676    0.00000   -1.03975    0.00000   -3.38739   -1.03986   -2.20955
          2      28400 1627.16972   -1.03676    0.00000   -1.03969    0.00000   -3.38739   -1.03986   -2.20955
          2      28500 1632.70997   -1.03677    0.00000   -1.03971    0.00000   -3.38739   -1.03986   -2.20955
          2      28600 1638.50815   -1.03677    0.00000   -1.03978    0.00000   -3.38739   -1.03986   -2.20955
          2      28700 1644.59232   -1.03678    0.00000   -1.03977    0.00000   -3.38739   -1.03986   -2.20955
          2      28800 1650.57284   -1.03678    0.00000   -1.03974    0.00000   -3.38739   -1.03986   -2.20955
          2      28900 1656.60630   -1.03679    0.00000   -1.03976    0.00000   -3.38739   -1.03988   -2.20955
          2      29000 1662.28643   -1.03679    0.00000   -1.03969    0.00000   -3.38739   -1.03988   -2.20955
          2      29100 1668.16515   -1.03680    0.00000   -1.03974    0.00000   -3.38739   -1.03988   -2.20955
          2      29200 1673.81760   -1.03681    0.00000   -1.03980    0.00000   -3.38739   -1.03988   -2.20955
          2      29300 1679.60674   -1.03681    0.00000   -1.03973    0.00000   -3.38739   -1.03988   -2.20955
          2      29400 1685.72667   -1.03682    0.00000   -1.03978    0.00000   -3.38739   -1.03988   -2.20955
          2      29500 1691.56430   -1.03682    0.00000   -1.03967    0.00000   -3.38739   -1.03988   -2.20955
          2      29600 1697.33187   -1.03683    0.00000   -1.03969    0.00000   -3.38739   -1.03988   -2.20955
          2      29700 1702.96580   -1.03683    0.00000   -1.03981    0.00000   -3.38739   -1.03988   -2.20955
          2      29800 1708.76864   -1.03684    0.00000   -1.03978    0.00000   -3.38739   -1.03988   -2.20955
          2      29900 1714.61093   -1.03684    0.00000   -1.03980    0.00000   -3.38739   -1.03988   -2.20955
          2      30000 1719.66486   -1.03685    0.00000   -1.03974    0.00000   -3.38739   -1.03988   -2.20955
          2      30100 1725.42629   -1.03685    0.00000   -1.03979    0.00000   -3.38739   -1.03988   -2.20955
          2      30200 1730.98154   -1.03686    0.00000   -1.03975    0.00000   -3.38739   -1.03988   -2.20955
          2      30300 1736.46095   -1.03686    0.00000   -1.03976    0.00000   -3.38739   -1.03988   -2.20955
          2      30400 1742.54805   -1.03687    0.00000   -1.03977    0.00000   -3.38739   -1.03988   -2.20955
          2      30500 1748.28597   -1.03687    0.00000   -1.03976    0.00000   -3.38739   -1.03988   -2.20955
          2      30600 1753.72952   -1.03688    0.00000   -1.03973    0.00000   -3.38739   -1.03988   -2.20955
          2      30700 1759.08248   -1.03688    0.00000   -1.03976    0.00000   -3.38739   -1.03988   -2.20955
          2      30800 1764.89178   -1.03689    0.00000   -1.03971    0.00000   -3.38739   -1.03988   -2.20955
          2      30900 1770.13997   -1.03689    0.00000   -1.03979    0.00000   -3.38739   -1.03988   -2.20955
          2      31000 1776.30413   -1.03690    0.00000   -1.03975    0.00000   -3.38739   -1.03988   -2.20955
          2      31100 1781.81862   -1.03690    0.00000   -1.03969    0.00000   -3.38739   -1.03988   -2.20955
          2      31200 1787.42824   -1.03691    0.00000   -1.03981    0.00000   -3.38739   -1.03988   -2.20955
          2      31300 1793.16237   -1.03691    0.00000   -1.03980    0.00000   -3.38739   -1.03988   -2.20955
          2      31400 1799.00650   -1.03692    0.00000   -1.03977    0.00000   -3.38739   -1.03988   -2.20955
          2      31500 1804.72119   -1.03692    0.00000   -1.03983    0.00000   -3.38739   -1.03988   -2.20955
          2      31600 1810.33992   -1.03693    0.00000   -1.03979    0.00000   -3.38739   -1.03988   -2.20955
          2      31700 1816.15023   -1.03693    0.00000   -1.03982    0.00000   -3.38739   -1.03988   -2.20955
          2      31800 1821.43398   -1.03694    0.00000   -1.03977    0.00000   -3.38739   -1.03988   -2.20955
          2      31900 1826.86715   -1.03694    0.00000   -1.03972    0.00000   -3.38739   -1.03988   -2.20955
          2      32000 1832.58361   -1.03694    0.00000   -1.03977    0.00000   -3.38739   -1.03988   -2.20955
          2      32100 1838.53648   -1.03695    0.00000   -1.03978    0.00000   -3.38739   -1.03988   -2.20955
          2      32200 1844.47838   -1.03695    0.00000   -1.03978    0.00000   -3.38739   -1.03988   -2.20955
          2      32300 1851.07046   -1.03696    0.00000   -1.03975    0.00000   -3.38739   -1.03988   -2.20955
          2      32400 1857.75067   -1.03696    0.00000   -1.03983    0.00000   -3.38739   -1.03988   -2.20955
          2      32500 1864.03146   -1.03697    0.00000   -1.03978    0.00000   -3.38739   -1.03988   -2.20955
          2      32600 1870.05555   -1.03697    0.00000   -1.03980    0.00000   -3.38739   -1.03988   -2.20955
          2      32700 1875.92173   -1.03698    0.00000   -1.03975    0.00000   -3.38739   -1.03988   -2.20955
          2      32800 1881.96262   -1.03698    0.00000   -1.03976    0.00000   -3.38739   -1.03988   -2.20955
          2      32900 1887.43219   -1.03699    0.00000   -1.03980    0.00000   -3.38739   -1.03988   -2.20955
          2      33000 1892.92417   -1.03699    0.00000   -1.03981    0.00000   -3.38739   -1.03988   -2.20955
          2      33100 1898.83756   -1.03699    0.00000   -1.03977    0.00000   -3.38739   -1.03988   -2.20955
          2      33200 1904.52310   -1.03700    0.00000   -1.03977    0.00000   -3.38739   -1.03988   -2.20955
          2      33300 1910.40440   -1.03700    0.00000   -1.03978    0.00000   -3.38739   -1.03988   -2.20955
          2      33400 1916.36115   -1.03701    0.00000   -1.03984    0.00000   -3.38739   -1.03988   -2.20955
          2      33500 1922.06914   -1.03701    0.00000   -1.03976    0.00000   -3.38739   -1.03988   -2.20955
          2      33600 1927.47832   -1.03702    0.00000   -1.03971    0.00000   -3.38739   -1.03988   -2.20955
          2      33700 1933.51298   -1.03702    0.00000   -1.03978    0.00000   -3.38739   -1.03988   -2.20955
          2      33800 1939.30957   -1.03703    0.00000   -1.03978    0.00000   -3.38739   -1.03988   -2.20955
          2      33900 1944.92069   -1.03703    0.00000   -1.03980    0.00000   -3.38739   -1.03988   -2.20955
          2      34000 1950.63005   -1.03703    0.00000   -1.03982    0.00000   -3.38739   -1.03988   -2.20955
          2      34100 1956.44641   -1.03704    0.00000   -1.03978    0.00000   -3.38739   -1.03988   -2.20955
          2      34200 1962.13881   -1.03704    0.00000   -1.03970    0.00000   -3.38739   -1.03988   -2.20955
          2      34300 1968.42740   -1.03705    0.00000   -1.03971    0.00000   -3.38739   -1.03988   -2.20955
          2      34400 1974.21204   -1.03705    0.00000   -1.03974    0.00000   -3.38739   -1.03988   -2.20955
          2      34500 1979.87679   -1.03705    0.00000   -1.03973    0.00000   -3.38739   -1.03988   -2.20955
          2      34600 1985.85183   -1.03706    0.00000   -1.03977    0.00000   -3.38739   -1.03988   -2.20955
          2      34700 1991.64665   -1.03706    0.00000   -1.03972    0.00000   -3.38739   -1.03988   -2.20955
          2      34800 1997.20383   -1.03707    0.00000   -1.03976    0.00000   -3.38739   -1.03988   -2.20955
          2      34900 2002.55740   -1.03707    0.00000   -1.03983    0.00000   -3.38739   -1.03988   -2.20955
          2      35000 2008.32434   -1.03708    0.00000   -1.03974    0.00000   -3.38739   -1.03988   -2.20955
          2      35100 2013.98062   -1.03708    0.00000   -1.03976    0.00000   -3.38739   -1.03988   -2.20955
          2      35200 2019.66490   -1.03708    0.00000   -1.03979    0.00000   -3.38739   -1.03988   -2.20955
          2      35300 2025.30552   -1.03709    0.00000   -1.03978    0.00000   -3.38739   -1.03988   -2.20955
          2      35400 2031.25766   -1.03709    0.00000   -1.03977    0.00000   -3.38739   -1.03988   -2.20955
          2      35500 2037.26485   -1.03710    0.00000   -1.03979    0.00000   -3.38739   -1.03988   -2.20955
          2      35600 2042.57579   -1.03710    0.00000   -1.03976    0.00000   -3.38739   -1.03988   -2.20955
          2      35700 2048.06735   -1.03710    0.00000   -1.03979    0.00000   -3.38739   -1.03988   -2.20955
          2      35800 2053.62586   -1.03711    0.00000   -1.03979    0.00000   -3.38739   -1.03988   -2.20955
          2      35900 2059.13448   -1.03711    0.00000   -1.03979    0.00000   -3.38739   -1.03988   -2.20955
          2      36000 2065.22770   -1.03712    0.00000   -1.03979    0.00000   -3.38739   -1.03988   -2.20955
          2      36100 2071.15499   -1.03712    0.00000   -1.03980    0.00000   -3.38739   -1.03988   -2.20955
          2      36200 2077.40731   -1.03712    0.00000   -1.03973    0.00000   -3.38739   -1.03988   -2.20955
          2      36300 2083.65824   -1.03713    0.00000   -1.03979    0.00000   -3.38739   -1.03988   -2.20955
          2      36400 2089.11931   -1.03713    0.00000   -1.03982    0.00000   -3.38739   -1.03988   -2.20955
          2      36500 2094.85449   -1.03713    0.00000   -1.03981    0.00000   -3.38739   -1.03988   -2.20955
          2      36600 2100.51801   -1.03714    0.00000   -1.03974    0.00000   -3.38739   -1.03988   -2.20955
          2      36700 2106.07291   -1.03714    0.00000   -1.03984    0.00000   -3.38739   -1.03988   -2.20955
          2      36800 2111.91124   -1.03715    0.00000   -1.03980    0.00000   -3.38739   -1.03988   -2.20955
          2      36900 2117.18368   -1.03715    0.00000   -1.03982    0.00000   -3.38739   -1.03988   -2.20955
          2      37000 2122.67787   -1.03715    0.00000   -1.03979    0.00000   -3.38739   -1.03988   -2.20955
          2      37100 2128.29482   -1.03716    0.00000   -1.03983    0.00000   -3.38739   -1.03988   -2.20955
          2      37200 2133.88107   -1.03716    0.00000   -1.03982    0.00000   -3.38739   -1.03988   -2.20955
          2      37300 2139.76798   -1.03716    0.00000   -1.03975    0.00000   -3.38739   -1.03988   -2.20955
          2      37400 2145.82114   -1.03717    0.00000   -1.03975    0.00000   -3.38739   -1.03988   -2.20955
          2      37500 2151.34256   -1.03717    0.00000   -1.03979    0.00000   -3.38739   -1.03988   -2.20955
          2      37600 2157.08573   -1.03718    0.00000   -1.03979    0.00000   -3.38739   -1.03988   -2.20955
          2      37700 2162.91080   -1.03718    0.00000   -1.03980    0.00000   -3.38739   -1.03988   -2.20955
          2      37800 2169.14554   -1.03718    0.00000   -1.03978    0.00000   -3.38739   -1.03988   -2.20955
          2      37900 2174.71340   -1.03719    0.00000   -1.03977    0.00000   -3.38739   -1.03988   -2.20955
          2      38000 2180.29741   -1.03719    0.00000   -1.03980    0.00000   -3.38739   -1.03988   -2.20955
          2      38100 2186.12527   -1.03719    0.00000   -1.03983    0.00000   -3.38739   -1.03988   -2.20955
          2      38200 2192.06999   -1.03720    0.00000   -1.03978    0.00000   -3.38739   -1.03988   -2.20955
          2      38300 2197.93374   -1.03720    0.00000   -1.03977    0.00000   -3.38739   -1.03988   -2.20955
          2      38400 2203.67569   -1.03720    0.00000   -1.03983    0.00000   -3.38739   -1.03988   -2.20955
          2      38500 2209.41803   -1.03721    0.00000   -1.03977    0.00000   -3.38739   -1.03988   -2.20955
          2      38600 2215.37428   -1.03721    0.00000   -1.03971    0.00000   -3.38739   -1.03988   -2.20955
          2      38700 2221.64192   -1.03721    0.00000   -1.03977    0.00000   -3.38739   -1.03988   -2.20955
          2      38800 2227.46277   -1.03722    0.00000   -1.03977    0.00000   -3.38739   -1.03988   -2.20955
          2      38900 2233.03762   -1.03722    0.00000   -1.03974    0.00000   -3.38739   -1.03988   -2.20955
          2      39000 2238.94135   -1.03723    0.00000   -1.03975    0.00000   -3.38739   -1.03988   -2.20955
          2      39100 2244.46584   -1.03723    0.00000   -1.03984    0.00000   -3.38739   -1.03988   -2.20955
          2      39200 2250.15352   -1.03723    0.00000   -1.03974    0.00000   -3.38739   -1.03988   -2.20955
          2      39300 2256.09552   -1.03724    0.00000   -1.03973    0.00000   -3.38739   -1.03988   -2.20955
          2      39400 2261.65290   -1.03724    0.00000   -1.03977    0.00000   -3.38739   -1.03988   -2.20955
          2      39500 2267.43762   -1.03724    0.00000   -1.03975    0.00000   -3.38739   -1.03988   -2.20955
          2      39600 2272.98122   -1.03725    0.00000   -1.03982    0.00000   -3.38739   -1.03988   -2.20955
          2      39700 2278.87093   -1.03725    0.00000   -1.03975    0.00000   -3.38739   -1.03988   -2.20955
          2      39800 2284.66244   -1.03725    0.00000   -1.03978    0.00000   -3.38739   -1.03988   -2.20955
          2      39900 2290.25237   -1.03726    0.00000   -1.03980    0.00000   -3.38739   -1.03988   -2.20955
          2      40000 2295.96127   -1.03726    0.00000   -1.03977    0.00000   -3.38739   -1.03988   -2.20955
          2      40100 2301.85646   -1.03726    0.00000   -1.03983    0.00000   -3.38739   -1.03988   -2.20955
          2      40200 2307.95053   -1.03727    0.00000   -1.03971    0.00000   -3.38739   -1.03988   -2.20955
          2      40300 2313.41114   -1.03727    0.00000   -1.03977    0.00000   -3.38739   -1.03988   -2.20955
          2      40400 2318.81980   -1.03727    0.00000   -1.03981    0.00000   -3.38739   -1.03988   -2.20955
          2      40500 2324.52815   -1.03728    0.00000   -1.03981    0.00000   -3.38739   -1.03988   -2.20955
          2      40600 2330.62480   -1.03728    0.00000   -1.03976    0.00000   -3.38739   -1.03988   -2.20955
          2      40700 2336.18012   -1.03728    0.00000   -1.03977    0.00000   -3.38739   -1.03988   -2.20955
          2      40800 2341.84297   -1.03729    0.00000   -1.03977    0.00000   -3.38739   -1.03988   -2.20955
          2      40900 2347.40647   -1.03729    0.00000   -1.03979    0.00000   -3.38739   -1.03988   -2.20955
          2      41000 2353.04656   -1.03729    0.00000   -1.03982    0.00000   -3.38739   -1.03988   -2.20955
          2      41100 2358.84463   -1.03730    0.00000   -1.03981    0.00000   -3.38739   -1.03988   -2.20955
          2      41200 2364.28797   -1.03730    0.00000   -1.03978    0.00000   -3.38739   -1.03988   -2.20955
          2      41300 2370.09335   -1.03730    0.00000   -1.03972    0.00000   -3.38739   -1.03988   -2.20955
          2      41400 2375.50611   -1.03730    0.00000   -1.03981    0.00000   -3.38739   -1.03988   -2.20955
          2      41500 2381.32776   -1.03731    0.00000   -1.03985    0.00000   -3.38739   -1.03988   -2.20955
          2      41600 2387.25737   -1.03731    0.00000   -1.03979    0.00000   -3.38739   -1.03988   -2.20955
          2      41700 2392.92059   -1.03731    0.00000   -1.03983    0.00000   -3.38739   -1.03988   -2.20955
          2      41800 2398.91876   -1.03732    0.00000   -1.03984    0.00000   -3.38739   -1.03988   -2.20955
          2      41900 2404.67778   -1.03732    0.00000   -1.03981    0.00000   -3.38739   -1.03988   -2.20955
          2      42000 2410.31568   -1.03732    0.00000   -1.03977    0.00000   -3.38739   -1.03988   -2.20955
          2      42100 2415.97560   -1.03733    0.00000   -1.03983    0.00000   -3.38739   -1.03988   -2.20955
          2      42200 2422.35954   -1.03733    0.00000   -1.03976    0.00000   -3.38739   -1.03988   -2.20955
          2      42300 2428.45729   -1.03733    0.00000   -1.03986    0.00000   -3.38739   -1.03988   -2.20955
          2      42400 2434.31270   -1.03734    0.00000   -1.03981    0.00000   -3.38739   -1.03988   -2.20955
          2      42500 2440.30055   -1.03734    0.00000   -1.03983    0.00000   -3.38739   -1.03988   -2.20955
          2      42600 2445.88268   -1.03734    0.00000   -1.03976    0.00000   -3.38739   -1.03988   -2.20955
          2      42700 2451.59944   -1.03734    0.00000   -1.03984    0.00000   -3.38739   -1.03988   -2.20955
          2      42800 2457.26471   -1.03735    0.00000   -1.03984    0.00000   -3.38739   -1.03988   -2.20955
          2      42900 2462.79213   -1.03735    0.00000   -1.03982    0.00000   -3.38739   -1.03988   -2.20955
          2      43000 2468.45658   -1.03735    0.00000   -1.03982    0.00000   -3.38739   -1.03988   -2.20955
          2      43100 2473.84885   -1.03736    0.00000   -1.03984    0.00000   -3.38739   -1.03988   -2.20955
          2      43200 2479.56969   -1.03736    0.00000   -1.03981    0.00000   -3.38739   -1.03988   -2.20955
          2      43300 2485.56434   -1.03736    0.00000   -1.03978    0.00000   -3.38739   -1.03988   -2.20955
          2      43400 2491.38094   -1.03737    0.00000   -1.03981    0.00000   -3.38739   -1.03988   -2.20955
          2      43500 2497.55782   -1.03737    0.00000   -1.03978    0.00000   -3.38739   -1.03988   -2.20955
          2      43600 2503.22453   -1.03737    0.00000   -1.03977    0.00000   -3.38739   -1.03988   -2.20955
          2      43700 2509.43610   -1.03737    0.00000   -1.03981    0.00000   -3.38739   -1.03988   -2.20955
          2      43800 2515.18721   -1.03738    0.00000   -1.03980    0.00000   -3.38739   -1.03988   -2.20955
          2      43900 2521.21816   -1.03738    0.00000   -1.03982    0.00000   -3.38739   -1.03988   -2.20955
          2      44000 2526.70195   -1.03738    0.00000   -1.03981    0.00000   -3.38739   -1.03988   -2.20955
          2      44100 2532.74038   -1.03739    0.00000   -1.03985    0.00000   -3.38739   -1.03988   -2.20955
          2      44200 2538.65503   -1.03739    0.00000   -1.03973    0.00000   -3.38739   -1.03988   -2.20955
          2      44300 2544.76724   -1.03739    0.00000   -1.03974    0.00000   -3.38739   -1.03988   -2.20955
          2      44400 2550.22031   -1.03739    0.00000   -1.03977    0.00000   -3.38739   -1.03988   -2.20955
          2      44500 2556.06948   -1.03740    0.00000   -1.03981    0.00000   -3.38739   -1.03988   -2.20955
          2      44600 2562.52404   -1.03740    0.00000   -1.03976    0.00000   -3.38739   -1.03988   -2.20955
          2      44700 2568.73105   -1.03740    0.00000   -1.03978    0.00000   -3.38739   -1.03988   -2.20955
          2      44800 2574.45615   -1.03741    0.00000   -1.03984    0.00000   -3.38739   -1.03988   -2.20955
          2      44900 2580.29435   -1.03741    0.00000   -1.03975    0.00000   -3.38739   -1.03988   -2.20955
          2      45000 2586.02551   -1.03741    0.00000   -1.03977    0.00000   -3.38739   -1.03988   -2.20955
          2      45100 2592.05169   -1.03741    0.00000   -1.03981    0.00000   -3.38739   -1.03988   -2.20955
          2      45200 2597.94676   -1.03742    0.00000   -1.03984    0.00000   -3.38739   -1.03989   -2.20955
          2      45300 2603.95863   -1.03742    0.00000   -1.03977    0.00000   -3.38739   -1.03989   -2.20955
          2      45400 2610.08088   -1.03742    0.00000   -1.03981    0.00000   -3.38739   -1.03989   -2.20955
          2      45500 2616.05790   -1.03743    0.00000   -1.03979    0.00000   -3.38739   -1.03989   -2.20955
          2      45600 2622.12954   -1.03743    0.00000   -1.03980    0.00000   -3.38739   -1.03989   -2.20955
          2      45700 2627.61880   -1.03743    0.00000   -1.03977    0.00000   -3.38739   -1.03989   -2.20955
          2      45800 2633.45703   -1.03743    0.00000   -1.03983    0.00000   -3.38739   -1.03989   -2.20955
          2      45900 2639.08666   -1.03744    0.00000   -1.03974    0.00000   -3.38739   -1.03989   -2.20955
          2      46000 2644.75685   -1.03744    0.00000   -1.03977    0.00000   -3.38739   -1.03989   -2.20955
          2      46100 2650.12184   -1.03744    0.00000   -1.03982    0.00000   -3.38739   -1.03989   -2.20955
          2      46200 2655.82021   -1.03744    0.00000   -1.03983    0.00000   -3.38739   -1.03989   -2.20955
          2      46300 2661.57660   -1.03745    0.00000   -1.03984    0.00000   -3.38739   -1.03989   -2.20955
          2      46400 2666.99346   -1.03745    0.00000   -1.03978    0.00000   -3.38739   -1.03989   -2.20955
          2      46500 2672.90562   -1.03745    0.00000   -1.03983    0.00000   -3.38739   -1.03989   -2.20955
          2      46600 2678.96620   -1.03745    0.00000   -1.03982    0.00000   -3.38739   -1.03989   -2.20955
          2      46700 2684.94199   -1.03746    0.00000   -1.03976    0.00000   -3.38739   -1.03989   -2.20955
          2      46800 2690.54585   -1.03746    0.00000   -1.03980    0.00000   -3.38739   -1.03989   -2.20955
          2      46900 2695.94470   -1.03746    0.00000   -1.03983    0.00000   -3.38739   -1.03989   -2.20955
          2      47000 2701.41001   -1.03747    0.00000   -1.03983    0.00000   -3.38739   -1.03989   -2.20955
          2      47100 2707.09331   -1.03747    0.00000   -1.03984    0.00000   -3.38739   -1.03989   -2.20955
          2      47200 2712.72618   -1.03747    0.00000   -1.03983    0.00000   -3.38739   -1.03989   -2.20955
          2      47300 2718.72745   -1.03747    0.00000   -1.03979    0.00000   -3.38739   -1.03989   -2.20955
          2      47400 2724.92941   -1.03748    0.00000   -1.03985    0.00000   -3.38739   -1.03989   -2.20955
          2      47500 2730.59279   -1.03748    0.00000   -1.03978    0.00000   -3.38739   -1.03989   -2.20955
          2      47600 2736.36452   -1.03748    0.00000   -1.03983    0.00000   -3.38739   -1.03989   -2.20955
          2      47700 2741.92412   -1.03748    0.00000   -1.03978    0.00000   -3.38739   -1.03989   -2.20955
          2      47800 2748.14242   -1.03749    0.00000   -1.03977    0.00000   -3.38739   -1.03989   -2.20955
          2      47900 2753.66717   -1.03749    0.00000   -1.03982    0.00000   -3.38739   -1.03989   -2.20955
          2      48000 2758.87341   -1.03749    0.00000   -1.03982    0.00000   -3.38739   -1.03989   -2.20955
          2      48100 2764.73285   -1.03749    0.00000   -1.03981    0.00000   -3.38739   -1.03989   -2.20955
          2      48200 2770.57016   -1.03750    0.00000   -1.03982    0.00000   -3.38739   -1.03989   -2.20955
          2      48300 2776.30095   -1.03750    0.00000   -1.03973    0.00000   -3.38739   -1.03989   -2.20955
          2      48400 2782.12975   -1.03750    0.00000   -1.03971    0.00000   -3.38739   -1.03989   -2.20955
          2      48500 2787.93754   -1.03750    0.00000   -1.03983    0.00000   -3.38739   -1.03989   -2.20955
          2      48600 2793.78387   -1.03751    0.00000   -1.03985    0.00000   -3.38739   -1.03989   -2.20955
          2      48700 2799.39897   -1.03751    0.00000   -1.03981    0.00000   -3.38739   -1.03989   -2.20955
          2      48800 2805.62768   -1.03751    0.00000   -1.03978    0.00000   -3.38739   -1.03989   -2.20955
          2      48900 2811.58369   -1.03751    0.00000   -1.03981    0.00000   -3.38739   -1.03989   -2.20955
          2      49000 2817.03325   -1.03752    0.00000   -1.03972    0.00000   -3.38739   -1.03989   -2.20955
          2      49100 2822.54691   -1.03752    0.00000   -1.03983    0.00000   -3.38739   -1.03989   -2.20955
          2      49200 2827.96388   -1.03752    0.00000   -1.03984    0.00000   -3.38739   -1.03989   -2.20955
          2      49300 2833.74099   -1.03752    0.00000   -1.03985    0.00000   -3.38739   -1.03989   -2.20955
          2      49400 2839.59028   -1.03753    0.00000   -1.03979    0.00000   -3.38739   -1.03989   -2.20955
          2      49500 2845.71579   -1.03753    0.00000   -1.03978    0.00000   -3.38739   -1.03989   -2.20955
          2      49600 2851.58235   -1.03753    0.00000   -1.03986    0.00000   -3.38739   -1.03989   -2.20955
          2      49700 2857.23156   -1.03753    0.00000   -1.03980    0.00000   -3.38739   -1.03989   -2.20955
          2      49800 2863.44588   -1.03754    0.00000   -1.03977    0.00000   -3.38739   -1.03989   -2.20955
          2      49900 2869.44089   -1.03754    0.00000   -1.03980    0.00000   -3.38739   -1.03989   -2.20955
          2      50000 2875.30346   -1.03754    0.00000   -1.03980    0.00000   -3.38739   -1.03989   -2.20955
          2      50100 2881.47244   -1.03754    0.00000   -1.03982    0.00000   -3.38739   -1.03989   -2.20955
          2      50200 2886.76156   -1.03754    0.00000   -1.03979    0.00000   -3.38739   -1.03989   -2.20955
          2      50300 2892.85622   -1.03755    0.00000   -1.03979    0.00000   -3.38739   -1.03989   -2.20955
          2      50400 2898.50096   -1.03755    0.00000   -1.03981    0.00000   -3.38739   -1.03989   -2.20955
          2      50500 2904.40091   -1.03755    0.00000   -1.03983    0.00000   -3.38739   -1.03989   -2.20955
          2      50600 2910.15666   -1.03755    0.00000   -1.03978    0.00000   -3.38739   -1.03989   -2.20955
          2      50700 2915.72673   -1.03756    0.00000   -1.03985    0.00000   -3.38739   -1.03989   -2.20955
          2      50800 2921.18407   -1.03756    0.00000   -1.03979    0.00000   -3.38739   -1.03989   -2.20955
          2      50900 2926.99792   -1.03756    0.00000   -1.03984    0.00000   -3.38739   -1.03989   -2.20955
          2      51000 2932.65363   -1.03756    0.00000   -1.03981    0.00000   -3.38739   -1.03989   -2.20955
          2      51100 2938.42808   -1.03757    0.00000   -1.03980    0.00000   -3.38739   -1.03989   -2.20955
          2      51200 2944.37516   -1.03757    0.00000   -1.03978    0.00000   -3.38739   -1.03989   -2.20955
          2      51300 2949.91176   -1.03757    0.00000   -1.03984    0.00000   -3.38739   -1.03989   -2.20955
          2      51400 2955.77476   -1.03757    0.00000   -1.03979    0.00000   -3.38739   -1.03989   -2.20955
          2      51500 2961.28747   -1.03758    0.00000   -1.03980    0.00000   -3.38739   -1.03989   -2.20955
          2      51600 2967.23978   -1.03758    0.00000   -1.03986    0.00000   -3.38739   -1.03989   -2.20955
          2      51700 2972.98487   -1.03758    0.00000   -1.03983    0.00000   -3.38739   -1.03989   -2.20955
          2      51800 2978.79766   -1.03758    0.00000   -1.03981    0.00000   -3.38739   -1.03989   -2.20955
          2      51900 2984.89080   -1.03758    0.00000   -1.03976    0.00000   -3.38739   -1.03989   -2.20955
          2      52000 2990.10898   -1.03759    0.00000   -1.03980    0.00000   -3.38739   -1.03989   -2.20955
          2      52100 2996.15261   -1.03759    0.00000   -1.03978    0.00000   -3.38739   -1.03989   -2.20955
          2      52200 3002.13598   -1.03759    0.00000   -1.03978    0.00000   -3.38739   -1.03989   -2.20955
          2      52300 3008.06531   -1.03759    0.00000   -1.03983    0.00000   -3.38739   -1.03989   -2.20955
          2      52400 3013.52815   -1.03760    0.00000   -1.03980    0.00000   -3.38739   -1.03989   -2.20955
          2      52500 3019.36552   -1.03760    0.00000   -1.03982    0.00000   -3.38739   -1.03989   -2.20955
          2      52600 3025.09541   -1.03760    0.00000   -1.03981    0.00000   -3.38739   -1.03989   -2.20955
          2      52700 3030.55297   -1.03760    0.00000   -1.03983    0.00000   -3.38739   -1.03989   -2.20955
          2      52800 3036.33317   -1.03760    0.00000   -1.03984    0.00000   -3.38739   -1.03989   -2.20955
          2      52900 3042.55749   -1.03761    0.00000   -1.03983    0.00000   -3.38739   -1.03989   -2.20955
          2      53000 3048.37054   -1.03761    0.00000   -1.03981    0.00000   -3.38739   -1.03989   -2.20955
          2      53100 3054.02625   -1.03761    0.00000   -1.03978    0.00000   -3.38739   -1.03989   -2.20955
          2      53200 3059.79628   -1.03761    0.00000   -1.03978    0.00000   -3.38739   -1.03989   -2.20955
          2      53300 3065.32575   -1.03762    0.00000   -1.03980    0.00000   -3.38739   -1.03989   -2.20955
          2      53400 3070.69628   -1.03762    0.00000   -1.03980    0.00000   -3.38739   -1.03989   -2.20955
          2      53500 3076.60363   -1.03762    0.00000   -1.03978    0.00000   -3.38739   -1.03989   -2.20955
          2      53600 3082.53198   -1.03762    0.00000   -1.03978    0.00000   -3.38739   -1.03989   -2.20955
          2      53700 3087.98615   -1.03762    0.00000   -1.03978    0.00000   -3.38739   -1.03989   -2.20955
          2      53800 3093.90268   -1.03763    0.00000   -1.03984    0.00000   -3.38739   -1.03989   -2.20955
          2      53900 3099.44238   -1.03763    0.00000   -1.03980    0.00000   -3.38739   -1.03989   -2.20955
          2      54000 3105.34333   -1.03763    0.00000   -1.03978    0.00000   -3.38739   -1.03989   -2.20955
          2      54100 3111.21933   -1.03763    0.00000   -1.03983    0.00000   -3.38739   -1.03989   -2.20955
          2      54200 3117.09121   -1.03763    0.00000   -1.03979    0.00000   -3.38739   -1.03989   -2.20955
          2      54300 3123.29869   -1.03764    0.00000   -1.03977    0.00000   -3.38739   -1.03989   -2.20955
          2      54400 3129.13572   -1.03764    0.00000   -1.03980    0.00000   -3.38739   -1.03989   -2.20955
          2      54500 3134.79971   -1.03764    0.00000   -1.03983    0.00000   -3.38739   -1.03989   -2.20955
          2      54600 3140.56885   -1.03764    0.00000   -1.03979    0.00000   -3.38739   -1.03989   -2.20955
          2      54700 3146.31160   -1.03764    0.00000   -1.03981    0.00000   -3.38739   -1.03989   -2.20955
          2      54800 3152.23407   -1.03765    0.00000   -1.03982    0.00000   -3.38739   -1.03989   -2.20955
          2      54900 3158.07073   -1.03765    0.00000   -1.03976    0.00000   -3.38739   -1.03989   -2.20955
          2      55000 3164.01236   -1.03765    0.00000   -1.03979    0.00000   -3.38739   -1.03989   -2.20955
          2      55100 3169.48436   -1.03765    0.00000   -1.03983    0.00000   -3.38739   -1.03989   -2.20955
          2      55200 3175.02476   -1.03766    0.00000   -1.03982    0.00000   -3.38739   -1.03989   -2.20955
          2      55300 3180.77180   -1.03766    0.00000   -1.03981    0.00000   -3.38739   -1.03989   -2.20955
          2      55400 3186.26662   -1.03766    0.00000   -1.03986    0.00000   -3.38739   -1.03989   -2.20955
          2      55500 3191.88326   -1.03766    0.00000   -1.03984    0.00000   -3.38739   -1.03989   -2.20955
          2      55600 3197.42252   -1.03766    0.00000   -1.03983    0.00000   -3.38739   -1.03989   -2.20955
          2      55700 3203.09577   -1.03767    0.00000   -1.03980    0.00000   -3.38739   -1.03989   -2.20955
          2      55800 3208.20312   -1.03767    0.00000   -1.03981    0.00000   -3.38739   -1.03989   -2.20955
          2      55900 3213.79781   -1.03767    0.00000   -1.03983    0.00000   -3.38739   -1.03989   -2.20955
          2      56000 3219.30260   -1.03767    0.00000   -1.03984    0.00000   -3.38739   -1.03989   -2.20955
          2      56100 3225.52005   -1.03767    0.00000   -1.03978    0.00000   -3.38739   -1.03989   -2.20955
          2      56200 3231.30630   -1.03768    0.00000   -1.03976    0.00000   -3.38739   -1.03989   -2.20955
          2      56300 3237.73435   -1.03768    0.00000   -1.03983    0.00000   -3.38739   -1.03989   -2.20955
          2      56400 3243.82098   -1.03768    0.00000   -1.03978    0.00000   -3.38739   -1.03989   -2.20955
          2      56500 3249.70109   -1.03768    0.00000   -1.03979    0.00000   -3.38739   -1.03989   -2.20955
          2      56600 3255.30898   -1.03768    0.00000   -1.03981    0.00000   -3.38739   -1.03989   -2.20955
          2      56700 3260.90994   -1.03769    0.00000   -1.03982    0.00000   -3.38739   -1.03989   -2.20955
          2      56800 3266.24819   -1.03769    0.00000   -1.03981    0.00000   -3.38739   -1.03989   -2.20955
          2      56900 3272.15400   -1.03769    0.00000   -1.03982    0.00000   -3.38739   -1.03989   -2.20955
          2      57000 3277.64832   -1.03769    0.00000   -1.03982    0.00000   -3.38739   -1.03989   -2.20955
          2      57100 3283.33062   -1.03769    0.00000   -1.03977    0.00000   -3.38739   -1.03989   -2.20955
          2      57200 3289.23252   -1.03770    0.00000   -1.03981    0.00000   -3.38739   -1.03989   -2.20955
          2      57300 3295.34835   -1.03770    0.00000   -1.03982    0.00000   -3.38739   -1.03989   -2.20955
          2      57400 3301.14151   -1.03770    0.00000   -1.03979    0.00000   -3.38739   -1.03989   -2.20955
          2      57500 3307.15097   -1.03770    0.00000   -1.03981    0.00000   -3.38739   -1.03989   -2.20955
          2      57600 3313.06345   -1.03770    0.00000   -1.03980    0.00000   -3.38739   -1.03989   -2.20955
          2      57700 3318.74214   -1.03770    0.00000   -1.03980    0.00000   -3.38739   -1.03989   -2.20955
          2      57800 3324.33250   -1.03771    0.00000   -1.03982    0.00000   -3.38739   -1.03989   -2.20955
          2      57900 3329.75111   -1.03771    0.00000   -1.03983    0.00000   -3.38739   -1.03989   -2.20955
          2      58000 3335.64183   -1.03771    0.00000   -1.03982    0.00000   -3.38739   -1.03989   -2.20955
          2      58100 3341.53436   -1.03771    0.00000   -1.03980    0.00000   -3.38739   -1.03989   -2.20955
          2      58200 3347.07865   -1.03771    0.00000   -1.03978    0.00000   -3.38739   -1.03989   -2.20955
          2      58300 3353.06046   -1.03772    0.00000   -1.03977    0.00000   -3.38739   -1.03989   -2.20955
          2      58400 3358.84291   -1.03772    0.00000   -1.03979    0.00000   -3.38739   -1.03989   -2.20955
          2      58500 3364.92087   -1.03772    0.00000   -1.03982    0.00000   -3.38739   -1.03989   -2.20955
          2      58600 3370.71365   -1.03772    0.00000   -1.03985    0.00000   -3.38739   -1.03989   -2.20955
          2      58700 3376.35520   -1.03772    0.00000   -1.03980    0.00000   -3.38739   -1.03989   -2.20955
          2      58800 3382.08138   -1.03773    0.00000   -1.03984    0.00000   -3.38739   -1.03989   -2.20955
          2      58900 3387.68167   -1.03773    0.00000   -1.03978    0.00000   -3.38739   -1.03989   -2.20955
          2      59000 3393.55703   -1.03773    0.00000   -1.03982    0.00000   -3.38739   -1.03989   -2.20955
          2      59100 3398.80393   -1.03773    0.00000   -1.03982    0.00000   -3.38739   -1.03989   -2.20955
          2      59200 3405.09959   -1.03773    0.00000   -1.03982    0.00000   -3.38739   -1.03989   -2.20955
          2      59300 3410.70109   -1.03773    0.00000   -1.03982    0.00000   -3.38739   -1.03989   -2.20955
          2      59400 3416.31303   -1.03774    0.00000   -1.03984    0.00000   -3.38739   -1.03989   -2.20955
          2      59500 3422.14285   -1.03774    0.00000   -1.03980    0.00000   -3.38739   -1.03989   -2.20955
          2      59600 3428.12315   -1.03774    0.00000   -1.03981    0.00000   -3.38739   -1.03989   -2.20955
          2      59700 3433.75051   -1.03774    0.00000   -1.03980    0.00000   -3.38739   -1.03989   -2.20955
          2      59800 3439.37464   -1.03774    0.00000   -1.03982    0.00000   -3.38739   -1.03989   -2.20955
          2      59900 3445.74304   -1.03775    0.00000   -1.03984    0.00000   -3.38739   -1.03989   -2.20955
          2      60000 3451.92386   -1.03775    0.00000   -1.03977    0.00000   -3.38739   -1.03989   -2.20955
          2      60100 3458.19620   -1.03775    0.00000   -1.03980    0.00000   -3.38739   -1.03989   -2.20955
          2      60200 3463.79499   -1.03775    0.00000   -1.03977    0.00000   -3.38739   -1.03989   -2.20955
          2      60300 3469.78709   -1.03775    0.00000   -1.03986    0.00000   -3.38739   -1.03989   -2.20955
          2      60400 3475.81415   -1.03775    0.00000   -1.03981    0.00000   -3.38739   -1.03989   -2.20955
          2      60500 3481.74767   -1.03776    0.00000   -1.03985    0.00000   -3.38739   -1.03989   -2.20955
          2      60600 3487.53940   -1.03776    0.00000   -1.03977    0.00000   -3.38739   -1.03989   -2.20955
          2      60700 3493.17117   -1.03776    0.00000   -1.03978    0.00000   -3.38739   -1.03989   -2.20955
          2      60800 3498.81871   -1.03776    0.00000   -1.03982    0.00000   -3.38739   -1.03989   -2.20955
          2      60900 3504.46822   -1.03776    0.00000   -1.03979    0.00000   -3.38739   -1.03989   -2.20955
          2      61000 3510.14053   -1.03777    0.00000   -1.03980    0.00000   -3.38739   -1.03989   -2.20955
          2      61100 3516.24528   -1.03777    0.00000   -1.03984    0.00000   -3.38739   -1.03989   -2.20955
          2      61200 3521.87177   -1.03777    0.00000   -1.03983    0.00000   -3.38739   -1.03989   -2.20955
          2      61300 3527.78706   -1.03777    0.00000   -1.03983    0.00000   -3.38739   -1.03989   -2.20955
          2      61400 3533.02481   -1.03777    0.00000   -1.03983    0.00000   -3.38739   -1.03989   -2.20955
          2      61500 3538.89465   -1.03777    0.00000   -1.03984    0.00000   -3.38739   -1.03989   -2.20955
          2      61600 3544.29133   -1.03778    0.00000   -1.03980    0.00000   -3.38739   -1.03989   -2.20955
          2      61700 3550.17446   -1.03778    0.00000   -1.03982    0.00000   -3.38739   -1.03989   -2.20955
          2      61800 3556.19420   -1.03778    0.00000   -1.03981    0.00000   -3.38739   -1.03989   -2.20955
          2      61900 3561.93297   -1.03778    0.00000   -1.03982    0.00000   -3.38739   -1.03989   -2.20955
          2      62000 3567.57148   -1.03778    0.00000   -1.03976    0.00000   -3.38739   -1.03989   -2.20955
          2      62100 3573.25910   -1.03778    0.00000   -1.03982    0.00000   -3.38739   -1.03989   -2.20955
          2      62200 3578.78940   -1.03779    0.00000   -1.03980    0.00000   -3.38739   -1.03989   -2.20955
          2      62300 3584.43902   -1.03779    0.00000   -1.03983    0.00000   -3.38739   -1.03989   -2.20955
          2      62400 3590.14129   -1.03779    0.00000   -1.03984    0.00000   -3.38739   -1.03989   -2.20955
          2      62500 3596.17672   -1.03779    0.00000   -1.03983    0.00000   -3.38739   -1.03989   -2.20955
          2      62565 3600.00563   -1.03779    0.00000   -1.03986    0.00000   -3.38739   -1.03989   -2.20955
