          1          0    0.69155   -0.99431    0.00000   -0.99431    0.00000
          1        100   93.85142   -1.01159    0.00000   -1.01202    0.00000
          1        200  183.91181   -1.01215    0.00000   -1.01250    0.00000
          1        300  273.37052   -1.01240    0.00000   -1.01272    0.00000
          1        400  361.87047   -1.01255    0.00000   -1.01285    0.00000
          1        500  462.65051   -1.01265    0.00000   -1.01294    0.00000
          1        600  557.90999   -1.01273    0.00000   -1.01301    0.00000
          1        700  648.76885   -1.01279    0.00000   -1.01307    0.00000
          1        800  735.80321   -1.01284    0.00000   -1.01311    0.00000
          1        900  828.82293   -1.01289    0.00000   -1.01314    0.00000
          1       1000  926.02011   -1.01292    0.00000   -1.01317    0.00000
          1       1100 1012.03941   -1.01295    0.00000   -1.01320    0.00000
          1       1200 1105.87446   -1.01298    0.00000   -1.01322    0.00000
          1       1300 1204.07396   -1.01301    0.00000   -1.01324    0.00000
          1       1400 1302.36864   -1.01303    0.00000   -1.01326    0.00000
          1       1500 1395.56035   -1.01305    0.00000   -1.01327    0.00000
          1       1600 1490.26595   -1.01307    0.00000   -1.01328    0.00000
          1       1700 1585.11820   -1.01308    0.00000   -1.01342    0.00000
          1       1800 1675.43167   -1.01310    0.00000   -1.01330    0.00000
          1       1900 1772.18164   -1.01311    0.00000   -1.01336    0.00000
          1       2000 1860.63784   -1.01313    0.00000   -1.01342    0.00000
          1       2100 1950.37090   -1.01314    0.00000   -1.01347    0.00000
          1       2200 2060.12332   -1.01315    0.00000   -1.01332    0.00000
          1       2300 2149.75420   -1.01316    0.00000   -1.01336    0.00000
          1       2400 2248.18323   -1.01317    0.00000   -1.01340    0.00000
          1       2500 2343.70721   -1.01318    0.00000   -1.01358    0.00000
          1       2600 2429.22239   -1.01319    0.00000   -1.01324    0.00000
          1       2700 2526.34902   -1.01320    0.00000   -1.01351    0.00000
          1       2800 2619.65948   -1.01321    0.00000   -1.01345    0.00000
          1       2900 2717.77663   -1.01322    0.00000   -1.01356    0.00000
          1       3000 2812.09397   -1.01322    0.00000   -1.01350    0.00000
          1       3100 2904.53005   -1.01323    0.00000   -1.01354    0.00000
          1       3200 2997.97579   -1.01324    0.00000   -1.01341    0.00000
          1       3300 3090.62093   -1.01324    0.00000   -1.01343    0.00000
          1       3400 3178.45760   -1.01325    0.00000   -1.01356    0.00000
          1       3500 3273.33594   -1.01326    0.00000   -1.01351    0.00000
          1       3600 3376.05979   -1.01326    0.00000   -1.01340    0.00000
          1       3700 3464.73986   -1.01327    0.00000   -1.01358    0.00000
          1       3800 3553.39079   -1.01327    0.00000   -1.01345    0.00000
          1       3854 3600.32216   -1.01328    0.00000   -1.01350    0.00000
