          1          0    0.00000   -1.03479    0.00000   -1.03479    0.00000   -3.41578    3.41578    0.00000
          1          1    0.01184   -1.03479    0.00000   -1.03479    0.00000   -1.04880   -1.03479    0.00000
          2          0    0.01184   -0.54600    0.00000   -1.03479    0.00000   -1.04880   -1.03479   -1.04180
          2          1  223.72625   -0.70859    0.00000   -1.02958    0.00000   -1.04493   -1.03479   -1.04180
          2          2  446.55907   -0.79119    0.00000   -1.03346    0.00000   -1.04185   -1.03479   -1.04180
          2          3  672.25104   -0.84067    0.00000   -1.03511    0.00000   -1.04097   -1.03511   -1.04180
          2          4  898.13115   -0.87398    0.00000   -1.03695    0.00000   -1.04051   -1.03695   -1.04180
          2          5 1126.42292   -0.89769    0.00000   -1.03790    0.00000   -1.04031   -1.03790   -1.04180
          2          6 1360.52012   -0.91546    0.00000   -1.03800    0.00000   -1.04021   -1.03800   -1.04180
          2          7 1593.09950   -0.92929    0.00000   -1.03974    0.00000   -1.04013   -1.03974   -1.04180
