          1          0    0.00000   -1.01434    0.00000   -1.01434    0.00000   -3.67515    3.67515    0.00000
          1          1    0.35774   -1.01191    0.00000   -1.00750    0.00000   -3.67515   -1.00750    0.00000
          2          0    0.35774   -0.40571    0.00000   -1.00750    0.00000   -3.67515   -1.00750   -2.34133
          2        100   57.85271   -0.96739    0.00000   -1.01590    0.00000   -3.67515   -1.01748   -2.34133
          2        200  121.00856   -0.98323    0.00000   -1.01702    0.00000   -3.67515   -1.01891   -2.34133
          2        300  177.60283   -0.99033    0.00000   -1.01848    0.00000   -3.67515   -1.01951   -2.34133
          2        400  233.53540   -0.99456    0.00000   -1.01837    0.00000   -3.67515   -1.02011   -2.34133
          2        500  294.87322   -0.99745    0.00000   -1.01868    0.00000   -3.67515   -1.02015   -2.34133
          2        600  359.20716   -0.99958    0.00000   -1.01977    0.00000   -3.67515   -1.02035   -2.34133
          2        700  423.05445   -1.00124    0.00000   -1.01937    0.00000   -3.67515   -1.02056   -2.34133
          2        800  483.21774   -1.00258    0.00000   -1.02010    0.00000   -3.67515   -1.02066   -2.34133
          2        900  543.01477   -1.00368    0.00000   -1.01989    0.00000   -3.67515   -1.02104   -2.34133
          2       1000  608.88168   -1.00462    0.00000   -1.01999    0.00000   -3.67515   -1.02104   -2.34133
          2       1100  671.36192   -1.00543    0.00000   -1.02030    0.00000   -3.67515   -1.02108   -2.34133
          2       1200  734.04790   -1.00614    0.00000   -1.01984    0.00000   -3.67515   -1.02119   -2.34133
          2       1300  799.08829   -1.00676    0.00000   -1.01966    0.00000   -3.67515   -1.02119   -2.34133
          2       1400  859.94207   -1.00732    0.00000   -1.01992    0.00000   -3.67515   -1.02119   -2.34133
          2       1500  923.34064   -1.00782    0.00000   -1.02033    0.00000   -3.67515   -1.02119   -2.34133
          2       1600  986.69951   -1.00827    0.00000   -1.02048    0.00000   -3.67515   -1.02119   -2.34133
          2       1700 1049.39427   -1.00868    0.00000   -1.02104    0.00000   -3.67515   -1.02123   -2.34133
          2       1800 1110.64519   -1.00905    0.00000   -1.01993    0.00000   -3.67515   -1.02130   -2.34133
          2       1900 1176.13815   -1.00940    0.00000   -1.02074    0.00000   -3.67515   -1.02130   -2.34133
          2       2000 1240.22825   -1.00972    0.00000   -1.02028    0.00000   -3.67515   -1.02130   -2.34133
          2       2100 1300.08994   -1.01001    0.00000   -1.02076    0.00000   -3.67515   -1.02130   -2.34133
          2       2200 1363.42401   -1.01029    0.00000   -1.02088    0.00000   -3.67515   -1.02137   -2.34133
          2       2300 1427.98775   -1.01055    0.00000   -1.02007    0.00000   -3.67515   -1.02137   -2.34133
          2       2400 1494.61744   -1.01079    0.00000   -1.02069    0.00000   -3.67515   -1.02157   -2.34133
          2       2500 1567.18574   -1.01102    0.00000   -1.02073    0.00000   -3.67515   -1.02157   -2.34133
          2       2600 1634.16108   -1.01123    0.00000   -1.02058    0.00000   -3.67515   -1.02157   -2.34133
          2       2700 1694.91601   -1.01143    0.00000   -1.02105    0.00000   -3.67515   -1.02157   -2.34133
          2       2800 1761.66948   -1.01162    0.00000   -1.02069    0.00000   -3.67515   -1.02157   -2.34133
          2       2900 1823.22142   -1.01180    0.00000   -1.02108    0.00000   -3.67515   -1.02157   -2.34133
          2       3000 1888.65542   -1.01197    0.00000   -1.02125    0.00000   -3.67515   -1.02157   -2.34133
          2       3100 1955.96498   -1.01214    0.00000   -1.02079    0.00000   -3.67515   -1.02157   -2.34133
          2       3200 2022.35331   -1.01229    0.00000   -1.02082    0.00000   -3.67515   -1.02157   -2.34133
          2       3300 2090.95452   -1.01244    0.00000   -1.02082    0.00000   -3.67515   -1.02157   -2.34133
          2       3400 2159.38253   -1.01258    0.00000   -1.02068    0.00000   -3.67515   -1.02157   -2.34133
          2       3500 2220.17270   -1.01272    0.00000   -1.02126    0.00000   -3.67515   -1.02157   -2.34133
          2       3600 2281.41170   -1.01285    0.00000   -1.02117    0.00000   -3.67515   -1.02157   -2.34133
          2       3700 2343.87262   -1.01297    0.00000   -1.02102    0.00000   -3.67515   -1.02157   -2.34133
          2       3800 2414.00829   -1.01309    0.00000   -1.02111    0.00000   -3.67515   -1.02157   -2.34133
          2       3900 2482.07366   -1.01321    0.00000   -1.02115    0.00000   -3.67515   -1.02157   -2.34133
          2       4000 2547.10534   -1.01332    0.00000   -1.02089    0.00000   -3.67515   -1.02157   -2.34133
          2       4100 2616.08402   -1.01342    0.00000   -1.02103    0.00000   -3.67515   -1.02157   -2.34133
          2       4200 2679.16750   -1.01353    0.00000   -1.02081    0.00000   -3.67515   -1.02161   -2.34133
          2       4300 2749.00551   -1.01363    0.00000   -1.02105    0.00000   -3.67515   -1.02161   -2.34133
          2       4400 2811.66692   -1.01372    0.00000   -1.02116    0.00000   -3.67515   -1.02161   -2.34133
          2       4500 2881.84791   -1.01381    0.00000   -1.02117    0.00000   -3.67515   -1.02161   -2.34133
          2       4600 2942.21164   -1.01390    0.00000   -1.02118    0.00000   -3.67515   -1.02161   -2.34133
          2       4700 3005.48004   -1.01399    0.00000   -1.02122    0.00000   -3.67515   -1.02176   -2.34133
          2       4800 3073.80601   -1.01407    0.00000   -1.02123    0.00000   -3.67515   -1.02176   -2.34133
          2       4900 3141.14362   -1.01416    0.00000   -1.02141    0.00000   -3.67515   -1.02176   -2.34133
          2       5000 3203.27992   -1.01424    0.00000   -1.02152    0.00000   -3.67515   -1.02176   -2.34133
          2       5100 3269.93018   -1.01431    0.00000   -1.02106    0.00000   -3.67515   -1.02176   -2.34133
          2       5200 3333.51472   -1.01439    0.00000   -1.02142    0.00000   -3.67515   -1.02176   -2.34133
          2       5300 3403.86221   -1.01446    0.00000   -1.02086    0.00000   -3.67515   -1.02176   -2.34133
          2       5400 3471.78847   -1.01453    0.00000   -1.02098    0.00000   -3.67515   -1.02176   -2.34133
          2       5500 3538.84671   -1.01460    0.00000   -1.02127    0.00000   -3.67515   -1.02176   -2.34133
          2       5588 3600.21221   -1.01466    0.00000   -1.02106    0.00000   -3.67515   -1.02176   -2.34133
