          1          0    0.00000   -0.40826    0.00000   -0.40826    0.00000   -4.56549    4.56549    0.00000
          1          1    0.04211   -0.36778    0.00000   -0.30418    0.00000   -4.56549   -0.36778    0.00000
          2          0    0.04211   -0.13377    0.00000   -0.30418    0.00000   -4.56549   -0.36778   -2.46663
          2        100    1.60562   -0.48339    0.00000   -0.48463    0.00000   -4.56549   -0.36778   -2.46663
          2        200    3.26970   -0.48828    0.00000   -0.49040    0.00000   -4.56549   -0.36778   -2.46663
          2        300    5.13213   -0.48986    0.00000   -0.49226    0.00000   -4.56549   -0.36778   -2.46663
          2        400    6.91759   -0.49062    0.00000   -0.49274    0.00000   -4.56549   -0.36778   -2.46663
          2        500    7.64137   -0.49103    0.00000   -0.49274    0.00000   -4.56549   -0.36778   -2.46663
          2        600    9.97858   -0.49128    0.00000   -0.49274    0.00000   -4.56549   -0.36778   -2.46663
          2        700   11.77297   -0.49146    0.00000   -0.49274    0.00000   -4.56549   -0.36778   -2.46663
          2        800   13.42469   -0.49159    0.00000   -0.49274    0.00000   -4.56549   -0.36778   -2.46663
          2        900   14.39658   -0.49169    0.00000   -0.49274    0.00000   -4.56549   -0.36778   -2.46663
          2       1000   16.14756   -0.49177    0.00000   -0.49274    0.00000   -4.56549   -0.36778   -2.46663
          2       1100   17.45000   -0.49184    0.00000   -0.49274    0.00000   -4.56549   -0.36778   -2.46663
          2       1200   19.60612   -0.49189    0.00000   -0.49274    0.00000   -4.56549   -0.36778   -2.46663
          2       1300   20.93137   -0.49194    0.00000   -0.49274    0.00000   -4.56549   -0.36778   -2.46663
          2       1400   21.36228   -0.49198    0.00000   -0.49274    0.00000   -4.56549   -0.36778   -2.46663
          2       1500   23.14597   -0.49201    0.00000   -0.49274    0.00000   -4.56549   -0.36778   -2.46663
          2       1600   25.05158   -0.49205    0.00000   -0.49274    0.00000   -4.56549   -0.36778   -2.46663
          2       1700   27.08171   -0.49207    0.00000   -0.49274    0.00000   -4.56549   -0.36778   -2.46663
          2       1800   28.85628   -0.49210    0.00000   -0.49274    0.00000   -4.56549   -0.36778   -2.46663
          2       1900   30.08475   -0.49212    0.00000   -0.49274    0.00000   -4.56549   -0.36778   -2.46663
          2       2000   31.70072   -0.49214    0.00000   -0.49274    0.00000   -4.56549   -0.36778   -2.46663
          2       2100   33.45844   -0.49216    0.00000   -0.49274    0.00000   -4.56549   -0.36778   -2.46663
          2       2200   34.90451   -0.49218    0.00000   -0.49274    0.00000   -4.56549   -0.36778   -2.46663
          2       2300   36.41588   -0.49219    0.00000   -0.49274    0.00000   -4.56549   -0.36778   -2.46663
          2       2400   37.85081   -0.49221    0.00000   -0.49274    0.00000   -4.56549   -0.36778   -2.46663
          2       2500   38.34282   -0.49222    0.00000   -0.49274    0.00000   -4.56549   -0.36778   -2.46663
          2       2600   40.05972   -0.49223    0.00000   -0.49274    0.00000   -4.56549   -0.36778   -2.46663
          2       2700   41.86630   -0.49225    0.00000   -0.49274    0.00000   -4.56549   -0.36778   -2.46663
          2       2800   43.66247   -0.49226    0.00000   -0.49274    0.00000   -4.56549   -0.36778   -2.46663
          2       2900   45.20057   -0.49227    0.00000   -0.49274    0.00000   -4.56549   -0.36778   -2.46663
          2       3000   46.74195   -0.49228    0.00000   -0.49274    0.00000   -4.56549   -0.36778   -2.46663
          2       3100   48.54980   -0.49229    0.00000   -0.49274    0.00000   -4.56549   -0.36778   -2.46663
          2       3200   50.55614   -0.49230    0.00000   -0.49274    0.00000   -4.56549   -0.36778   -2.46663
          2       3300   51.85605   -0.49230    0.00000   -0.49274    0.00000   -4.56549   -0.36778   -2.46663
          2       3400   53.51031   -0.49231    0.00000   -0.49274    0.00000   -4.56549   -0.36778   -2.46663
          2       3500   55.85466   -0.49232    0.00000   -0.49274    0.00000   -4.56549   -0.36778   -2.46663
          2       3600   57.39914   -0.49233    0.00000   -0.49274    0.00000   -4.56549   -0.36778   -2.46663
          2       3700   58.51116   -0.49233    0.00000   -0.49274    0.00000   -4.56549   -0.36778   -2.46663
          2       3800   59.81044   -0.49234    0.00000   -0.49274    0.00000   -4.56549   -0.36778   -2.46663
          2       3900   61.29232   -0.49235    0.00000   -0.49274    0.00000   -4.56549   -0.36778   -2.46663
          2       4000   63.62707   -0.49235    0.00000   -0.49274    0.00000   -4.56549   -0.36778   -2.46663
          2       4100   65.01737   -0.49236    0.00000   -0.49274    0.00000   -4.56549   -0.36778   -2.46663
          2       4200   66.73022   -0.49236    0.00000   -0.49274    0.00000   -4.56549   -0.36778   -2.46663
          2       4300   68.28669   -0.49237    0.00000   -0.49274    0.00000   -4.56549   -0.36778   -2.46663
          2       4400   70.27117   -0.49237    0.00000   -0.49274    0.00000   -4.56549   -0.36778   -2.46663
          2       4500   72.46772   -0.49238    0.00000   -0.49274    0.00000   -4.56549   -0.36778   -2.46663
          2       4600   73.74920   -0.49238    0.00000   -0.49274    0.00000   -4.56549   -0.36778   -2.46663
          2       4700   74.93914   -0.49239    0.00000   -0.49274    0.00000   -4.56549   -0.36778   -2.46663
          2       4800   76.60120   -0.49239    0.00000   -0.49274    0.00000   -4.56549   -0.36778   -2.46663
          2       4900   78.19750   -0.49240    0.00000   -0.49274    0.00000   -4.56549   -0.36778   -2.46663
          2       5000   79.87775   -0.49240    0.00000   -0.49274    0.00000   -4.56549   -0.36778   -2.46663
          2       5100   81.62575   -0.49240    0.00000   -0.49274    0.00000   -4.56549   -0.36778   -2.46663
          2       5200   82.84489   -0.49241    0.00000   -0.49274    0.00000   -4.56549   -0.36778   -2.46663
          2       5300   84.98359   -0.49241    0.00000   -0.49274    0.00000   -4.56549   -0.36778   -2.46663
          2       5400   85.73098   -0.49242    0.00000   -0.49274    0.00000   -4.56549   -0.36778   -2.46663
          2       5500   86.86516   -0.49242    0.00000   -0.49274    0.00000   -4.56549   -0.36778   -2.46663
          2       5600   88.34777   -0.49242    0.00000   -0.49274    0.00000   -4.56549   -0.36778   -2.46663
          2       5700   90.79637   -0.49243    0.00000   -0.49274    0.00000   -4.56549   -0.36778   -2.46663
          2       5800   92.53491   -0.49243    0.00000   -0.49274    0.00000   -4.56549   -0.36778   -2.46663
          2       5900   93.80132   -0.49243    0.00000   -0.49274    0.00000   -4.56549   -0.36778   -2.46663
          2       6000   95.51963   -0.49243    0.00000   -0.49274    0.00000   -4.56549   -0.36778   -2.46663
          2       6100   97.04324   -0.49244    0.00000   -0.49274    0.00000   -4.56549   -0.36778   -2.46663
          2       6200   98.78225   -0.49244    0.00000   -0.49274    0.00000   -4.56549   -0.36778   -2.46663
          2       6300  100.32503   -0.49244    0.00000   -0.49274    0.00000   -4.56549   -0.36778   -2.46663
          2       6400  101.36745   -0.49245    0.00000   -0.49274    0.00000   -4.56549   -0.36778   -2.46663
          2       6500  103.34627   -0.49245    0.00000   -0.49274    0.00000   -4.56549   -0.36778   -2.46663
          2       6600  104.76167   -0.49245    0.00000   -0.49274    0.00000   -4.56549   -0.36778   -2.46663
          2       6700  106.82166   -0.49245    0.00000   -0.49274    0.00000   -4.56549   -0.36778   -2.46663
          2       6800  108.38017   -0.49246    0.00000   -0.49274    0.00000   -4.56549   -0.36778   -2.46663
          2       6900  109.45347   -0.49246    0.00000   -0.49274    0.00000   -4.56549   -0.36778   -2.46663
          2       7000  111.47024   -0.49246    0.00000   -0.49274    0.00000   -4.56549   -0.36778   -2.46663
          2       7100  113.05813   -0.49246    0.00000   -0.49274    0.00000   -4.56549   -0.36778   -2.46663
          2       7200  114.98826   -0.49247    0.00000   -0.49274    0.00000   -4.56549   -0.36778   -2.46663
          2       7300  116.43617   -0.49247    0.00000   -0.49274    0.00000   -4.56549   -0.36778   -2.46663
          2       7400  118.59806   -0.49247    0.00000   -0.49274    0.00000   -4.56549   -0.36778   -2.46663
          2       7500  120.64347   -0.49247    0.00000   -0.49274    0.00000   -4.56549   -0.36778   -2.46663
          2       7600  122.76869   -0.49247    0.00000   -0.49274    0.00000   -4.56549   -0.36778   -2.46663
          2       7700  124.18062   -0.49248    0.00000   -0.49274    0.00000   -4.56549   -0.36778   -2.46663
          2       7800  126.26735   -0.49248    0.00000   -0.49274    0.00000   -4.56549   -0.36778   -2.46663
          2       7900  127.98279   -0.49248    0.00000   -0.49274    0.00000   -4.56549   -0.36778   -2.46663
          2       8000  130.01006   -0.49248    0.00000   -0.49274    0.00000   -4.56549   -0.36778   -2.46663
          2       8100  131.56981   -0.49248    0.00000   -0.49274    0.00000   -4.56549   -0.36778   -2.46663
          2       8200  132.96043   -0.49249    0.00000   -0.49274    0.00000   -4.56549   -0.36778   -2.46663
          2       8300  134.45975   -0.49249    0.00000   -0.49274    0.00000   -4.56549   -0.36778   -2.46663
          2       8400  136.32536   -0.49249    0.00000   -0.49274    0.00000   -4.56549   -0.36778   -2.46663
          2       8500  137.77124   -0.49249    0.00000   -0.49274    0.00000   -4.56549   -0.36778   -2.46663
          2       8600  139.44383   -0.49249    0.00000   -0.49274    0.00000   -4.56549   -0.36778   -2.46663
          2       8700  141.11938   -0.49249    0.00000   -0.49274    0.00000   -4.56549   -0.36778   -2.46663
          2       8800  143.74006   -0.49250    0.00000   -0.49274    0.00000   -4.56549   -0.36778   -2.46663
          2       8900  144.99141   -0.49250    0.00000   -0.49274    0.00000   -4.56549   -0.36778   -2.46663
          2       9000  146.84855   -0.49250    0.00000   -0.49274    0.00000   -4.56549   -0.36778   -2.46663
          2       9100  148.18682   -0.49250    0.00000   -0.49274    0.00000   -4.56549   -0.36778   -2.46663
          2       9200  149.97502   -0.49250    0.00000   -0.49274    0.00000   -4.56549   -0.36778   -2.46663
          2       9300  150.91837   -0.49250    0.00000   -0.49274    0.00000   -4.56549   -0.36778   -2.46663
          2       9400  152.91532   -0.49250    0.00000   -0.49274    0.00000   -4.56549   -0.36778   -2.46663
          2       9500  154.26145   -0.49251    0.00000   -0.49274    0.00000   -4.56549   -0.36778   -2.46663
          2       9600  155.50402   -0.49251    0.00000   -0.49274    0.00000   -4.56549   -0.36778   -2.46663
          2       9700  157.74432   -0.49251    0.00000   -0.49274    0.00000   -4.56549   -0.36778   -2.46663
          2       9800  158.45466   -0.49251    0.00000   -0.49274    0.00000   -4.56549   -0.36778   -2.46663
          2       9900  159.44100   -0.49251    0.00000   -0.49274    0.00000   -4.56549   -0.36778   -2.46663
          2      10000  161.08777   -0.49251    0.00000   -0.49274    0.00000   -4.56549   -0.36778   -2.46663
          2      10100  162.89076   -0.49251    0.00000   -0.49274    0.00000   -4.56549   -0.36778   -2.46663
          2      10200  164.55133   -0.49251    0.00000   -0.49274    0.00000   -4.56549   -0.36778   -2.46663
          2      10300  165.68904   -0.49252    0.00000   -0.49274    0.00000   -4.56549   -0.36778   -2.46663
          2      10400  167.14429   -0.49252    0.00000   -0.49274    0.00000   -4.56549   -0.36778   -2.46663
          2      10500  168.70903   -0.49252    0.00000   -0.49274    0.00000   -4.56549   -0.36778   -2.46663
          2      10600  170.36923   -0.49252    0.00000   -0.49274    0.00000   -4.56549   -0.36778   -2.46663
          2      10700  171.73840   -0.49252    0.00000   -0.49274    0.00000   -4.56549   -0.36778   -2.46663
          2      10800  173.26346   -0.49252    0.00000   -0.49274    0.00000   -4.56549   -0.36778   -2.46663
          2      10900  174.90496   -0.49252    0.00000   -0.49274    0.00000   -4.56549   -0.36778   -2.46663
          2      11000  176.53279   -0.49252    0.00000   -0.49274    0.00000   -4.56549   -0.36778   -2.46663
          2      11100  177.84505   -0.49253    0.00000   -0.49274    0.00000   -4.56549   -0.36778   -2.46663
          2      11200  179.79556   -0.49253    0.00000   -0.49274    0.00000   -4.56549   -0.36778   -2.46663
          2      11300  181.33614   -0.49253    0.00000   -0.49274    0.00000   -4.56549   -0.36778   -2.46663
          2      11400  182.64689   -0.49253    0.00000   -0.49274    0.00000   -4.56549   -0.36778   -2.46663
          2      11500  184.52949   -0.49253    0.00000   -0.49274    0.00000   -4.56549   -0.36778   -2.46663
          2      11600  185.95155   -0.49253    0.00000   -0.49274    0.00000   -4.56549   -0.36778   -2.46663
          2      11700  188.05787   -0.49253    0.00000   -0.49274    0.00000   -4.56549   -0.36778   -2.46663
          2      11800  189.46325   -0.49253    0.00000   -0.49274    0.00000   -4.56549   -0.36778   -2.46663
          2      11900  190.90793   -0.49253    0.00000   -0.49274    0.00000   -4.56549   -0.36778   -2.46663
          2      12000  192.15696   -0.49253    0.00000   -0.49274    0.00000   -4.56549   -0.36778   -2.46663
          2      12100  193.64887   -0.49254    0.00000   -0.49274    0.00000   -4.56549   -0.36778   -2.46663
          2      12200  195.05940   -0.49254    0.00000   -0.49274    0.00000   -4.56549   -0.36778   -2.46663
          2      12300  196.61576   -0.49254    0.00000   -0.49274    0.00000   -4.56549   -0.36778   -2.46663
          2      12400  198.42298   -0.49254    0.00000   -0.49274    0.00000   -4.56549   -0.36778   -2.46663
          2      12500  200.16280   -0.49254    0.00000   -0.49274    0.00000   -4.56549   -0.36778   -2.46663
          2      12600  202.00774   -0.49254    0.00000   -0.49274    0.00000   -4.56549   -0.36778   -2.46663
          2      12700  204.06949   -0.49254    0.00000   -0.49274    0.00000   -4.56549   -0.36778   -2.46663
          2      12800  205.07720   -0.49254    0.00000   -0.49274    0.00000   -4.56549   -0.36778   -2.46663
          2      12900  206.37892   -0.49254    0.00000   -0.49274    0.00000   -4.56549   -0.36778   -2.46663
          2      13000  208.63844   -0.49254    0.00000   -0.49274    0.00000   -4.56549   -0.36778   -2.46663
          2      13100  210.01486   -0.49254    0.00000   -0.49274    0.00000   -4.56549   -0.36778   -2.46663
          2      13200  211.45893   -0.49255    0.00000   -0.49274    0.00000   -4.56549   -0.36778   -2.46663
          2      13300  213.21375   -0.49255    0.00000   -0.49274    0.00000   -4.56549   -0.36778   -2.46663
          2      13400  214.28500   -0.49255    0.00000   -0.49274    0.00000   -4.56549   -0.36778   -2.46663
          2      13500  216.07258   -0.49255    0.00000   -0.49274    0.00000   -4.56549   -0.36778   -2.46663
          2      13600  217.42279   -0.49255    0.00000   -0.49274    0.00000   -4.56549   -0.36778   -2.46663
          2      13700  219.05862   -0.49255    0.00000   -0.49274    0.00000   -4.56549   -0.36778   -2.46663
          2      13800  220.86734   -0.49255    0.00000   -0.49274    0.00000   -4.56549   -0.36778   -2.46663
          2      13900  222.17724   -0.49255    0.00000   -0.49274    0.00000   -4.56549   -0.36778   -2.46663
          2      14000  223.65783   -0.49255    0.00000   -0.49274    0.00000   -4.56549   -0.36778   -2.46663
          2      14100  224.73401   -0.49255    0.00000   -0.49274    0.00000   -4.56549   -0.36778   -2.46663
          2      14200  226.51917   -0.49255    0.00000   -0.49274    0.00000   -4.56549   -0.36778   -2.46663
          2      14300  227.97066   -0.49255    0.00000   -0.49274    0.00000   -4.56549   -0.36778   -2.46663
          2      14400  230.08212   -0.49255    0.00000   -0.49274    0.00000   -4.56549   -0.36778   -2.46663
          2      14500  231.51345   -0.49256    0.00000   -0.49274    0.00000   -4.56549   -0.36778   -2.46663
          2      14600  232.73619   -0.49256    0.00000   -0.49274    0.00000   -4.56549   -0.36778   -2.46663
          2      14700  234.31845   -0.49256    0.00000   -0.49274    0.00000   -4.56549   -0.36778   -2.46663
          2      14800  236.12990   -0.49256    0.00000   -0.49274    0.00000   -4.56549   -0.36778   -2.46663
          2      14900  237.70692   -0.49256    0.00000   -0.49274    0.00000   -4.56549   -0.36778   -2.46663
          2      15000  239.17074   -0.49256    0.00000   -0.49274    0.00000   -4.56549   -0.36778   -2.46663
          2      15100  240.87426   -0.49256    0.00000   -0.49274    0.00000   -4.56549   -0.36778   -2.46663
          2      15200  242.83836   -0.49256    0.00000   -0.49274    0.00000   -4.56549   -0.36778   -2.46663
          2      15300  243.71342   -0.49256    0.00000   -0.49274    0.00000   -4.56549   -0.36778   -2.46663
          2      15400  245.61081   -0.49256    0.00000   -0.49274    0.00000   -4.56549   -0.36778   -2.46663
          2      15500  247.20214   -0.49256    0.00000   -0.49274    0.00000   -4.56549   -0.36778   -2.46663
          2      15600  248.75488   -0.49256    0.00000   -0.49274    0.00000   -4.56549   -0.36778   -2.46663
          2      15700  249.93270   -0.49256    0.00000   -0.49274    0.00000   -4.56549   -0.36778   -2.46663
          2      15800  251.79580   -0.49256    0.00000   -0.49274    0.00000   -4.56549   -0.36778   -2.46663
          2      15900  253.23388   -0.49256    0.00000   -0.49274    0.00000   -4.56549   -0.36778   -2.46663
          2      16000  254.99409   -0.49256    0.00000   -0.49274    0.00000   -4.56549   -0.36778   -2.46663
          2      16100  256.69669   -0.49257    0.00000   -0.49274    0.00000   -4.56549   -0.36778   -2.46663
          2      16200  258.17838   -0.49257    0.00000   -0.49274    0.00000   -4.56549   -0.36778   -2.46663
          2      16300  260.63031   -0.49257    0.00000   -0.49274    0.00000   -4.56549   -0.36778   -2.46663
          2      16400  262.19687   -0.49257    0.00000   -0.49274    0.00000   -4.56549   -0.36778   -2.46663
          2      16500  263.56277   -0.49257    0.00000   -0.49274    0.00000   -4.56549   -0.36778   -2.46663
          2      16600  264.77343   -0.49257    0.00000   -0.49274    0.00000   -4.56549   -0.36778   -2.46663
          2      16700  266.43239   -0.49257    0.00000   -0.49274    0.00000   -4.56549   -0.36778   -2.46663
          2      16800  268.08985   -0.49257    0.00000   -0.49274    0.00000   -4.56549   -0.36778   -2.46663
          2      16900  270.05641   -0.49257    0.00000   -0.49274    0.00000   -4.56549   -0.36778   -2.46663
          2      17000  271.65940   -0.49257    0.00000   -0.49274    0.00000   -4.56549   -0.36778   -2.46663
          2      17100  273.82873   -0.49257    0.00000   -0.49274    0.00000   -4.56549   -0.36778   -2.46663
          2      17200  275.26627   -0.49257    0.00000   -0.49274    0.00000   -4.56549   -0.36778   -2.46663
          2      17300  276.87329   -0.49257    0.00000   -0.49274    0.00000   -4.56549   -0.36778   -2.46663
          2      17400  279.40224   -0.49257    0.00000   -0.49274    0.00000   -4.56549   -0.36778   -2.46663
          2      17500  280.51784   -0.49257    0.00000   -0.49274    0.00000   -4.56549   -0.36778   -2.46663
          2      17600  281.98269   -0.49257    0.00000   -0.49274    0.00000   -4.56549   -0.36778   -2.46663
          2      17700  283.99022   -0.49257    0.00000   -0.49274    0.00000   -4.56549   -0.36778   -2.46663
          2      17800  285.53924   -0.49257    0.00000   -0.49274    0.00000   -4.56549   -0.36778   -2.46663
          2      17900  286.74070   -0.49258    0.00000   -0.49274    0.00000   -4.56549   -0.36778   -2.46663
          2      18000  288.80230   -0.49258    0.00000   -0.49274    0.00000   -4.56549   -0.36778   -2.46663
          2      18100  290.06787   -0.49258    0.00000   -0.49274    0.00000   -4.56549   -0.36778   -2.46663
          2      18200  291.54169   -0.49258    0.00000   -0.49274    0.00000   -4.56549   -0.36778   -2.46663
          2      18300  293.36084   -0.49258    0.00000   -0.49274    0.00000   -4.56549   -0.36778   -2.46663
          2      18400  295.51395   -0.49258    0.00000   -0.49274    0.00000   -4.56549   -0.36778   -2.46663
          2      18500  297.15204   -0.49258    0.00000   -0.49274    0.00000   -4.56549   -0.36778   -2.46663
          2      18600  298.60619   -0.49258    0.00000   -0.49274    0.00000   -4.56549   -0.36778   -2.46663
          2      18700  299.96296   -0.49258    0.00000   -0.49274    0.00000   -4.56549   -0.36778   -2.46663
          2      18800  301.80708   -0.49258    0.00000   -0.49274    0.00000   -4.56549   -0.36778   -2.46663
          2      18900  303.06803   -0.49258    0.00000   -0.49274    0.00000   -4.56549   -0.36778   -2.46663
          2      19000  304.38820   -0.49258    0.00000   -0.49274    0.00000   -4.56549   -0.36778   -2.46663
          2      19100  306.18328   -0.49258    0.00000   -0.49274    0.00000   -4.56549   -0.36778   -2.46663
          2      19200  307.48054   -0.49258    0.00000   -0.49274    0.00000   -4.56549   -0.36778   -2.46663
          2      19300  308.82367   -0.49258    0.00000   -0.49274    0.00000   -4.56549   -0.36778   -2.46663
          2      19400  309.99283   -0.49258    0.00000   -0.49274    0.00000   -4.56549   -0.36778   -2.46663
          2      19500  311.75766   -0.49258    0.00000   -0.49274    0.00000   -4.56549   -0.36778   -2.46663
          2      19600  312.79548   -0.49258    0.00000   -0.49274    0.00000   -4.56549   -0.36778   -2.46663
          2      19700  313.81952   -0.49258    0.00000   -0.49274    0.00000   -4.56549   -0.36778   -2.46663
          2      19800  315.13705   -0.49258    0.00000   -0.49274    0.00000   -4.56549   -0.36778   -2.46663
          2      19900  316.18039   -0.49258    0.00000   -0.49274    0.00000   -4.56549   -0.36778   -2.46663
          2      20000  317.65013   -0.49259    0.00000   -0.49274    0.00000   -4.56549   -0.36778   -2.46663
          2      20100  319.51284   -0.49259    0.00000   -0.49274    0.00000   -4.56549   -0.36778   -2.46663
          2      20200  321.46987   -0.49259    0.00000   -0.49274    0.00000   -4.56549   -0.36778   -2.46663
          2      20300  322.95088   -0.49259    0.00000   -0.49274    0.00000   -4.56549   -0.36778   -2.46663
          2      20400  324.52547   -0.49259    0.00000   -0.49274    0.00000   -4.56549   -0.36778   -2.46663
          2      20500  326.15347   -0.49259    0.00000   -0.49274    0.00000   -4.56549   -0.36778   -2.46663
          2      20600  327.57436   -0.49259    0.00000   -0.49274    0.00000   -4.56549   -0.36778   -2.46663
          2      20700  329.19041   -0.49259    0.00000   -0.49274    0.00000   -4.56549   -0.36778   -2.46663
          2      20800  330.96983   -0.49259    0.00000   -0.49274    0.00000   -4.56549   -0.36778   -2.46663
          2      20900  332.82780   -0.49259    0.00000   -0.49274    0.00000   -4.56549   -0.36778   -2.46663
          2      21000  334.32828   -0.49259    0.00000   -0.49274    0.00000   -4.56549   -0.36778   -2.46663
          2      21100  336.53386   -0.49259    0.00000   -0.49274    0.00000   -4.56549   -0.36778   -2.46663
          2      21200  337.84308   -0.49259    0.00000   -0.49274    0.00000   -4.56549   -0.36778   -2.46663
          2      21300  339.53928   -0.49259    0.00000   -0.49274    0.00000   -4.56549   -0.36778   -2.46663
          2      21400  340.78686   -0.49259    0.00000   -0.49274    0.00000   -4.56549   -0.36778   -2.46663
          2      21500  342.16858   -0.49259    0.00000   -0.49274    0.00000   -4.56549   -0.36778   -2.46663
          2      21600  344.18079   -0.49259    0.00000   -0.49274    0.00000   -4.56549   -0.36778   -2.46663
          2      21700  345.91733   -0.49259    0.00000   -0.49274    0.00000   -4.56549   -0.36778   -2.46663
          2      21800  347.40397   -0.49259    0.00000   -0.49274    0.00000   -4.56549   -0.36778   -2.46663
          2      21900  348.91231   -0.49259    0.00000   -0.49274    0.00000   -4.56549   -0.36778   -2.46663
          2      22000  350.23161   -0.49259    0.00000   -0.49274    0.00000   -4.56549   -0.36778   -2.46663
          2      22100  351.39798   -0.49259    0.00000   -0.49274    0.00000   -4.56549   -0.36778   -2.46663
          2      22200  353.62193   -0.49259    0.00000   -0.49274    0.00000   -4.56549   -0.36778   -2.46663
          2      22300  355.20410   -0.49259    0.00000   -0.49274    0.00000   -4.56549   -0.36778   -2.46663
          2      22400  356.72571   -0.49259    0.00000   -0.49274    0.00000   -4.56549   -0.36778   -2.46663
          2      22500  358.51852   -0.49259    0.00000   -0.49274    0.00000   -4.56549   -0.36778   -2.46663
          2      22600  359.94417   -0.49260    0.00000   -0.49274    0.00000   -4.56549   -0.36778   -2.46663
          2      22700  361.88592   -0.49260    0.00000   -0.49274    0.00000   -4.56549   -0.36778   -2.46663
          2      22800  363.38996   -0.49260    0.00000   -0.49274    0.00000   -4.56549   -0.36778   -2.46663
          2      22900  364.39117   -0.49260    0.00000   -0.49274    0.00000   -4.56549   -0.36778   -2.46663
          2      23000  365.73384   -0.49260    0.00000   -0.49274    0.00000   -4.56549   -0.36778   -2.46663
          2      23100  367.34199   -0.49260    0.00000   -0.49274    0.00000   -4.56549   -0.36778   -2.46663
          2      23200  368.49959   -0.49260    0.00000   -0.49274    0.00000   -4.56549   -0.36778   -2.46663
          2      23300  370.11045   -0.49260    0.00000   -0.49274    0.00000   -4.56549   -0.36778   -2.46663
          2      23400  371.84429   -0.49260    0.00000   -0.49274    0.00000   -4.56549   -0.36778   -2.46663
          2      23500  373.07981   -0.49260    0.00000   -0.49274    0.00000   -4.56549   -0.36778   -2.46663
          2      23600  374.87950   -0.49260    0.00000   -0.49274    0.00000   -4.56549   -0.36778   -2.46663
          2      23700  376.27693   -0.49260    0.00000   -0.49274    0.00000   -4.56549   -0.36778   -2.46663
          2      23800  377.34796   -0.49260    0.00000   -0.49274    0.00000   -4.56549   -0.36778   -2.46663
          2      23900  378.92297   -0.49260    0.00000   -0.49274    0.00000   -4.56549   -0.36778   -2.46663
          2      24000  380.17071   -0.49260    0.00000   -0.49274    0.00000   -4.56549   -0.36778   -2.46663
          2      24100  381.70584   -0.49260    0.00000   -0.49274    0.00000   -4.56549   -0.36778   -2.46663
          2      24200  383.17313   -0.49260    0.00000   -0.49274    0.00000   -4.56549   -0.36778   -2.46663
          2      24300  384.96011   -0.49260    0.00000   -0.49274    0.00000   -4.56549   -0.36778   -2.46663
          2      24400  386.40083   -0.49260    0.00000   -0.49274    0.00000   -4.56549   -0.36778   -2.46663
          2      24500  387.36463   -0.49260    0.00000   -0.49274    0.00000   -4.56549   -0.36778   -2.46663
          2      24600  389.12900   -0.49260    0.00000   -0.49274    0.00000   -4.56549   -0.36778   -2.46663
          2      24700  390.50383   -0.49260    0.00000   -0.49274    0.00000   -4.56549   -0.36778   -2.46663
          2      24800  392.27845   -0.49260    0.00000   -0.49274    0.00000   -4.56549   -0.36778   -2.46663
          2      24900  393.93479   -0.49260    0.00000   -0.49274    0.00000   -4.56549   -0.36778   -2.46663
          2      25000  394.98403   -0.49260    0.00000   -0.49274    0.00000   -4.56549   -0.36778   -2.46663
          2      25100  396.52040   -0.49260    0.00000   -0.49274    0.00000   -4.56549   -0.36778   -2.46663
          2      25200  398.38234   -0.49260    0.00000   -0.49274    0.00000   -4.56549   -0.36778   -2.46663
          2      25300  400.10323   -0.49260    0.00000   -0.49274    0.00000   -4.56549   -0.36778   -2.46663
          2      25400  402.44297   -0.49260    0.00000   -0.49274    0.00000   -4.56549   -0.36778   -2.46663
          2      25500  403.99384   -0.49260    0.00000   -0.49274    0.00000   -4.56549   -0.36778   -2.46663
          2      25600  405.27406   -0.49260    0.00000   -0.49274    0.00000   -4.56549   -0.36778   -2.46663
          2      25700  406.85031   -0.49260    0.00000   -0.49274    0.00000   -4.56549   -0.36778   -2.46663
          2      25800  407.78267   -0.49261    0.00000   -0.49274    0.00000   -4.56549   -0.36778   -2.46663
          2      25900  409.34343   -0.49261    0.00000   -0.49274    0.00000   -4.56549   -0.36778   -2.46663
          2      26000  410.73473   -0.49261    0.00000   -0.49274    0.00000   -4.56549   -0.36778   -2.46663
          2      26100  412.03523   -0.49261    0.00000   -0.49274    0.00000   -4.56549   -0.36778   -2.46663
          2      26200  413.56359   -0.49261    0.00000   -0.49274    0.00000   -4.56549   -0.36778   -2.46663
          2      26300  415.18030   -0.49261    0.00000   -0.49274    0.00000   -4.56549   -0.36778   -2.46663
          2      26400  416.95485   -0.49261    0.00000   -0.49274    0.00000   -4.56549   -0.36778   -2.46663
          2      26500  418.63356   -0.49261    0.00000   -0.49274    0.00000   -4.56549   -0.36778   -2.46663
          2      26600  420.71033   -0.49261    0.00000   -0.49274    0.00000   -4.56549   -0.36778   -2.46663
          2      26700  422.40812   -0.49261    0.00000   -0.49274    0.00000   -4.56549   -0.36778   -2.46663
          2      26800  424.29262   -0.49261    0.00000   -0.49274    0.00000   -4.56549   -0.36778   -2.46663
          2      26900  425.56270   -0.49261    0.00000   -0.49274    0.00000   -4.56549   -0.36778   -2.46663
          2      27000  427.34206   -0.49261    0.00000   -0.49274    0.00000   -4.56549   -0.36778   -2.46663
          2      27100  428.67421   -0.49261    0.00000   -0.49274    0.00000   -4.56549   -0.36778   -2.46663
          2      27200  430.22603   -0.49261    0.00000   -0.49274    0.00000   -4.56549   -0.36778   -2.46663
          2      27300  432.08378   -0.49261    0.00000   -0.49274    0.00000   -4.56549   -0.36778   -2.46663
          2      27400  433.12935   -0.49261    0.00000   -0.49274    0.00000   -4.56549   -0.36778   -2.46663
          2      27500  434.79801   -0.49261    0.00000   -0.49274    0.00000   -4.56549   -0.36778   -2.46663
          2      27600  436.58145   -0.49261    0.00000   -0.49274    0.00000   -4.56549   -0.36778   -2.46663
          2      27700  438.04512   -0.49261    0.00000   -0.49274    0.00000   -4.56549   -0.36778   -2.46663
          2      27800  439.85818   -0.49261    0.00000   -0.49274    0.00000   -4.56549   -0.36778   -2.46663
          2      27900  441.54573   -0.49261    0.00000   -0.49274    0.00000   -4.56549   -0.36778   -2.46663
          2      28000  443.02298   -0.49261    0.00000   -0.49274    0.00000   -4.56549   -0.36778   -2.46663
          2      28100  444.34412   -0.49261    0.00000   -0.49274    0.00000   -4.56549   -0.36778   -2.46663
          2      28200  446.19894   -0.49261    0.00000   -0.49274    0.00000   -4.56549   -0.36778   -2.46663
          2      28300  447.82829   -0.49261    0.00000   -0.49274    0.00000   -4.56549   -0.36778   -2.46663
          2      28400  450.33193   -0.49261    0.00000   -0.49274    0.00000   -4.56549   -0.36778   -2.46663
          2      28500  451.56708   -0.49261    0.00000   -0.49274    0.00000   -4.56549   -0.36778   -2.46663
          2      28600  453.39500   -0.49261    0.00000   -0.49274    0.00000   -4.56549   -0.36778   -2.46663
          2      28700  454.93132   -0.49261    0.00000   -0.49274    0.00000   -4.56549   -0.36778   -2.46663
          2      28800  456.44198   -0.49261    0.00000   -0.49274    0.00000   -4.56549   -0.36778   -2.46663
          2      28900  458.19469   -0.49261    0.00000   -0.49274    0.00000   -4.56549   -0.36778   -2.46663
          2      29000  460.45315   -0.49261    0.00000   -0.49274    0.00000   -4.56549   -0.36778   -2.46663
          2      29100  462.35528   -0.49261    0.00000   -0.49274    0.00000   -4.56549   -0.36778   -2.46663
          2      29200  463.98174   -0.49261    0.00000   -0.49274    0.00000   -4.56549   -0.36778   -2.46663
          2      29300  466.00819   -0.49261    0.00000   -0.49274    0.00000   -4.56549   -0.36778   -2.46663
          2      29400  467.72349   -0.49261    0.00000   -0.49274    0.00000   -4.56549   -0.36778   -2.46663
          2      29500  469.08048   -0.49261    0.00000   -0.49274    0.00000   -4.56549   -0.36778   -2.46663
          2      29600  470.70356   -0.49261    0.00000   -0.49274    0.00000   -4.56549   -0.36778   -2.46663
          2      29700  472.25889   -0.49262    0.00000   -0.49274    0.00000   -4.56549   -0.36778   -2.46663
          2      29800  474.00590   -0.49262    0.00000   -0.49274    0.00000   -4.56549   -0.36778   -2.46663
          2      29900  475.01360   -0.49262    0.00000   -0.49274    0.00000   -4.56549   -0.36778   -2.46663
          2      30000  477.05978   -0.49262    0.00000   -0.49274    0.00000   -4.56549   -0.36778   -2.46663
          2      30100  477.60936   -0.49262    0.00000   -0.49274    0.00000   -4.56549   -0.36778   -2.46663
          2      30200  479.86773   -0.49262    0.00000   -0.49274    0.00000   -4.56549   -0.36778   -2.46663
          2      30300  481.22143   -0.49262    0.00000   -0.49274    0.00000   -4.56549   -0.36778   -2.46663
          2      30400  482.32118   -0.49262    0.00000   -0.49274    0.00000   -4.56549   -0.36778   -2.46663
          2      30500  483.71829   -0.49262    0.00000   -0.49274    0.00000   -4.56549   -0.36778   -2.46663
          2      30600  485.68058   -0.49262    0.00000   -0.49274    0.00000   -4.56549   -0.36778   -2.46663
          2      30700  487.51395   -0.49262    0.00000   -0.49274    0.00000   -4.56549   -0.36778   -2.46663
          2      30800  489.04874   -0.49262    0.00000   -0.49274    0.00000   -4.56549   -0.36778   -2.46663
          2      30900  490.42087   -0.49262    0.00000   -0.49274    0.00000   -4.56549   -0.36778   -2.46663
          2      31000  491.80024   -0.49262    0.00000   -0.49274    0.00000   -4.56549   -0.36778   -2.46663
          2      31100  493.43625   -0.49262    0.00000   -0.49274    0.00000   -4.56549   -0.36778   -2.46663
          2      31200  494.95008   -0.49262    0.00000   -0.49274    0.00000   -4.56549   -0.36778   -2.46663
          2      31300  497.09173   -0.49262    0.00000   -0.49274    0.00000   -4.56549   -0.36778   -2.46663
          2      31400  498.62823   -0.49262    0.00000   -0.49274    0.00000   -4.56549   -0.36778   -2.46663
          2      31500  500.21575   -0.49262    0.00000   -0.49274    0.00000   -4.56549   -0.36778   -2.46663
          2      31600  501.82495   -0.49262    0.00000   -0.49274    0.00000   -4.56549   -0.36778   -2.46663
          2      31700  503.39818   -0.49262    0.00000   -0.49274    0.00000   -4.56549   -0.36778   -2.46663
          2      31800  504.56149   -0.49262    0.00000   -0.49274    0.00000   -4.56549   -0.36778   -2.46663
          2      31900  506.59840   -0.49262    0.00000   -0.49274    0.00000   -4.56549   -0.36778   -2.46663
          2      32000  508.04296   -0.49262    0.00000   -0.49274    0.00000   -4.56549   -0.36778   -2.46663
          2      32100  509.22654   -0.49262    0.00000   -0.49274    0.00000   -4.56549   -0.36778   -2.46663
          2      32200  510.95629   -0.49262    0.00000   -0.49274    0.00000   -4.56549   -0.36778   -2.46663
          2      32300  512.50622   -0.49262    0.00000   -0.49274    0.00000   -4.56549   -0.36778   -2.46663
          2      32400  514.20161   -0.49262    0.00000   -0.49274    0.00000   -4.56549   -0.36778   -2.46663
          2      32500  515.85974   -0.49262    0.00000   -0.49274    0.00000   -4.56549   -0.36778   -2.46663
          2      32600  517.18811   -0.49262    0.00000   -0.49274    0.00000   -4.56549   -0.36778   -2.46663
          2      32700  518.62266   -0.49262    0.00000   -0.49274    0.00000   -4.56549   -0.36778   -2.46663
          2      32800  521.07172   -0.49262    0.00000   -0.49274    0.00000   -4.56549   -0.36778   -2.46663
          2      32900  522.34599   -0.49262    0.00000   -0.49274    0.00000   -4.56549   -0.36778   -2.46663
          2      33000  524.29952   -0.49262    0.00000   -0.49274    0.00000   -4.56549   -0.36778   -2.46663
          2      33100  525.87434   -0.49262    0.00000   -0.49274    0.00000   -4.56549   -0.36778   -2.46663
          2      33200  528.23569   -0.49262    0.00000   -0.49274    0.00000   -4.56549   -0.36778   -2.46663
          2      33300  529.44638   -0.49262    0.00000   -0.49274    0.00000   -4.56549   -0.36778   -2.46663
          2      33400  531.28712   -0.49262    0.00000   -0.49274    0.00000   -4.56549   -0.36778   -2.46663
          2      33500  532.90432   -0.49262    0.00000   -0.49274    0.00000   -4.56549   -0.36778   -2.46663
          2      33600  534.37521   -0.49262    0.00000   -0.49274    0.00000   -4.56549   -0.36778   -2.46663
          2      33700  535.88871   -0.49262    0.00000   -0.49274    0.00000   -4.56549   -0.36778   -2.46663
          2      33800  537.40219   -0.49262    0.00000   -0.49274    0.00000   -4.56549   -0.36778   -2.46663
          2      33900  539.16764   -0.49262    0.00000   -0.49274    0.00000   -4.56549   -0.36778   -2.46663
          2      34000  540.82073   -0.49262    0.00000   -0.49274    0.00000   -4.56549   -0.36778   -2.46663
          2      34100  542.24252   -0.49262    0.00000   -0.49274    0.00000   -4.56549   -0.36778   -2.46663
          2      34200  544.03283   -0.49262    0.00000   -0.49274    0.00000   -4.56549   -0.36778   -2.46663
          2      34300  545.86436   -0.49262    0.00000   -0.49274    0.00000   -4.56549   -0.36778   -2.46663
          2      34400  547.64418   -0.49262    0.00000   -0.49274    0.00000   -4.56549   -0.36778   -2.46663
          2      34500  549.48590   -0.49262    0.00000   -0.49274    0.00000   -4.56549   -0.36778   -2.46663
          2      34600  550.91616   -0.49263    0.00000   -0.49274    0.00000   -4.56549   -0.36778   -2.46663
          2      34700  552.28156   -0.49263    0.00000   -0.49274    0.00000   -4.56549   -0.36778   -2.46663
          2      34800  553.37764   -0.49263    0.00000   -0.49274    0.00000   -4.56549   -0.36778   -2.46663
          2      34900  555.28152   -0.49263    0.00000   -0.49274    0.00000   -4.56549   -0.36778   -2.46663
          2      35000  556.65678   -0.49263    0.00000   -0.49274    0.00000   -4.56549   -0.36778   -2.46663
          2      35100  558.07611   -0.49263    0.00000   -0.49274    0.00000   -4.56549   -0.36778   -2.46663
          2      35200  559.69355   -0.49263    0.00000   -0.49274    0.00000   -4.56549   -0.36778   -2.46663
          2      35300  561.19404   -0.49263    0.00000   -0.49274    0.00000   -4.56549   -0.36778   -2.46663
          2      35400  562.51170   -0.49263    0.00000   -0.49274    0.00000   -4.56549   -0.36778   -2.46663
          2      35500  564.02545   -0.49263    0.00000   -0.49274    0.00000   -4.56549   -0.36778   -2.46663
          2      35600  565.79165   -0.49263    0.00000   -0.49274    0.00000   -4.56549   -0.36778   -2.46663
          2      35700  567.24846   -0.49263    0.00000   -0.49274    0.00000   -4.56549   -0.36778   -2.46663
          2      35800  569.18967   -0.49263    0.00000   -0.49274    0.00000   -4.56549   -0.36778   -2.46663
          2      35900  570.48897   -0.49263    0.00000   -0.49274    0.00000   -4.56549   -0.36778   -2.46663
          2      36000  571.53629   -0.49263    0.00000   -0.49274    0.00000   -4.56549   -0.36778   -2.46663
          2      36100  573.10807   -0.49263    0.00000   -0.49274    0.00000   -4.56549   -0.36778   -2.46663
          2      36200  574.62411   -0.49263    0.00000   -0.49274    0.00000   -4.56549   -0.36778   -2.46663
          2      36300  576.22076   -0.49263    0.00000   -0.49274    0.00000   -4.56549   -0.36778   -2.46663
          2      36400  578.09475   -0.49263    0.00000   -0.49274    0.00000   -4.56549   -0.36778   -2.46663
          2      36500  579.29703   -0.49263    0.00000   -0.49274    0.00000   -4.56549   -0.36778   -2.46663
          2      36600  580.86801   -0.49263    0.00000   -0.49274    0.00000   -4.56549   -0.36778   -2.46663
          2      36700  582.53489   -0.49263    0.00000   -0.49274    0.00000   -4.56549   -0.36778   -2.46663
          2      36800  584.30919   -0.49263    0.00000   -0.49274    0.00000   -4.56549   -0.36778   -2.46663
          2      36900  585.71720   -0.49263    0.00000   -0.49274    0.00000   -4.56549   -0.36778   -2.46663
          2      37000  587.53855   -0.49263    0.00000   -0.49274    0.00000   -4.56549   -0.36778   -2.46663
          2      37100  589.67844   -0.49263    0.00000   -0.49274    0.00000   -4.56549   -0.36778   -2.46663
          2      37200  591.55775   -0.49263    0.00000   -0.49274    0.00000   -4.56549   -0.36778   -2.46663
          2      37300  593.00714   -0.49263    0.00000   -0.49274    0.00000   -4.56549   -0.36778   -2.46663
          2      37400  594.70930   -0.49263    0.00000   -0.49274    0.00000   -4.56549   -0.36778   -2.46663
          2      37500  595.70809   -0.49263    0.00000   -0.49274    0.00000   -4.56549   -0.36778   -2.46663
          2      37600  596.74058   -0.49263    0.00000   -0.49274    0.00000   -4.56549   -0.36778   -2.46663
          2      37700  598.12039   -0.49263    0.00000   -0.49274    0.00000   -4.56549   -0.36778   -2.46663
          2      37800  599.73580   -0.49263    0.00000   -0.49274    0.00000   -4.56549   -0.36778   -2.46663
          2      37856  600.48623   -0.49263    0.00000   -0.49274    0.00000   -4.56549   -0.36778   -2.46663
