          1          0    0.00000   -0.45936    0.00000   -0.45936    0.00000   -4.29012    4.29012    0.00000
          1          1    0.00926   -0.32881    0.00000   -0.28061    0.00000   -4.29012   -0.32881    0.00000
          2          0    0.00926   -0.16976    0.00000   -0.28061    0.00000   -4.29012   -0.32881   -2.30946
          2        100    1.54300   -0.48602    0.00000   -0.49163    0.00000   -4.29012   -0.32881   -2.30946
          2        200    3.36628   -0.49290    0.00000   -0.49684    0.00000   -4.29012   -0.32881   -2.30946
          2        300    4.52059   -0.49478    0.00000   -0.49646    0.00000   -4.29012   -0.32881   -2.30946
          2        400    6.67750   -0.49562    0.00000   -0.49829    0.00000   -4.29012   -0.32881   -2.30946
          2        500    8.03473   -0.49611    0.00000   -0.49830    0.00000   -4.29012   -0.32881   -2.30946
          2        600    9.64946   -0.49643    0.00000   -0.49846    0.00000   -4.29012   -0.32881   -2.30946
          2        700   11.19952   -0.49666    0.00000   -0.49847    0.00000   -4.29012   -0.32881   -2.30946
          2        800   12.94224   -0.49684    0.00000   -0.49856    0.00000   -4.29012   -0.32881   -2.30946
          2        900   14.66053   -0.49697    0.00000   -0.49856    0.00000   -4.29012   -0.32881   -2.30946
          2       1000   16.48116   -0.49709    0.00000   -0.49856    0.00000   -4.29012   -0.32881   -2.30946
          2       1100   18.56159   -0.49718    0.00000   -0.49856    0.00000   -4.29012   -0.32881   -2.30946
          2       1200   20.21227   -0.49726    0.00000   -0.49856    0.00000   -4.29012   -0.32881   -2.30946
          2       1300   21.73602   -0.49732    0.00000   -0.49856    0.00000   -4.29012   -0.32881   -2.30946
          2       1400   23.28547   -0.49738    0.00000   -0.49856    0.00000   -4.29012   -0.32881   -2.30946
          2       1500   24.86387   -0.49743    0.00000   -0.49856    0.00000   -4.29012   -0.32881   -2.30946
          2       1600   26.34769   -0.49748    0.00000   -0.49856    0.00000   -4.29012   -0.32881   -2.30946
          2       1700   28.43473   -0.49752    0.00000   -0.49856    0.00000   -4.29012   -0.32881   -2.30946
          2       1800   30.16466   -0.49756    0.00000   -0.49856    0.00000   -4.29012   -0.32881   -2.30946
          2       1900   31.18117   -0.49759    0.00000   -0.49856    0.00000   -4.29012   -0.32881   -2.30946
          2       2000   32.87245   -0.49762    0.00000   -0.49856    0.00000   -4.29012   -0.32881   -2.30946
          2       2100   34.44412   -0.49765    0.00000   -0.49856    0.00000   -4.29012   -0.32881   -2.30946
          2       2200   36.52953   -0.49767    0.00000   -0.49856    0.00000   -4.29012   -0.32881   -2.30946
          2       2300   38.01074   -0.49770    0.00000   -0.49856    0.00000   -4.29012   -0.32881   -2.30946
          2       2400   39.72235   -0.49772    0.00000   -0.49856    0.00000   -4.29012   -0.32881   -2.30946
          2       2500   40.83674   -0.49774    0.00000   -0.49856    0.00000   -4.29012   -0.32881   -2.30946
          2       2600   42.43425   -0.49776    0.00000   -0.49856    0.00000   -4.29012   -0.32881   -2.30946
          2       2700   44.35008   -0.49778    0.00000   -0.49856    0.00000   -4.29012   -0.32881   -2.30946
          2       2800   46.17424   -0.49779    0.00000   -0.49856    0.00000   -4.29012   -0.32881   -2.30946
          2       2900   47.52283   -0.49781    0.00000   -0.49856    0.00000   -4.29012   -0.32881   -2.30946
          2       3000   49.64115   -0.49782    0.00000   -0.49856    0.00000   -4.29012   -0.32881   -2.30946
          2       3100   50.68633   -0.49784    0.00000   -0.49856    0.00000   -4.29012   -0.32881   -2.30946
          2       3200   52.08795   -0.49785    0.00000   -0.49856    0.00000   -4.29012   -0.32881   -2.30946
          2       3300   53.76414   -0.49786    0.00000   -0.49856    0.00000   -4.29012   -0.32881   -2.30946
          2       3400   55.27998   -0.49788    0.00000   -0.49856    0.00000   -4.29012   -0.32881   -2.30946
          2       3500   56.46933   -0.49789    0.00000   -0.49856    0.00000   -4.29012   -0.32881   -2.30946
          2       3600   57.93361   -0.49790    0.00000   -0.49856    0.00000   -4.29012   -0.32881   -2.30946
          2       3700   60.07195   -0.49791    0.00000   -0.49856    0.00000   -4.29012   -0.32881   -2.30946
          2       3800   61.21845   -0.49792    0.00000   -0.49856    0.00000   -4.29012   -0.32881   -2.30946
          2       3900   62.89949   -0.49793    0.00000   -0.49856    0.00000   -4.29012   -0.32881   -2.30946
          2       4000   64.36013   -0.49794    0.00000   -0.49856    0.00000   -4.29012   -0.32881   -2.30946
          2       4100   65.88362   -0.49795    0.00000   -0.49856    0.00000   -4.29012   -0.32881   -2.30946
          2       4200   67.25792   -0.49796    0.00000   -0.49856    0.00000   -4.29012   -0.32881   -2.30946
          2       4300   68.62679   -0.49796    0.00000   -0.49856    0.00000   -4.29012   -0.32881   -2.30946
          2       4400   70.17346   -0.49797    0.00000   -0.49856    0.00000   -4.29012   -0.32881   -2.30946
          2       4500   71.86525   -0.49798    0.00000   -0.49856    0.00000   -4.29012   -0.32881   -2.30946
          2       4600   73.27841   -0.49799    0.00000   -0.49856    0.00000   -4.29012   -0.32881   -2.30946
          2       4700   74.35089   -0.49799    0.00000   -0.49856    0.00000   -4.29012   -0.32881   -2.30946
          2       4800   75.90797   -0.49800    0.00000   -0.49856    0.00000   -4.29012   -0.32881   -2.30946
          2       4900   77.46902   -0.49801    0.00000   -0.49856    0.00000   -4.29012   -0.32881   -2.30946
          2       5000   79.42962   -0.49801    0.00000   -0.49856    0.00000   -4.29012   -0.32881   -2.30946
          2       5100   80.69138   -0.49802    0.00000   -0.49856    0.00000   -4.29012   -0.32881   -2.30946
          2       5200   82.44296   -0.49803    0.00000   -0.49856    0.00000   -4.29012   -0.32881   -2.30946
          2       5300   83.71039   -0.49803    0.00000   -0.49856    0.00000   -4.29012   -0.32881   -2.30946
          2       5400   84.86394   -0.49804    0.00000   -0.49856    0.00000   -4.29012   -0.32881   -2.30946
          2       5500   86.39822   -0.49804    0.00000   -0.49856    0.00000   -4.29012   -0.32881   -2.30946
          2       5600   88.39624   -0.49805    0.00000   -0.49856    0.00000   -4.29012   -0.32881   -2.30946
          2       5700   90.55918   -0.49805    0.00000   -0.49856    0.00000   -4.29012   -0.32881   -2.30946
          2       5800   92.06193   -0.49806    0.00000   -0.49856    0.00000   -4.29012   -0.32881   -2.30946
          2       5900   94.10119   -0.49806    0.00000   -0.49856    0.00000   -4.29012   -0.32881   -2.30946
          2       6000   95.62577   -0.49807    0.00000   -0.49856    0.00000   -4.29012   -0.32881   -2.30946
          2       6100   97.18666   -0.49807    0.00000   -0.49856    0.00000   -4.29012   -0.32881   -2.30946
          2       6200   98.83023   -0.49808    0.00000   -0.49856    0.00000   -4.29012   -0.32881   -2.30946
          2       6300  100.46417   -0.49808    0.00000   -0.49856    0.00000   -4.29012   -0.32881   -2.30946
          2       6400  102.00552   -0.49808    0.00000   -0.49856    0.00000   -4.29012   -0.32881   -2.30946
          2       6500  103.37783   -0.49809    0.00000   -0.49856    0.00000   -4.29012   -0.32881   -2.30946
          2       6600  104.82071   -0.49809    0.00000   -0.49856    0.00000   -4.29012   -0.32881   -2.30946
          2       6700  106.30869   -0.49810    0.00000   -0.49856    0.00000   -4.29012   -0.32881   -2.30946
          2       6800  108.01787   -0.49810    0.00000   -0.49856    0.00000   -4.29012   -0.32881   -2.30946
          2       6900  109.79206   -0.49810    0.00000   -0.49856    0.00000   -4.29012   -0.32881   -2.30946
          2       7000  111.09672   -0.49811    0.00000   -0.49856    0.00000   -4.29012   -0.32881   -2.30946
          2       7100  112.29036   -0.49811    0.00000   -0.49856    0.00000   -4.29012   -0.32881   -2.30946
          2       7200  113.78378   -0.49812    0.00000   -0.49856    0.00000   -4.29012   -0.32881   -2.30946
          2       7300  115.21156   -0.49812    0.00000   -0.49856    0.00000   -4.29012   -0.32881   -2.30946
          2       7400  116.86494   -0.49812    0.00000   -0.49856    0.00000   -4.29012   -0.32881   -2.30946
          2       7500  118.18169   -0.49813    0.00000   -0.49856    0.00000   -4.29012   -0.32881   -2.30946
          2       7600  119.95996   -0.49813    0.00000   -0.49856    0.00000   -4.29012   -0.32881   -2.30946
          2       7700  121.57461   -0.49813    0.00000   -0.49856    0.00000   -4.29012   -0.32881   -2.30946
          2       7800  122.94583   -0.49813    0.00000   -0.49856    0.00000   -4.29012   -0.32881   -2.30946
          2       7900  125.27209   -0.49814    0.00000   -0.49856    0.00000   -4.29012   -0.32881   -2.30946
          2       8000  126.93987   -0.49814    0.00000   -0.49856    0.00000   -4.29012   -0.32881   -2.30946
          2       8100  128.57405   -0.49814    0.00000   -0.49856    0.00000   -4.29012   -0.32881   -2.30946
          2       8200  130.18544   -0.49815    0.00000   -0.49856    0.00000   -4.29012   -0.32881   -2.30946
          2       8300  131.86717   -0.49815    0.00000   -0.49856    0.00000   -4.29012   -0.32881   -2.30946
          2       8400  133.48045   -0.49815    0.00000   -0.49856    0.00000   -4.29012   -0.32881   -2.30946
          2       8500  135.12077   -0.49815    0.00000   -0.49856    0.00000   -4.29012   -0.32881   -2.30946
          2       8600  136.70199   -0.49816    0.00000   -0.49856    0.00000   -4.29012   -0.32881   -2.30946
          2       8700  138.35449   -0.49816    0.00000   -0.49856    0.00000   -4.29012   -0.32881   -2.30946
          2       8800  139.49428   -0.49816    0.00000   -0.49856    0.00000   -4.29012   -0.32881   -2.30946
          2       8900  141.33239   -0.49816    0.00000   -0.49856    0.00000   -4.29012   -0.32881   -2.30946
          2       9000  143.18738   -0.49817    0.00000   -0.49856    0.00000   -4.29012   -0.32881   -2.30946
          2       9100  145.23683   -0.49817    0.00000   -0.49856    0.00000   -4.29012   -0.32881   -2.30946
          2       9200  146.66773   -0.49817    0.00000   -0.49856    0.00000   -4.29012   -0.32881   -2.30946
          2       9300  148.16079   -0.49817    0.00000   -0.49856    0.00000   -4.29012   -0.32881   -2.30946
          2       9400  149.93527   -0.49818    0.00000   -0.49856    0.00000   -4.29012   -0.32881   -2.30946
          2       9500  151.44860   -0.49818    0.00000   -0.49856    0.00000   -4.29012   -0.32881   -2.30946
          2       9600  153.05262   -0.49818    0.00000   -0.49856    0.00000   -4.29012   -0.32881   -2.30946
          2       9700  155.23416   -0.49818    0.00000   -0.49856    0.00000   -4.29012   -0.32881   -2.30946
          2       9800  156.80552   -0.49819    0.00000   -0.49856    0.00000   -4.29012   -0.32881   -2.30946
          2       9900  159.06266   -0.49819    0.00000   -0.49856    0.00000   -4.29012   -0.32881   -2.30946
          2      10000  160.84946   -0.49819    0.00000   -0.49856    0.00000   -4.29012   -0.32881   -2.30946
          2      10100  162.43232   -0.49819    0.00000   -0.49856    0.00000   -4.29012   -0.32881   -2.30946
          2      10200  164.02323   -0.49819    0.00000   -0.49856    0.00000   -4.29012   -0.32881   -2.30946
          2      10300  165.90737   -0.49820    0.00000   -0.49856    0.00000   -4.29012   -0.32881   -2.30946
          2      10400  167.53396   -0.49820    0.00000   -0.49856    0.00000   -4.29012   -0.32881   -2.30946
          2      10500  169.43616   -0.49820    0.00000   -0.49856    0.00000   -4.29012   -0.32881   -2.30946
          2      10600  170.73167   -0.49820    0.00000   -0.49856    0.00000   -4.29012   -0.32881   -2.30946
          2      10700  172.61318   -0.49820    0.00000   -0.49856    0.00000   -4.29012   -0.32881   -2.30946
          2      10800  174.81887   -0.49820    0.00000   -0.49856    0.00000   -4.29012   -0.32881   -2.30946
          2      10900  176.57183   -0.49821    0.00000   -0.49856    0.00000   -4.29012   -0.32881   -2.30946
          2      11000  178.10338   -0.49821    0.00000   -0.49856    0.00000   -4.29012   -0.32881   -2.30946
          2      11100  179.63948   -0.49821    0.00000   -0.49856    0.00000   -4.29012   -0.32881   -2.30946
          2      11200  181.49375   -0.49821    0.00000   -0.49856    0.00000   -4.29012   -0.32881   -2.30946
          2      11300  182.83989   -0.49821    0.00000   -0.49856    0.00000   -4.29012   -0.32881   -2.30946
          2      11400  184.21253   -0.49822    0.00000   -0.49856    0.00000   -4.29012   -0.32881   -2.30946
          2      11500  184.97857   -0.49822    0.00000   -0.49856    0.00000   -4.29012   -0.32881   -2.30946
          2      11600  185.85501   -0.49822    0.00000   -0.49856    0.00000   -4.29012   -0.32881   -2.30946
          2      11700  187.41141   -0.49822    0.00000   -0.49856    0.00000   -4.29012   -0.32881   -2.30946
          2      11800  189.39203   -0.49822    0.00000   -0.49856    0.00000   -4.29012   -0.32881   -2.30946
          2      11900  190.71156   -0.49822    0.00000   -0.49856    0.00000   -4.29012   -0.32881   -2.30946
          2      12000  192.16119   -0.49822    0.00000   -0.49856    0.00000   -4.29012   -0.32881   -2.30946
          2      12100  194.01086   -0.49823    0.00000   -0.49856    0.00000   -4.29012   -0.32881   -2.30946
          2      12200  195.69158   -0.49823    0.00000   -0.49856    0.00000   -4.29012   -0.32881   -2.30946
          2      12300  197.38262   -0.49823    0.00000   -0.49856    0.00000   -4.29012   -0.32881   -2.30946
          2      12400  199.43472   -0.49823    0.00000   -0.49856    0.00000   -4.29012   -0.32881   -2.30946
          2      12500  201.30940   -0.49823    0.00000   -0.49856    0.00000   -4.29012   -0.32881   -2.30946
          2      12600  202.57953   -0.49823    0.00000   -0.49856    0.00000   -4.29012   -0.32881   -2.30946
          2      12700  204.00064   -0.49823    0.00000   -0.49856    0.00000   -4.29012   -0.32881   -2.30946
          2      12800  205.65071   -0.49824    0.00000   -0.49856    0.00000   -4.29012   -0.32881   -2.30946
          2      12900  206.28430   -0.49824    0.00000   -0.49856    0.00000   -4.29012   -0.32881   -2.30946
          2      13000  208.56544   -0.49824    0.00000   -0.49856    0.00000   -4.29012   -0.32881   -2.30946
          2      13100  210.66712   -0.49824    0.00000   -0.49856    0.00000   -4.29012   -0.32881   -2.30946
          2      13200  212.03516   -0.49824    0.00000   -0.49856    0.00000   -4.29012   -0.32881   -2.30946
          2      13300  213.13813   -0.49824    0.00000   -0.49856    0.00000   -4.29012   -0.32881   -2.30946
          2      13400  215.55858   -0.49824    0.00000   -0.49856    0.00000   -4.29012   -0.32881   -2.30946
          2      13500  217.09161   -0.49825    0.00000   -0.49856    0.00000   -4.29012   -0.32881   -2.30946
          2      13600  218.86708   -0.49825    0.00000   -0.49856    0.00000   -4.29012   -0.32881   -2.30946
          2      13700  220.01655   -0.49825    0.00000   -0.49856    0.00000   -4.29012   -0.32881   -2.30946
          2      13800  221.69381   -0.49825    0.00000   -0.49856    0.00000   -4.29012   -0.32881   -2.30946
          2      13900  223.47331   -0.49825    0.00000   -0.49856    0.00000   -4.29012   -0.32881   -2.30946
          2      14000  224.54440   -0.49825    0.00000   -0.49856    0.00000   -4.29012   -0.32881   -2.30946
          2      14100  225.84325   -0.49825    0.00000   -0.49856    0.00000   -4.29012   -0.32881   -2.30946
          2      14200  226.91486   -0.49825    0.00000   -0.49856    0.00000   -4.29012   -0.32881   -2.30946
          2      14300  228.65152   -0.49826    0.00000   -0.49856    0.00000   -4.29012   -0.32881   -2.30946
          2      14400  229.67197   -0.49826    0.00000   -0.49856    0.00000   -4.29012   -0.32881   -2.30946
          2      14500  230.86180   -0.49826    0.00000   -0.49856    0.00000   -4.29012   -0.32881   -2.30946
          2      14600  232.63173   -0.49826    0.00000   -0.49856    0.00000   -4.29012   -0.32881   -2.30946
          2      14700  234.45154   -0.49826    0.00000   -0.49856    0.00000   -4.29012   -0.32881   -2.30946
          2      14800  236.06337   -0.49826    0.00000   -0.49856    0.00000   -4.29012   -0.32881   -2.30946
          2      14900  237.59505   -0.49826    0.00000   -0.49856    0.00000   -4.29012   -0.32881   -2.30946
          2      15000  239.14831   -0.49826    0.00000   -0.49856    0.00000   -4.29012   -0.32881   -2.30946
          2      15100  240.64179   -0.49826    0.00000   -0.49856    0.00000   -4.29012   -0.32881   -2.30946
          2      15200  242.09226   -0.49827    0.00000   -0.49856    0.00000   -4.29012   -0.32881   -2.30946
          2      15300  243.09910   -0.49827    0.00000   -0.49856    0.00000   -4.29012   -0.32881   -2.30946
          2      15400  244.37330   -0.49827    0.00000   -0.49856    0.00000   -4.29012   -0.32881   -2.30946
          2      15500  245.95180   -0.49827    0.00000   -0.49856    0.00000   -4.29012   -0.32881   -2.30946
          2      15600  247.70590   -0.49827    0.00000   -0.49856    0.00000   -4.29012   -0.32881   -2.30946
          2      15700  249.57654   -0.49827    0.00000   -0.49856    0.00000   -4.29012   -0.32881   -2.30946
          2      15800  251.42202   -0.49827    0.00000   -0.49856    0.00000   -4.29012   -0.32881   -2.30946
          2      15900  252.92933   -0.49827    0.00000   -0.49856    0.00000   -4.29012   -0.32881   -2.30946
          2      16000  254.71534   -0.49827    0.00000   -0.49856    0.00000   -4.29012   -0.32881   -2.30946
          2      16100  256.26998   -0.49827    0.00000   -0.49856    0.00000   -4.29012   -0.32881   -2.30946
          2      16200  258.03330   -0.49828    0.00000   -0.49856    0.00000   -4.29012   -0.32881   -2.30946
          2      16300  259.76791   -0.49828    0.00000   -0.49856    0.00000   -4.29012   -0.32881   -2.30946
          2      16400  261.82426   -0.49828    0.00000   -0.49856    0.00000   -4.29012   -0.32881   -2.30946
          2      16500  263.27912   -0.49828    0.00000   -0.49856    0.00000   -4.29012   -0.32881   -2.30946
          2      16600  264.55526   -0.49828    0.00000   -0.49856    0.00000   -4.29012   -0.32881   -2.30946
          2      16700  266.09944   -0.49828    0.00000   -0.49856    0.00000   -4.29012   -0.32881   -2.30946
          2      16800  267.59022   -0.49828    0.00000   -0.49856    0.00000   -4.29012   -0.32881   -2.30946
          2      16900  269.42537   -0.49828    0.00000   -0.49856    0.00000   -4.29012   -0.32881   -2.30946
          2      17000  270.55661   -0.49828    0.00000   -0.49856    0.00000   -4.29012   -0.32881   -2.30946
          2      17100  271.71538   -0.49828    0.00000   -0.49856    0.00000   -4.29012   -0.32881   -2.30946
          2      17200  273.56922   -0.49828    0.00000   -0.49856    0.00000   -4.29012   -0.32881   -2.30946
          2      17300  275.00980   -0.49829    0.00000   -0.49856    0.00000   -4.29012   -0.32881   -2.30946
          2      17400  276.87170   -0.49829    0.00000   -0.49856    0.00000   -4.29012   -0.32881   -2.30946
          2      17500  278.60349   -0.49829    0.00000   -0.49856    0.00000   -4.29012   -0.32881   -2.30946
          2      17600  280.66894   -0.49829    0.00000   -0.49856    0.00000   -4.29012   -0.32881   -2.30946
          2      17700  282.72948   -0.49829    0.00000   -0.49856    0.00000   -4.29012   -0.32881   -2.30946
          2      17800  284.26912   -0.49829    0.00000   -0.49856    0.00000   -4.29012   -0.32881   -2.30946
          2      17900  285.15312   -0.49829    0.00000   -0.49856    0.00000   -4.29012   -0.32881   -2.30946
          2      18000  287.13668   -0.49829    0.00000   -0.49856    0.00000   -4.29012   -0.32881   -2.30946
          2      18100  288.94076   -0.49829    0.00000   -0.49856    0.00000   -4.29012   -0.32881   -2.30946
          2      18200  290.67972   -0.49829    0.00000   -0.49856    0.00000   -4.29012   -0.32881   -2.30946
          2      18300  292.04648   -0.49829    0.00000   -0.49856    0.00000   -4.29012   -0.32881   -2.30946
          2      18400  294.02450   -0.49829    0.00000   -0.49856    0.00000   -4.29012   -0.32881   -2.30946
          2      18500  295.74162   -0.49829    0.00000   -0.49856    0.00000   -4.29012   -0.32881   -2.30946
          2      18600  297.21839   -0.49830    0.00000   -0.49856    0.00000   -4.29012   -0.32881   -2.30946
          2      18700  298.48014   -0.49830    0.00000   -0.49856    0.00000   -4.29012   -0.32881   -2.30946
          2      18800  300.02336   -0.49830    0.00000   -0.49856    0.00000   -4.29012   -0.32881   -2.30946
          2      18900  301.87700   -0.49830    0.00000   -0.49856    0.00000   -4.29012   -0.32881   -2.30946
          2      19000  303.63929   -0.49830    0.00000   -0.49856    0.00000   -4.29012   -0.32881   -2.30946
          2      19100  305.31240   -0.49830    0.00000   -0.49856    0.00000   -4.29012   -0.32881   -2.30946
          2      19200  306.70749   -0.49830    0.00000   -0.49856    0.00000   -4.29012   -0.32881   -2.30946
          2      19300  307.95477   -0.49830    0.00000   -0.49856    0.00000   -4.29012   -0.32881   -2.30946
          2      19400  309.28886   -0.49830    0.00000   -0.49856    0.00000   -4.29012   -0.32881   -2.30946
          2      19500  311.64847   -0.49830    0.00000   -0.49856    0.00000   -4.29012   -0.32881   -2.30946
          2      19600  313.18680   -0.49830    0.00000   -0.49856    0.00000   -4.29012   -0.32881   -2.30946
          2      19700  314.86873   -0.49830    0.00000   -0.49856    0.00000   -4.29012   -0.32881   -2.30946
          2      19800  316.35247   -0.49830    0.00000   -0.49856    0.00000   -4.29012   -0.32881   -2.30946
          2      19900  317.97783   -0.49831    0.00000   -0.49856    0.00000   -4.29012   -0.32881   -2.30946
          2      20000  320.10636   -0.49831    0.00000   -0.49856    0.00000   -4.29012   -0.32881   -2.30946
          2      20100  321.55778   -0.49831    0.00000   -0.49856    0.00000   -4.29012   -0.32881   -2.30946
          2      20200  322.61260   -0.49831    0.00000   -0.49856    0.00000   -4.29012   -0.32881   -2.30946
          2      20300  324.19579   -0.49831    0.00000   -0.49856    0.00000   -4.29012   -0.32881   -2.30946
          2      20400  326.63734   -0.49831    0.00000   -0.49856    0.00000   -4.29012   -0.32881   -2.30946
          2      20500  328.63947   -0.49831    0.00000   -0.49856    0.00000   -4.29012   -0.32881   -2.30946
          2      20600  330.43698   -0.49831    0.00000   -0.49856    0.00000   -4.29012   -0.32881   -2.30946
          2      20700  331.86491   -0.49831    0.00000   -0.49856    0.00000   -4.29012   -0.32881   -2.30946
          2      20800  333.22823   -0.49831    0.00000   -0.49856    0.00000   -4.29012   -0.32881   -2.30946
          2      20900  334.31852   -0.49831    0.00000   -0.49856    0.00000   -4.29012   -0.32881   -2.30946
          2      21000  335.72719   -0.49831    0.00000   -0.49856    0.00000   -4.29012   -0.32881   -2.30946
          2      21100  337.23787   -0.49831    0.00000   -0.49856    0.00000   -4.29012   -0.32881   -2.30946
          2      21200  338.57188   -0.49831    0.00000   -0.49856    0.00000   -4.29012   -0.32881   -2.30946
          2      21300  340.31947   -0.49831    0.00000   -0.49856    0.00000   -4.29012   -0.32881   -2.30946
          2      21400  341.88665   -0.49831    0.00000   -0.49856    0.00000   -4.29012   -0.32881   -2.30946
          2      21500  343.81956   -0.49832    0.00000   -0.49856    0.00000   -4.29012   -0.32881   -2.30946
          2      21600  344.53425   -0.49832    0.00000   -0.49856    0.00000   -4.29012   -0.32881   -2.30946
          2      21700  346.60556   -0.49832    0.00000   -0.49856    0.00000   -4.29012   -0.32881   -2.30946
          2      21800  347.81507   -0.49832    0.00000   -0.49856    0.00000   -4.29012   -0.32881   -2.30946
          2      21900  349.38694   -0.49832    0.00000   -0.49856    0.00000   -4.29012   -0.32881   -2.30946
          2      22000  351.18243   -0.49832    0.00000   -0.49856    0.00000   -4.29012   -0.32881   -2.30946
          2      22100  352.47276   -0.49832    0.00000   -0.49856    0.00000   -4.29012   -0.32881   -2.30946
          2      22200  353.94189   -0.49832    0.00000   -0.49856    0.00000   -4.29012   -0.32881   -2.30946
          2      22300  355.70835   -0.49832    0.00000   -0.49856    0.00000   -4.29012   -0.32881   -2.30946
          2      22400  357.14931   -0.49832    0.00000   -0.49856    0.00000   -4.29012   -0.32881   -2.30946
          2      22500  358.70049   -0.49832    0.00000   -0.49856    0.00000   -4.29012   -0.32881   -2.30946
          2      22600  360.68198   -0.49832    0.00000   -0.49856    0.00000   -4.29012   -0.32881   -2.30946
          2      22700  362.05348   -0.49832    0.00000   -0.49856    0.00000   -4.29012   -0.32881   -2.30946
          2      22800  363.62446   -0.49832    0.00000   -0.49856    0.00000   -4.29012   -0.32881   -2.30946
          2      22900  364.70358   -0.49832    0.00000   -0.49856    0.00000   -4.29012   -0.32881   -2.30946
          2      23000  366.24079   -0.49832    0.00000   -0.49856    0.00000   -4.29012   -0.32881   -2.30946
          2      23100  367.99548   -0.49832    0.00000   -0.49856    0.00000   -4.29012   -0.32881   -2.30946
          2      23200  369.58640   -0.49833    0.00000   -0.49856    0.00000   -4.29012   -0.32881   -2.30946
          2      23300  371.86675   -0.49833    0.00000   -0.49856    0.00000   -4.29012   -0.32881   -2.30946
          2      23400  373.13371   -0.49833    0.00000   -0.49856    0.00000   -4.29012   -0.32881   -2.30946
          2      23500  374.62202   -0.49833    0.00000   -0.49856    0.00000   -4.29012   -0.32881   -2.30946
          2      23600  376.05477   -0.49833    0.00000   -0.49856    0.00000   -4.29012   -0.32881   -2.30946
          2      23700  377.31766   -0.49833    0.00000   -0.49856    0.00000   -4.29012   -0.32881   -2.30946
          2      23800  379.30117   -0.49833    0.00000   -0.49856    0.00000   -4.29012   -0.32881   -2.30946
          2      23900  380.72148   -0.49833    0.00000   -0.49856    0.00000   -4.29012   -0.32881   -2.30946
          2      24000  382.70205   -0.49833    0.00000   -0.49856    0.00000   -4.29012   -0.32881   -2.30946
          2      24100  384.61545   -0.49833    0.00000   -0.49856    0.00000   -4.29012   -0.32881   -2.30946
          2      24200  386.12763   -0.49833    0.00000   -0.49856    0.00000   -4.29012   -0.32881   -2.30946
          2      24300  388.25346   -0.49833    0.00000   -0.49856    0.00000   -4.29012   -0.32881   -2.30946
          2      24400  389.85449   -0.49833    0.00000   -0.49856    0.00000   -4.29012   -0.32881   -2.30946
          2      24500  391.43010   -0.49833    0.00000   -0.49856    0.00000   -4.29012   -0.32881   -2.30946
          2      24600  392.93433   -0.49833    0.00000   -0.49856    0.00000   -4.29012   -0.32881   -2.30946
          2      24700  394.25426   -0.49833    0.00000   -0.49856    0.00000   -4.29012   -0.32881   -2.30946
          2      24800  395.87911   -0.49833    0.00000   -0.49856    0.00000   -4.29012   -0.32881   -2.30946
          2      24900  397.63634   -0.49833    0.00000   -0.49856    0.00000   -4.29012   -0.32881   -2.30946
          2      25000  399.47742   -0.49833    0.00000   -0.49856    0.00000   -4.29012   -0.32881   -2.30946
          2      25100  400.34318   -0.49833    0.00000   -0.49856    0.00000   -4.29012   -0.32881   -2.30946
          2      25200  402.44297   -0.49834    0.00000   -0.49856    0.00000   -4.29012   -0.32881   -2.30946
          2      25300  403.61352   -0.49834    0.00000   -0.49856    0.00000   -4.29012   -0.32881   -2.30946
          2      25400  404.85704   -0.49834    0.00000   -0.49856    0.00000   -4.29012   -0.32881   -2.30946
          2      25500  406.32394   -0.49834    0.00000   -0.49856    0.00000   -4.29012   -0.32881   -2.30946
          2      25600  407.50570   -0.49834    0.00000   -0.49856    0.00000   -4.29012   -0.32881   -2.30946
          2      25700  408.83783   -0.49834    0.00000   -0.49856    0.00000   -4.29012   -0.32881   -2.30946
          2      25800  409.83440   -0.49834    0.00000   -0.49856    0.00000   -4.29012   -0.32881   -2.30946
          2      25900  411.69465   -0.49834    0.00000   -0.49856    0.00000   -4.29012   -0.32881   -2.30946
          2      26000  413.32555   -0.49834    0.00000   -0.49856    0.00000   -4.29012   -0.32881   -2.30946
          2      26100  414.22549   -0.49834    0.00000   -0.49856    0.00000   -4.29012   -0.32881   -2.30946
          2      26200  415.99585   -0.49834    0.00000   -0.49856    0.00000   -4.29012   -0.32881   -2.30946
          2      26300  416.44452   -0.49834    0.00000   -0.49856    0.00000   -4.29012   -0.32881   -2.30946
          2      26400  418.44394   -0.49834    0.00000   -0.49856    0.00000   -4.29012   -0.32881   -2.30946
          2      26500  419.94088   -0.49834    0.00000   -0.49856    0.00000   -4.29012   -0.32881   -2.30946
          2      26600  420.99620   -0.49834    0.00000   -0.49856    0.00000   -4.29012   -0.32881   -2.30946
          2      26700  422.41367   -0.49834    0.00000   -0.49856    0.00000   -4.29012   -0.32881   -2.30946
          2      26800  424.22545   -0.49834    0.00000   -0.49856    0.00000   -4.29012   -0.32881   -2.30946
          2      26900  425.57401   -0.49834    0.00000   -0.49856    0.00000   -4.29012   -0.32881   -2.30946
          2      27000  427.41951   -0.49834    0.00000   -0.49856    0.00000   -4.29012   -0.32881   -2.30946
          2      27100  429.36109   -0.49834    0.00000   -0.49856    0.00000   -4.29012   -0.32881   -2.30946
          2      27200  430.89482   -0.49834    0.00000   -0.49856    0.00000   -4.29012   -0.32881   -2.30946
          2      27300  432.58042   -0.49834    0.00000   -0.49856    0.00000   -4.29012   -0.32881   -2.30946
          2      27400  434.32461   -0.49835    0.00000   -0.49856    0.00000   -4.29012   -0.32881   -2.30946
          2      27500  436.05951   -0.49835    0.00000   -0.49856    0.00000   -4.29012   -0.32881   -2.30946
          2      27600  438.19872   -0.49835    0.00000   -0.49856    0.00000   -4.29012   -0.32881   -2.30946
          2      27700  439.62700   -0.49835    0.00000   -0.49856    0.00000   -4.29012   -0.32881   -2.30946
          2      27800  441.13417   -0.49835    0.00000   -0.49856    0.00000   -4.29012   -0.32881   -2.30946
          2      27900  443.29912   -0.49835    0.00000   -0.49856    0.00000   -4.29012   -0.32881   -2.30946
          2      28000  444.79918   -0.49835    0.00000   -0.49856    0.00000   -4.29012   -0.32881   -2.30946
          2      28100  446.46783   -0.49835    0.00000   -0.49856    0.00000   -4.29012   -0.32881   -2.30946
          2      28200  447.79334   -0.49835    0.00000   -0.49856    0.00000   -4.29012   -0.32881   -2.30946
          2      28300  449.80270   -0.49835    0.00000   -0.49856    0.00000   -4.29012   -0.32881   -2.30946
          2      28400  451.91394   -0.49835    0.00000   -0.49856    0.00000   -4.29012   -0.32881   -2.30946
          2      28500  453.73034   -0.49835    0.00000   -0.49856    0.00000   -4.29012   -0.32881   -2.30946
          2      28600  455.52790   -0.49835    0.00000   -0.49856    0.00000   -4.29012   -0.32881   -2.30946
          2      28700  457.12491   -0.49835    0.00000   -0.49856    0.00000   -4.29012   -0.32881   -2.30946
          2      28800  458.61712   -0.49835    0.00000   -0.49856    0.00000   -4.29012   -0.32881   -2.30946
          2      28900  460.19118   -0.49835    0.00000   -0.49856    0.00000   -4.29012   -0.32881   -2.30946
          2      29000  461.61052   -0.49835    0.00000   -0.49856    0.00000   -4.29012   -0.32881   -2.30946
          2      29100  463.08416   -0.49835    0.00000   -0.49856    0.00000   -4.29012   -0.32881   -2.30946
          2      29200  464.34769   -0.49835    0.00000   -0.49856    0.00000   -4.29012   -0.32881   -2.30946
          2      29300  466.59102   -0.49835    0.00000   -0.49856    0.00000   -4.29012   -0.32881   -2.30946
          2      29400  467.94340   -0.49835    0.00000   -0.49856    0.00000   -4.29012   -0.32881   -2.30946
          2      29500  469.49777   -0.49835    0.00000   -0.49856    0.00000   -4.29012   -0.32881   -2.30946
          2      29600  470.63449   -0.49835    0.00000   -0.49856    0.00000   -4.29012   -0.32881   -2.30946
          2      29700  472.24404   -0.49835    0.00000   -0.49856    0.00000   -4.29012   -0.32881   -2.30946
          2      29800  473.50743   -0.49835    0.00000   -0.49856    0.00000   -4.29012   -0.32881   -2.30946
          2      29900  475.00663   -0.49836    0.00000   -0.49856    0.00000   -4.29012   -0.32881   -2.30946
          2      30000  476.72529   -0.49836    0.00000   -0.49856    0.00000   -4.29012   -0.32881   -2.30946
          2      30100  478.42888   -0.49836    0.00000   -0.49856    0.00000   -4.29012   -0.32881   -2.30946
          2      30200  479.65776   -0.49836    0.00000   -0.49856    0.00000   -4.29012   -0.32881   -2.30946
          2      30300  481.31779   -0.49836    0.00000   -0.49856    0.00000   -4.29012   -0.32881   -2.30946
          2      30400  483.59671   -0.49836    0.00000   -0.49856    0.00000   -4.29012   -0.32881   -2.30946
          2      30500  485.03207   -0.49836    0.00000   -0.49856    0.00000   -4.29012   -0.32881   -2.30946
          2      30600  486.22727   -0.49836    0.00000   -0.49856    0.00000   -4.29012   -0.32881   -2.30946
          2      30700  488.00871   -0.49836    0.00000   -0.49856    0.00000   -4.29012   -0.32881   -2.30946
          2      30800  490.21209   -0.49836    0.00000   -0.49856    0.00000   -4.29012   -0.32881   -2.30946
          2      30900  491.71335   -0.49836    0.00000   -0.49856    0.00000   -4.29012   -0.32881   -2.30946
          2      31000  493.48660   -0.49836    0.00000   -0.49856    0.00000   -4.29012   -0.32881   -2.30946
          2      31100  495.23264   -0.49836    0.00000   -0.49856    0.00000   -4.29012   -0.32881   -2.30946
          2      31200  497.42109   -0.49836    0.00000   -0.49856    0.00000   -4.29012   -0.32881   -2.30946
          2      31300  499.00891   -0.49836    0.00000   -0.49856    0.00000   -4.29012   -0.32881   -2.30946
          2      31400  500.52257   -0.49836    0.00000   -0.49856    0.00000   -4.29012   -0.32881   -2.30946
          2      31500  502.82323   -0.49836    0.00000   -0.49856    0.00000   -4.29012   -0.32881   -2.30946
          2      31600  504.45595   -0.49836    0.00000   -0.49856    0.00000   -4.29012   -0.32881   -2.30946
          2      31700  505.74988   -0.49836    0.00000   -0.49856    0.00000   -4.29012   -0.32881   -2.30946
          2      31800  507.88073   -0.49836    0.00000   -0.49856    0.00000   -4.29012   -0.32881   -2.30946
          2      31900  509.42590   -0.49836    0.00000   -0.49856    0.00000   -4.29012   -0.32881   -2.30946
          2      32000  511.00895   -0.49836    0.00000   -0.49856    0.00000   -4.29012   -0.32881   -2.30946
          2      32100  512.86216   -0.49836    0.00000   -0.49856    0.00000   -4.29012   -0.32881   -2.30946
          2      32200  514.76054   -0.49836    0.00000   -0.49856    0.00000   -4.29012   -0.32881   -2.30946
          2      32300  516.21628   -0.49836    0.00000   -0.49856    0.00000   -4.29012   -0.32881   -2.30946
          2      32400  517.93199   -0.49836    0.00000   -0.49856    0.00000   -4.29012   -0.32881   -2.30946
          2      32500  519.45891   -0.49836    0.00000   -0.49856    0.00000   -4.29012   -0.32881   -2.30946
          2      32600  521.59296   -0.49836    0.00000   -0.49856    0.00000   -4.29012   -0.32881   -2.30946
          2      32700  523.27334   -0.49836    0.00000   -0.49856    0.00000   -4.29012   -0.32881   -2.30946
          2      32800  524.66987   -0.49836    0.00000   -0.49856    0.00000   -4.29012   -0.32881   -2.30946
          2      32900  526.58390   -0.49837    0.00000   -0.49856    0.00000   -4.29012   -0.32881   -2.30946
          2      33000  527.76513   -0.49837    0.00000   -0.49856    0.00000   -4.29012   -0.32881   -2.30946
          2      33100  529.07370   -0.49837    0.00000   -0.49856    0.00000   -4.29012   -0.32881   -2.30946
          2      33200  531.19803   -0.49837    0.00000   -0.49856    0.00000   -4.29012   -0.32881   -2.30946
          2      33300  532.67675   -0.49837    0.00000   -0.49856    0.00000   -4.29012   -0.32881   -2.30946
          2      33400  534.43151   -0.49837    0.00000   -0.49856    0.00000   -4.29012   -0.32881   -2.30946
          2      33500  536.36208   -0.49837    0.00000   -0.49856    0.00000   -4.29012   -0.32881   -2.30946
          2      33600  538.25620   -0.49837    0.00000   -0.49856    0.00000   -4.29012   -0.32881   -2.30946
          2      33700  539.94755   -0.49837    0.00000   -0.49856    0.00000   -4.29012   -0.32881   -2.30946
          2      33800  541.31237   -0.49837    0.00000   -0.49856    0.00000   -4.29012   -0.32881   -2.30946
          2      33900  543.68682   -0.49837    0.00000   -0.49856    0.00000   -4.29012   -0.32881   -2.30946
          2      34000  545.32880   -0.49837    0.00000   -0.49856    0.00000   -4.29012   -0.32881   -2.30946
          2      34100  546.70620   -0.49837    0.00000   -0.49856    0.00000   -4.29012   -0.32881   -2.30946
          2      34200  547.78023   -0.49837    0.00000   -0.49856    0.00000   -4.29012   -0.32881   -2.30946
          2      34300  549.02647   -0.49837    0.00000   -0.49856    0.00000   -4.29012   -0.32881   -2.30946
          2      34400  551.66231   -0.49837    0.00000   -0.49856    0.00000   -4.29012   -0.32881   -2.30946
          2      34500  553.35860   -0.49837    0.00000   -0.49856    0.00000   -4.29012   -0.32881   -2.30946
          2      34600  553.86328   -0.49837    0.00000   -0.49856    0.00000   -4.29012   -0.32881   -2.30946
          2      34700  555.79261   -0.49837    0.00000   -0.49856    0.00000   -4.29012   -0.32881   -2.30946
          2      34800  557.37868   -0.49837    0.00000   -0.49856    0.00000   -4.29012   -0.32881   -2.30946
          2      34900  558.91300   -0.49837    0.00000   -0.49856    0.00000   -4.29012   -0.32881   -2.30946
          2      35000  560.68905   -0.49837    0.00000   -0.49856    0.00000   -4.29012   -0.32881   -2.30946
          2      35100  562.23800   -0.49837    0.00000   -0.49856    0.00000   -4.29012   -0.32881   -2.30946
          2      35200  563.75968   -0.49837    0.00000   -0.49856    0.00000   -4.29012   -0.32881   -2.30946
          2      35300  564.97832   -0.49837    0.00000   -0.49856    0.00000   -4.29012   -0.32881   -2.30946
          2      35400  566.70003   -0.49837    0.00000   -0.49856    0.00000   -4.29012   -0.32881   -2.30946
          2      35500  567.98956   -0.49837    0.00000   -0.49856    0.00000   -4.29012   -0.32881   -2.30946
          2      35600  569.56006   -0.49837    0.00000   -0.49856    0.00000   -4.29012   -0.32881   -2.30946
          2      35700  571.54703   -0.49837    0.00000   -0.49856    0.00000   -4.29012   -0.32881   -2.30946
          2      35800  573.10266   -0.49837    0.00000   -0.49856    0.00000   -4.29012   -0.32881   -2.30946
          2      35900  574.32265   -0.49837    0.00000   -0.49856    0.00000   -4.29012   -0.32881   -2.30946
          2      36000  575.84301   -0.49837    0.00000   -0.49856    0.00000   -4.29012   -0.32881   -2.30946
          2      36100  577.78137   -0.49837    0.00000   -0.49856    0.00000   -4.29012   -0.32881   -2.30946
          2      36200  579.31795   -0.49837    0.00000   -0.49856    0.00000   -4.29012   -0.32881   -2.30946
          2      36300  580.92520   -0.49838    0.00000   -0.49856    0.00000   -4.29012   -0.32881   -2.30946
          2      36400  582.72149   -0.49838    0.00000   -0.49856    0.00000   -4.29012   -0.32881   -2.30946
          2      36500  584.14857   -0.49838    0.00000   -0.49856    0.00000   -4.29012   -0.32881   -2.30946
          2      36600  585.53599   -0.49838    0.00000   -0.49856    0.00000   -4.29012   -0.32881   -2.30946
          2      36700  587.35021   -0.49838    0.00000   -0.49856    0.00000   -4.29012   -0.32881   -2.30946
          2      36800  589.57942   -0.49838    0.00000   -0.49856    0.00000   -4.29012   -0.32881   -2.30946
          2      36900  591.11389   -0.49838    0.00000   -0.49856    0.00000   -4.29012   -0.32881   -2.30946
          2      37000  592.53982   -0.49838    0.00000   -0.49856    0.00000   -4.29012   -0.32881   -2.30946
          2      37100  595.23405   -0.49838    0.00000   -0.49856    0.00000   -4.29012   -0.32881   -2.30946
          2      37200  595.52050   -0.49838    0.00000   -0.49856    0.00000   -4.29012   -0.32881   -2.30946
          2      37300  596.58008   -0.49838    0.00000   -0.49856    0.00000   -4.29012   -0.32881   -2.30946
          2      37400  597.62309   -0.49838    0.00000   -0.49856    0.00000   -4.29012   -0.32881   -2.30946
          2      37500  598.52482   -0.49838    0.00000   -0.49856    0.00000   -4.29012   -0.32881   -2.30946
          2      37600  599.35414   -0.49838    0.00000   -0.49856    0.00000   -4.29012   -0.32881   -2.30946
          2      37697  600.04751   -0.49838    0.00000   -0.49856    0.00000   -4.29012   -0.32881   -2.30946
