 414340974470769
       2677
 3600.39459
   -1.00772
    0.00000
   -1.01745
    0.00000

    0.05870
    0.07253
   -0.00353
    0.00376
    0.04309
    0.02984
   -0.05624
   -0.02294
   -0.03923
    0.02595
    0.03719
   -0.02781
   -0.00174
   -0.01717
   -0.05971
    0.01244
    0.05784
   -0.05271
    0.01607
   -0.01745
   -0.01448
    0.02779
   -0.03180
    0.04754
   -0.06501
   -0.03829
   -0.01038
    0.03398
   -0.06265
    0.06651
   -0.01555
    0.02677
   -0.02604
   -0.05927
   -0.04580
    0.06820
   -0.06852
    0.04949
   -0.02547
   -0.04933
   -0.02472
    0.00429
    0.03113
   -0.00004
   -0.02333
    0.04202
    0.00341
   -0.05941
    0.02248
   -0.06056
    0.02577
    0.05561
   -0.00032
    0.01807
    0.04543
   -0.03777
    0.00593
   -0.03019
    0.05868
   -0.08044
   -0.01043
    0.06232
    0.02376
   -0.04158
    0.00307
    0.00811
    0.06303
   -0.02992
   -0.03611
   -0.05547
    0.05039
   -0.02185
   -0.02725
   -0.03194
   -0.02200
   -0.07038
    0.03892
   -0.03455
   -0.02848
    0.04940
    0.06830
   -0.02664
    0.06902
    0.01815
    0.05119
   -0.05799
    0.02293
   -0.07537
    0.04819
    0.05789
   -0.01515
    0.03021
   -0.02687
    0.02620
    0.06564
    0.03685
    0.03555
   -0.01080
    0.02063
   -0.03243
   -0.07705
   -0.02528
   -0.05328
    0.01375
   -0.05634
    0.02445
   -0.02291
    0.01467
    0.02357
   -0.00329
   -0.00330
   -0.06754
    0.02064
    0.03751
    0.03972
   -0.01648
    0.00987
   -0.04749
    0.04171
    0.00648
   -0.01242
    0.01895
   -0.01315
    0.01854
   -0.02896
    0.04855
   -0.05687
   -0.06159
   -0.03933
   -0.03788
    0.04458
    0.04548
   -0.04766
   -0.00046
   -0.03387
   -0.01820
    0.01000
    0.02182
   -0.05472
    0.03477
   -0.05152
    0.06470
    0.06716
    0.02468
   -0.04060
   -0.02145
   -0.04612
    0.02377
   -0.00478
   -0.01157
    0.04315
    0.01862
    0.01603
    0.07449
    0.02070
   -0.01247
    0.03876
   -0.05452
   -0.04864
   -0.04789
    0.00215
    0.04338
   -0.02023
    0.04181
    0.05988
   -0.06319
   -0.06023
   -0.02324
   -0.01210
    0.05834
    0.05260
   -0.00743
    0.00517
    0.04749
   -0.00235
    0.00985
   -0.05206
   -0.05123
   -0.03734
   -0.02204
    0.04627
    0.06173
    0.00079
   -0.06599
    0.01939
   -0.07524
    0.06970
   -0.03628
    0.06658
   -0.02342
   -0.04257
    0.01850
   -0.00200
    0.04486
    0.05430
   -0.05802
   -0.01116
   -0.02103
    0.05363
   -0.06355
   -0.01320
   -0.04209
   -0.04158
   -0.01026
    0.02559
   -0.00737
   -0.06235
   -0.02744
   -0.04240
   -0.00251
    0.04752
    0.06467
    0.03747
   -0.01405
   -0.06980
    0.03255
   -0.01676
    0.05433
   -0.02190
   -0.04786
    0.03631
   -0.04154
   -0.06255
    0.03617
   -0.05504
    0.06655
    0.02760
   -0.05743
    0.00193
    0.06419
   -0.01514
    0.01055
    0.05879
   -0.05658
   -0.03273
   -0.00341
   -0.05465
   -0.03251
   -0.06398
   -0.01767
    0.04399
    0.04649
    0.01545
    0.00966
   -0.04608
   -0.01100
   -0.00269
    0.03299
   -0.04358
   -0.01518
   -0.06132
   -0.03299
   -0.02556
   -0.00680
    0.03756
    0.05425
   -0.00177
   -0.05366
    0.02398
   -0.01178
    0.01100
    0.01746
    0.06103
   -0.03896
    0.01243
   -0.00414
   -0.03486
   -0.04726
    0.01892
   -0.04926
    0.03575
   -0.02226
   -0.03790
    0.04117
   -0.07058
   -0.01110
   -0.02639
    0.02369
    0.00187
    0.00790
   -0.01385
    0.00657
   -0.04017
   -0.06715
    0.02492
    0.03833
    0.01960
   -0.02686
    0.02987
   -0.03731
    0.03223
    0.00203
   -0.03923
   -0.02142
   -0.02491
    0.04207
    0.00673
   -0.03799
    0.06548
   -0.04645
   -0.02760
    0.04932
    0.07358
    0.02976
    0.00897
   -0.04607
   -0.03706
   -0.01020
    0.04877
    0.03942
   -0.01390
    0.06133
    0.04676
    0.04676
    0.04906
   -0.06358
    0.05868
    0.04115
    0.01771
   -0.01809
    0.01473
   -0.04264
    0.02766
    0.03947
   -0.06654
   -0.07028
    0.04585
    0.01876
    0.03666
   -0.00125
    0.01718
   -0.02199
    0.05088
   -0.07274
    0.02750
   -0.01360
    0.01883
   -0.04320
   -0.00701
   -0.06348
   -0.00059
   -0.02982
   -0.06624
   -0.00619
   -0.06960
   -0.02546
   -0.00389
    0.02966
    0.03845
    0.01462
   -0.02597
    0.05827
    0.01008
   -0.02733
    0.06165
    0.01612
    0.03438
   -0.07513
    0.04654
    0.02249
    0.06892
   -0.00673
   -0.02035
    0.03088
    0.07045
   -0.04608
   -0.01824
    0.05557
    0.00905
   -0.01861
    0.02606
    0.06144
   -0.01904
   -0.00029
    0.00773
    0.06291
    0.01765
    0.01250
   -0.04848
   -0.02279
   -0.03010
   -0.00695
    0.04116
   -0.03002
    0.04919
   -0.03183
    0.02525
   -0.00650
    0.05865
    0.05805
    0.05738
    0.04194
    0.05269
   -0.03750
   -0.02400
   -0.03560
    0.04751
    0.02123
    0.00071
    0.01561
    0.03520
   -0.04566
   -0.05303
    0.03638
   -0.00829
    0.04990
   -0.03269
    0.03301
   -0.05882
   -0.01465
   -0.04632
   -0.05560
    0.01981
   -0.07167
   -0.00364
   -0.03472
    0.00870
   -0.06875
    0.04808
   -0.03346
   -0.00388
    0.07221
   -0.03143
    0.05951
   -0.05401
   -0.05620
   -0.06942
   -0.02471
    0.03513
    0.06330
   -0.05335
    0.01166
   -0.02081
   -0.02537
    0.01289
   -0.02277
    0.02839
   -0.07117
    0.03013
   -0.05060
    0.05286
   -0.03433
    0.02636
    0.00371
   -0.05561
    0.01601
   -0.05235
   -0.01267
    0.04029
   -0.04404
   -0.05254
   -0.01624
   -0.01440
   -0.07218
   -0.00703
   -0.06709
    0.01592
    0.05430
   -0.03820
    0.01328
    0.00793
    0.06518
    0.01046
   -0.04233
    0.01129
   -0.06842
    0.01749
    0.04006
    0.00093
   -0.03350
    0.02502
   -0.00241
    0.03951
   -0.07249
   -0.05961
   -0.05562
    0.00811
   -0.00350
   -0.05093
    0.01949
   -0.02398
    0.02350
   -0.05953
   -0.03336
    0.01860
   -0.05075
    0.01736
   -0.06495
   -0.02846
    0.06413
    0.05345
    0.05915
   -0.03772
    0.00768
   -0.00470
   -0.01781
    0.01670
    0.06227
   -0.00819
    0.03596
   -0.02403
   -0.00750
    0.07093
   -0.00744
    0.05072
   -0.03796
    0.04321
    0.03033
   -0.00156
   -0.04848
   -0.02861
    0.03505
    0.03681
   -0.04504
    0.06191
   -0.04014
    0.01151
   -0.00890
    0.05393
    0.02451
   -0.03980
   -0.03026
    0.05114
   -0.04730
   -0.04340
   -0.06185
   -0.04325
    0.02851
   -0.04342
   -0.04559
   -0.02184
    0.04779
   -0.00780
    0.02909
    0.06617
   -0.04089
   -0.01032
    0.05900
   -0.00608
   -0.02369
   -0.06790
   -0.03107
   -0.04165
   -0.03997
    0.02063
   -0.02179
   -0.03710
    0.00630
   -0.00863
    0.06064
    0.03095
    0.04437
   -0.05883
   -0.05814
   -0.00608
    0.02385
   -0.05419
   -0.07007
    0.01214
    0.02826
    0.02035
   -0.03561
   -0.01444
   -0.00641
    0.05946
   -0.06108
    0.04920
   -0.01120
   -0.02134
    0.02395
   -0.06830
    0.07635
   -0.05101
   -0.03497
   -0.01967
    0.01962
    0.03257
   -0.04719
    0.05408
    0.00941
    0.02393
    0.01641
    0.04905
    0.04624
   -0.03181
   -0.05608
    0.06481
    0.06265
    0.03634
    0.00157
   -0.05083
    0.06270
    0.01436
    0.02382
    0.04642
   -0.05450
   -0.01270
   -0.01615
   -0.00349
    0.00062

    0.05874
    0.07321
   -0.00284
    0.00387
    0.04362
    0.03038
   -0.05672
   -0.02339
   -0.03975
    0.02643
    0.03725
   -0.02841
   -0.00223
   -0.01748
   -0.06023
    0.01283
    0.05814
   -0.05381
    0.01578
   -0.01768
   -0.01436
    0.02783
   -0.03217
    0.04765
   -0.06562
   -0.03829
   -0.01038
    0.03399
   -0.06332
    0.06685
   -0.01620
    0.02680
   -0.02655
   -0.05995
   -0.04602
    0.06988
   -0.06859
    0.04974
   -0.02587
   -0.05002
   -0.02505
    0.00370
    0.03168
    0.00015
   -0.02317
    0.04249
    0.00322
   -0.06004
    0.02230
   -0.06095
    0.02607
    0.05595
   -0.00073
    0.01825
    0.04558
   -0.03820
    0.00621
   -0.02998
    0.05858
   -0.08137
   -0.01059
    0.06286
    0.02334
   -0.04215
    0.00250
    0.00837
    0.06327
   -0.03008
   -0.03636
   -0.05708
    0.05126
   -0.02188
   -0.02766
   -0.03216
   -0.02248
   -0.07102
    0.03966
   -0.03567
   -0.02870
    0.05015
    0.06842
   -0.02683
    0.06932
    0.01870
    0.05174
   -0.05876
    0.02314
   -0.07616
    0.04882
    0.05858
   -0.01530
    0.03109
   -0.02673
    0.02637
    0.06606
    0.03724
    0.03604
   -0.01138
    0.02093
   -0.03274
   -0.07759
   -0.02537
   -0.05381
    0.01425
   -0.05704
    0.02435
   -0.02332
    0.01471
    0.02368
   -0.00261
   -0.00282
   -0.06839
    0.02147
    0.03798
    0.03971
   -0.01643
    0.00938
   -0.04821
    0.04223
    0.00624
   -0.01260
    0.01916
   -0.01261
    0.01898
   -0.02882
    0.04974
   -0.05786
   -0.06186
   -0.03989
   -0.03847
    0.04451
    0.04637
   -0.04872
   -0.00043
   -0.03320
   -0.01799
    0.01064
    0.02220
   -0.05547
    0.03513
   -0.05262
    0.06488
    0.06816
    0.02489
   -0.04062
   -0.02152
   -0.04661
    0.02379
   -0.00497
   -0.01151
    0.04382
    0.01916
    0.01617
    0.07538
    0.02092
   -0.01283
    0.04003
   -0.05505
   -0.04894
   -0.04748
    0.00230
    0.04363
   -0.02057
    0.04218
    0.06044
   -0.06375
   -0.06161
   -0.02324
   -0.01227
    0.05872
    0.05329
   -0.00784
    0.00511
    0.04843
   -0.00157
    0.01026
   -0.05262
   -0.05172
   -0.03740
   -0.02279
    0.04666
    0.06240
    0.00031
   -0.06616
    0.01984
   -0.07601
    0.07039
   -0.03656
    0.06716
   -0.02381
   -0.04283
    0.01863
   -0.00189
    0.04520
    0.05540
   -0.05846
   -0.01141
   -0.02121
    0.05478
   -0.06481
   -0.01331
   -0.04280
   -0.04203
   -0.00965
    0.02569
   -0.00783
   -0.06358
   -0.02825
   -0.04345
   -0.00197
    0.04780
    0.06539
    0.03826
   -0.01459
   -0.07021
    0.03305
   -0.01724
    0.05488
   -0.02172
   -0.04827
    0.03699
   -0.04251
   -0.06312
    0.03703
   -0.05560
    0.06763
    0.02825
   -0.05819
    0.00200
    0.06551
   -0.01582
    0.01053
    0.05914
   -0.05737
   -0.03312
   -0.00338
   -0.05541
   -0.03266
   -0.06472
   -0.01848
    0.04407
    0.04725
    0.01602
    0.00997
   -0.04655
   -0.01122
   -0.00230
    0.03365
   -0.04451
   -0.01464
   -0.06209
   -0.03342
   -0.02572
   -0.00704
    0.03861
    0.05475
   -0.00176
   -0.05432
    0.02422
   -0.01161
    0.01132
    0.01735
    0.06132
   -0.03975
    0.01289
   -0.00423
   -0.03541
   -0.04775
    0.01893
   -0.05004
    0.03580
   -0.02252
   -0.03839
    0.04190
   -0.07154
   -0.01155
   -0.02651
    0.02376
    0.00215
    0.00852
   -0.01394
    0.00633
   -0.04050
   -0.06767
    0.02543
    0.03817
    0.02007
   -0.02742
    0.03025
   -0.03767
    0.03158
    0.00207
   -0.03966
   -0.02139
   -0.02542
    0.04282
    0.00678
   -0.03946
    0.06609
   -0.04685
   -0.02743
    0.05073
    0.07457
    0.02975
    0.00941
   -0.04643
   -0.03724
   -0.01032
    0.04931
    0.04061
   -0.01387
    0.06203
    0.04755
    0.04721
    0.04924
   -0.06421
    0.05919
    0.04134
    0.01784
   -0.01801
    0.01433
   -0.04323
    0.02762
    0.03945
   -0.06813
   -0.07103
    0.04652
    0.01918
    0.03727
   -0.00094
    0.01769
   -0.02245
    0.05168
   -0.07400
    0.02739
   -0.01340
    0.01929
   -0.04372
   -0.00736
   -0.06376
   -0.00099
   -0.03068
   -0.06730
   -0.00616
   -0.07067
   -0.02569
   -0.00381
    0.03005
    0.03944
    0.01489
   -0.02603
    0.05871
    0.01003
   -0.02763
    0.06283
    0.01590
    0.03448
   -0.07562
    0.04733
    0.02264
    0.06952
   -0.00742
   -0.02077
    0.03114
    0.07122
   -0.04676
   -0.01869
    0.05623
    0.00968
   -0.01883
    0.02606
    0.06174
   -0.01931
   -0.00042
    0.00766
    0.06372
    0.01702
    0.01314
   -0.04909
   -0.02288
   -0.03051
   -0.00659
    0.04162
   -0.03061
    0.05002
   -0.03229
    0.02612
   -0.00716
    0.05955
    0.05878
    0.05837
    0.04244
    0.05353
   -0.03819
   -0.02469
   -0.03555
    0.04779
    0.02126
    0.00072
    0.01533
    0.03582
   -0.04557
   -0.05379
    0.03685
   -0.00848
    0.04995
   -0.03351
    0.03344
   -0.05996
   -0.01489
   -0.04752
   -0.05603
    0.01949
   -0.07171
   -0.00394
   -0.03506
    0.00888
   -0.06892
    0.04867
   -0.03363
   -0.00378
    0.07295
   -0.03251
    0.05994
   -0.05506
   -0.05662
   -0.06971
   -0.02506
    0.03568
    0.06449
   -0.05380
    0.01135
   -0.02120
   -0.02581
    0.01307
   -0.02333
    0.02902
   -0.07172
    0.03075
   -0.05060
    0.05377
   -0.03459
    0.02669
    0.00370
   -0.05610
    0.01605
   -0.05213
   -0.01275
    0.04055
   -0.04488
   -0.05308
   -0.01639
   -0.01480
   -0.07278
   -0.00661
   -0.06857
    0.01592
    0.05450
   -0.03861
    0.01347
    0.00857
    0.06589
    0.01057
   -0.04210
    0.01224
   -0.06847
    0.01809
    0.04070
    0.00121
   -0.03364
    0.02538
   -0.00235
    0.04026
   -0.07355
   -0.06036
   -0.05649
    0.00844
   -0.00375
   -0.05151
    0.01977
   -0.02472
    0.02354
   -0.06010
   -0.03436
    0.01867
   -0.05091
    0.01752
   -0.06532
   -0.02869
    0.06461
    0.05367
    0.05919
   -0.03830
    0.00829
   -0.00419
   -0.01803
    0.01692
    0.06294
   -0.00836
    0.03603
   -0.02445
   -0.00761
    0.07166
   -0.00765
    0.05104
   -0.03889
    0.04408
    0.03100
   -0.00160
   -0.04837
   -0.02904
    0.03570
    0.03747
   -0.04488
    0.06267
   -0.04060
    0.01163
   -0.00923
    0.05395
    0.02488
   -0.04014
   -0.03034
    0.05184
   -0.04807
   -0.04366
   -0.06303
   -0.04381
    0.02919
   -0.04420
   -0.04659
   -0.02245
    0.04803
   -0.00787
    0.02954
    0.06674
   -0.04151
   -0.01029
    0.05963
   -0.00631
   -0.02363
   -0.06853
   -0.03148
   -0.04183
   -0.04035
    0.02095
   -0.02136
   -0.03781
    0.00650
   -0.00899
    0.06151
    0.03080
    0.04513
   -0.06002
   -0.05889
   -0.00659
    0.02419
   -0.05481
   -0.07066
    0.01225
    0.02867
    0.01988
   -0.03577
   -0.01399
   -0.00641
    0.06000
   -0.06174
    0.04979
   -0.01138
   -0.02167
    0.02404
   -0.06895
    0.07742
   -0.05240
   -0.03559
   -0.01964
    0.01909
    0.03259
   -0.04729
    0.05494
    0.00984
    0.02415
    0.01596
    0.04979
    0.04670
   -0.03254
   -0.05669
    0.06576
    0.06330
    0.03688
    0.00282
   -0.05120
    0.06324
    0.01453
    0.02392
    0.04685
   -0.05501
   -0.01301
   -0.01641
   -0.00337
    0.00070
