 438984157304522
       5584
 3600.40804
   -1.00366
    0.00000
   -1.01098
    0.00000

    0.05577
    0.03118
    0.05626
    0.01013
   -0.04867
    0.06753
   -0.05241
   -0.06838
   -0.02330
    0.01693
    0.04544
   -0.02307
    0.03201
    0.01717
    0.04327
   -0.00107
    0.02497
    0.06704
   -0.00068
    0.06332
    0.04518
   -0.05250
   -0.04844
   -0.06508
    0.07651
    0.05521
    0.01758
    0.03736
   -0.03526
   -0.03062
   -0.00824
    0.03125
    0.05407
    0.01825
   -0.04057
   -0.03416
   -0.00430
   -0.03796
    0.04587
   -0.00850
   -0.01663
   -0.05997
    0.00995
   -0.04672
   -0.05657
    0.03806
    0.00240
    0.02130
    0.00827
    0.00213
   -0.04941
   -0.00709
    0.06056
    0.01237
    0.06848
    0.03455
    0.07374
   -0.01161
   -0.00461
    0.02705
    0.06644
    0.06060
   -0.05978
   -0.04619
   -0.03778
    0.00008
   -0.05837
   -0.01883
    0.05070
   -0.01225
   -0.03095
   -0.05261
   -0.03120
    0.02237
   -0.05336
    0.00756
   -0.01190
   -0.03347
    0.00304
   -0.04547
   -0.07245
   -0.02498
    0.02054
    0.06554
   -0.01495
   -0.01582
    0.06402
    0.02578
    0.04857
    0.05026
   -0.04723
   -0.03531
    0.03616
    0.01107
    0.05857
   -0.04026
    0.05747
   -0.00870
   -0.01465
   -0.05524
    0.02635
    0.03115
   -0.04243
   -0.01285
    0.01152
    0.06459
    0.03729
    0.01497
    0.02589
    0.03330
   -0.02706
    0.01331
    0.03971
    0.00540
    0.05424
   -0.01971
   -0.01561
    0.02628
    0.06415
    0.03197
   -0.02378
   -0.02768
   -0.04179
    0.05178
    0.06429
   -0.03896
   -0.03242
   -0.02420
    0.07506
   -0.04548
    0.06216
    0.05459
   -0.04860
   -0.00130
   -0.04678
    0.06186
    0.06283
    0.00989
   -0.01532
   -0.01984
   -0.00127
    0.01956
    0.00504
   -0.02506
   -0.05775
    0.00644
    0.04665
    0.03374
   -0.07527
   -0.00950
   -0.02560
    0.05249
   -0.02785
    0.03475
   -0.01627
   -0.02508
    0.05463
   -0.03593
   -0.06418
   -0.01169
    0.05326
    0.00818
   -0.04208
    0.00505
    0.04000
    0.00813
   -0.04134
   -0.02231
   -0.03084
   -0.03713
   -0.06936
    0.00926
    0.03177
    0.00021
   -0.06349
   -0.02157
    0.06680
    0.00740
    0.01558
   -0.04235
    0.01252
    0.03572
   -0.01153
    0.04376
    0.05237
    0.03528
   -0.05996
    0.02871
   -0.03536
    0.01277
    0.01096
    0.01446
   -0.04720
   -0.06548
    0.06882
   -0.03475
   -0.05792
    0.02102
   -0.04442
    0.03223
   -0.04084
    0.02866
    0.06039
   -0.03487
   -0.02380
    0.03568
    0.06350
    0.07221
    0.00993
   -0.03181
   -0.04981
   -0.01216
    0.04092
    0.00640
   -0.05148
    0.02864
   -0.01326
   -0.05111
    0.04432
   -0.04932
    0.03307
    0.05074
   -0.02908
    0.06457
   -0.01253
   -0.05960
    0.02452
    0.06398
    0.05566
   -0.01502
   -0.01040
    0.03548
    0.04192
   -0.04012
   -0.06114
    0.01593
   -0.06134
    0.06140
    0.03209
   -0.01622
    0.01711
   -0.03261
   -0.03942
    0.03754
   -0.01737
   -0.06161
   -0.04356
    0.05784
    0.00958
    0.06179
    0.05787
   -0.02494
   -0.01632
   -0.04963
   -0.01080
    0.06103
   -0.04799
   -0.00980
    0.06484
    0.05879
   -0.04890
    0.04850
    0.04832
   -0.00074
   -0.03411
   -0.05247
   -0.01327
    0.04329
    0.02731
    0.04843
   -0.04333
    0.04288
   -0.06283
    0.04076
   -0.02409
   -0.02923
    0.01660
    0.04161
   -0.01892
    0.02351
   -0.00960
    0.01379
    0.03063
   -0.03668
    0.04192
   -0.05468
   -0.02642
    0.00322
   -0.01349
   -0.02161
   -0.01473
    0.02957
    0.01418
   -0.02105
    0.01633
    0.02808
   -0.07331
   -0.06405
   -0.00540
   -0.07571
   -0.00087
   -0.03516
    0.00433
    0.02183
   -0.02055
   -0.06033
   -0.04108
   -0.00929
    0.00516
    0.01648
   -0.01082
    0.07245
    0.05748
    0.00216
   -0.05892
   -0.03688
   -0.04861
    0.02462
   -0.05705
   -0.05288
   -0.00644
   -0.02806
    0.03213
   -0.06701
   -0.05467
   -0.07504
   -0.03206
    0.03190
    0.01042
    0.06460
   -0.00925
   -0.05472
    0.02011
    0.02073
    0.00727
   -0.04165
   -0.00471
    0.03427
   -0.07462
   -0.04737
    0.02572
   -0.05374
    0.02564
    0.00731
    0.06220
   -0.03303
    0.01533
    0.05270
   -0.05857
    0.00562
    0.02694
   -0.05400
   -0.00444
    0.01059
   -0.01994
   -0.05024
    0.03671
    0.03760
    0.02668
   -0.04962
    0.02121
    0.06550
   -0.01634
    0.00137
   -0.03867
    0.03081
   -0.02323
   -0.00073
    0.01622
    0.03763
    0.04370
   -0.05652
    0.05762
   -0.03230
   -0.04711
   -0.05808
    0.01396
   -0.02014
   -0.06176
   -0.02002
   -0.03773
    0.04992
   -0.07382
    0.02995
   -0.03048
    0.04505
   -0.06179
    0.02549
    0.03796
   -0.01516
   -0.06657
   -0.00498
    0.01878
    0.01604
   -0.06016
   -0.03796
   -0.00271
    0.01578
    0.02204
   -0.02850
   -0.07305
    0.02067
   -0.00617
   -0.06339
   -0.02045
   -0.06007
    0.04726
    0.00256
    0.02181
   -0.02469
    0.06996
    0.01134
    0.04486
    0.03075
   -0.02133
    0.05080
    0.01910
    0.00622
    0.00463
   -0.01826
    0.01266
    0.02687
    0.05794
    0.04332
    0.00086
    0.05678
   -0.06311
   -0.02353
    0.05013
    0.04082
    0.03101
    0.02582
   -0.04393
    0.04312
    0.02435
    0.01916
   -0.05075
   -0.05909
   -0.02223
    0.05259
    0.03038
    0.06424
   -0.03770
   -0.03890
   -0.08030
   -0.05444
   -0.06540
    0.00514
   -0.05674
   -0.00702
   -0.03181
    0.06021
    0.00081
    0.00777
   -0.04976
   -0.03413
    0.05610
    0.04745
   -0.05438
    0.01506
   -0.00629
   -0.04933
    0.04562
    0.04381
   -0.02581
    0.03564
   -0.00846
   -0.02616
    0.07291
   -0.05026
   -0.03660
   -0.01311
    0.02075
   -0.05640
    0.05009
   -0.02788
   -0.00948
    0.02064
   -0.03959
    0.05634
    0.01108
    0.01842
    0.06221
   -0.06889
   -0.01673
    0.04205
   -0.00882
    0.02074
   -0.03696
   -0.05855
    0.02255
    0.02574
    0.03332
    0.00267
    0.04862
    0.04609
   -0.05793
    0.00293
    0.03265
    0.01545
   -0.06408
   -0.03935
    0.00703
   -0.01104
   -0.05219
   -0.03250
    0.05159
    0.03583
   -0.06461
   -0.05388
   -0.01827
    0.01955
    0.03406
    0.05722
    0.03852
   -0.05492
    0.01792
    0.06244
   -0.04233
   -0.04316
   -0.01381
   -0.05782
   -0.03355
    0.05198
    0.06428
    0.05337
    0.00845
    0.04418
    0.02944
    0.04372
    0.03798
   -0.01496
    0.05837
   -0.02505
   -0.01255
   -0.01595
    0.00134
   -0.01772
    0.03344
   -0.02746
    0.06432
    0.04803
    0.04150
    0.05261
   -0.06010
   -0.00333
    0.03847
    0.05336
    0.05811
   -0.06852
   -0.00085
    0.06917
   -0.06776
    0.03499
   -0.01883
   -0.04199
    0.00594
   -0.06223
   -0.03048
   -0.02525
    0.04618
    0.05981
    0.04031
    0.00536
   -0.05816
   -0.04079
   -0.00345
    0.03587
    0.04982
    0.05418
    0.02861
    0.00585
   -0.02772
    0.03052
    0.02077
    0.02366
   -0.05126
    0.00712
    0.00361
   -0.05042
   -0.01421
   -0.02651
    0.03773
   -0.00905
    0.05862
    0.03376
   -0.06985
    0.05068
    0.03468
   -0.00816
    0.05193
   -0.06627
   -0.06024
   -0.01366
   -0.02739
   -0.01954
   -0.06707
    0.03164
   -0.00503
    0.03352

    0.05584
    0.03156
    0.05715
    0.01007
   -0.04903
    0.06806
   -0.05240
   -0.06898
   -0.02291
    0.01761
    0.04597
   -0.02287
    0.03213
    0.01747
    0.04386
   -0.00096
    0.02472
    0.06737
   -0.00066
    0.06376
    0.04580
   -0.05275
   -0.04915
   -0.06574
    0.07648
    0.05556
    0.01734
    0.03763
   -0.03578
   -0.03149
   -0.00810
    0.03171
    0.05442
    0.01859
   -0.04093
   -0.03424
   -0.00423
   -0.03873
    0.04607
   -0.00885
   -0.01650
   -0.06007
    0.00988
   -0.04735
   -0.05722
    0.03816
    0.00295
    0.02192
    0.00799
    0.00228
   -0.04972
   -0.00710
    0.06134
    0.01265
    0.06983
    0.03467
    0.07398
   -0.01125
   -0.00439
    0.02744
    0.06777
    0.06146
   -0.06060
   -0.04687
   -0.03829
    0.00015
   -0.05886
   -0.01917
    0.05159
   -0.01272
   -0.03107
   -0.05286
   -0.03134
    0.02214
   -0.05451
    0.00755
   -0.01203
   -0.03361
    0.00296
   -0.04530
   -0.07270
   -0.02495
    0.02045
    0.06590
   -0.01493
   -0.01574
    0.06428
    0.02587
    0.04894
    0.05131
   -0.04759
   -0.03599
    0.03616
    0.01118
    0.05904
   -0.04089
    0.05782
   -0.00901
   -0.01478
   -0.05618
    0.02645
    0.03085
   -0.04275
   -0.01289
    0.01161
    0.06503
    0.03799
    0.01510
    0.02633
    0.03357
   -0.02718
    0.01317
    0.04023
    0.00580
    0.05485
   -0.01958
   -0.01581
    0.02627
    0.06424
    0.03216
   -0.02360
   -0.02814
   -0.04219
    0.05204
    0.06464
   -0.03895
   -0.03267
   -0.02458
    0.07556
   -0.04565
    0.06265
    0.05506
   -0.04890
   -0.00116
   -0.04734
    0.06206
    0.06367
    0.01026
   -0.01555
   -0.01971
   -0.00099
    0.01958
    0.00540
   -0.02569
   -0.05758
    0.00614
    0.04755
    0.03377
   -0.07600
   -0.00977
   -0.02584
    0.05233
   -0.02799
    0.03468
   -0.01619
   -0.02507
    0.05473
   -0.03589
   -0.06465
   -0.01263
    0.05344
    0.00845
   -0.04257
    0.00527
    0.04064
    0.00827
   -0.04139
   -0.02242
   -0.03154
   -0.03695
   -0.07013
    0.00906
    0.03179
   -0.00047
   -0.06381
   -0.02156
    0.06736
    0.00777
    0.01572
   -0.04262
    0.01276
    0.03613
   -0.01161
    0.04434
    0.05282
    0.03499
   -0.06041
    0.02868
   -0.03611
    0.01287
    0.01028
    0.01418
   -0.04780
   -0.06563
    0.06897
   -0.03498
   -0.05825
    0.02092
   -0.04454
    0.03252
   -0.04122
    0.02824
    0.06092
   -0.03504
   -0.02421
    0.03608
    0.06389
    0.07313
    0.01034
   -0.03205
   -0.05008
   -0.01248
    0.04124
    0.00636
   -0.05189
    0.02960
   -0.01346
   -0.05113
    0.04458
   -0.04983
    0.03306
    0.05125
   -0.02900
    0.06463
   -0.01267
   -0.05977
    0.02465
    0.06461
    0.05628
   -0.01493
   -0.01056
    0.03551
    0.04202
   -0.04009
   -0.06165
    0.01612
   -0.06153
    0.06205
    0.03278
   -0.01653
    0.01697
   -0.03300
   -0.03982
    0.03774
   -0.01729
   -0.06206
   -0.04350
    0.05856
    0.00947
    0.06202
    0.05805
   -0.02522
   -0.01626
   -0.04982
   -0.01059
    0.06136
   -0.04848
   -0.01036
    0.06533
    0.05975
   -0.04923
    0.04900
    0.04848
   -0.00066
   -0.03452
   -0.05330
   -0.01359
    0.04339
    0.02753
    0.04936
   -0.04380
    0.04342
   -0.06308
    0.04108
   -0.02410
   -0.02973
    0.01679
    0.04217
   -0.01846
    0.02342
   -0.00969
    0.01413
    0.03082
   -0.03678
    0.04268
   -0.05547
   -0.02655
    0.00316
   -0.01376
   -0.02160
   -0.01464
    0.02990
    0.01411
   -0.02071
    0.01608
    0.02822
   -0.07407
   -0.06454
   -0.00539
   -0.07641
   -0.00066
   -0.03545
    0.00439
    0.02247
   -0.02052
   -0.06051
   -0.04105
   -0.00920
    0.00486
    0.01664
   -0.01106
    0.07288
    0.05796
    0.00206
   -0.05893
   -0.03738
   -0.04858
    0.02509
   -0.05759
   -0.05363
   -0.00666
   -0.02885
    0.03217
   -0.06737
   -0.05508
   -0.07512
   -0.03219
    0.03206
    0.01045
    0.06551
   -0.00929
   -0.05528
    0.02070
    0.02172
    0.00683
   -0.04139
   -0.00463
    0.03450
   -0.07516
   -0.04791
    0.02569
   -0.05433
    0.02584
    0.00741
    0.06272
   -0.03262
    0.01545
    0.05332
   -0.05953
    0.00588
    0.02744
   -0.05470
   -0.00464
    0.01042
   -0.02021
   -0.05072
    0.03700
    0.03779
    0.02759
   -0.04991
    0.02094
    0.06626
   -0.01597
    0.00162
   -0.03930
    0.03107
   -0.02353
   -0.00069
    0.01650
    0.03771
    0.04441
   -0.05693
    0.05770
   -0.03227
   -0.04751
   -0.05892
    0.01418
   -0.02031
   -0.06235
   -0.02065
   -0.03781
    0.04993
   -0.07451
    0.03077
   -0.03068
    0.04604
   -0.06223
    0.02602
    0.03802
   -0.01476
   -0.06710
   -0.00531
    0.01852
    0.01671
   -0.06036
   -0.03819
   -0.00256
    0.01597
    0.02213
   -0.02838
   -0.07361
    0.02089
   -0.00598
   -0.06387
   -0.02044
   -0.06058
    0.04771
    0.00246
    0.02183
   -0.02446
    0.07056
    0.01119
    0.04471
    0.03141
   -0.02185
    0.05186
    0.01961
    0.00662
    0.00467
   -0.01824
    0.01265
    0.02776
    0.05816
    0.04407
    0.00095
    0.05706
   -0.06380
   -0.02400
    0.05099
    0.04078
    0.03151
    0.02593
   -0.04484
    0.04380
    0.02472
    0.01930
   -0.05091
   -0.05945
   -0.02274
    0.05302
    0.03102
    0.06523
   -0.03810
   -0.03900
   -0.08061
   -0.05462
   -0.06609
    0.00490
   -0.05780
   -0.00657
   -0.03209
    0.06014
    0.00084
    0.00768
   -0.04982
   -0.03435
    0.05689
    0.04779
   -0.05511
    0.01547
   -0.00630
   -0.04939
    0.04594
    0.04395
   -0.02604
    0.03585
   -0.00868
   -0.02614
    0.07286
   -0.05057
   -0.03677
   -0.01353
    0.02115
   -0.05699
    0.05036
   -0.02820
   -0.00976
    0.02045
   -0.04001
    0.05664
    0.01166
    0.01873
    0.06278
   -0.06984
   -0.01679
    0.04256
   -0.00919
    0.02066
   -0.03719
   -0.05867
    0.02320
    0.02565
    0.03415
    0.00207
    0.04872
    0.04652
   -0.05816
    0.00263
    0.03311
    0.01575
   -0.06467
   -0.03961
    0.00734
   -0.01145
   -0.05249
   -0.03227
    0.05147
    0.03623
   -0.06485
   -0.05378
   -0.01857
    0.01922
    0.03433
    0.05761
    0.03902
   -0.05559
    0.01785
    0.06269
   -0.04240
   -0.04328
   -0.01379
   -0.05817
   -0.03387
    0.05266
    0.06468
    0.05353
    0.00892
    0.04442
    0.02974
    0.04406
    0.03829
   -0.01545
    0.05856
   -0.02500
   -0.01264
   -0.01658
    0.00163
   -0.01766
    0.03339
   -0.02778
    0.06489
    0.04859
    0.04181
    0.05293
   -0.06089
   -0.00320
    0.03860
    0.05367
    0.05876
   -0.06923
   -0.00102
    0.06944
   -0.06840
    0.03527
   -0.01943
   -0.04218
    0.00638
   -0.06333
   -0.03067
   -0.02547
    0.04670
    0.06062
    0.04059
    0.00559
   -0.05871
   -0.04127
   -0.00358
    0.03633
    0.05076
    0.05455
    0.02939
    0.00576
   -0.02796
    0.03095
    0.02117
    0.02360
   -0.05191
    0.00732
    0.00392
   -0.05083
   -0.01431
   -0.02745
    0.03806
   -0.00896
    0.05906
    0.03389
   -0.07037
    0.05086
    0.03481
   -0.00777
    0.05223
   -0.06717
   -0.06104
   -0.01319
   -0.02774
   -0.01959
   -0.06717
    0.03153
   -0.00516
    0.03372
