          1          0    0.00000   -0.43930    0.00000   -0.43930    0.00000   -4.58800    4.58800    0.00000
          1          1    0.00485   -0.26395    0.00000   -0.20134    0.00000   -4.58800   -0.26395    0.00000
          2          0    0.00485   -0.11583    0.00000   -0.20134    0.00000   -4.58800   -0.26395   -2.42597
          2        100    2.02649   -0.45257    0.00000   -0.44940    0.00000   -4.58800   -0.26395   -2.42597
          2        200    3.42639   -0.46426    0.00000   -0.46753    0.00000   -4.58800   -0.26395   -2.42597
          2        300    5.00182   -0.47036    0.00000   -0.47300    0.00000   -4.58800   -0.26395   -2.42597
          2        400    7.35025   -0.47417    0.00000   -0.47923    0.00000   -4.58800   -0.26395   -2.42597
          2        500    8.81459   -0.47679    0.00000   -0.48164    0.00000   -4.58800   -0.26395   -2.42597
          2        600   10.58279   -0.47867    0.00000   -0.48315    0.00000   -4.58800   -0.26395   -2.42597
          2        700   11.99870   -0.48010    0.00000   -0.48412    0.00000   -4.58800   -0.26395   -2.42597
          2        800   13.56661   -0.48122    0.00000   -0.48482    0.00000   -4.58800   -0.26395   -2.42597
          2        900   15.19970   -0.48214    0.00000   -0.48563    0.00000   -4.58800   -0.26395   -2.42597
          2       1000   16.88945   -0.48291    0.00000   -0.48634    0.00000   -4.58800   -0.26395   -2.42597
          2       1100   17.85486   -0.48357    0.00000   -0.48727    0.00000   -4.58800   -0.26395   -2.42597
          2       1200   19.08376   -0.48415    0.00000   -0.48749    0.00000   -4.58800   -0.26395   -2.42597
          2       1300   20.73553   -0.48465    0.00000   -0.48795    0.00000   -4.58800   -0.26395   -2.42597
          2       1400   22.51732   -0.48508    0.00000   -0.48823    0.00000   -4.58800   -0.26395   -2.42597
          2       1500   24.11886   -0.48546    0.00000   -0.48839    0.00000   -4.58800   -0.26395   -2.42597
          2       1600   25.96370   -0.48581    0.00000   -0.48817    0.00000   -4.58800   -0.26395   -2.42597
          2       1700   28.07455   -0.48612    0.00000   -0.48888    0.00000   -4.58800   -0.26395   -2.42597
          2       1800   29.41884   -0.48640    0.00000   -0.48913    0.00000   -4.58800   -0.26395   -2.42597
          2       1900   31.12358   -0.48665    0.00000   -0.48927    0.00000   -4.58800   -0.26395   -2.42597
          2       2000   32.54351   -0.48689    0.00000   -0.48931    0.00000   -4.58800   -0.26395   -2.42597
          2       2100   34.25555   -0.48711    0.00000   -0.48941    0.00000   -4.58800   -0.26395   -2.42597
          2       2200   35.45146   -0.48731    0.00000   -0.48965    0.00000   -4.58800   -0.26395   -2.42597
          2       2300   36.43524   -0.48750    0.00000   -0.48943    0.00000   -4.58800   -0.26395   -2.42597
          2       2400   38.28367   -0.48767    0.00000   -0.48996    0.00000   -4.58800   -0.26395   -2.42597
          2       2500   39.91087   -0.48783    0.00000   -0.49004    0.00000   -4.58800   -0.26395   -2.42597
          2       2600   41.80695   -0.48798    0.00000   -0.49010    0.00000   -4.58800   -0.26395   -2.42597
          2       2700   43.27192   -0.48812    0.00000   -0.49001    0.00000   -4.58800   -0.26395   -2.42597
          2       2800   45.25143   -0.48825    0.00000   -0.49028    0.00000   -4.58800   -0.26395   -2.42597
          2       2900   46.89948   -0.48837    0.00000   -0.49035    0.00000   -4.58800   -0.26395   -2.42597
          2       3000   48.33791   -0.48848    0.00000   -0.49040    0.00000   -4.58800   -0.26395   -2.42597
          2       3100   50.13078   -0.48859    0.00000   -0.49045    0.00000   -4.58800   -0.26395   -2.42597
          2       3200   51.62299   -0.48870    0.00000   -0.49040    0.00000   -4.58800   -0.26395   -2.42597
          2       3300   53.10986   -0.48879    0.00000   -0.49056    0.00000   -4.58800   -0.26395   -2.42597
          2       3400   55.08044   -0.48889    0.00000   -0.49062    0.00000   -4.58800   -0.26395   -2.42597
          2       3500   57.05013   -0.48897    0.00000   -0.49064    0.00000   -4.58800   -0.26395   -2.42597
          2       3600   58.31828   -0.48906    0.00000   -0.49076    0.00000   -4.58800   -0.26395   -2.42597
          2       3700   60.20398   -0.48914    0.00000   -0.49090    0.00000   -4.58800   -0.26395   -2.42597
          2       3800   61.54193   -0.48922    0.00000   -0.49092    0.00000   -4.58800   -0.26395   -2.42597
          2       3900   62.82307   -0.48929    0.00000   -0.49094    0.00000   -4.58800   -0.26395   -2.42597
          2       4000   64.91433   -0.48936    0.00000   -0.49097    0.00000   -4.58800   -0.26395   -2.42597
          2       4100   66.13651   -0.48943    0.00000   -0.49100    0.00000   -4.58800   -0.26395   -2.42597
          2       4200   67.89045   -0.48949    0.00000   -0.49097    0.00000   -4.58800   -0.26395   -2.42597
          2       4300   69.66855   -0.48956    0.00000   -0.49082    0.00000   -4.58800   -0.26395   -2.42597
          2       4400   70.88965   -0.48962    0.00000   -0.49114    0.00000   -4.58800   -0.26395   -2.42597
          2       4500   72.53418   -0.48967    0.00000   -0.49119    0.00000   -4.58800   -0.26395   -2.42597
          2       4600   73.73166   -0.48973    0.00000   -0.49122    0.00000   -4.58800   -0.26395   -2.42597
          2       4700   75.17599   -0.48978    0.00000   -0.49124    0.00000   -4.58800   -0.26395   -2.42597
          2       4800   76.79702   -0.48984    0.00000   -0.49126    0.00000   -4.58800   -0.26395   -2.42597
          2       4900   78.35099   -0.48989    0.00000   -0.49128    0.00000   -4.58800   -0.26395   -2.42597
          2       5000   80.45930   -0.48993    0.00000   -0.49130    0.00000   -4.58800   -0.26395   -2.42597
          2       5100   82.21456   -0.48998    0.00000   -0.49105    0.00000   -4.58800   -0.26395   -2.42597
          2       5200   83.74841   -0.49002    0.00000   -0.49138    0.00000   -4.58800   -0.26395   -2.42597
          2       5300   85.36021   -0.49007    0.00000   -0.49140    0.00000   -4.58800   -0.26395   -2.42597
          2       5400   87.72762   -0.49011    0.00000   -0.49142    0.00000   -4.58800   -0.26395   -2.42597
          2       5500   89.15141   -0.49015    0.00000   -0.49144    0.00000   -4.58800   -0.26395   -2.42597
          2       5600   91.14406   -0.49019    0.00000   -0.49145    0.00000   -4.58800   -0.26395   -2.42597
          2       5700   92.99354   -0.49023    0.00000   -0.49147    0.00000   -4.58800   -0.26395   -2.42597
          2       5800   94.60513   -0.49026    0.00000   -0.49149    0.00000   -4.58800   -0.26395   -2.42597
          2       5900   96.45247   -0.49030    0.00000   -0.49147    0.00000   -4.58800   -0.26395   -2.42597
          2       6000   98.06007   -0.49033    0.00000   -0.49147    0.00000   -4.58800   -0.26395   -2.42597
          2       6100   99.22066   -0.49037    0.00000   -0.49160    0.00000   -4.58800   -0.26395   -2.42597
          2       6200  101.65607   -0.49040    0.00000   -0.49163    0.00000   -4.58800   -0.26395   -2.42597
          2       6300  103.54470   -0.49044    0.00000   -0.49164    0.00000   -4.58800   -0.26395   -2.42597
          2       6400  105.05802   -0.49047    0.00000   -0.49161    0.00000   -4.58800   -0.26395   -2.42597
          2       6500  106.59323   -0.49050    0.00000   -0.49158    0.00000   -4.58800   -0.26395   -2.42597
          2       6600  108.18487   -0.49053    0.00000   -0.49169    0.00000   -4.58800   -0.26395   -2.42597
          2       6700  109.77008   -0.49056    0.00000   -0.49171    0.00000   -4.58800   -0.26395   -2.42597
          2       6800  111.06914   -0.49059    0.00000   -0.49172    0.00000   -4.58800   -0.26395   -2.42597
          2       6900  112.43371   -0.49061    0.00000   -0.49173    0.00000   -4.58800   -0.26395   -2.42597
          2       7000  113.49405   -0.49064    0.00000   -0.49174    0.00000   -4.58800   -0.26395   -2.42597
          2       7100  115.39439   -0.49067    0.00000   -0.49169    0.00000   -4.58800   -0.26395   -2.42597
          2       7200  116.91706   -0.49069    0.00000   -0.49173    0.00000   -4.58800   -0.26395   -2.42597
          2       7300  119.03930   -0.49072    0.00000   -0.49179    0.00000   -4.58800   -0.26395   -2.42597
          2       7400  120.34171   -0.49074    0.00000   -0.49181    0.00000   -4.58800   -0.26395   -2.42597
          2       7500  122.13945   -0.49076    0.00000   -0.49182    0.00000   -4.58800   -0.26395   -2.42597
          2       7600  123.45146   -0.49079    0.00000   -0.49183    0.00000   -4.58800   -0.26395   -2.42597
          2       7700  125.70075   -0.49081    0.00000   -0.49183    0.00000   -4.58800   -0.26395   -2.42597
          2       7800  127.54166   -0.49083    0.00000   -0.49182    0.00000   -4.58800   -0.26395   -2.42597
          2       7900  129.52399   -0.49086    0.00000   -0.49175    0.00000   -4.58800   -0.26395   -2.42597
          2       8000  130.91535   -0.49088    0.00000   -0.49187    0.00000   -4.58800   -0.26395   -2.42597
          2       8100  132.41802   -0.49090    0.00000   -0.49189    0.00000   -4.58800   -0.26395   -2.42597
          2       8200  134.55844   -0.49092    0.00000   -0.49190    0.00000   -4.58800   -0.26395   -2.42597
          2       8300  136.32968   -0.49094    0.00000   -0.49191    0.00000   -4.58800   -0.26395   -2.42597
          2       8400  138.15468   -0.49096    0.00000   -0.49192    0.00000   -4.58800   -0.26395   -2.42597
          2       8500  140.04916   -0.49098    0.00000   -0.49192    0.00000   -4.58800   -0.26395   -2.42597
          2       8600  141.84532   -0.49099    0.00000   -0.49191    0.00000   -4.58800   -0.26395   -2.42597
          2       8700  143.36135   -0.49101    0.00000   -0.49183    0.00000   -4.58800   -0.26395   -2.42597
          2       8800  145.24506   -0.49103    0.00000   -0.49196    0.00000   -4.58800   -0.26395   -2.42597
          2       8900  147.83737   -0.49105    0.00000   -0.49197    0.00000   -4.58800   -0.26395   -2.42597
          2       9000  149.09847   -0.49107    0.00000   -0.49198    0.00000   -4.58800   -0.26395   -2.42597
          2       9100  150.23391   -0.49108    0.00000   -0.49199    0.00000   -4.58800   -0.26395   -2.42597
          2       9200  151.51192   -0.49110    0.00000   -0.49200    0.00000   -4.58800   -0.26395   -2.42597
          2       9300  152.77247   -0.49112    0.00000   -0.49206    0.00000   -4.58800   -0.26395   -2.42597
          2       9400  154.14305   -0.49113    0.00000   -0.49213    0.00000   -4.58800   -0.26395   -2.42597
          2       9500  155.82603   -0.49115    0.00000   -0.49207    0.00000   -4.58800   -0.26395   -2.42597
          2       9600  157.88268   -0.49116    0.00000   -0.49207    0.00000   -4.58800   -0.26395   -2.42597
          2       9700  158.99016   -0.49118    0.00000   -0.49208    0.00000   -4.58800   -0.26395   -2.42597
          2       9800  160.62667   -0.49119    0.00000   -0.49209    0.00000   -4.58800   -0.26395   -2.42597
          2       9900  162.81642   -0.49121    0.00000   -0.49209    0.00000   -4.58800   -0.26395   -2.42597
          2      10000  164.28329   -0.49122    0.00000   -0.49210    0.00000   -4.58800   -0.26395   -2.42597
          2      10100  165.89707   -0.49124    0.00000   -0.49211    0.00000   -4.58800   -0.26395   -2.42597
          2      10200  167.55651   -0.49125    0.00000   -0.49211    0.00000   -4.58800   -0.26395   -2.42597
          2      10300  169.16889   -0.49127    0.00000   -0.49212    0.00000   -4.58800   -0.26395   -2.42597
          2      10400  170.85484   -0.49128    0.00000   -0.49212    0.00000   -4.58800   -0.26395   -2.42597
          2      10500  172.58769   -0.49129    0.00000   -0.49213    0.00000   -4.58800   -0.26395   -2.42597
          2      10600  174.44151   -0.49131    0.00000   -0.49210    0.00000   -4.58800   -0.26395   -2.42597
          2      10700  176.06950   -0.49132    0.00000   -0.49213    0.00000   -4.58800   -0.26395   -2.42597
          2      10800  177.37542   -0.49133    0.00000   -0.49217    0.00000   -4.58800   -0.26395   -2.42597
          2      10900  178.65936   -0.49134    0.00000   -0.49217    0.00000   -4.58800   -0.26395   -2.42597
          2      11000  180.07838   -0.49136    0.00000   -0.49218    0.00000   -4.58800   -0.26395   -2.42597
          2      11100  181.56509   -0.49137    0.00000   -0.49218    0.00000   -4.58800   -0.26395   -2.42597
          2      11200  182.45111   -0.49138    0.00000   -0.49219    0.00000   -4.58800   -0.26395   -2.42597
          2      11300  183.63702   -0.49139    0.00000   -0.49219    0.00000   -4.58800   -0.26395   -2.42597
          2      11400  185.28199   -0.49140    0.00000   -0.49220    0.00000   -4.58800   -0.26395   -2.42597
          2      11500  186.99966   -0.49142    0.00000   -0.49220    0.00000   -4.58800   -0.26395   -2.42597
          2      11600  188.55485   -0.49143    0.00000   -0.49221    0.00000   -4.58800   -0.26395   -2.42597
          2      11700  190.33292   -0.49144    0.00000   -0.49221    0.00000   -4.58800   -0.26395   -2.42597
          2      11800  192.13471   -0.49145    0.00000   -0.49221    0.00000   -4.58800   -0.26395   -2.42597
          2      11900  193.84559   -0.49146    0.00000   -0.49222    0.00000   -4.58800   -0.26395   -2.42597
          2      12000  195.33275   -0.49147    0.00000   -0.49222    0.00000   -4.58800   -0.26395   -2.42597
          2      12100  196.21346   -0.49148    0.00000   -0.49223    0.00000   -4.58800   -0.26395   -2.42597
          2      12200  198.23100   -0.49149    0.00000   -0.49219    0.00000   -4.58800   -0.26395   -2.42597
          2      12300  199.77981   -0.49150    0.00000   -0.49223    0.00000   -4.58800   -0.26395   -2.42597
          2      12400  201.14752   -0.49151    0.00000   -0.49225    0.00000   -4.58800   -0.26395   -2.42597
          2      12500  202.71482   -0.49152    0.00000   -0.49227    0.00000   -4.58800   -0.26395   -2.42597
          2      12600  204.54191   -0.49153    0.00000   -0.49228    0.00000   -4.58800   -0.26395   -2.42597
          2      12700  205.52391   -0.49154    0.00000   -0.49229    0.00000   -4.58800   -0.26395   -2.42597
          2      12800  207.11359   -0.49155    0.00000   -0.49230    0.00000   -4.58800   -0.26395   -2.42597
          2      12900  208.46651   -0.49156    0.00000   -0.49229    0.00000   -4.58800   -0.26395   -2.42597
          2      13000  209.95881   -0.49157    0.00000   -0.49228    0.00000   -4.58800   -0.26395   -2.42597
          2      13100  212.00386   -0.49158    0.00000   -0.49228    0.00000   -4.58800   -0.26395   -2.42597
          2      13200  213.52395   -0.49159    0.00000   -0.49231    0.00000   -4.58800   -0.26395   -2.42597
          2      13300  214.94747   -0.49160    0.00000   -0.49232    0.00000   -4.58800   -0.26395   -2.42597
          2      13400  215.98052   -0.49160    0.00000   -0.49233    0.00000   -4.58800   -0.26395   -2.42597
          2      13500  217.87168   -0.49161    0.00000   -0.49233    0.00000   -4.58800   -0.26395   -2.42597
          2      13600  219.23617   -0.49162    0.00000   -0.49234    0.00000   -4.58800   -0.26395   -2.42597
          2      13700  220.62883   -0.49163    0.00000   -0.49234    0.00000   -4.58800   -0.26395   -2.42597
          2      13800  221.97300   -0.49164    0.00000   -0.49235    0.00000   -4.58800   -0.26395   -2.42597
          2      13900  224.17370   -0.49165    0.00000   -0.49236    0.00000   -4.58800   -0.26395   -2.42597
          2      14000  225.73987   -0.49166    0.00000   -0.49237    0.00000   -4.58800   -0.26395   -2.42597
          2      14100  227.60387   -0.49166    0.00000   -0.49238    0.00000   -4.58800   -0.26395   -2.42597
          2      14200  229.17535   -0.49167    0.00000   -0.49239    0.00000   -4.58800   -0.26395   -2.42597
          2      14300  230.93894   -0.49168    0.00000   -0.49239    0.00000   -4.58800   -0.26395   -2.42597
          2      14400  232.72025   -0.49169    0.00000   -0.49239    0.00000   -4.58800   -0.26395   -2.42597
          2      14500  234.38453   -0.49170    0.00000   -0.49239    0.00000   -4.58800   -0.26395   -2.42597
          2      14600  235.95112   -0.49170    0.00000   -0.49239    0.00000   -4.58800   -0.26395   -2.42597
          2      14700  237.49184   -0.49171    0.00000   -0.49239    0.00000   -4.58800   -0.26395   -2.42597
          2      14800  238.96404   -0.49172    0.00000   -0.49239    0.00000   -4.58800   -0.26395   -2.42597
          2      14900  240.90091   -0.49173    0.00000   -0.49239    0.00000   -4.58800   -0.26395   -2.42597
          2      15000  242.90615   -0.49173    0.00000   -0.49239    0.00000   -4.58800   -0.26395   -2.42597
          2      15100  243.91406   -0.49174    0.00000   -0.49250    0.00000   -4.58800   -0.26395   -2.42597
          2      15200  245.91370   -0.49175    0.00000   -0.49242    0.00000   -4.58800   -0.26395   -2.42597
          2      15300  247.53354   -0.49175    0.00000   -0.49242    0.00000   -4.58800   -0.26395   -2.42597
          2      15400  249.01214   -0.49176    0.00000   -0.49242    0.00000   -4.58800   -0.26395   -2.42597
          2      15500  251.03943   -0.49177    0.00000   -0.49242    0.00000   -4.58800   -0.26395   -2.42597
          2      15600  252.20814   -0.49178    0.00000   -0.49243    0.00000   -4.58800   -0.26395   -2.42597
          2      15700  254.23700   -0.49178    0.00000   -0.49243    0.00000   -4.58800   -0.26395   -2.42597
          2      15800  256.14973   -0.49179    0.00000   -0.49243    0.00000   -4.58800   -0.26395   -2.42597
          2      15900  257.84238   -0.49180    0.00000   -0.49243    0.00000   -4.58800   -0.26395   -2.42597
          2      16000  259.32294   -0.49180    0.00000   -0.49244    0.00000   -4.58800   -0.26395   -2.42597
          2      16100  260.67936   -0.49181    0.00000   -0.49244    0.00000   -4.58800   -0.26395   -2.42597
          2      16200  262.20386   -0.49181    0.00000   -0.49244    0.00000   -4.58800   -0.26395   -2.42597
          2      16300  263.76067   -0.49182    0.00000   -0.49244    0.00000   -4.58800   -0.26395   -2.42597
          2      16400  265.18002   -0.49183    0.00000   -0.49245    0.00000   -4.58800   -0.26395   -2.42597
          2      16500  266.72720   -0.49183    0.00000   -0.49245    0.00000   -4.58800   -0.26395   -2.42597
          2      16600  269.35469   -0.49184    0.00000   -0.49245    0.00000   -4.58800   -0.26395   -2.42597
          2      16700  270.95329   -0.49185    0.00000   -0.49246    0.00000   -4.58800   -0.26395   -2.42597
          2      16800  272.44312   -0.49185    0.00000   -0.49249    0.00000   -4.58800   -0.26395   -2.42597
          2      16900  274.19949   -0.49186    0.00000   -0.49250    0.00000   -4.58800   -0.26395   -2.42597
          2      17000  275.68742   -0.49186    0.00000   -0.49249    0.00000   -4.58800   -0.26395   -2.42597
          2      17100  277.87298   -0.49187    0.00000   -0.49249    0.00000   -4.58800   -0.26395   -2.42597
          2      17200  279.62734   -0.49188    0.00000   -0.49248    0.00000   -4.58800   -0.26395   -2.42597
          2      17300  281.04763   -0.49188    0.00000   -0.49248    0.00000   -4.58800   -0.26395   -2.42597
          2      17400  282.10543   -0.49189    0.00000   -0.49248    0.00000   -4.58800   -0.26395   -2.42597
          2      17500  283.39786   -0.49189    0.00000   -0.49248    0.00000   -4.58800   -0.26395   -2.42597
          2      17600  284.99699   -0.49190    0.00000   -0.49249    0.00000   -4.58800   -0.26395   -2.42597
          2      17700  286.09237   -0.49190    0.00000   -0.49249    0.00000   -4.58800   -0.26395   -2.42597
          2      17800  287.73922   -0.49191    0.00000   -0.49250    0.00000   -4.58800   -0.26395   -2.42597
          2      17900  289.19527   -0.49191    0.00000   -0.49250    0.00000   -4.58800   -0.26395   -2.42597
          2      18000  291.14962   -0.49192    0.00000   -0.49251    0.00000   -4.58800   -0.26395   -2.42597
          2      18100  292.64156   -0.49192    0.00000   -0.49253    0.00000   -4.58800   -0.26395   -2.42597
          2      18200  293.93800   -0.49193    0.00000   -0.49253    0.00000   -4.58800   -0.26395   -2.42597
          2      18300  295.61333   -0.49194    0.00000   -0.49253    0.00000   -4.58800   -0.26395   -2.42597
          2      18400  297.32399   -0.49194    0.00000   -0.49253    0.00000   -4.58800   -0.26395   -2.42597
          2      18500  298.97368   -0.49195    0.00000   -0.49253    0.00000   -4.58800   -0.26395   -2.42597
          2      18600  300.09655   -0.49195    0.00000   -0.49253    0.00000   -4.58800   -0.26395   -2.42597
          2      18700  301.98097   -0.49196    0.00000   -0.49253    0.00000   -4.58800   -0.26395   -2.42597
          2      18800  303.35491   -0.49196    0.00000   -0.49254    0.00000   -4.58800   -0.26395   -2.42597
          2      18900  304.81907   -0.49197    0.00000   -0.49254    0.00000   -4.58800   -0.26395   -2.42597
          2      19000  305.97237   -0.49197    0.00000   -0.49254    0.00000   -4.58800   -0.26395   -2.42597
          2      19100  308.23881   -0.49198    0.00000   -0.49255    0.00000   -4.58800   -0.26395   -2.42597
          2      19200  309.92844   -0.49198    0.00000   -0.49255    0.00000   -4.58800   -0.26395   -2.42597
          2      19300  312.18148   -0.49199    0.00000   -0.49254    0.00000   -4.58800   -0.26395   -2.42597
          2      19400  312.91041   -0.49199    0.00000   -0.49253    0.00000   -4.58800   -0.26395   -2.42597
          2      19500  314.52683   -0.49199    0.00000   -0.49253    0.00000   -4.58800   -0.26395   -2.42597
          2      19600  315.84032   -0.49200    0.00000   -0.49254    0.00000   -4.58800   -0.26395   -2.42597
          2      19700  317.05235   -0.49200    0.00000   -0.49257    0.00000   -4.58800   -0.26395   -2.42597
          2      19800  318.43323   -0.49201    0.00000   -0.49262    0.00000   -4.58800   -0.26395   -2.42597
          2      19900  319.94133   -0.49201    0.00000   -0.49258    0.00000   -4.58800   -0.26395   -2.42597
          2      20000  321.59334   -0.49202    0.00000   -0.49258    0.00000   -4.58800   -0.26395   -2.42597
          2      20100  323.59855   -0.49202    0.00000   -0.49258    0.00000   -4.58800   -0.26395   -2.42597
          2      20200  325.15446   -0.49203    0.00000   -0.49258    0.00000   -4.58800   -0.26395   -2.42597
          2      20300  326.43240   -0.49203    0.00000   -0.49258    0.00000   -4.58800   -0.26395   -2.42597
          2      20400  327.73884   -0.49204    0.00000   -0.49258    0.00000   -4.58800   -0.26395   -2.42597
          2      20500  329.65536   -0.49204    0.00000   -0.49258    0.00000   -4.58800   -0.26395   -2.42597
          2      20600  331.29701   -0.49204    0.00000   -0.49259    0.00000   -4.58800   -0.26395   -2.42597
          2      20700  332.61517   -0.49205    0.00000   -0.49259    0.00000   -4.58800   -0.26395   -2.42597
          2      20800  333.81978   -0.49205    0.00000   -0.49259    0.00000   -4.58800   -0.26395   -2.42597
          2      20900  335.52460   -0.49206    0.00000   -0.49259    0.00000   -4.58800   -0.26395   -2.42597
          2      21000  337.01808   -0.49206    0.00000   -0.49259    0.00000   -4.58800   -0.26395   -2.42597
          2      21100  338.20397   -0.49207    0.00000   -0.49261    0.00000   -4.58800   -0.26395   -2.42597
          2      21200  340.29264   -0.49207    0.00000   -0.49266    0.00000   -4.58800   -0.26395   -2.42597
          2      21300  341.76989   -0.49207    0.00000   -0.49262    0.00000   -4.58800   -0.26395   -2.42597
          2      21400  343.04590   -0.49208    0.00000   -0.49261    0.00000   -4.58800   -0.26395   -2.42597
          2      21500  345.00130   -0.49208    0.00000   -0.49261    0.00000   -4.58800   -0.26395   -2.42597
          2      21600  346.41205   -0.49209    0.00000   -0.49261    0.00000   -4.58800   -0.26395   -2.42597
          2      21700  347.80677   -0.49209    0.00000   -0.49261    0.00000   -4.58800   -0.26395   -2.42597
          2      21800  348.37569   -0.49209    0.00000   -0.49261    0.00000   -4.58800   -0.26395   -2.42597
          2      21900  350.00189   -0.49210    0.00000   -0.49261    0.00000   -4.58800   -0.26395   -2.42597
          2      22000  351.31700   -0.49210    0.00000   -0.49262    0.00000   -4.58800   -0.26395   -2.42597
          2      22100  353.01038   -0.49210    0.00000   -0.49262    0.00000   -4.58800   -0.26395   -2.42597
          2      22200  354.05686   -0.49211    0.00000   -0.49262    0.00000   -4.58800   -0.26395   -2.42597
          2      22300  355.45201   -0.49211    0.00000   -0.49262    0.00000   -4.58800   -0.26395   -2.42597
          2      22400  356.98370   -0.49212    0.00000   -0.49262    0.00000   -4.58800   -0.26395   -2.42597
          2      22500  358.48139   -0.49212    0.00000   -0.49263    0.00000   -4.58800   -0.26395   -2.42597
          2      22600  360.16740   -0.49212    0.00000   -0.49264    0.00000   -4.58800   -0.26395   -2.42597
          2      22700  361.32391   -0.49213    0.00000   -0.49269    0.00000   -4.58800   -0.26395   -2.42597
          2      22800  362.56884   -0.49213    0.00000   -0.49265    0.00000   -4.58800   -0.26395   -2.42597
          2      22900  364.28476   -0.49213    0.00000   -0.49264    0.00000   -4.58800   -0.26395   -2.42597
          2      23000  365.64619   -0.49214    0.00000   -0.49264    0.00000   -4.58800   -0.26395   -2.42597
          2      23100  366.94123   -0.49214    0.00000   -0.49264    0.00000   -4.58800   -0.26395   -2.42597
          2      23200  368.51877   -0.49214    0.00000   -0.49264    0.00000   -4.58800   -0.26395   -2.42597
          2      23300  369.87237   -0.49215    0.00000   -0.49264    0.00000   -4.58800   -0.26395   -2.42597
          2      23400  371.28676   -0.49215    0.00000   -0.49264    0.00000   -4.58800   -0.26395   -2.42597
          2      23500  372.21780   -0.49215    0.00000   -0.49264    0.00000   -4.58800   -0.26395   -2.42597
          2      23600  374.17131   -0.49216    0.00000   -0.49265    0.00000   -4.58800   -0.26395   -2.42597
          2      23700  376.03243   -0.49216    0.00000   -0.49265    0.00000   -4.58800   -0.26395   -2.42597
          2      23800  377.69925   -0.49216    0.00000   -0.49265    0.00000   -4.58800   -0.26395   -2.42597
          2      23900  379.99815   -0.49217    0.00000   -0.49265    0.00000   -4.58800   -0.26395   -2.42597
          2      24000  381.66186   -0.49217    0.00000   -0.49265    0.00000   -4.58800   -0.26395   -2.42597
          2      24100  382.45472   -0.49217    0.00000   -0.49265    0.00000   -4.58800   -0.26395   -2.42597
          2      24200  384.84937   -0.49218    0.00000   -0.49267    0.00000   -4.58800   -0.26395   -2.42597
          2      24300  386.27599   -0.49218    0.00000   -0.49272    0.00000   -4.58800   -0.26395   -2.42597
          2      24400  387.83822   -0.49218    0.00000   -0.49267    0.00000   -4.58800   -0.26395   -2.42597
          2      24500  389.40248   -0.49219    0.00000   -0.49266    0.00000   -4.58800   -0.26395   -2.42597
          2      24600  391.22276   -0.49219    0.00000   -0.49267    0.00000   -4.58800   -0.26395   -2.42597
          2      24700  392.41336   -0.49219    0.00000   -0.49268    0.00000   -4.58800   -0.26395   -2.42597
          2      24800  393.55700   -0.49220    0.00000   -0.49268    0.00000   -4.58800   -0.26395   -2.42597
          2      24900  395.20755   -0.49220    0.00000   -0.49268    0.00000   -4.58800   -0.26395   -2.42597
          2      25000  396.82344   -0.49220    0.00000   -0.49268    0.00000   -4.58800   -0.26395   -2.42597
          2      25100  398.33722   -0.49221    0.00000   -0.49268    0.00000   -4.58800   -0.26395   -2.42597
          2      25200  400.51436   -0.49221    0.00000   -0.49268    0.00000   -4.58800   -0.26395   -2.42597
          2      25300  401.74693   -0.49221    0.00000   -0.49268    0.00000   -4.58800   -0.26395   -2.42597
          2      25400  403.23731   -0.49222    0.00000   -0.49269    0.00000   -4.58800   -0.26395   -2.42597
          2      25500  405.43545   -0.49222    0.00000   -0.49269    0.00000   -4.58800   -0.26395   -2.42597
          2      25600  407.29302   -0.49222    0.00000   -0.49269    0.00000   -4.58800   -0.26395   -2.42597
          2      25700  409.19160   -0.49222    0.00000   -0.49269    0.00000   -4.58800   -0.26395   -2.42597
          2      25800  410.94784   -0.49223    0.00000   -0.49269    0.00000   -4.58800   -0.26395   -2.42597
          2      25900  412.29681   -0.49223    0.00000   -0.49269    0.00000   -4.58800   -0.26395   -2.42597
          2      26000  414.31179   -0.49223    0.00000   -0.49269    0.00000   -4.58800   -0.26395   -2.42597
          2      26100  415.99806   -0.49224    0.00000   -0.49269    0.00000   -4.58800   -0.26395   -2.42597
          2      26200  418.06988   -0.49224    0.00000   -0.49269    0.00000   -4.58800   -0.26395   -2.42597
          2      26300  419.23244   -0.49224    0.00000   -0.49270    0.00000   -4.58800   -0.26395   -2.42597
          2      26400  420.34114   -0.49224    0.00000   -0.49271    0.00000   -4.58800   -0.26395   -2.42597
          2      26500  421.26053   -0.49225    0.00000   -0.49272    0.00000   -4.58800   -0.26395   -2.42597
          2      26600  423.21560   -0.49225    0.00000   -0.49273    0.00000   -4.58800   -0.26395   -2.42597
          2      26700  425.63849   -0.49225    0.00000   -0.49273    0.00000   -4.58800   -0.26395   -2.42597
          2      26800  427.46130   -0.49226    0.00000   -0.49273    0.00000   -4.58800   -0.26395   -2.42597
          2      26900  429.04790   -0.49226    0.00000   -0.49272    0.00000   -4.58800   -0.26395   -2.42597
          2      27000  430.05335   -0.49226    0.00000   -0.49272    0.00000   -4.58800   -0.26395   -2.42597
          2      27100  431.62701   -0.49226    0.00000   -0.49272    0.00000   -4.58800   -0.26395   -2.42597
          2      27200  433.31201   -0.49227    0.00000   -0.49273    0.00000   -4.58800   -0.26395   -2.42597
          2      27300  434.78851   -0.49227    0.00000   -0.49276    0.00000   -4.58800   -0.26395   -2.42597
          2      27400  436.71001   -0.49227    0.00000   -0.49274    0.00000   -4.58800   -0.26395   -2.42597
          2      27500  438.34645   -0.49227    0.00000   -0.49273    0.00000   -4.58800   -0.26395   -2.42597
          2      27600  439.29560   -0.49228    0.00000   -0.49273    0.00000   -4.58800   -0.26395   -2.42597
          2      27700  441.52100   -0.49228    0.00000   -0.49273    0.00000   -4.58800   -0.26395   -2.42597
          2      27800  442.64253   -0.49228    0.00000   -0.49273    0.00000   -4.58800   -0.26395   -2.42597
          2      27900  444.59647   -0.49228    0.00000   -0.49273    0.00000   -4.58800   -0.26395   -2.42597
          2      28000  445.94651   -0.49229    0.00000   -0.49273    0.00000   -4.58800   -0.26395   -2.42597
          2      28100  447.24791   -0.49229    0.00000   -0.49273    0.00000   -4.58800   -0.26395   -2.42597
          2      28200  448.88807   -0.49229    0.00000   -0.49273    0.00000   -4.58800   -0.26395   -2.42597
          2      28300  450.51026   -0.49229    0.00000   -0.49274    0.00000   -4.58800   -0.26395   -2.42597
          2      28400  452.12104   -0.49230    0.00000   -0.49274    0.00000   -4.58800   -0.26395   -2.42597
          2      28500  453.82588   -0.49230    0.00000   -0.49274    0.00000   -4.58800   -0.26395   -2.42597
          2      28600  455.47142   -0.49230    0.00000   -0.49275    0.00000   -4.58800   -0.26395   -2.42597
          2      28700  457.56734   -0.49230    0.00000   -0.49278    0.00000   -4.58800   -0.26395   -2.42597
          2      28800  459.73871   -0.49231    0.00000   -0.49276    0.00000   -4.58800   -0.26395   -2.42597
          2      28900  461.72210   -0.49231    0.00000   -0.49275    0.00000   -4.58800   -0.26395   -2.42597
          2      29000  462.45578   -0.49231    0.00000   -0.49275    0.00000   -4.58800   -0.26395   -2.42597
          2      29100  464.15237   -0.49231    0.00000   -0.49275    0.00000   -4.58800   -0.26395   -2.42597
          2      29200  465.85039   -0.49232    0.00000   -0.49275    0.00000   -4.58800   -0.26395   -2.42597
          2      29300  467.39849   -0.49232    0.00000   -0.49275    0.00000   -4.58800   -0.26395   -2.42597
          2      29400  469.08246   -0.49232    0.00000   -0.49275    0.00000   -4.58800   -0.26395   -2.42597
          2      29500  470.71546   -0.49232    0.00000   -0.49275    0.00000   -4.58800   -0.26395   -2.42597
          2      29600  472.29020   -0.49233    0.00000   -0.49275    0.00000   -4.58800   -0.26395   -2.42597
          2      29700  473.96934   -0.49233    0.00000   -0.49275    0.00000   -4.58800   -0.26395   -2.42597
          2      29800  475.44122   -0.49233    0.00000   -0.49275    0.00000   -4.58800   -0.26395   -2.42597
          2      29900  477.83858   -0.49233    0.00000   -0.49276    0.00000   -4.58800   -0.26395   -2.42597
          2      30000  479.38977   -0.49234    0.00000   -0.49276    0.00000   -4.58800   -0.26395   -2.42597
          2      30100  480.99887   -0.49234    0.00000   -0.49278    0.00000   -4.58800   -0.26395   -2.42597
          2      30200  482.14554   -0.49234    0.00000   -0.49279    0.00000   -4.58800   -0.26395   -2.42597
          2      30300  483.80361   -0.49234    0.00000   -0.49277    0.00000   -4.58800   -0.26395   -2.42597
          2      30400  485.61200   -0.49234    0.00000   -0.49277    0.00000   -4.58800   -0.26395   -2.42597
          2      30500  487.27013   -0.49235    0.00000   -0.49277    0.00000   -4.58800   -0.26395   -2.42597
          2      30600  488.77620   -0.49235    0.00000   -0.49277    0.00000   -4.58800   -0.26395   -2.42597
          2      30700  490.23619   -0.49235    0.00000   -0.49277    0.00000   -4.58800   -0.26395   -2.42597
          2      30800  492.10194   -0.49235    0.00000   -0.49277    0.00000   -4.58800   -0.26395   -2.42597
          2      30900  493.90261   -0.49236    0.00000   -0.49277    0.00000   -4.58800   -0.26395   -2.42597
          2      31000  495.19358   -0.49236    0.00000   -0.49277    0.00000   -4.58800   -0.26395   -2.42597
          2      31100  496.68576   -0.49236    0.00000   -0.49277    0.00000   -4.58800   -0.26395   -2.42597
          2      31200  498.60149   -0.49236    0.00000   -0.49277    0.00000   -4.58800   -0.26395   -2.42597
          2      31300  500.19616   -0.49236    0.00000   -0.49277    0.00000   -4.58800   -0.26395   -2.42597
          2      31400  501.93478   -0.49237    0.00000   -0.49277    0.00000   -4.58800   -0.26395   -2.42597
          2      31500  503.45103   -0.49237    0.00000   -0.49278    0.00000   -4.58800   -0.26395   -2.42597
          2      31600  504.80264   -0.49237    0.00000   -0.49279    0.00000   -4.58800   -0.26395   -2.42597
          2      31700  506.52940   -0.49237    0.00000   -0.49281    0.00000   -4.58800   -0.26395   -2.42597
          2      31800  508.02668   -0.49237    0.00000   -0.49280    0.00000   -4.58800   -0.26395   -2.42597
          2      31900  509.55953   -0.49238    0.00000   -0.49278    0.00000   -4.58800   -0.26395   -2.42597
          2      32000  510.90618   -0.49238    0.00000   -0.49278    0.00000   -4.58800   -0.26395   -2.42597
          2      32100  512.58698   -0.49238    0.00000   -0.49278    0.00000   -4.58800   -0.26395   -2.42597
          2      32200  514.31486   -0.49238    0.00000   -0.49278    0.00000   -4.58800   -0.26395   -2.42597
          2      32300  515.97657   -0.49238    0.00000   -0.49278    0.00000   -4.58800   -0.26395   -2.42597
          2      32400  517.61892   -0.49239    0.00000   -0.49278    0.00000   -4.58800   -0.26395   -2.42597
          2      32500  518.80790   -0.49239    0.00000   -0.49279    0.00000   -4.58800   -0.26395   -2.42597
          2      32600  520.33467   -0.49239    0.00000   -0.49279    0.00000   -4.58800   -0.26395   -2.42597
          2      32700  521.98526   -0.49239    0.00000   -0.49279    0.00000   -4.58800   -0.26395   -2.42597
          2      32800  523.22073   -0.49239    0.00000   -0.49279    0.00000   -4.58800   -0.26395   -2.42597
          2      32900  525.07637   -0.49240    0.00000   -0.49279    0.00000   -4.58800   -0.26395   -2.42597
          2      33000  526.47843   -0.49240    0.00000   -0.49279    0.00000   -4.58800   -0.26395   -2.42597
          2      33100  528.00999   -0.49240    0.00000   -0.49280    0.00000   -4.58800   -0.26395   -2.42597
          2      33200  529.64021   -0.49240    0.00000   -0.49282    0.00000   -4.58800   -0.26395   -2.42597
          2      33300  530.88289   -0.49240    0.00000   -0.49283    0.00000   -4.58800   -0.26395   -2.42597
          2      33400  532.49539   -0.49241    0.00000   -0.49281    0.00000   -4.58800   -0.26395   -2.42597
          2      33500  534.31629   -0.49241    0.00000   -0.49280    0.00000   -4.58800   -0.26395   -2.42597
          2      33600  535.87787   -0.49241    0.00000   -0.49281    0.00000   -4.58800   -0.26395   -2.42597
          2      33700  537.56194   -0.49241    0.00000   -0.49281    0.00000   -4.58800   -0.26395   -2.42597
          2      33800  539.08882   -0.49241    0.00000   -0.49281    0.00000   -4.58800   -0.26395   -2.42597
          2      33900  540.96401   -0.49242    0.00000   -0.49281    0.00000   -4.58800   -0.26395   -2.42597
          2      34000  542.68944   -0.49242    0.00000   -0.49281    0.00000   -4.58800   -0.26395   -2.42597
          2      34100  544.32095   -0.49242    0.00000   -0.49281    0.00000   -4.58800   -0.26395   -2.42597
          2      34200  546.12550   -0.49242    0.00000   -0.49281    0.00000   -4.58800   -0.26395   -2.42597
          2      34300  547.72316   -0.49242    0.00000   -0.49281    0.00000   -4.58800   -0.26395   -2.42597
          2      34400  548.46435   -0.49242    0.00000   -0.49281    0.00000   -4.58800   -0.26395   -2.42597
          2      34500  550.01062   -0.49243    0.00000   -0.49281    0.00000   -4.58800   -0.26395   -2.42597
          2      34600  551.75720   -0.49243    0.00000   -0.49282    0.00000   -4.58800   -0.26395   -2.42597
          2      34700  553.54133   -0.49243    0.00000   -0.49282    0.00000   -4.58800   -0.26395   -2.42597
          2      34800  555.06588   -0.49243    0.00000   -0.49282    0.00000   -4.58800   -0.26395   -2.42597
          2      34900  556.65987   -0.49243    0.00000   -0.49282    0.00000   -4.58800   -0.26395   -2.42597
          2      35000  558.39536   -0.49244    0.00000   -0.49282    0.00000   -4.58800   -0.26395   -2.42597
          2      35100  559.96514   -0.49244    0.00000   -0.49282    0.00000   -4.58800   -0.26395   -2.42597
          2      35200  561.13218   -0.49244    0.00000   -0.49282    0.00000   -4.58800   -0.26395   -2.42597
          2      35300  562.78880   -0.49244    0.00000   -0.49285    0.00000   -4.58800   -0.26395   -2.42597
          2      35400  564.91352   -0.49244    0.00000   -0.49285    0.00000   -4.58800   -0.26395   -2.42597
          2      35500  566.27002   -0.49244    0.00000   -0.49283    0.00000   -4.58800   -0.26395   -2.42597
          2      35600  568.19381   -0.49245    0.00000   -0.49283    0.00000   -4.58800   -0.26395   -2.42597
          2      35700  569.74146   -0.49245    0.00000   -0.49283    0.00000   -4.58800   -0.26395   -2.42597
          2      35800  571.44758   -0.49245    0.00000   -0.49283    0.00000   -4.58800   -0.26395   -2.42597
          2      35900  573.21871   -0.49245    0.00000   -0.49283    0.00000   -4.58800   -0.26395   -2.42597
          2      36000  574.45981   -0.49245    0.00000   -0.49283    0.00000   -4.58800   -0.26395   -2.42597
          2      36100  575.89325   -0.49245    0.00000   -0.49283    0.00000   -4.58800   -0.26395   -2.42597
          2      36200  577.55801   -0.49246    0.00000   -0.49283    0.00000   -4.58800   -0.26395   -2.42597
          2      36300  578.93591   -0.49246    0.00000   -0.49283    0.00000   -4.58800   -0.26395   -2.42597
          2      36400  580.47097   -0.49246    0.00000   -0.49283    0.00000   -4.58800   -0.26395   -2.42597
          2      36500  582.59287   -0.49246    0.00000   -0.49283    0.00000   -4.58800   -0.26395   -2.42597
          2      36600  583.85966   -0.49246    0.00000   -0.49283    0.00000   -4.58800   -0.26395   -2.42597
          2      36700  585.11874   -0.49246    0.00000   -0.49283    0.00000   -4.58800   -0.26395   -2.42597
          2      36800  587.10256   -0.49247    0.00000   -0.49284    0.00000   -4.58800   -0.26395   -2.42597
          2      36900  588.98023   -0.49247    0.00000   -0.49284    0.00000   -4.58800   -0.26395   -2.42597
          2      37000  590.45050   -0.49247    0.00000   -0.49284    0.00000   -4.58800   -0.26395   -2.42597
          2      37100  591.17672   -0.49247    0.00000   -0.49284    0.00000   -4.58800   -0.26395   -2.42597
          2      37200  592.78110   -0.49247    0.00000   -0.49284    0.00000   -4.58800   -0.26395   -2.42597
          2      37300  594.18567   -0.49247    0.00000   -0.49284    0.00000   -4.58800   -0.26395   -2.42597
          2      37400  595.41239   -0.49248    0.00000   -0.49284    0.00000   -4.58800   -0.26395   -2.42597
          2      37500  596.39563   -0.49248    0.00000   -0.49285    0.00000   -4.58800   -0.26395   -2.42597
          2      37600  597.59272   -0.49248    0.00000   -0.49288    0.00000   -4.58800   -0.26395   -2.42597
          2      37700  599.17174   -0.49248    0.00000   -0.49285    0.00000   -4.58800   -0.26395   -2.42597
          2      37797  600.01481   -0.49248    0.00000   -0.49335    0.00000   -4.58800   -0.26395   -2.42597
