   10000000
          6
  147.71121
   -1.00869
    0.00000
   -1.02175
    0.00000

   -0.06452
   -0.03541
    0.03759
    0.06949
    0.02747
   -0.05306
   -0.00790
   -0.05415
   -0.00913
   -0.04172
   -0.02789
   -0.06605
   -0.04277
    0.00455
   -0.02427
   -0.03675
   -0.01040
   -0.02006
    0.04536
    0.00099
   -0.04417
   -0.06934
    0.03300
    0.00742
    0.01538
    0.04051
    0.03819
    0.01395
   -0.06573
   -0.02495
   -0.00905
    0.05359
   -0.02080
   -0.00786
   -0.05005
    0.04778
   -0.05933
    0.04323
   -0.00283
   -0.06249
   -0.02512
   -0.00233
    0.04406
   -0.02525
    0.06022
   -0.06989
    0.04274
    0.04842
   -0.05376
   -0.05663
   -0.04757
   -0.03754
   -0.06163
   -0.01261
    0.02449
    0.02470
    0.00151
   -0.06019
   -0.00312
    0.04291
    0.04962
    0.01962
    0.06152
    0.02837
    0.03321
    0.00329
    0.05079
    0.01301
    0.01177
    0.05492
   -0.04786
    0.02549
    0.03550
    0.05788
   -0.01683
   -0.02352
    0.00028
    0.00249
    0.02264
    0.04016
    0.03119
   -0.05669
   -0.05498
    0.04313
    0.05220
   -0.05834
    0.00339
   -0.03532
    0.00772
    0.00774
    0.05185
   -0.06300
    0.02437
    0.04653
    0.05503
    0.00958
   -0.05410
   -0.01669
   -0.03798
   -0.04795
    0.05368
    0.03755
   -0.00447
    0.02535
    0.01752
    0.05855
   -0.01109
    0.03978
   -0.04507
   -0.00478
    0.02491
   -0.03935
    0.01943
   -0.04676
    0.00016
   -0.06999
   -0.06242
   -0.02776
   -0.04323
   -0.05262
    0.02621
   -0.02478
   -0.05683
    0.04321
    0.05247
    0.03700
   -0.03635
   -0.04830
    0.07094
   -0.01731
    0.00637
   -0.00773
    0.04714
    0.04322
    0.00469
   -0.06037
    0.02695
   -0.04800
    0.06551
    0.05515
   -0.00675
    0.00225
   -0.06193
   -0.00489
   -0.02457
   -0.03286
    0.05453
   -0.04568
    0.06941
    0.00055
   -0.05979
   -0.03055
    0.03707
    0.07036
   -0.06795
    0.02321
   -0.04405
   -0.02357
   -0.04938
    0.02926
    0.01559
    0.01986
    0.04492
    0.04014
   -0.00598
   -0.04163
   -0.02638
    0.03661
   -0.06351
    0.03561
   -0.02167
    0.01938
    0.04425
    0.01259
    0.06131
   -0.02079
    0.06019
    0.04420
   -0.00248
   -0.02727
   -0.00439
   -0.06445
   -0.03995
    0.00383
    0.01945
    0.02785
    0.06683
    0.03840
   -0.01125
    0.05322
   -0.00802
   -0.02965
   -0.01217
    0.06165
   -0.00582
   -0.06721
   -0.03566
    0.00826
    0.01888
   -0.06626
   -0.03931
    0.03521
   -0.06060
   -0.04546
    0.05315
    0.06979
   -0.07037
    0.02530
   -0.01179
    0.01291
    0.06522
   -0.02692
   -0.06965
    0.06098
   -0.00045
    0.00325
   -0.00142
    0.03852
    0.05373
    0.03457
   -0.02463
    0.00214
   -0.00387
    0.03889
   -0.02953
    0.04071
    0.03383
    0.02658
   -0.00914
   -0.01182
    0.03092
   -0.06954
    0.04649
    0.05982
    0.00204
   -0.00045
   -0.03600
    0.06285
   -0.05962
   -0.04485
    0.05035
    0.04254
   -0.03188
   -0.04321
   -0.06439
    0.00391
    0.02381
    0.02865
    0.00303
   -0.02457
    0.06709
   -0.03841
   -0.03162
    0.06865
    0.07167
    0.05372
   -0.04263
   -0.03989
    0.02087
    0.04708
    0.00269
   -0.05831
    0.02046
    0.05645
   -0.02493
   -0.02881
   -0.01468
   -0.01817
    0.05378
    0.05924
   -0.02242
    0.03715
    0.04527
    0.02230
   -0.01913
    0.06471
   -0.05116
   -0.06951
   -0.00917
    0.02873
   -0.00319
    0.00368
    0.05419
    0.01196
   -0.00488
   -0.05688
   -0.03179
   -0.06089
    0.05405
   -0.03868
   -0.03983
    0.05816
    0.06268
   -0.02541
   -0.05790
    0.06304
   -0.01985
   -0.00057
    0.00988
    0.07198
    0.02913
   -0.01971
    0.02845
   -0.00299
   -0.01548
    0.01673
   -0.04524
   -0.02280
   -0.00663
    0.02808
   -0.03438
   -0.04630
   -0.01337
    0.01970
   -0.06142
   -0.03803
   -0.04562
   -0.01611
   -0.02127
   -0.04645
    0.02064
   -0.06352
   -0.04447
   -0.02206
   -0.01093
   -0.02819
    0.06423
   -0.06979
   -0.03519
   -0.04482
    0.02959
   -0.04736
   -0.00093
   -0.03909
    0.00448
   -0.06489
   -0.05910
    0.01593
   -0.00245
    0.06211
   -0.03435
   -0.06335
   -0.06945
    0.02985
   -0.04962
   -0.00499
   -0.01491
   -0.01513
   -0.00848
   -0.06450
    0.06665
   -0.03662
    0.01695
   -0.01235
    0.00805
   -0.05589
    0.04728
    0.04619
    0.00127
    0.06399
   -0.01209
    0.06626
    0.06436
    0.03557
   -0.03491
    0.04852
   -0.00410
    0.05087
    0.00463
    0.00095
   -0.05997
   -0.02505
   -0.06334
    0.00467
    0.00163
    0.04930
   -0.07172
   -0.04518
    0.02688
    0.03841
    0.00672
   -0.00685
   -0.02848
    0.02818
   -0.02020
    0.03891
   -0.06820
   -0.01704
   -0.02687
    0.05412
   -0.05602
    0.03004
    0.02965
    0.02494
   -0.07144
   -0.03796
    0.06747
    0.05285
    0.00557
   -0.02600
   -0.04320
    0.02884
    0.04785
   -0.00445
   -0.05869
   -0.00162
    0.06417
    0.04450
   -0.05217
    0.07271
   -0.02714
   -0.03527
   -0.05410
   -0.06965
   -0.02034
    0.02052
    0.00085
    0.05322
    0.04614
   -0.05328
   -0.01598
    0.02198
   -0.01483
    0.02151
    0.00494
   -0.03213
    0.04452
   -0.04820
   -0.06990
    0.05407
   -0.00274
    0.06393
    0.03992
    0.02701
   -0.01408
    0.03635
    0.03099
    0.00426
   -0.05467
   -0.01056
   -0.05851
    0.01127
    0.03460
    0.06481
    0.00681
   -0.04530
   -0.04063
    0.06682
    0.02443
   -0.01499
   -0.04121
    0.03806
    0.03986
    0.00313
   -0.04151
   -0.04438
    0.02162
   -0.02030
    0.01425
   -0.04058
    0.03784
   -0.05055
   -0.04272
   -0.05364
   -0.04950
   -0.02830
    0.01318
   -0.03143
   -0.04714
   -0.02981
    0.05500
    0.02134
    0.05531
    0.07166
    0.01560
    0.05848
    0.06376
   -0.06153
    0.04802
    0.01676
    0.03929
   -0.05732
    0.02370
    0.04793
   -0.02270
    0.02997
    0.02136
    0.04690
   -0.02232
    0.03578
   -0.03245
   -0.05809
   -0.00858
    0.03071
    0.05347
   -0.06523
   -0.01749
    0.06506
    0.00156
    0.02027
   -0.06177
    0.06522
    0.02014
   -0.02345
   -0.04266
    0.05887
   -0.02725
   -0.07535
   -0.04878
   -0.04697
   -0.06804
    0.05919
   -0.02307
   -0.01773
   -0.04067
    0.03074
    0.02081
    0.00113
   -0.04079
    0.02631
   -0.01794
   -0.00982
   -0.06861
   -0.00299
    0.02937
   -0.02886
    0.00963
    0.06257
    0.00659
   -0.04132
    0.05242
   -0.01672
   -0.06542
   -0.04879
    0.00270
    0.03915
   -0.01049
    0.03633
   -0.04646
    0.03073
   -0.05610
    0.05896
   -0.00025
    0.02591
    0.05248
   -0.04343
   -0.00779
    0.05890
    0.05923
   -0.02953
   -0.00513
    0.00699
   -0.04061
   -0.00533
    0.01228
   -0.05703
    0.00811
    0.00055
    0.04547
   -0.06266
    0.00579
    0.04231
    0.05032
   -0.00103
    0.06920
   -0.06434
    0.00729
   -0.03917
   -0.05833
   -0.06435
   -0.05992
   -0.01605
   -0.01745
    0.02765
   -0.02223
   -0.06794
    0.03927
   -0.02449
    0.05242
   -0.02968
    0.05874
    0.04670
   -0.03702
    0.01913
    0.02052
   -0.02154
   -0.01330
   -0.02406
    0.02512
    0.05271
   -0.04356
    0.04911
    0.02315
   -0.01202
    0.01990
   -0.00139
   -0.05556
    0.01100
    0.05356
   -0.01607

   -0.06838
   -0.03664
    0.03755
    0.07130
    0.03026
   -0.04942
   -0.00563
   -0.05301
   -0.00500
   -0.03635
   -0.02579
   -0.06613
   -0.04510
    0.00357
   -0.01896
   -0.03563
   -0.00784
   -0.01808
    0.04275
    0.00400
   -0.05235
   -0.07278
    0.03433
   -0.00412
    0.02802
    0.04007
    0.04097
    0.01707
   -0.06569
   -0.02159
   -0.01160
    0.05610
   -0.02573
   -0.00823
   -0.05239
    0.05174
   -0.05556
    0.03993
    0.00221
   -0.06774
   -0.02915
   -0.00004
    0.04317
   -0.02862
    0.06638
   -0.07554
    0.03662
    0.04852
   -0.05084
   -0.05558
   -0.04668
   -0.03928
   -0.06166
   -0.01348
    0.02386
    0.02351
    0.00224
   -0.05721
   -0.00392
    0.03841
    0.04395
    0.01813
    0.05816
    0.02638
    0.03462
    0.00511
    0.04068
    0.01087
    0.01410
    0.05363
   -0.04730
    0.02567
    0.03725
    0.05322
   -0.01770
   -0.02854
   -0.00600
    0.00301
    0.02255
    0.04274
    0.03251
   -0.05545
   -0.05712
    0.04201
    0.05558
   -0.05985
    0.00735
   -0.03205
    0.00587
    0.00495
    0.05080
   -0.05607
    0.02668
    0.05370
    0.05351
    0.00450
   -0.05278
   -0.01750
   -0.04086
   -0.04955
    0.05005
    0.03350
   -0.00786
    0.02482
    0.01641
    0.06087
   -0.00877
    0.03312
   -0.03805
   -0.00296
    0.02305
   -0.03692
    0.02028
   -0.04796
    0.00663
   -0.06157
   -0.06412
   -0.02899
   -0.04226
   -0.05565
    0.03005
   -0.02520
   -0.05981
    0.04181
    0.05576
    0.03149
   -0.03452
   -0.05217
    0.07381
   -0.01905
    0.00543
   -0.01471
    0.05008
    0.04231
    0.01445
   -0.05280
    0.02743
   -0.04837
    0.07112
    0.05197
   -0.01445
    0.00110
   -0.06001
   -0.00230
   -0.01946
   -0.03707
    0.05408
   -0.04353
    0.06730
    0.00117
   -0.06171
   -0.03337
    0.03215
    0.07143
   -0.07350
    0.02217
   -0.04030
   -0.02857
   -0.05257
    0.02913
    0.01744
    0.02160
    0.04440
    0.04990
   -0.01106
   -0.04032
   -0.02876
    0.03596
   -0.05914
    0.04215
   -0.01822
    0.01943
    0.03837
    0.00459
    0.06062
   -0.02084
    0.06488
    0.04225
   -0.00202
   -0.02645
    0.00273
   -0.06209
   -0.04031
    0.00648
    0.01734
    0.02870
    0.06217
    0.04757
   -0.01058
    0.05156
   -0.01259
   -0.03329
   -0.00928
    0.05991
   -0.00507
   -0.06658
   -0.03564
    0.01304
    0.01706
   -0.06469
   -0.03401
    0.04055
   -0.06481
   -0.05291
    0.05428
    0.06421
   -0.06632
    0.02541
   -0.01440
    0.01348
    0.06101
   -0.03372
   -0.07035
    0.06222
   -0.00587
   -0.00367
   -0.00087
    0.03814
    0.05251
    0.03088
   -0.02524
   -0.00095
   -0.00939
    0.04064
   -0.03258
    0.04134
    0.03567
    0.02415
   -0.01172
   -0.01465
    0.02964
   -0.07205
    0.04763
    0.06123
   -0.00389
   -0.00488
   -0.03531
    0.05574
   -0.06428
   -0.04768
    0.05504
    0.03465
   -0.03313
   -0.04885
   -0.05914
   -0.00152
    0.01847
    0.02979
    0.00080
   -0.02420
    0.06901
   -0.03022
   -0.02711
    0.06795
    0.06656
    0.05893
   -0.03971
   -0.03923
    0.01891
    0.03514
    0.00210
   -0.05158
    0.01808
    0.05374
   -0.02887
   -0.02870
   -0.01683
   -0.02379
    0.05537
    0.05384
   -0.01800
    0.03645
    0.04381
    0.01772
   -0.01775
    0.06746
   -0.05171
   -0.06837
   -0.00881
    0.02286
   -0.00958
    0.00675
    0.05347
    0.01730
    0.00346
   -0.05715
   -0.02408
   -0.05893
    0.05588
   -0.04535
   -0.04368
    0.05749
    0.06412
   -0.02470
   -0.05440
    0.06302
   -0.02428
    0.00286
    0.00695
    0.07222
    0.03377
   -0.01544
    0.02601
   -0.00363
   -0.01891
    0.02206
   -0.04277
   -0.01988
   -0.00287
    0.02471
   -0.03112
   -0.04917
   -0.01668
    0.02553
   -0.05752
   -0.03836
   -0.04975
   -0.02248
   -0.02377
   -0.04015
    0.01988
   -0.05826
   -0.04104
   -0.02013
   -0.01557
   -0.02448
    0.06567
   -0.06591
   -0.03531
   -0.03753
    0.03069
   -0.04140
   -0.00237
   -0.03580
    0.00090
   -0.06291
   -0.05040
    0.01648
   -0.00328
    0.05733
   -0.02906
   -0.06541
   -0.07448
    0.03203
   -0.05045
   -0.01115
   -0.01539
   -0.02012
   -0.00869
   -0.07142
    0.06326
   -0.04108
    0.02870
   -0.01847
    0.01001
   -0.05799
    0.04355
    0.04598
    0.00190
    0.07078
   -0.01554
    0.06616
    0.05980
    0.03205
   -0.03033
    0.05236
   -0.00809
    0.04642
    0.00481
    0.00828
   -0.05856
   -0.01807
   -0.06932
    0.00798
    0.00217
    0.05113
   -0.07103
   -0.04530
    0.03237
    0.03633
    0.00294
   -0.00729
   -0.02458
    0.03119
   -0.01652
    0.04158
   -0.07001
   -0.02646
   -0.02195
    0.05309
   -0.05773
    0.02678
    0.03199
    0.01859
   -0.06751
   -0.03769
    0.06137
    0.05138
    0.00592
   -0.02059
   -0.04853
    0.02221
    0.05096
   -0.01007
   -0.05705
   -0.00168
    0.06495
    0.04123
   -0.05840
    0.07046
   -0.02379
   -0.03302
   -0.05190
   -0.07086
   -0.01934
    0.01457
    0.00089
    0.04861
    0.04910
   -0.05121
   -0.02063
    0.02122
   -0.01822
    0.01623
    0.00144
   -0.02529
    0.04142
   -0.05139
   -0.07227
    0.05998
   -0.00472
    0.06497
    0.03853
    0.01789
   -0.02291
    0.03455
    0.03434
    0.00171
   -0.06029
   -0.01018
   -0.06033
    0.00711
    0.03707
    0.06258
    0.01167
   -0.04567
   -0.03795
    0.06988
    0.02782
   -0.00670
   -0.04631
    0.03372
    0.03905
    0.00089
   -0.04041
   -0.04148
    0.02161
   -0.01890
    0.01923
   -0.03982
    0.03719
   -0.05460
   -0.05073
   -0.05184
   -0.05475
   -0.03262
    0.01727
   -0.03245
   -0.05204
   -0.03587
    0.04863
    0.02673
    0.05091
    0.07138
    0.01405
    0.05818
    0.05979
   -0.06494
    0.05523
    0.01912
    0.04229
   -0.05958
    0.02437
    0.04286
   -0.02191
    0.02240
    0.02527
    0.05065
   -0.01818
    0.03124
   -0.02605
   -0.05400
   -0.00786
    0.02335
    0.05879
   -0.06684
   -0.01894
    0.06471
    0.00100
    0.01674
   -0.06614
    0.06712
    0.02278
   -0.02396
   -0.04336
    0.06364
   -0.03044
   -0.07938
   -0.04216
   -0.05574
   -0.07072
    0.06246
   -0.01879
   -0.01639
   -0.04522
    0.03185
    0.02032
   -0.00484
   -0.03396
    0.02032
   -0.01625
   -0.01079
   -0.06483
   -0.00318
    0.03440
   -0.03432
    0.01522
    0.06177
    0.00125
   -0.04625
    0.05117
   -0.02111
   -0.05930
   -0.04483
    0.00356
    0.04236
   -0.00694
    0.03623
   -0.04183
    0.02895
   -0.05621
    0.06171
   -0.00801
    0.02536
    0.05300
   -0.04798
   -0.01269
    0.05267
    0.06741
   -0.03277
   -0.00290
    0.00617
   -0.03932
   -0.00357
    0.01438
   -0.05526
    0.01718
    0.00787
    0.04925
   -0.05852
    0.00596
    0.04864
    0.05207
   -0.00352
    0.07137
   -0.06057
    0.00932
   -0.04123
   -0.05785
   -0.06103
   -0.05707
   -0.01090
   -0.01867
    0.02775
   -0.01860
   -0.06182
    0.03116
   -0.02256
    0.05534
   -0.03105
    0.05604
    0.03900
   -0.03518
    0.02485
    0.01983
   -0.02000
   -0.00507
   -0.02349
    0.01928
    0.05063
   -0.03902
    0.04999
    0.02883
   -0.01835
    0.02588
   -0.00214
   -0.05520
    0.00974
    0.05806
   -0.01797
