          1          0    0.00000   -0.59360    0.00000   -0.59360    0.00000   -4.44449    4.44449    0.00000
          1          1    0.01202   -0.59360    0.00000   -0.59360    0.00000   -0.85142   -0.59360    0.00000
          2          0    0.01202   -0.42183    0.00000   -0.59360    0.00000   -0.85142   -0.59360   -0.72251
          2          1    0.02679   -0.49514    0.00000   -0.49622    0.00000   -0.67203   -0.59360   -0.72251
          2          2    0.04316   -0.53154    0.00000   -0.61592    0.00000   -0.65317   -0.61592   -0.72251
          2          3    0.06076   -0.55492    0.00000   -0.61540    0.00000   -0.64818   -0.61592   -0.72251
          2          4    0.08263   -0.56931    0.00000   -0.62273    0.00000   -0.64452   -0.62273   -0.72251
          2          5    0.10284   -0.58020    0.00000   -0.63220    0.00000   -0.64281   -0.63220   -0.72251
          2          6    0.12486   -0.58797    0.00000   -0.63183    0.00000   -0.63986   -0.63220   -0.72251
          2          7    0.14830   -0.59344    0.00000   -0.63157    0.00000   -0.63726   -0.63220   -0.72251
          2          8    0.17454   -0.59804    0.00000   -0.63523    0.00000   -0.63654   -0.63523   -0.72251
          2          9    0.20208   -0.60187    0.00000   -0.63527    0.00000   -0.63600   -0.63527   -0.72251
