          1          0    0.00000   -0.47586    0.00000   -0.47586    0.00000   -4.36366    4.36366    0.00000
          1          1    0.05583   -0.47586    0.00000   -0.47586    0.00000   -0.83143   -0.47586    0.00000
          2          0    0.05583   -0.39705    0.00000   -0.47586    0.00000   -0.83143   -0.47586   -0.65364
          2          1    0.07720   -0.46918    0.00000   -0.44175    0.00000   -0.61372   -0.47586   -0.65364
          2          2    0.10356   -0.49946    0.00000   -0.55792    0.00000   -0.58996   -0.55792   -0.65364
          2          3    0.14710   -0.51565    0.00000   -0.56445    0.00000   -0.58818   -0.56445   -0.65364
          2          4    0.18025   -0.52815    0.00000   -0.56849    0.00000   -0.58066   -0.56849   -0.65364
          2          5    0.24591   -0.53628    0.00000   -0.57392    0.00000   -0.57768   -0.57392   -0.65364
          2          6    0.32426   -0.54183    0.00000   -0.57450    0.00000   -0.57613   -0.57450   -0.65364
          2          7    0.41430   -0.54607    0.00000   -0.57492    0.00000   -0.57587   -0.57492   -0.65364
