   10000000
         10
  793.41566
   -0.98482
    0.00000
   -1.00624
    0.00000

    0.00284
    0.02542
    0.03497
    0.01883
    0.01531
    0.03960
    0.00273
    0.01396
    0.04688
   -0.03786
   -0.06827
    0.07128
    0.02436
    0.03249
    0.02810
   -0.04595
   -0.01895
   -0.00974
   -0.00770
   -0.03490
    0.06634
   -0.02887
   -0.00469
   -0.04860
   -0.05188
    0.05844
    0.01413
   -0.01300
    0.07559
   -0.03224
   -0.03824
    0.06859
    0.05076
   -0.00830
    0.06121
    0.04570
    0.02639
   -0.04728
   -0.00299
    0.05537
   -0.02837
   -0.00890
   -0.06229
    0.02864
   -0.01832
    0.02666
   -0.00733
   -0.06387
    0.07460
    0.06699
    0.01973
   -0.00499
    0.01274
    0.03056
   -0.02820
   -0.01210
    0.06791
   -0.03184
    0.01766
    0.03131
    0.01363
   -0.02956
   -0.02696
   -0.04510
    0.05713
   -0.03881
    0.01473
    0.05220
    0.05177
    0.04729
    0.05820
   -0.04296
   -0.00058
    0.06245
   -0.06219
    0.03439
    0.05180
    0.05116
   -0.00154
    0.03262
   -0.01947
   -0.01277
    0.05162
   -0.05959
   -0.03194
   -0.04928
   -0.01482
   -0.03598
    0.02709
   -0.02822
    0.03898
   -0.00825
   -0.01578
    0.00368
   -0.01101
   -0.02919
    0.03282
   -0.03086
    0.01049
   -0.05021
   -0.07810
   -0.00164
    0.03698
    0.05976
    0.02255
    0.06884
   -0.01338
    0.00728
    0.01549
    0.03430
    0.06484
   -0.00977
    0.02587
   -0.00422
    0.01623
    0.05597
   -0.02388
   -0.06012
   -0.02784
   -0.07094
    0.06925
   -0.04457
   -0.07311
   -0.03241
   -0.05294
    0.07104
    0.06843
   -0.00475
    0.00736
    0.05222
    0.01104
    0.00159
   -0.07427
   -0.01505
    0.01982
   -0.01120
    0.00904
    0.02233
    0.04472
    0.00459
   -0.04968
   -0.02739
    0.00636
   -0.01779
    0.00762
    0.05109
    0.02418
   -0.00001
    0.06777
   -0.07045
   -0.04948
    0.05429
    0.02095
   -0.04841
   -0.05553
    0.00283
   -0.04701
    0.01678
    0.00888
   -0.03144
   -0.06737
    0.01960
    0.03615
    0.02654
    0.00715
    0.02893
   -0.05792
   -0.03996
    0.00736
    0.05272
    0.04995
    0.03018
   -0.02209
    0.06822
   -0.02464
   -0.05319
    0.05893
   -0.00535
   -0.06307
   -0.04615
   -0.04821
    0.01634
    0.02131
   -0.00452
    0.03550
    0.05066
    0.03316
    0.03142
    0.06714
   -0.01138
   -0.04724
    0.00769
    0.00172
   -0.03814
    0.03305
   -0.06916
    0.04137
    0.02302
   -0.05042
   -0.06157
   -0.00487
   -0.03016
   -0.05155
    0.02190
   -0.00534
   -0.04170
    0.04691
   -0.06525
    0.06586
    0.00815
   -0.01130
    0.00501
   -0.05683
   -0.07216
   -0.05009
    0.07339
    0.03631
    0.02403
   -0.03369
   -0.02014
   -0.01213
    0.06553
   -0.00058
    0.06238
    0.02669
    0.02756
   -0.02826
   -0.04648
    0.06848
    0.02004
   -0.06668
    0.00567
    0.05678
   -0.04318
    0.03102
   -0.05408
    0.05534
    0.01607
    0.00507
    0.04132
    0.00932
    0.02655
    0.03903
   -0.03643
    0.06581
   -0.05505
   -0.05290
    0.04616
   -0.00960
   -0.06826
    0.05980
   -0.02470
    0.07024
   -0.03349
   -0.02412
   -0.01777
   -0.02821
    0.00910
   -0.05769
   -0.01636
    0.02645
    0.00995
    0.03177
    0.01724
    0.02529
    0.02319
   -0.03693
    0.04385
    0.02921
    0.03073
    0.05445
    0.06137
    0.00684
   -0.00024
    0.05888
   -0.04589
    0.04679
    0.03416
    0.00633
    0.01920
    0.06740
   -0.02659
    0.03555
    0.03867
   -0.04269
   -0.07064
   -0.01374
   -0.01380
    0.04870
   -0.04386
    0.02079
    0.04008
    0.01758
   -0.01316
    0.04300
   -0.04591
   -0.05659
    0.00252
    0.04891
    0.02665
    0.01138
    0.06029
   -0.03705
   -0.03882
    0.02460
    0.04685
   -0.05943
    0.01367
    0.03612
    0.03111
    0.02988
   -0.06028
   -0.00266
    0.00162
    0.07080
   -0.03716
   -0.07224
   -0.00218
   -0.04973
   -0.06881
   -0.01981
   -0.04028
   -0.02263
    0.04541
   -0.00424
    0.00533
   -0.05577
    0.00051
   -0.02977
    0.05574
   -0.00424
   -0.01206
   -0.00852
   -0.03190
    0.05657
   -0.05622
   -0.07106
    0.01833
    0.07044
    0.05172
   -0.04998
    0.01896
    0.05035
    0.04153
   -0.00427
   -0.03697
    0.06053
    0.02005
   -0.00688
    0.02723
   -0.01237
    0.03308
    0.02519
   -0.06290
    0.04534
   -0.04955
   -0.02878
    0.02736
    0.00489
    0.01530
    0.01555
    0.01763
   -0.01848
   -0.02229
    0.05161
    0.01849
   -0.06329
   -0.05080
    0.06311
   -0.04296
   -0.00898
    0.01294
   -0.01978
    0.02524
   -0.04743
    0.06042
    0.06420
   -0.03806
    0.01963
   -0.03728
   -0.04472
   -0.02539
    0.07017
   -0.02944
    0.03824
    0.06759
    0.04050
    0.05911
   -0.01094
   -0.02172
   -0.03428
    0.04220
    0.05190
    0.00745
    0.00011
   -0.00071
   -0.02620
   -0.03123
    0.05248
   -0.06097
    0.05999
    0.04182
    0.00972
   -0.03422
    0.07953
   -0.01595
    0.01139
   -0.05549
   -0.02396
    0.00020
    0.03323
    0.00465
   -0.05036
    0.00929
    0.01043
   -0.03636
    0.02802
   -0.04093
    0.02862
   -0.06334
   -0.01769
   -0.01265
    0.02476
   -0.00089
    0.06560
    0.00337
   -0.04894
   -0.06016
    0.03378
   -0.07027
   -0.05508
    0.04451
    0.02355
   -0.00375
    0.04398
    0.02687
   -0.07412
   -0.04586
    0.04902
    0.05896
   -0.03489
    0.06756
   -0.00171
   -0.05685
   -0.04726
   -0.05140
   -0.02325
    0.02122
    0.04197
    0.04376
    0.01120
   -0.02093
    0.00605
   -0.03560
   -0.02675
    0.01549
   -0.01490
   -0.04055
   -0.03873
    0.03947
    0.03422
    0.02151
   -0.03804
   -0.02062
    0.04618
   -0.02385
   -0.06579
   -0.05521
   -0.06184
    0.03386
   -0.07023
    0.05852
   -0.00798
   -0.00133
   -0.05633
    0.01706
   -0.06522
   -0.00654
   -0.06110
    0.05160
    0.06344
    0.00603
   -0.06418
   -0.03408
   -0.00053
    0.00607
    0.03379
    0.05691
   -0.01541
    0.02991
   -0.00991
    0.01553
   -0.05999
    0.02943
   -0.06757
   -0.07744
   -0.04510
    0.05558
    0.04385
   -0.05206
    0.05341
   -0.02079
   -0.03194
    0.01114
   -0.01076
    0.05289
   -0.05195
    0.00277
   -0.03737
   -0.02932
    0.04514
    0.02062
    0.03776
   -0.06578
    0.01101
   -0.06217
    0.01196
   -0.04948
   -0.02829
   -0.02863
    0.03493
    0.05754
    0.03639
    0.07389
   -0.04784
   -0.05872
    0.04873
    0.05126
    0.02140
   -0.05901
   -0.02846
    0.07067
    0.07110
   -0.07052
    0.01571
    0.02502
    0.00502
    0.03077
   -0.03900
    0.05248
   -0.05336
    0.00792
    0.00851
    0.06203
    0.03420
    0.01507
   -0.01435
   -0.07077
    0.01418
   -0.03132
   -0.04600
   -0.05909
   -0.02337
   -0.05068
   -0.00403
   -0.05103
   -0.06174
   -0.02033
    0.04939
    0.00540
   -0.03160
   -0.04560
   -0.05821
   -0.06532
    0.02469
    0.04276
    0.06749
   -0.01910
    0.02669
   -0.03098
    0.02043
    0.03071
   -0.00303
   -0.03015
   -0.06953
    0.05906
   -0.05152
   -0.04693
   -0.01993
    0.05279
    0.00437
   -0.03143
   -0.03218
   -0.00374
   -0.06883
    0.05424
    0.00907
   -0.00826
   -0.02636
    0.00451
    0.01027
   -0.05894
   -0.01957
   -0.01506
   -0.02285
   -0.03634
    0.03182
   -0.04418
   -0.00076
   -0.03285

    0.00673
    0.03221
    0.03106
    0.01596
    0.01993
    0.03452
    0.01047
    0.01356
    0.05132
   -0.03355
   -0.06455
    0.07214
    0.01932
    0.03755
    0.02585
   -0.04921
   -0.02474
   -0.00189
   -0.00040
   -0.03366
    0.05939
   -0.02709
   -0.00583
   -0.04708
   -0.05235
    0.06608
    0.01733
   -0.01673
    0.08161
   -0.02829
   -0.04045
    0.06321
    0.04994
   -0.00392
    0.06270
    0.04650
    0.02414
   -0.04677
   -0.00073
    0.05482
   -0.02716
   -0.00861
   -0.06444
    0.03027
   -0.01214
    0.01957
   -0.00523
   -0.06652
    0.08101
    0.06561
    0.02476
    0.00380
    0.00464
    0.02678
   -0.02777
   -0.01153
    0.06659
   -0.02628
    0.00930
    0.03133
    0.00992
   -0.03547
   -0.02812
   -0.04676
    0.05411
   -0.03567
    0.00866
    0.04828
    0.04782
    0.04452
    0.05859
   -0.04098
   -0.00310
    0.06061
   -0.05924
    0.03916
    0.05599
    0.05055
   -0.00891
    0.03006
   -0.02102
   -0.01796
    0.04463
   -0.06282
   -0.03021
   -0.04937
   -0.01778
   -0.02905
    0.02728
   -0.02925
    0.03620
   -0.01409
   -0.01464
    0.00716
   -0.00613
   -0.03539
    0.03523
   -0.03206
    0.00262
   -0.04788
   -0.08611
   -0.00095
    0.04302
    0.05490
    0.01901
    0.06862
   -0.01308
    0.00421
    0.00676
    0.03777
    0.06564
   -0.00806
    0.02062
   -0.00476
    0.01107
    0.05935
   -0.02397
   -0.05758
   -0.02324
   -0.06634
    0.06522
   -0.04378
   -0.07509
   -0.03374
   -0.05369
    0.06954
    0.06986
   -0.00428
    0.00593
    0.04807
    0.01353
   -0.00287
   -0.07510
   -0.01217
    0.02129
   -0.01883
    0.00496
    0.02528
    0.04320
    0.00822
   -0.04427
   -0.02610
   -0.00212
   -0.01428
    0.01279
    0.04546
    0.03356
   -0.00575
    0.06954
   -0.07365
   -0.04732
    0.04991
    0.02541
   -0.04363
   -0.04952
   -0.00026
   -0.04556
    0.01441
    0.00786
   -0.03320
   -0.06368
    0.02131
    0.03490
    0.02953
    0.01103
    0.03273
   -0.06028
   -0.04473
    0.00666
    0.04662
    0.05114
    0.03335
   -0.02277
    0.06911
   -0.02219
   -0.05469
    0.06552
   -0.01101
   -0.06411
   -0.04968
   -0.05282
    0.01373
    0.02058
   -0.00974
    0.03822
    0.04180
    0.03045
    0.03152
    0.06253
   -0.01496
   -0.04891
    0.00911
    0.00344
   -0.03360
    0.03367
   -0.07327
    0.04384
    0.02050
   -0.05385
   -0.05992
   -0.00824
   -0.02849
   -0.05752
    0.02460
   -0.00832
   -0.03911
    0.04570
   -0.07181
    0.05653
    0.00096
   -0.01324
    0.00465
   -0.05875
   -0.06622
   -0.04903
    0.07763
    0.03319
    0.02241
   -0.03817
   -0.02538
   -0.00864
    0.06593
    0.00803
    0.06315
    0.01998
    0.03074
   -0.02337
   -0.04705
    0.06772
    0.02331
   -0.06964
    0.01410
    0.05506
   -0.04681
    0.02750
   -0.04548
    0.05202
    0.01493
    0.00762
    0.03852
    0.01254
    0.01463
    0.03648
   -0.03637
    0.06592
   -0.05917
   -0.05882
    0.04970
   -0.00237
   -0.06717
    0.06248
   -0.01184
    0.07406
   -0.03227
   -0.02596
   -0.01803
   -0.03197
    0.00782
   -0.06016
   -0.01547
    0.03268
    0.00660
    0.02980
    0.01687
    0.02721
    0.02014
   -0.03811
    0.04404
    0.02523
    0.02855
    0.05298
    0.05308
    0.01292
    0.00542
    0.05806
   -0.03573
    0.04510
    0.03613
    0.00804
    0.02071
    0.07054
   -0.02537
    0.03042
    0.04200
   -0.03623
   -0.07123
   -0.01892
   -0.01688
    0.05543
   -0.04273
    0.02607
    0.04165
    0.00733
   -0.01483
    0.04486
   -0.05229
   -0.05345
    0.00190
    0.05316
    0.03054
    0.02516
    0.06921
   -0.03812
   -0.03278
    0.02694
    0.05063
   -0.06354
    0.00940
    0.03862
    0.03025
    0.02772
   -0.05697
   -0.00089
   -0.00125
    0.07509
   -0.03910
   -0.07889
    0.00185
   -0.05182
   -0.06238
   -0.02400
   -0.04477
   -0.02305
    0.03996
   -0.00476
    0.00493
   -0.04712
   -0.00209
   -0.02593
    0.05535
   -0.00227
   -0.01297
   -0.00276
   -0.03398
    0.05493
   -0.04914
   -0.07244
    0.01903
    0.06897
    0.05053
   -0.05371
    0.01054
    0.04684
    0.04209
   -0.00502
   -0.04135
    0.06040
    0.02509
   -0.00881
    0.03019
   -0.01115
    0.02095
    0.02462
   -0.06026
    0.04908
   -0.04589
   -0.02944
    0.02968
    0.00364
    0.01146
    0.01396
    0.01448
   -0.02019
   -0.02126
    0.05381
    0.01363
   -0.06357
   -0.04418
    0.06809
   -0.03423
   -0.00810
    0.00999
   -0.01734
    0.02374
   -0.05215
    0.05471
    0.06837
   -0.03425
    0.02305
   -0.04700
   -0.03879
   -0.02354
    0.06724
   -0.03069
    0.03662
    0.06169
    0.04170
    0.05455
   -0.00711
   -0.02838
   -0.03112
    0.04344
    0.04788
    0.00851
    0.00422
   -0.00255
   -0.02543
   -0.03020
    0.04849
   -0.06847
    0.05677
    0.04108
    0.00422
   -0.03922
    0.08529
   -0.01212
    0.01094
   -0.05689
   -0.02530
    0.00791
    0.02767
    0.00845
   -0.05321
    0.00448
    0.01377
   -0.03055
    0.03218
   -0.04150
    0.03604
   -0.06159
   -0.01819
   -0.00947
    0.02322
    0.00531
    0.06282
    0.00098
   -0.05115
   -0.06332
    0.02822
   -0.07215
   -0.05410
    0.05002
    0.02977
   -0.00095
    0.03788
    0.02685
   -0.07395
   -0.04495
    0.04238
    0.06512
   -0.03125
    0.06039
   -0.01083
   -0.05752
   -0.05033
   -0.05059
   -0.02335
    0.02068
    0.03981
    0.04132
    0.00942
   -0.00986
    0.00393
   -0.03200
   -0.03476
    0.02230
   -0.01740
   -0.03763
   -0.04687
    0.04326
    0.03026
    0.01737
   -0.04414
   -0.02060
    0.04829
   -0.02702
   -0.06955
   -0.05196
   -0.06241
    0.03971
   -0.07584
    0.05449
   -0.00922
    0.00429
   -0.05569
    0.01484
   -0.06449
    0.00256
   -0.06251
    0.05670
    0.06759
    0.00156
   -0.06604
   -0.03022
    0.00104
    0.00620
    0.03496
    0.05033
   -0.01866
    0.02560
   -0.01225
    0.01741
   -0.06255
    0.02967
   -0.06906
   -0.07645
   -0.04520
    0.05209
    0.04296
   -0.05452
    0.04822
   -0.02131
   -0.03007
    0.00536
   -0.00386
    0.05075
   -0.05338
   -0.00303
   -0.03062
   -0.03757
    0.04427
    0.02030
    0.03651
   -0.05996
    0.00840
   -0.05790
    0.01441
   -0.04873
   -0.03064
   -0.02887
    0.03013
    0.05076
    0.03636
    0.06886
   -0.04502
   -0.06086
    0.05721
    0.05171
    0.01863
   -0.06051
   -0.03476
    0.06946
    0.07326
   -0.06794
    0.02535
    0.02859
    0.00522
    0.02958
   -0.04169
    0.05554
   -0.05117
    0.00829
    0.00235
    0.06194
    0.02895
    0.00980
   -0.02242
   -0.07211
    0.00552
   -0.03051
   -0.04551
   -0.05453
   -0.01874
   -0.05148
   -0.00167
   -0.05498
   -0.05863
   -0.01295
    0.05043
    0.00046
   -0.03059
   -0.04696
   -0.06114
   -0.06738
    0.02810
    0.03633
    0.06446
   -0.01764
    0.03030
   -0.03089
    0.02137
    0.03126
   -0.00206
   -0.03479
   -0.06426
    0.06289
   -0.05418
   -0.04874
   -0.01774
    0.05107
    0.00548
   -0.03903
   -0.02732
   -0.00457
   -0.06683
    0.05442
    0.01131
   -0.00408
   -0.02185
    0.00692
    0.01022
   -0.05805
   -0.02011
   -0.01069
   -0.01498
   -0.04019
    0.04229
   -0.05082
    0.00430
   -0.02683
