          1          0    0.00000   -0.99631    0.00000   -0.99631    0.00000   -3.65075    3.65075    0.00000
          1          1    6.45589   -0.99631    0.00000   -0.99631    0.00000   -1.03894   -0.99631    0.00000
          2          0    6.45589   -0.53491    0.00000   -0.99631    0.00000   -1.03894   -0.99631   -1.01762
          2          1   19.60444   -0.69307    0.00000   -0.98966    0.00000   -1.02147   -0.99631   -1.01762
          2          2   40.67835   -0.76982    0.00000   -0.99473    0.00000   -1.01719   -0.99631   -1.01762
          2          3   68.16937   -0.81874    0.00000   -1.00875    0.00000   -1.01476   -1.00875   -1.01762
          2          4  103.17927   -0.85125    0.00000   -1.00926    0.00000   -1.01436   -1.00926   -1.01762
          2          5  149.56535   -0.87445    0.00000   -1.01273    0.00000   -1.01409   -1.01273   -1.01762
          2          6  230.39559   -0.89187    0.00000   -1.01292    0.00000   -1.01405   -1.01292   -1.01762
          2          7  355.97931   -0.90539    0.00000   -1.01316    0.00000   -1.01400   -1.01316   -1.01762
