          1          0    0.16247   -1.01434    0.00000   -1.01434    0.00000
          1        100   51.60814   -1.01961    0.00000   -1.02096    0.00000
          1        200  105.66098   -1.02017    0.00000   -1.02118    0.00000
          1        300  156.62896   -1.02042    0.00000   -1.02067    0.00000
          1        400  210.07540   -1.02058    0.00000   -1.02168    0.00000
          1        500  259.39046   -1.02070    0.00000   -1.02146    0.00000
          1        600  314.51339   -1.02080    0.00000   -1.02132    0.00000
          1        700  364.04433   -1.02088    0.00000   -1.02167    0.00000
          1        800  417.93167   -1.02095    0.00000   -1.02181    0.00000
          1        900  467.12758   -1.02100    0.00000   -1.02149    0.00000
          1       1000  520.91200   -1.02105    0.00000   -1.02175    0.00000
          1       1100  575.56087   -1.02109    0.00000   -1.02160    0.00000
          1       1200  629.16574   -1.02113    0.00000   -1.02165    0.00000
          1       1300  684.92656   -1.02116    0.00000   -1.02155    0.00000
          1       1400  733.54642   -1.02119    0.00000   -1.02169    0.00000
          1       1500  784.30735   -1.02121    0.00000   -1.02176    0.00000
          1       1600  839.08669   -1.02124    0.00000   -1.02157    0.00000
          1       1700  894.74384   -1.02126    0.00000   -1.02174    0.00000
          1       1800  944.32548   -1.02128    0.00000   -1.02171    0.00000
          1       1900  995.89433   -1.02130    0.00000   -1.02169    0.00000
          1       2000 1049.60647   -1.02132    0.00000   -1.02170    0.00000
          1       2100 1106.57268   -1.02133    0.00000   -1.02190    0.00000
          1       2200 1160.82795   -1.02135    0.00000   -1.02178    0.00000
          1       2300 1221.18852   -1.02136    0.00000   -1.02175    0.00000
          1       2400 1275.19565   -1.02137    0.00000   -1.02156    0.00000
          1       2500 1330.00409   -1.02139    0.00000   -1.02179    0.00000
          1       2600 1384.82736   -1.02140    0.00000   -1.02187    0.00000
          1       2700 1442.18290   -1.02141    0.00000   -1.02163    0.00000
          1       2800 1495.10816   -1.02142    0.00000   -1.02174    0.00000
          1       2900 1549.05224   -1.02143    0.00000   -1.02184    0.00000
          1       3000 1603.85390   -1.02144    0.00000   -1.02183    0.00000
          1       3100 1659.46396   -1.02145    0.00000   -1.02171    0.00000
          1       3200 1716.15877   -1.02146    0.00000   -1.02176    0.00000
          1       3300 1767.64694   -1.02146    0.00000   -1.02194    0.00000
          1       3400 1828.63820   -1.02147    0.00000   -1.02170    0.00000
          1       3500 1881.58771   -1.02148    0.00000   -1.02182    0.00000
          1       3600 1938.49574   -1.02149    0.00000   -1.02182    0.00000
          1       3700 1989.29129   -1.02149    0.00000   -1.02174    0.00000
          1       3800 2040.23798   -1.02150    0.00000   -1.02180    0.00000
          1       3900 2091.40140   -1.02151    0.00000   -1.02190    0.00000
          1       4000 2149.51038   -1.02151    0.00000   -1.02185    0.00000
          1       4100 2205.90233   -1.02152    0.00000   -1.02177    0.00000
          1       4200 2260.29095   -1.02152    0.00000   -1.02180    0.00000
          1       4300 2313.88738   -1.02153    0.00000   -1.02183    0.00000
          1       4400 2368.04837   -1.02153    0.00000   -1.02192    0.00000
          1       4500 2422.27680   -1.02154    0.00000   -1.02185    0.00000
          1       4600 2472.23993   -1.02154    0.00000   -1.02183    0.00000
          1       4700 2526.34879   -1.02155    0.00000   -1.02190    0.00000
          1       4800 2580.66467   -1.02155    0.00000   -1.02181    0.00000
          1       4900 2631.74691   -1.02156    0.00000   -1.02173    0.00000
          1       5000 2691.22757   -1.02156    0.00000   -1.02184    0.00000
          1       5100 2750.08973   -1.02157    0.00000   -1.02177    0.00000
          1       5200 2808.26617   -1.02157    0.00000   -1.02189    0.00000
          1       5300 2860.97516   -1.02157    0.00000   -1.02183    0.00000
          1       5400 2911.07674   -1.02158    0.00000   -1.02183    0.00000
          1       5500 2960.82016   -1.02158    0.00000   -1.02179    0.00000
          1       5600 3015.97011   -1.02159    0.00000   -1.02183    0.00000
          1       5700 3066.81781   -1.02159    0.00000   -1.02185    0.00000
          1       5800 3120.53308   -1.02159    0.00000   -1.02185    0.00000
          1       5900 3176.99448   -1.02160    0.00000   -1.02173    0.00000
          1       6000 3228.32664   -1.02160    0.00000   -1.02181    0.00000
          1       6100 3280.58345   -1.02160    0.00000   -1.02177    0.00000
          1       6200 3335.87482   -1.02161    0.00000   -1.02188    0.00000
          1       6300 3389.16589   -1.02161    0.00000   -1.02185    0.00000
          1       6400 3430.79868   -1.02161    0.00000   -1.02191    0.00000
          1       6500 3458.25960   -1.02162    0.00000   -1.02197    0.00000
          1       6600 3478.02671   -1.02162    0.00000   -1.02186    0.00000
          1       6700 3500.16963   -1.02162    0.00000   -1.02187    0.00000
          1       6800 3521.32156   -1.02162    0.00000   -1.02186    0.00000
          1       6900 3544.23993   -1.02163    0.00000   -1.02192    0.00000
          1       7000 3567.35591   -1.02163    0.00000   -1.02193    0.00000
          1       7100 3585.20604   -1.02163    0.00000   -1.02193    0.00000
          1       7196 3600.09511   -1.02163    0.00000   -1.02184    0.00000
