   10000000
          8
  325.42606
   -1.00831
    0.00000
   -1.01888
    0.00000

   -0.05853
    0.00059
    0.05372
   -0.02340
   -0.01531
   -0.03925
   -0.06756
   -0.06154
   -0.00640
   -0.06469
   -0.04617
   -0.05696
   -0.02385
    0.05852
    0.02568
    0.03997
   -0.02979
   -0.00933
   -0.06871
    0.02726
    0.05809
   -0.06521
    0.03133
    0.03102
    0.05011
    0.03876
   -0.03036
   -0.00241
   -0.01185
   -0.07305
   -0.05919
    0.03224
   -0.02484
   -0.05956
    0.01939
    0.03655
   -0.00913
    0.00762
   -0.05899
    0.04846
    0.02754
   -0.04953
    0.03057
    0.01171
   -0.03015
    0.06178
    0.04513
    0.03209
   -0.03809
   -0.03982
   -0.06396
    0.06337
   -0.04808
    0.04039
   -0.00651
    0.01781
    0.01890
   -0.04610
    0.02720
    0.02776
   -0.01295
    0.02235
    0.06223
   -0.05777
   -0.00709
    0.00037
    0.04521
    0.05335
    0.05132
    0.04024
    0.04942
   -0.00139
   -0.01192
    0.02969
    0.05101
    0.04079
    0.05995
    0.03090
    0.00710
   -0.01951
   -0.02392
   -0.03465
   -0.02434
    0.07394
   -0.07043
   -0.06507
   -0.04732
   -0.02578
    0.05845
    0.00350
   -0.04744
    0.03816
    0.05632
    0.04152
   -0.02191
   -0.01365
   -0.01276
   -0.01257
   -0.01351
   -0.02647
   -0.06005
   -0.05995
   -0.00113
   -0.05708
   -0.02266
    0.02030
    0.06156
   -0.02947
    0.02814
    0.00914
   -0.01405
   -0.02196
    0.05859
   -0.06084
   -0.04914
    0.01934
    0.05533
   -0.03161
    0.05828
    0.03612
    0.00217
    0.06227
    0.00139
   -0.06042
    0.01511
   -0.04051
    0.04403
   -0.03139
   -0.07338
    0.04234
    0.05047
   -0.00930
   -0.02337
   -0.06372
    0.03611
   -0.04163
   -0.02727
   -0.04757
    0.06282
    0.03981
   -0.00050
    0.05074
    0.06038
   -0.04832
   -0.06752
   -0.06452
    0.01486
    0.04660
   -0.00318
    0.01252
   -0.04634
   -0.02789
   -0.06225
   -0.06353
    0.05891
    0.02040
    0.03995
   -0.02464
   -0.01255
    0.04734
   -0.06319
   -0.01304
    0.05426
    0.02330
   -0.00728
   -0.03053
    0.05085
   -0.04278
   -0.02342
    0.06196
    0.06303
   -0.00901
    0.03795
    0.05987
    0.05320
   -0.00699
   -0.01395
   -0.00902
   -0.02864
    0.04785
   -0.05278
    0.00607
    0.02503
    0.00653
   -0.04625
   -0.01543
    0.03544
    0.03951
   -0.02334
    0.03471
   -0.04029
   -0.06705
   -0.00759
   -0.04137
   -0.05823
    0.04122
   -0.03503
    0.01807
    0.04224
    0.00325
   -0.02537
   -0.00010
   -0.06047
   -0.00821
    0.04556
    0.05869
    0.06425
   -0.02985
    0.02769
   -0.00104
   -0.02109
    0.01701
   -0.04445
    0.06570
   -0.05879
    0.06299
   -0.02930
    0.03627
    0.04482
    0.03296
   -0.04012
   -0.01593
   -0.05405
   -0.00513
   -0.03083
   -0.05224
    0.06716
    0.05175
    0.03359
   -0.05905
   -0.03664
   -0.01492
    0.06860
    0.03255
   -0.03240
    0.01354
    0.03577
    0.06582
   -0.06192
   -0.03502
    0.00114
    0.04842
    0.01322
   -0.02762
    0.06260
    0.04937
   -0.02465
   -0.00014
   -0.01499
   -0.04394
   -0.03542
    0.05762
   -0.00657
    0.01887
    0.01558
   -0.00848
   -0.05571
   -0.00089
    0.00849
   -0.00291
    0.06047
    0.02439
    0.06260
   -0.00433
   -0.06387
   -0.01125
   -0.03984
    0.00459
   -0.05058
    0.05190
    0.03453
   -0.00650
    0.04285
   -0.03140
   -0.01339
   -0.00828
    0.05136
    0.03484
   -0.03261
   -0.02562
    0.02612
   -0.02657
    0.03360
   -0.05341
    0.06577
   -0.01230
   -0.04987
    0.03803
    0.04728
   -0.03691
   -0.00232
    0.02842
   -0.03079
    0.06443
    0.03308
    0.01099
   -0.05088
   -0.01667
    0.05932
   -0.02966
   -0.05402
   -0.00511
    0.02087
   -0.04494
   -0.02779
   -0.00898
   -0.05337
   -0.03139
    0.00851
   -0.05273
    0.03349
   -0.06272
   -0.06766
    0.00274
   -0.05176
    0.03953
    0.02989
   -0.06397
    0.01930
    0.02378
    0.06910
    0.04995
    0.07001
   -0.04197
    0.06292
    0.06678
   -0.04036
   -0.04035
   -0.00773
   -0.04891
    0.00110
   -0.01337
    0.02008
   -0.05484
    0.04292
   -0.02909
   -0.06863
   -0.04995
    0.03328
   -0.03042
   -0.06820
   -0.05668
    0.00909
    0.05168
    0.05566
   -0.05458
   -0.01771
    0.04615
    0.06815
    0.05906
   -0.03062
   -0.04505
   -0.06878
    0.01847
   -0.06653
   -0.04546
   -0.00856
    0.06163
    0.01619
   -0.00889
   -0.00340
   -0.01050
    0.01883
   -0.02998
    0.03988
   -0.06183
    0.01408
    0.01435
    0.00799
    0.03858
    0.00798
   -0.03014
    0.04172
   -0.04999
    0.04182
    0.05395
   -0.04458
   -0.03494
   -0.01663
   -0.00293
    0.00808
    0.04141
    0.00089
   -0.06985
    0.00180
   -0.04666
    0.01039
    0.03237
    0.00344
   -0.00195
   -0.02546
   -0.02945
   -0.04702
    0.04966
   -0.06444
   -0.01952
   -0.05332
   -0.02272
   -0.03392
    0.04570
   -0.06556
   -0.01026
   -0.04989
   -0.05549
   -0.04048
   -0.00282
    0.04429
    0.01708
    0.04700
   -0.03600
   -0.04055
   -0.06461
   -0.04517
   -0.02991
   -0.03337
   -0.06863
   -0.01189
    0.04826
   -0.01160
    0.01090
   -0.00065
    0.05248
   -0.01268
   -0.04346
    0.00080
    0.04137
    0.05457
    0.00818
   -0.06400
    0.05680
    0.02126
    0.03545
   -0.01227
   -0.05004
    0.03598
    0.00508
    0.00901
   -0.01056
   -0.03463
    0.04325
    0.03773
    0.00552
   -0.06557
    0.01775
    0.04363
    0.01036
    0.06828
    0.02421
   -0.03854
    0.05773
    0.06993
   -0.01993
    0.02868
    0.01403
   -0.02045
   -0.04942
    0.07013
    0.03552
   -0.05964
   -0.03476
    0.01616
   -0.03891
    0.05259
   -0.02195
   -0.02422
   -0.04171
   -0.05538
   -0.03721
    0.01438
    0.04857
   -0.02017
   -0.02530
    0.00856
    0.02010
   -0.02707
    0.05107
    0.06287
   -0.01893
   -0.03506
    0.02632
    0.03983
    0.01006
    0.04349
    0.03495
    0.00100
   -0.07180
   -0.03108
   -0.01150
    0.06823
   -0.02509
   -0.05095
    0.05129
    0.03173
    0.05131
   -0.01470
    0.01052
   -0.05091
   -0.03047
    0.02667
    0.00929
   -0.03945
   -0.06480
    0.00297
   -0.02291
   -0.04084
   -0.00136
    0.05920
   -0.06256
    0.03855
   -0.07048
   -0.01361
   -0.03002
    0.04186
   -0.04131
    0.03461
    0.02845
   -0.03525
    0.04080
    0.00678
    0.04721
    0.05593
    0.04074
    0.00918
   -0.03735
    0.01645
    0.02334
    0.00871
    0.01317
    0.04847
   -0.06763
    0.05853
   -0.07156
   -0.04237
   -0.05372
    0.01738
   -0.02140
   -0.00824
   -0.05833
   -0.03539
    0.01067
   -0.03794
   -0.00542
    0.01612
    0.03792
    0.05660
    0.02002
   -0.07131
    0.06357
   -0.06655
    0.00148
    0.00386
   -0.01336
   -0.01528
   -0.03633
   -0.01409
   -0.04422
   -0.04427
    0.04581
    0.05666
    0.03695
    0.03734
   -0.00795
    0.01899
   -0.02690
   -0.00114
    0.00330
    0.00657
    0.00547
    0.03788
   -0.03198
    0.06020
    0.03900
    0.05354
    0.01290
    0.06031
   -0.01013
   -0.04187
   -0.04750
   -0.03510
   -0.05317
    0.02382
    0.04641
    0.04553
    0.03782
   -0.05676
   -0.00777
   -0.05162
   -0.03209
    0.03916
   -0.06842
    0.05251
    0.05965
   -0.05408
   -0.06823
   -0.05291
   -0.05336
    0.05753
    0.06296
   -0.01032
   -0.04926

   -0.04829
   -0.00085
    0.05211
   -0.02604
   -0.01472
   -0.04087
   -0.06592
   -0.06452
    0.00252
   -0.07332
   -0.04850
   -0.05967
   -0.02297
    0.05745
    0.02795
    0.03338
   -0.02931
   -0.00381
   -0.06277
    0.02574
    0.06363
   -0.06399
    0.03112
    0.03315
    0.04625
    0.04049
   -0.03019
   -0.00252
   -0.01026
   -0.06896
   -0.06279
    0.03224
   -0.02527
   -0.06007
    0.02130
    0.03745
    0.00143
    0.01017
   -0.05557
    0.04933
    0.03252
   -0.04288
    0.02952
    0.01097
   -0.03173
    0.06298
    0.04825
    0.02903
   -0.03280
   -0.04536
   -0.06258
    0.05996
   -0.04308
    0.03270
   -0.00822
    0.01611
    0.01975
   -0.04066
    0.03142
    0.02457
   -0.00717
    0.02186
    0.06224
   -0.05193
   -0.00167
    0.00047
    0.04460
    0.05105
    0.04765
    0.03928
    0.05248
   -0.00494
   -0.01078
    0.02694
    0.04763
    0.03461
    0.05969
    0.02947
    0.00076
   -0.01706
   -0.02066
   -0.03204
   -0.02129
    0.07554
   -0.07397
   -0.06407
   -0.04570
   -0.02494
    0.05600
    0.00012
   -0.05114
    0.04069
    0.05475
    0.04866
   -0.02697
   -0.00801
   -0.01014
   -0.01433
   -0.01538
   -0.02238
   -0.06325
   -0.05862
   -0.00264
   -0.05063
   -0.02350
    0.01170
    0.05977
   -0.02378
    0.02568
    0.00972
   -0.01608
   -0.01894
    0.05846
   -0.06886
   -0.04405
    0.01745
    0.05329
   -0.02684
    0.06385
    0.03857
    0.00799
    0.06566
    0.00247
   -0.05994
    0.01967
   -0.03732
    0.04565
   -0.03765
   -0.07781
    0.04154
    0.05827
   -0.00470
   -0.02775
   -0.07184
    0.03372
   -0.04480
   -0.02626
   -0.04893
    0.06636
    0.03606
    0.00307
    0.05836
    0.06694
   -0.04311
   -0.07334
   -0.06494
    0.00939
    0.05166
   -0.00851
    0.01339
   -0.04844
   -0.02524
   -0.06067
   -0.06043
    0.06012
    0.01910
    0.03557
   -0.02859
   -0.00842
    0.04437
   -0.06692
   -0.01414
    0.05567
    0.02682
   -0.00924
   -0.02795
    0.05469
   -0.04485
   -0.01113
    0.06088
    0.05842
    0.00106
    0.03441
    0.05976
    0.04723
   -0.00955
   -0.01791
   -0.00252
   -0.03033
    0.04460
   -0.05061
    0.00246
    0.02433
    0.00856
   -0.05134
   -0.01009
    0.03367
    0.03934
   -0.02425
    0.03903
   -0.04003
   -0.06713
    0.00199
   -0.04419
   -0.06149
    0.04551
   -0.03238
    0.01672
    0.04080
    0.00832
   -0.02212
    0.00235
   -0.05521
   -0.00325
    0.03984
    0.05677
    0.06217
   -0.02738
    0.02520
    0.00189
   -0.02317
    0.00891
   -0.04040
    0.06238
   -0.06134
    0.05697
   -0.03337
    0.03623
    0.03904
    0.03064
   -0.03585
   -0.01436
   -0.05350
   -0.00305
   -0.02936
   -0.05740
    0.05862
    0.05612
    0.03000
   -0.05429
   -0.03031
   -0.01003
    0.06474
    0.02830
   -0.03095
    0.00978
    0.03082
    0.06857
   -0.06155
   -0.03708
    0.00517
    0.04529
    0.01734
   -0.02899
    0.06756
    0.04682
   -0.02422
    0.00183
   -0.01423
   -0.04685
   -0.03394
    0.05729
   -0.00875
    0.01801
    0.01318
   -0.01208
   -0.05482
   -0.00148
    0.00510
   -0.00554
    0.05966
    0.02925
    0.05722
   -0.00031
   -0.06742
   -0.00674
   -0.03353
    0.00308
   -0.05147
    0.05511
    0.03294
   -0.00369
    0.03864
   -0.03931
   -0.01824
   -0.01095
    0.04888
    0.03208
   -0.03694
   -0.02459
    0.02186
   -0.03219
    0.03616
   -0.04785
    0.06239
   -0.01088
   -0.05338
    0.03971
    0.04831
   -0.03817
   -0.00169
    0.02915
   -0.03112
    0.06065
    0.02838
    0.00676
   -0.04831
   -0.01819
    0.05736
   -0.02869
   -0.05607
   -0.00764
    0.02053
   -0.04182
   -0.03556
   -0.00161
   -0.05853
   -0.02941
    0.00309
   -0.05938
    0.03432
   -0.06316
   -0.07005
   -0.00227
   -0.04803
    0.04430
    0.02951
   -0.07037
    0.01828
    0.02551
    0.07177
    0.04719
    0.07289
   -0.04314
    0.06452
    0.06361
   -0.03644
   -0.04903
   -0.00580
   -0.04848
    0.00033
   -0.01464
    0.02014
   -0.06478
    0.04188
   -0.02219
   -0.07199
   -0.04262
    0.04278
   -0.03265
   -0.07008
   -0.05302
    0.00354
    0.05690
    0.05618
   -0.04549
   -0.01788
    0.04854
    0.07159
    0.06179
   -0.02985
   -0.03922
   -0.06391
    0.01715
   -0.05890
   -0.04395
   -0.00830
    0.06286
    0.02279
   -0.01772
   -0.00651
   -0.00492
    0.01657
   -0.03627
    0.04171
   -0.06039
    0.01459
    0.01652
    0.00063
    0.04265
    0.01594
   -0.02657
    0.03779
   -0.05594
    0.04426
    0.04749
   -0.04761
   -0.04237
   -0.02309
   -0.00303
    0.00695
    0.03961
   -0.00525
   -0.06868
    0.00310
   -0.04259
    0.01383
    0.02958
   -0.00230
   -0.00212
   -0.02407
   -0.02890
   -0.04562
    0.05735
   -0.05840
   -0.02253
   -0.05898
   -0.02441
   -0.03301
    0.04225
   -0.05826
   -0.00681
   -0.04897
   -0.05483
   -0.04064
   -0.00163
    0.05453
    0.01662
    0.04793
   -0.03080
   -0.03624
   -0.06248
   -0.04924
   -0.03046
   -0.03118
   -0.07258
   -0.00871
    0.04333
   -0.00521
    0.01344
   -0.00118
    0.05205
   -0.01462
   -0.03984
    0.00561
    0.04146
    0.05540
    0.01293
   -0.07019
    0.05571
    0.01368
    0.03171
   -0.01877
   -0.05378
    0.03344
    0.00391
    0.00365
   -0.00853
   -0.03718
    0.04399
    0.03793
    0.00491
   -0.06387
    0.01247
    0.03810
    0.01038
    0.06791
    0.02365
   -0.03758
    0.05946
    0.06838
   -0.02455
    0.02540
    0.01406
   -0.02634
   -0.05201
    0.06563
    0.03095
   -0.05781
   -0.03815
    0.02024
   -0.04089
    0.05024
   -0.01882
   -0.02963
   -0.04582
   -0.05718
   -0.04063
    0.01510
    0.05283
   -0.02755
   -0.02945
    0.01103
    0.01762
   -0.02875
    0.03986
    0.06025
   -0.01815
   -0.03759
    0.01927
    0.03952
    0.01091
    0.04878
    0.03677
   -0.00256
   -0.08149
   -0.03138
   -0.01299
    0.07183
   -0.03375
   -0.05005
    0.04556
    0.03767
    0.05071
   -0.01203
    0.00938
   -0.05176
   -0.02908
    0.03163
    0.01144
   -0.03400
   -0.05633
    0.00062
   -0.02501
   -0.03869
    0.00106
    0.05982
   -0.06489
    0.03325
   -0.06151
   -0.01347
   -0.03323
    0.04102
   -0.03927
    0.02960
    0.02178
   -0.03438
    0.04391
    0.00905
    0.05005
    0.05686
    0.04642
    0.01630
   -0.04043
    0.01669
    0.02303
    0.00920
    0.01566
    0.04795
   -0.06842
    0.06561
   -0.06961
   -0.04350
   -0.05141
    0.01350
   -0.01878
   -0.00497
   -0.06394
   -0.04075
    0.01511
   -0.03148
   -0.00900
    0.01823
    0.03833
    0.05266
    0.02311
   -0.07262
    0.06597
   -0.06475
   -0.00144
    0.00560
   -0.01580
   -0.01984
   -0.02725
   -0.01578
   -0.05177
   -0.04405
    0.04416
    0.06068
    0.04210
    0.03376
   -0.00814
    0.02435
   -0.02124
   -0.00195
    0.00469
    0.00725
    0.00119
    0.03273
   -0.03346
    0.05675
    0.03798
    0.05811
    0.02160
    0.06206
   -0.01291
   -0.03784
   -0.04917
   -0.03746
   -0.05368
    0.01525
    0.04146
    0.04557
    0.03856
   -0.05408
   -0.00686
   -0.05001
   -0.03526
    0.03158
   -0.06643
    0.04921
    0.05686
   -0.05410
   -0.06814
   -0.05827
   -0.05657
    0.05321
    0.06555
   -0.01074
   -0.04978
