          1          0    0.00000   -0.99338    0.00000   -0.99338    0.00000   -3.65466    3.65466    0.00000
          1          1    0.68822   -1.00019    0.00000   -0.99476    0.00000   -3.65466   -1.00019    0.00000
          2          0    0.68822   -0.39866    0.00000   -0.99476    0.00000   -3.65466   -1.00019   -2.32742
          2        100   94.57773   -0.96504    0.00000   -1.01181    0.00000   -3.65466   -1.00019   -2.32742
          2        200  192.61321   -0.97909    0.00000   -1.01187    0.00000   -3.65466   -1.00019   -2.32742
          2        300  285.77163   -0.98532    0.00000   -1.01221    0.00000   -3.65466   -1.00019   -2.32742
          2        400  379.18006   -0.98904    0.00000   -1.01219    0.00000   -3.65466   -1.00019   -2.32742
          2        500  475.51338   -0.99159    0.00000   -1.01209    0.00000   -3.65466   -1.00019   -2.32742
          2        600  577.64174   -0.99348    0.00000   -1.01301    0.00000   -3.65466   -1.00019   -2.32742
          2        700  673.11095   -0.99495    0.00000   -1.01245    0.00000   -3.65466   -1.00019   -2.32742
          2        800  779.92010   -0.99613    0.00000   -1.01324    0.00000   -3.65466   -1.00019   -2.32742
          2        900  887.81594   -0.99712    0.00000   -1.01278    0.00000   -3.65466   -1.00019   -2.32742
          2       1000  985.33631   -0.99795    0.00000   -1.01275    0.00000   -3.65466   -1.00019   -2.32742
          2       1100 1078.68611   -0.99867    0.00000   -1.01311    0.00000   -3.65466   -1.00019   -2.32742
          2       1200 1177.91732   -0.99929    0.00000   -1.01265    0.00000   -3.65466   -1.00019   -2.32742
          2       1300 1285.40591   -0.99985    0.00000   -1.01267    0.00000   -3.65466   -1.00019   -2.32742
          2       1400 1388.28690   -1.00034    0.00000   -1.01268    0.00000   -3.65466   -1.00019   -2.32742
          2       1500 1490.18722   -1.00078    0.00000   -1.01269    0.00000   -3.65466   -1.00019   -2.32742
          2       1600 1592.32312   -1.00119    0.00000   -1.01298    0.00000   -3.65466   -1.00019   -2.32742
          2       1700 1704.68319   -1.00155    0.00000   -1.01300    0.00000   -3.65466   -1.00019   -2.32742
          2       1800 1807.81496   -1.00189    0.00000   -1.01317    0.00000   -3.65466   -1.00019   -2.32742
          2       1900 1908.54195   -1.00219    0.00000   -1.01283    0.00000   -3.65466   -1.00019   -2.32742
          2       2000 2009.18420   -1.00248    0.00000   -1.01284    0.00000   -3.65466   -1.00019   -2.32742
          2       2100 2110.22910   -1.00274    0.00000   -1.01282    0.00000   -3.65466   -1.00019   -2.32742
          2       2200 2211.60328   -1.00299    0.00000   -1.01298    0.00000   -3.65466   -1.00019   -2.32742
          2       2300 2314.40739   -1.00322    0.00000   -1.01342    0.00000   -3.65466   -1.00019   -2.32742
          2       2400 2408.17799   -1.00344    0.00000   -1.01305    0.00000   -3.65466   -1.00019   -2.32742
          2       2500 2507.55424   -1.00364    0.00000   -1.01303    0.00000   -3.65466   -1.00019   -2.32742
          2       2600 2603.20891   -1.00383    0.00000   -1.01316    0.00000   -3.65466   -1.00019   -2.32742
          2       2700 2705.87730   -1.00401    0.00000   -1.01328    0.00000   -3.65466   -1.00019   -2.32742
          2       2800 2806.34639   -1.00418    0.00000   -1.01292    0.00000   -3.65466   -1.00019   -2.32742
          2       2900 2907.24164   -1.00434    0.00000   -1.01316    0.00000   -3.65466   -1.00019   -2.32742
          2       3000 3013.52263   -1.00450    0.00000   -1.01348    0.00000   -3.65466   -1.00019   -2.32742
          2       3100 3116.84660   -1.00464    0.00000   -1.01334    0.00000   -3.65466   -1.00019   -2.32742
          2       3200 3215.50641   -1.00478    0.00000   -1.01327    0.00000   -3.65466   -1.00019   -2.32742
          2       3300 3320.30267   -1.00492    0.00000   -1.01331    0.00000   -3.65466   -1.00019   -2.32742
          2       3400 3422.74110   -1.00504    0.00000   -1.01342    0.00000   -3.65466   -1.00019   -2.32742
          2       3500 3525.15718   -1.00517    0.00000   -1.01338    0.00000   -3.65466   -1.00019   -2.32742
          2       3574 3600.17653   -1.00525    0.00000   -1.01311    0.00000   -3.65466   -1.00019   -2.32742
