 427591511101957
       2788
 3601.22171
   -1.00494
    0.00000
   -1.01445
    0.00000

   -0.06000
    0.06924
   -0.01509
   -0.05375
    0.04452
    0.04538
   -0.04571
    0.02418
   -0.03672
    0.01370
   -0.02679
   -0.04882
    0.01871
    0.01181
   -0.03262
    0.03316
    0.00354
   -0.04729
   -0.01232
   -0.00181
   -0.02175
   -0.04253
   -0.02236
    0.05015
    0.04741
    0.01453
    0.04128
    0.00533
    0.04595
    0.05673
   -0.02244
   -0.06795
    0.01981
    0.04600
    0.04349
   -0.01554
    0.05279
    0.05918
    0.01284
    0.05842
    0.00304
   -0.00624
   -0.00955
    0.03624
   -0.05053
   -0.06660
   -0.07312
    0.02545
    0.00063
   -0.06206
   -0.02279
    0.02293
    0.02055
   -0.02081
    0.06412
    0.07860
   -0.00304
    0.04710
   -0.03640
    0.00962
    0.00482
   -0.06899
    0.01085
    0.04789
    0.06815
   -0.04845
    0.01557
    0.00312
    0.05475
   -0.02900
    0.03579
    0.01251
   -0.04283
   -0.04790
   -0.00905
    0.02782
    0.01616
    0.02826
    0.03552
   -0.03707
   -0.05533
    0.00187
   -0.02437
    0.02631
    0.00626
   -0.04242
   -0.04073
    0.04686
    0.01876
    0.05959
   -0.01153
   -0.01959
   -0.01979
    0.00898
   -0.02405
    0.05345
   -0.03188
   -0.00810
    0.04542
   -0.04720
   -0.03451
    0.00529
    0.03869
    0.04856
   -0.02929
   -0.06275
    0.05245
    0.03074
   -0.06684
    0.02247
   -0.04411
    0.00697
   -0.00216
   -0.05842
    0.02518
    0.00214
   -0.06157
    0.05886
   -0.00639
   -0.03943
   -0.02995
    0.03693
   -0.02486
    0.00374
   -0.02663
   -0.00860
   -0.04052
   -0.02382
    0.02771
    0.01347
    0.06502
    0.02994
    0.03772
   -0.02707
   -0.05014
    0.00787
   -0.05324
   -0.06260
   -0.03762
    0.06870
    0.01202
    0.05501
    0.00814
    0.02823
   -0.01086
    0.04853
    0.04072
    0.00308
   -0.05175
    0.04331
    0.04311
    0.01444
   -0.00202
   -0.05861
    0.05381
   -0.06641
   -0.03543
   -0.06384
   -0.05399
   -0.06101
   -0.00196
    0.01287
   -0.04504
    0.02043
   -0.04745
    0.06215
   -0.03482
   -0.05564
    0.00965
    0.00948
    0.04877
    0.02142
   -0.02527
   -0.00441
   -0.05310
   -0.01131
    0.02502
    0.05628
    0.05564
    0.02778
    0.04149
    0.00118
   -0.01125
    0.06025
    0.04532
   -0.05722
    0.03779
   -0.06629
   -0.07198
   -0.01355
    0.01465
   -0.03526
   -0.04558
   -0.00786
   -0.06013
   -0.06418
   -0.00865
   -0.02299
    0.04587
    0.01440
   -0.04293
    0.00692
    0.02318
   -0.03775
    0.01066
    0.05683
   -0.02165
   -0.01345
    0.06128
   -0.06439
   -0.01735
   -0.04126
   -0.02869
   -0.02987
    0.03532
    0.03531
    0.06906
    0.03458
   -0.05705
    0.01754
   -0.04299
    0.01587
   -0.01970
   -0.06426
   -0.04858
    0.05833
    0.02101
   -0.04441
    0.05532
    0.06737
   -0.05812
    0.04679
   -0.01308
    0.00127
   -0.04646
   -0.03884
    0.04160
   -0.04525
    0.04650
   -0.00626
    0.04328
   -0.02406
    0.06596
    0.01607
   -0.05667
    0.05476
    0.00488
    0.01609
   -0.06463
   -0.04444
   -0.06928
   -0.01270
    0.04212
    0.05175
   -0.01785
   -0.05216
   -0.05563
    0.03412
   -0.04660
   -0.05392
   -0.05943
    0.05962
   -0.00663
   -0.06680
   -0.00896
   -0.05690
   -0.02753
   -0.01791
   -0.05558
   -0.00612
   -0.04480
   -0.02413
   -0.06308
    0.01355
   -0.06701
   -0.04297
    0.04754
   -0.05765
    0.02110
    0.07595
   -0.02023
    0.06605
   -0.02587
    0.05415
   -0.03271
   -0.04180
    0.04859
   -0.05551
    0.06271
    0.05096
    0.01894
    0.02848
   -0.00525
   -0.03669
   -0.01588
    0.03099
   -0.01931
    0.03052
   -0.00813
    0.04264
   -0.01426
   -0.01219
   -0.06758
   -0.00549
    0.01946
    0.05968
   -0.04168
   -0.00718
    0.01614
   -0.06011
    0.00506
   -0.03342
   -0.07253
   -0.02811
   -0.01210
   -0.01926
    0.02429
    0.06867
    0.01517
    0.01352
   -0.04771
    0.04480
    0.01048
   -0.06291
    0.01925
   -0.05202
   -0.06255
   -0.04002
    0.00252
   -0.02990
   -0.04705
    0.04716
    0.00369
   -0.00226
    0.03688
   -0.00044
   -0.00150
   -0.03151
    0.02220
    0.05286
    0.01071
    0.05725
   -0.01804
    0.04690
    0.02307
    0.01195
    0.01813
   -0.02454
    0.01720
   -0.05808
    0.06439
    0.05907
   -0.05006
    0.05752
    0.00726
    0.00643
    0.01929
    0.03338
    0.05663
    0.07325
    0.05916
   -0.05695
   -0.03865
   -0.06952
   -0.01894
   -0.03337
   -0.00188
    0.01020
    0.01188
   -0.03742
   -0.01404
    0.00268
   -0.03385
    0.02842
   -0.04867
    0.03957
    0.05768
   -0.00774
    0.04289
   -0.03244
   -0.01038
   -0.06178
    0.01820
    0.04688
    0.05668
   -0.04748
   -0.04185
   -0.01332
    0.00020
    0.07136
    0.00774
    0.02695
    0.03111
   -0.03000
    0.04899
   -0.04261
   -0.02208
    0.05326
   -0.04962
   -0.00022
   -0.06400
    0.05698
   -0.04488
    0.05098
    0.05131
   -0.03948
    0.05954
    0.05188
   -0.02211
    0.06221
   -0.00509
   -0.03931
   -0.07081
   -0.07450
   -0.07425
    0.01600
    0.00931
    0.00712
    0.02163
   -0.01868
   -0.06455
    0.06959
    0.06527
    0.06456
    0.05955
    0.04915
   -0.01113
   -0.04867
   -0.05913
   -0.04236
    0.02650
   -0.04235
    0.07260
    0.01049
    0.03588
   -0.00778
   -0.04854
    0.00252
    0.02485
    0.02376
    0.02296
    0.02136
    0.04890
    0.03708
    0.04363
   -0.02782
   -0.04027
    0.00545
    0.00715
    0.06852
   -0.03431
   -0.02701
    0.05426
   -0.00122
   -0.06618
   -0.04853
   -0.05525
   -0.05262
   -0.01655
   -0.04589
    0.01571
    0.01894
   -0.00817
   -0.03748
   -0.04426
    0.03906
   -0.00184
    0.04351
   -0.03063
    0.07344
   -0.03941
   -0.07048
   -0.05468
   -0.02723
   -0.00789
   -0.04205
   -0.02853
    0.02939
    0.00271
    0.03305
    0.03861
   -0.02542
   -0.03025
   -0.04896
    0.00036
    0.01876
    0.06755
    0.00764
   -0.01423
   -0.01033
    0.05086
   -0.00655
   -0.04975
    0.01962
    0.07319
   -0.01434
    0.00733
   -0.02411
   -0.02288
    0.00218
    0.06693
    0.07194
    0.07004
   -0.04046
    0.08266
    0.01919
   -0.05995
    0.01118
    0.02602
    0.01968
   -0.00805
   -0.01888
   -0.03257
    0.02257
   -0.01904
    0.01103
    0.00571
   -0.02036
    0.06289
   -0.00541
    0.05560
    0.02352
    0.02813
    0.02363
    0.05551
   -0.04989
    0.05614
   -0.02611
    0.05358
   -0.05585
   -0.00930
    0.01805
    0.04707
   -0.00321
   -0.05839
   -0.04870
   -0.04494
   -0.02063
   -0.02103
    0.04093
    0.00954
   -0.05040
   -0.00840
    0.03835
   -0.04694
    0.00642
    0.00348
    0.06249
    0.00663
    0.05636
    0.05442
    0.06806
   -0.01121
    0.03812
    0.04932
    0.06545
   -0.05007
    0.03412
   -0.02960
   -0.04184
   -0.05480
   -0.05495
   -0.04607
   -0.02701
    0.04456
    0.00354
    0.00631
   -0.01479
    0.02063
    0.00808
   -0.03889
   -0.02501
    0.05346
   -0.05865
   -0.01385
   -0.00735
    0.01842
   -0.02119
    0.06308
   -0.02901
    0.06027
   -0.02695
    0.03470
   -0.01009
    0.04335
   -0.00204
   -0.01921
   -0.00092
    0.05188
   -0.01142
   -0.04929
   -0.03541
    0.04916
   -0.04027
   -0.03457
   -0.03156
   -0.00022
   -0.03298
   -0.04814
   -0.02827

   -0.06025
    0.06967
   -0.01496
   -0.05384
    0.04593
    0.04532
   -0.04606
    0.02428
   -0.03671
    0.01433
   -0.02755
   -0.04925
    0.01918
    0.01245
   -0.03280
    0.03344
    0.00366
   -0.04795
   -0.01235
   -0.00211
   -0.02188
   -0.04302
   -0.02230
    0.05047
    0.04771
    0.01501
    0.04189
    0.00536
    0.04673
    0.05771
   -0.02272
   -0.06898
    0.01954
    0.04606
    0.04344
   -0.01575
    0.05348
    0.05972
    0.01253
    0.05918
    0.00265
   -0.00636
   -0.00967
    0.03713
   -0.05116
   -0.06782
   -0.07378
    0.02578
    0.00056
   -0.06255
   -0.02296
    0.02287
    0.02109
   -0.02133
    0.06476
    0.07862
   -0.00337
    0.04749
   -0.03669
    0.01049
    0.00439
   -0.06977
    0.01146
    0.04880
    0.06915
   -0.04950
    0.01608
    0.00349
    0.05507
   -0.02988
    0.03597
    0.01284
   -0.04377
   -0.04890
   -0.00881
    0.02791
    0.01598
    0.02866
    0.03557
   -0.03773
   -0.05652
    0.00205
   -0.02448
    0.02697
    0.00636
   -0.04266
   -0.04121
    0.04827
    0.01912
    0.05959
   -0.01184
   -0.01986
   -0.02070
    0.00928
   -0.02454
    0.05439
   -0.03238
   -0.00846
    0.04645
   -0.04783
   -0.03488
    0.00523
    0.03896
    0.05012
   -0.02964
   -0.06385
    0.05299
    0.03119
   -0.06745
    0.02315
   -0.04516
    0.00732
   -0.00261
   -0.05861
    0.02611
    0.00261
   -0.06209
    0.05911
   -0.00602
   -0.03956
   -0.03065
    0.03696
   -0.02503
    0.00327
   -0.02736
   -0.00922
   -0.04066
   -0.02370
    0.02818
    0.01417
    0.06560
    0.03043
    0.03842
   -0.02686
   -0.05047
    0.00666
   -0.05364
   -0.06420
   -0.03854
    0.06895
    0.01228
    0.05518
    0.00807
    0.02782
   -0.01082
    0.04878
    0.04150
    0.00325
   -0.05188
    0.04403
    0.04402
    0.01465
   -0.00144
   -0.06013
    0.05412
   -0.06711
   -0.03587
   -0.06467
   -0.05509
   -0.06215
   -0.00187
    0.01316
   -0.04554
    0.02067
   -0.04836
    0.06281
   -0.03501
   -0.05662
    0.01005
    0.00888
    0.04898
    0.02109
   -0.02589
   -0.00494
   -0.05361
   -0.01161
    0.02490
    0.05670
    0.05625
    0.02811
    0.04225
    0.00106
   -0.01109
    0.06059
    0.04620
   -0.05697
    0.03783
   -0.06756
   -0.07328
   -0.01305
    0.01475
   -0.03605
   -0.04577
   -0.00751
   -0.06085
   -0.06468
   -0.00897
   -0.02333
    0.04628
    0.01455
   -0.04330
    0.00677
    0.02352
   -0.03845
    0.01197
    0.05725
   -0.02169
   -0.01414
    0.06257
   -0.06510
   -0.01767
   -0.04136
   -0.02887
   -0.03028
    0.03561
    0.03542
    0.06992
    0.03433
   -0.05752
    0.01722
   -0.04268
    0.01605
   -0.01984
   -0.06438
   -0.04889
    0.05866
    0.02113
   -0.04532
    0.05553
    0.06771
   -0.05841
    0.04732
   -0.01329
    0.00107
   -0.04705
   -0.03880
    0.04243
   -0.04608
    0.04702
   -0.00613
    0.04364
   -0.02480
    0.06668
    0.01603
   -0.05731
    0.05553
    0.00469
    0.01642
   -0.06500
   -0.04465
   -0.06966
   -0.01338
    0.04350
    0.05251
   -0.01839
   -0.05247
   -0.05619
    0.03508
   -0.04700
   -0.05422
   -0.06025
    0.06037
   -0.00662
   -0.06825
   -0.00889
   -0.05770
   -0.02714
   -0.01814
   -0.05620
   -0.00603
   -0.04502
   -0.02442
   -0.06338
    0.01249
   -0.06724
   -0.04294
    0.04824
   -0.05856
    0.02068
    0.07659
   -0.02015
    0.06623
   -0.02641
    0.05483
   -0.03351
   -0.04273
    0.04894
   -0.05589
    0.06334
    0.05187
    0.01973
    0.02863
   -0.00486
   -0.03757
   -0.01604
    0.03165
   -0.01972
    0.03112
   -0.00798
    0.04299
   -0.01416
   -0.01247
   -0.06820
   -0.00586
    0.01918
    0.06045
   -0.04239
   -0.00716
    0.01621
   -0.06009
    0.00498
   -0.03376
   -0.07329
   -0.02852
   -0.01287
   -0.01963
    0.02425
    0.06902
    0.01565
    0.01357
   -0.04855
    0.04523
    0.01120
   -0.06302
    0.01929
   -0.05347
   -0.06313
   -0.04044
    0.00221
   -0.03027
   -0.04782
    0.04802
    0.00422
   -0.00219
    0.03826
   -0.00075
   -0.00194
   -0.03201
    0.02272
    0.05363
    0.01167
    0.05749
   -0.01855
    0.04711
    0.02358
    0.01210
    0.01846
   -0.02479
    0.01729
   -0.05872
    0.06554
    0.05943
   -0.05077
    0.05824
    0.00758
    0.00654
    0.01942
    0.03447
    0.05706
    0.07400
    0.06027
   -0.05832
   -0.03925
   -0.07048
   -0.01958
   -0.03418
   -0.00206
    0.01020
    0.01230
   -0.03774
   -0.01451
    0.00239
   -0.03432
    0.02839
   -0.04936
    0.04054
    0.05831
   -0.00775
    0.04294
   -0.03265
   -0.01071
   -0.06306
    0.01849
    0.04762
    0.05677
   -0.04770
   -0.04241
   -0.01339
   -0.00051
    0.07227
    0.00727
    0.02669
    0.03186
   -0.03002
    0.04905
   -0.04312
   -0.02301
    0.05361
   -0.05072
   -0.00053
   -0.06432
    0.05807
   -0.04492
    0.05190
    0.05160
   -0.04011
    0.06012
    0.05321
   -0.02247
    0.06246
   -0.00508
   -0.03977
   -0.07178
   -0.07498
   -0.07534
    0.01599
    0.01002
    0.00690
    0.02184
   -0.01861
   -0.06503
    0.07011
    0.06544
    0.06561
    0.06045
    0.04947
   -0.01171
   -0.04981
   -0.05941
   -0.04253
    0.02683
   -0.04306
    0.07337
    0.01090
    0.03572
   -0.00751
   -0.04848
    0.00300
    0.02577
    0.02359
    0.02314
    0.02139
    0.04989
    0.03789
    0.04424
   -0.02805
   -0.04068
    0.00526
    0.00711
    0.06944
   -0.03381
   -0.02750
    0.05529
   -0.00122
   -0.06718
   -0.04927
   -0.05624
   -0.05331
   -0.01675
   -0.04686
    0.01605
    0.01919
   -0.00845
   -0.03837
   -0.04511
    0.03930
   -0.00201
    0.04411
   -0.03080
    0.07365
   -0.03987
   -0.07123
   -0.05526
   -0.02720
   -0.00766
   -0.04291
   -0.02824
    0.03039
    0.00324
    0.03322
    0.03890
   -0.02573
   -0.03033
   -0.04950
   -0.00029
    0.01812
    0.06941
    0.00761
   -0.01481
   -0.01026
    0.05131
   -0.00712
   -0.05014
    0.02009
    0.07329
   -0.01386
    0.00792
   -0.02506
   -0.02279
    0.00248
    0.06748
    0.07204
    0.07036
   -0.04059
    0.08328
    0.01952
   -0.06043
    0.01150
    0.02657
    0.01974
   -0.00844
   -0.01872
   -0.03270
    0.02284
   -0.01946
    0.01128
    0.00538
   -0.02117
    0.06290
   -0.00541
    0.05611
    0.02381
    0.02827
    0.02349
    0.05670
   -0.05079
    0.05669
   -0.02659
    0.05399
   -0.05647
   -0.01008
    0.01789
    0.04764
   -0.00328
   -0.05907
   -0.04893
   -0.04583
   -0.02084
   -0.02121
    0.04060
    0.00915
   -0.05135
   -0.00830
    0.03859
   -0.04825
    0.00616
    0.00347
    0.06300
    0.00637
    0.05743
    0.05562
    0.06873
   -0.01160
    0.03888
    0.04959
    0.06638
   -0.05093
    0.03415
   -0.02991
   -0.04205
   -0.05438
   -0.05529
   -0.04565
   -0.02686
    0.04581
    0.00336
    0.00650
   -0.01514
    0.02063
    0.00858
   -0.03873
   -0.02538
    0.05390
   -0.05905
   -0.01410
   -0.00765
    0.01864
   -0.02118
    0.06353
   -0.02936
    0.06113
   -0.02707
    0.03593
   -0.00997
    0.04400
   -0.00277
   -0.01979
   -0.00108
    0.05218
   -0.01123
   -0.05083
   -0.03628
    0.04923
   -0.04045
   -0.03523
   -0.03193
    0.00010
   -0.03297
   -0.04821
   -0.02935
