   10000000
          8
  364.68716
   -0.99965
    0.00000
   -1.01398
    0.00000

    0.04694
   -0.03686
    0.04296
    0.05320
    0.05517
   -0.00625
    0.04062
    0.05319
    0.05809
    0.01012
   -0.06284
   -0.01693
   -0.01241
    0.02041
   -0.04956
    0.05118
    0.01503
    0.01269
   -0.04355
   -0.02838
   -0.02759
    0.06724
   -0.07109
   -0.06333
    0.02696
    0.01671
   -0.04055
    0.02911
    0.00519
   -0.04210
   -0.06022
   -0.06585
   -0.03574
    0.00481
   -0.03136
    0.03025
    0.04475
   -0.05921
   -0.02550
    0.03668
    0.06249
    0.05704
   -0.06169
    0.00996
    0.01918
    0.00369
    0.02560
   -0.00288
   -0.06169
    0.04011
    0.01014
   -0.00460
    0.05505
   -0.01867
    0.01171
    0.05645
   -0.04884
    0.06480
    0.00736
    0.00259
   -0.00807
   -0.03712
   -0.05381
    0.00244
   -0.05995
    0.05473
   -0.03511
   -0.05255
   -0.02680
    0.02195
   -0.01362
    0.06095
    0.00271
    0.03372
    0.04043
    0.05700
   -0.06697
    0.02006
   -0.06072
    0.06538
    0.05247
   -0.02971
   -0.05105
    0.05187
    0.01033
    0.04084
   -0.06802
   -0.06216
    0.01548
   -0.04975
   -0.01871
    0.06420
   -0.06646
   -0.01615
   -0.03556
    0.00384
    0.01546
    0.00253
   -0.04039
   -0.04605
   -0.00019
   -0.00005
   -0.02657
    0.02953
    0.05356
    0.02516
    0.04304
   -0.03269
    0.05242
    0.02414
    0.06204
   -0.06279
   -0.02808
    0.06542
    0.05043
   -0.04613
    0.00804
   -0.02072
    0.04180
   -0.00708
   -0.00254
    0.04900
    0.02631
   -0.02500
    0.04662
    0.03591
   -0.05632
   -0.00300
    0.01838
   -0.01848
   -0.06642
    0.02349
    0.05071
    0.00349
    0.04081
    0.01900
    0.04479
    0.01839
   -0.01951
    0.06490
   -0.03028
    0.05012
    0.06424
   -0.05857
    0.05484
   -0.01385
    0.05979
   -0.01102
   -0.01142
    0.00008
   -0.00211
    0.05815
   -0.01063
   -0.00754
    0.03287
   -0.07137
    0.03674
   -0.01057
    0.02388
   -0.04762
    0.03729
    0.01513
    0.04820
    0.02062
    0.01338
    0.05755
    0.00387
   -0.00806
   -0.03158
   -0.00092
   -0.04184
    0.04393
   -0.06169
    0.02774
   -0.01801
   -0.02498
   -0.00392
   -0.04512
    0.00237
    0.06370
    0.01811
    0.01627
   -0.06392
   -0.06421
    0.01432
    0.05045
    0.02628
   -0.04850
   -0.04761
   -0.03067
    0.06596
    0.06627
   -0.03340
    0.05986
   -0.01300
   -0.01665
    0.01981
   -0.04170
   -0.04471
   -0.02265
   -0.00549
   -0.06304
   -0.05982
    0.06054
    0.06623
   -0.05335
    0.06725
   -0.06728
    0.00834
    0.06669
   -0.05240
    0.04733
    0.04073
   -0.01591
   -0.03467
    0.02103
    0.06432
   -0.02405
    0.01152
    0.03002
   -0.05118
    0.02439
    0.02513
    0.02431
    0.06856
    0.01061
   -0.05760
    0.02295
    0.02541
    0.03048
    0.04820
   -0.04347
    0.05214
    0.00562
    0.05578
    0.03207
    0.04097
   -0.03759
    0.06930
    0.02179
   -0.04809
   -0.05049
    0.05252
    0.00481
   -0.02478
    0.02098
    0.00458
   -0.04193
   -0.01690
    0.00147
    0.04959
   -0.02317
    0.04506
   -0.05530
   -0.05332
   -0.01134
    0.03595
    0.04746
   -0.06773
   -0.03961
   -0.02550
   -0.03977
    0.00935
    0.00650
    0.06024
    0.03648
   -0.05051
   -0.05476
    0.05400
   -0.00885
   -0.01287
    0.06782
    0.01234
   -0.00716
    0.03064
   -0.00516
    0.00224
    0.06063
   -0.06568
   -0.05646
    0.07019
    0.06305
    0.01839
    0.01007
   -0.01746
    0.04123
   -0.00655
   -0.00103
   -0.06255
    0.01408
   -0.03564
    0.00509
    0.05566
   -0.04929
   -0.04530
    0.05998
    0.02658
   -0.03518
    0.06388
   -0.01670
   -0.06395
   -0.02293
    0.00305
    0.02790
    0.02651
   -0.06144
   -0.06139
    0.02786
    0.01186
    0.03564
    0.04842
    0.06511
   -0.04430
    0.03039
    0.06271
    0.06275
   -0.05398
   -0.00462
   -0.01292
   -0.00351
   -0.02972
   -0.02142
   -0.04119
    0.02501
   -0.01218
    0.02409
   -0.02571
   -0.04385
   -0.04638
   -0.01875
    0.05353
   -0.01135
    0.01928
    0.01273
   -0.05776
    0.00459
   -0.02014
   -0.02707
    0.01727
    0.03007
    0.05783
   -0.06319
    0.05688
   -0.04521
   -0.04758
   -0.05701
   -0.02817
    0.03986
   -0.05209
   -0.04180
    0.04683
   -0.01744
    0.03556
    0.04639
   -0.03750
   -0.06536
   -0.02689
   -0.03872
   -0.00951
    0.05219
    0.04013
    0.05382
    0.07748
   -0.03460
    0.06104
   -0.05158
    0.05291
   -0.05879
    0.01565
    0.02654
    0.00264
    0.05553
    0.03378
   -0.02284
   -0.03384
    0.05592
   -0.05870
   -0.06406
    0.04732
   -0.06129
   -0.06195
    0.04591
   -0.04254
   -0.05415
    0.03496
    0.03441
    0.02246
    0.06299
    0.06314
   -0.00209
   -0.02901
   -0.02031
   -0.01843
   -0.00019
   -0.00168
   -0.01917
   -0.02223
    0.00081
   -0.04937
    0.03328
   -0.02331
    0.02818
   -0.06044
   -0.05193
    0.02261
    0.01438
   -0.04299
    0.05827
   -0.00239
    0.05767
    0.05289
   -0.05705
    0.03544
    0.02317
   -0.02879
   -0.02726
    0.01128
    0.00174
   -0.02441
   -0.04607
   -0.04586
    0.04341
   -0.01412
    0.02776
   -0.02438
    0.07030
    0.05595
    0.00108
   -0.03714
    0.02065
   -0.06091
    0.01015
    0.05462
   -0.04080
    0.03247
    0.06528
    0.03061
    0.00190
    0.06230
   -0.05815
   -0.02521
   -0.00422
    0.01995
   -0.05463
   -0.05380
    0.03232
   -0.06281
   -0.00287
   -0.01124
    0.05930
   -0.03897
    0.04938
   -0.01700
    0.03416
   -0.04803
    0.02395
    0.06275
    0.02880
    0.00069
    0.06376
   -0.02869
   -0.06048
    0.05920
   -0.03688
   -0.00771
    0.00829
    0.00146
   -0.00622
   -0.03277
    0.05434
   -0.01806
   -0.03840
    0.02260
   -0.01361
    0.06152
   -0.05066
   -0.04757
    0.06319
   -0.01928
    0.02866
    0.03977
   -0.02255
    0.00760
    0.06443
    0.02311
   -0.02373
   -0.04908
    0.05332
    0.02695
    0.04682
    0.00418
    0.01180
   -0.02462
   -0.06986
    0.00739
   -0.06242
    0.02082
    0.05613
    0.03943
   -0.04268
   -0.02650
    0.01081
   -0.06288
   -0.05480
    0.03333
    0.06386
    0.03225
    0.00766
   -0.01174
   -0.04226
   -0.05465
    0.00762
    0.01876
   -0.00301
   -0.02496
    0.01503
    0.01833
    0.04365
   -0.03279
    0.02528
    0.02850
   -0.05725
   -0.05630
    0.06203
   -0.04942
   -0.04030
   -0.05185
   -0.02371
    0.05435
    0.03350
    0.03479
    0.06028
    0.03557
   -0.03951
    0.05113
   -0.05539
   -0.03415
   -0.03661
   -0.06304
   -0.01350
    0.01278
    0.00614
   -0.00033
   -0.01888
    0.05716
    0.01875
   -0.00094
    0.02195
   -0.02111
   -0.01155
   -0.04402
    0.06366
    0.00990
   -0.03528
   -0.02879
    0.05877
   -0.05308
    0.07100
   -0.06386
   -0.05250
   -0.01384
    0.02649
   -0.00614
   -0.00587
   -0.02847
    0.04988
    0.02484
   -0.05624
    0.02879
   -0.01653
   -0.01462
   -0.04358
   -0.01323
    0.01441
   -0.03026
   -0.05798
    0.04757
    0.06905
   -0.03330
    0.05628
    0.02203
    0.00532
   -0.00224
   -0.01938
    0.05733
   -0.03184
   -0.04870
   -0.01167
   -0.01687
    0.02156
    0.05431
   -0.03598
   -0.06677
   -0.05823
   -0.05283
    0.02672
   -0.05165
   -0.02703
    0.06025
    0.05187

    0.04522
   -0.03744
    0.03985
    0.05202
    0.05051
   -0.01319
    0.03316
    0.06007
    0.06168
    0.00130
   -0.05932
   -0.01913
   -0.01048
    0.02258
   -0.04452
    0.05169
    0.01602
    0.00991
   -0.04201
   -0.03904
   -0.04110
    0.06179
   -0.06652
   -0.06853
    0.03238
    0.02145
   -0.04492
    0.02656
    0.00771
   -0.04156
   -0.06211
   -0.05504
   -0.03425
    0.00643
   -0.03395
    0.03295
    0.04237
   -0.05973
   -0.02043
    0.04470
    0.06179
    0.06037
   -0.07190
    0.01872
    0.01905
    0.01095
    0.02255
   -0.00181
   -0.06159
    0.03625
    0.01730
   -0.00150
    0.05248
   -0.01015
    0.00770
    0.05911
   -0.04749
    0.07104
   -0.00084
    0.00464
   -0.00785
   -0.03261
   -0.05400
    0.00060
   -0.05567
    0.05247
   -0.03049
   -0.05349
   -0.02663
    0.02207
   -0.01414
    0.06424
    0.00215
    0.03377
    0.04218
    0.05657
   -0.07394
    0.02719
   -0.05861
    0.06139
    0.05372
   -0.03212
   -0.05541
    0.05039
    0.00679
    0.03288
   -0.07434
   -0.06563
    0.01129
   -0.04835
   -0.01166
    0.06846
   -0.06640
   -0.02044
   -0.02840
    0.00082
    0.01247
    0.00208
   -0.03676
   -0.04967
   -0.00259
    0.00029
   -0.02357
    0.02383
    0.05342
    0.03659
    0.04671
   -0.02876
    0.04649
    0.01711
    0.05837
   -0.06460
   -0.03286
    0.06182
    0.05071
   -0.03910
    0.01269
   -0.01700
    0.04203
   -0.00119
   -0.00058
    0.05147
    0.02723
   -0.02024
    0.04202
    0.03603
   -0.05200
   -0.00329
    0.01903
   -0.01314
   -0.06433
    0.02482
    0.05473
    0.00423
    0.04407
    0.02931
    0.03715
    0.01630
   -0.02152
    0.06303
   -0.02380
    0.05172
    0.06148
   -0.05244
    0.05593
   -0.01570
    0.05574
   -0.01244
   -0.02095
   -0.00587
   -0.00469
    0.06183
   -0.01456
   -0.01015
    0.02952
   -0.07101
    0.03238
   -0.01688
    0.02776
   -0.04020
    0.03309
    0.01265
    0.05050
    0.02355
    0.01446
    0.05541
    0.00720
   -0.01040
   -0.02450
   -0.00069
   -0.04777
    0.05372
   -0.05543
    0.02776
   -0.01441
   -0.02202
    0.00811
   -0.04669
    0.00805
    0.06626
    0.02744
    0.01258
   -0.06528
   -0.06482
    0.01744
    0.05924
    0.03218
   -0.04396
   -0.04596
   -0.02982
    0.06347
    0.07863
   -0.04025
    0.06392
   -0.00914
   -0.01279
    0.01950
   -0.04655
   -0.04662
   -0.01438
   -0.00248
   -0.07295
   -0.05641
    0.05813
    0.06906
   -0.05312
    0.06931
   -0.06427
    0.00862
    0.07074
   -0.05174
    0.03941
    0.03230
   -0.02315
   -0.04067
    0.01842
    0.06345
   -0.01973
   -0.00189
    0.02456
   -0.05453
    0.02716
    0.02645
    0.02412
    0.07080
    0.01387
   -0.06211
    0.02150
    0.02532
    0.02497
    0.04793
   -0.03848
    0.05394
    0.01091
    0.05816
    0.03459
    0.03917
   -0.03595
    0.07646
    0.02728
   -0.04467
   -0.03995
    0.05156
    0.00265
   -0.03026
    0.01973
    0.00376
   -0.04549
   -0.00878
    0.00707
    0.04487
   -0.02330
    0.03979
   -0.05017
   -0.06026
   -0.01308
    0.03045
    0.04918
   -0.06615
   -0.04148
   -0.03027
   -0.03495
    0.01556
    0.01053
    0.05584
    0.03456
   -0.05480
   -0.05639
    0.05214
    0.00558
   -0.01302
    0.06774
    0.01364
   -0.00991
    0.02911
   -0.00652
    0.00273
    0.06139
   -0.06160
   -0.05906
    0.07576
    0.06208
    0.02408
    0.00780
   -0.01683
    0.04366
   -0.00796
   -0.00006
   -0.06068
    0.01741
   -0.03673
    0.00567
    0.05753
   -0.04605
   -0.04015
    0.05726
    0.02260
   -0.03904
    0.07288
   -0.01358
   -0.05837
   -0.01524
    0.00276
    0.02983
    0.03031
   -0.06123
   -0.05864
    0.02677
    0.01588
    0.03231
    0.05217
    0.06914
   -0.04612
    0.03277
    0.07252
    0.06897
   -0.04923
   -0.00211
   -0.01274
   -0.00926
   -0.03169
   -0.02568
   -0.03962
    0.02858
   -0.01731
    0.01976
   -0.02606
   -0.03647
   -0.04519
   -0.01776
    0.05272
   -0.00461
    0.01928
    0.01733
   -0.05795
    0.00968
   -0.01276
   -0.03013
    0.01820
    0.02765
    0.05985
   -0.05928
    0.06355
   -0.04311
   -0.04983
   -0.05598
   -0.03702
    0.04108
   -0.06205
   -0.04424
    0.04488
   -0.01501
    0.03661
    0.04603
   -0.03985
   -0.06825
   -0.02266
   -0.02812
   -0.00789
    0.05850
    0.03362
    0.05881
    0.08205
   -0.03147
    0.05559
   -0.05014
    0.04802
   -0.06753
    0.01685
    0.03394
    0.00204
    0.05364
    0.04091
   -0.02315
   -0.02907
    0.05542
   -0.06038
   -0.06056
    0.04539
   -0.06520
   -0.05869
    0.04439
   -0.03674
   -0.05055
    0.03938
    0.02829
    0.02603
    0.06523
    0.05699
    0.00315
   -0.02585
   -0.01560
   -0.01861
   -0.00253
   -0.00575
   -0.01568
   -0.02094
    0.00524
   -0.05545
    0.03003
   -0.01866
    0.02983
   -0.06268
   -0.05879
    0.02490
    0.01317
   -0.04170
    0.05431
   -0.00404
    0.06083
    0.04902
   -0.05758
    0.03083
    0.02397
   -0.02622
   -0.02755
    0.00681
    0.00418
   -0.01678
   -0.04366
   -0.04401
    0.04747
   -0.01224
    0.02700
   -0.01978
    0.06832
    0.04960
    0.00518
   -0.03606
    0.02103
   -0.06113
    0.00661
    0.05572
   -0.03613
    0.03406
    0.06556
    0.03177
    0.00706
    0.06098
   -0.04748
   -0.01910
   -0.00624
    0.02808
   -0.05788
   -0.05542
    0.02762
   -0.05300
   -0.00330
   -0.00638
    0.06451
   -0.04032
    0.04962
   -0.02035
    0.03855
   -0.04527
    0.02845
    0.05573
    0.02718
    0.00033
    0.06733
   -0.02732
   -0.06449
    0.06207
   -0.03858
   -0.00653
    0.01274
    0.00338
   -0.00048
   -0.03487
    0.04978
   -0.01329
   -0.04602
    0.01718
   -0.00980
    0.05588
   -0.03925
   -0.04601
    0.05559
   -0.02067
    0.02925
    0.03617
   -0.01667
    0.00279
    0.06408
    0.02208
   -0.01827
   -0.05120
    0.04955
    0.02797
    0.04288
   -0.00399
    0.01474
   -0.01846
   -0.06976
    0.00473
   -0.05840
    0.01077
    0.04538
    0.03369
   -0.04188
   -0.02871
    0.00537
   -0.05980
   -0.05566
    0.03485
    0.06231
    0.03257
    0.00163
   -0.01094
   -0.04223
   -0.05270
   -0.00282
    0.01639
   -0.00634
   -0.02651
    0.02227
    0.01623
    0.04488
   -0.03553
    0.02433
    0.03024
   -0.05292
   -0.04837
    0.06013
   -0.04668
   -0.04102
   -0.04973
   -0.02495
    0.04989
    0.03550
    0.03230
    0.06380
    0.03723
   -0.03522
    0.04574
   -0.05309
   -0.04403
   -0.04023
   -0.06355
   -0.01249
    0.01237
    0.00621
   -0.00208
   -0.01587
    0.05705
    0.01868
   -0.00031
    0.02317
   -0.01609
   -0.00449
   -0.05183
    0.06424
    0.01248
   -0.03232
   -0.02736
    0.06130
   -0.05081
    0.07162
   -0.06113
   -0.04753
   -0.01694
    0.02669
   -0.00601
   -0.00239
   -0.02673
    0.04657
    0.02547
   -0.05546
    0.02964
   -0.01537
   -0.01397
   -0.04886
   -0.01681
    0.00719
   -0.03044
   -0.05894
    0.04943
    0.07177
   -0.04036
    0.04899
    0.02295
    0.01089
   -0.00078
   -0.02812
    0.06324
   -0.03278
   -0.05628
   -0.00136
   -0.01656
    0.02328
    0.04991
   -0.03256
   -0.06668
   -0.06076
   -0.05897
    0.02958
   -0.04610
   -0.02503
    0.06230
    0.05109
