 435002604464052
       6448
 3600.15645
   -1.00612
    0.00000
   -1.01198
    0.00000

    0.03209
    0.00436
    0.02977
   -0.06255
    0.00673
   -0.01145
   -0.06888
   -0.00151
    0.06527
   -0.06562
   -0.00036
   -0.04135
   -0.07647
   -0.07604
    0.05024
    0.05170
   -0.07972
   -0.05307
    0.04817
    0.02133
   -0.04037
   -0.04023
    0.01134
   -0.04846
   -0.01981
   -0.02069
   -0.05279
   -0.04724
   -0.00205
    0.06296
   -0.06892
    0.06791
    0.03024
   -0.06267
    0.02477
    0.04808
   -0.05200
   -0.03663
    0.03649
   -0.04155
    0.03351
   -0.05707
   -0.04087
    0.02900
    0.01586
   -0.04232
    0.02889
   -0.06540
   -0.03622
   -0.03734
   -0.02211
   -0.03997
    0.05977
   -0.07118
    0.05836
    0.06571
    0.04841
    0.01134
   -0.00305
    0.04499
    0.05908
    0.00979
   -0.02594
   -0.06235
    0.01050
    0.06231
    0.03570
   -0.00631
   -0.05395
   -0.03985
   -0.06802
    0.02410
    0.02448
   -0.03718
   -0.04374
    0.05000
   -0.00700
   -0.03206
    0.03021
   -0.01990
   -0.05598
    0.04003
    0.05889
   -0.01608
    0.03024
    0.02448
   -0.03685
   -0.00901
   -0.01203
    0.03347
    0.03639
    0.04348
   -0.07261
    0.01014
   -0.01183
   -0.00917
   -0.02074
   -0.03624
   -0.00398
   -0.00575
    0.06192
   -0.03527
    0.02105
   -0.00942
   -0.03814
    0.01172
   -0.03403
    0.00202
    0.06433
    0.02449
    0.00481
   -0.02907
    0.00584
   -0.03490
    0.00376
    0.05227
    0.02197
    0.03070
    0.07102
    0.04635
    0.05175
   -0.00338
    0.04330
   -0.05790
    0.05284
   -0.03189
   -0.00251
   -0.02085
   -0.02974
    0.02011
    0.04236
    0.05055
    0.05713
   -0.00509
    0.05906
    0.04872
    0.00297
    0.04462
    0.04370
   -0.04129
    0.03328
    0.04221
   -0.02476
    0.01255
    0.05848
    0.04162
    0.00154
    0.03793
    0.03121
    0.07200
    0.01119
   -0.07054
    0.06464
    0.03827
    0.00516
   -0.00394
   -0.03930
    0.03971
   -0.05372
    0.02728
   -0.01692
    0.03172
   -0.02980
    0.00644
   -0.04699
   -0.04789
   -0.00252
   -0.05306
    0.03607
    0.04853
   -0.00384
   -0.03026
    0.00618
    0.04843
   -0.00382
   -0.06305
   -0.01732
    0.03117
    0.02375
   -0.03943
   -0.05306
    0.00383
   -0.03637
   -0.04376
   -0.00369
   -0.01689
    0.03592
    0.00455
    0.05625
    0.05605
   -0.05765
   -0.01741
   -0.06884
   -0.03436
    0.05960
    0.05600
    0.00115
   -0.02488
   -0.06726
   -0.04258
   -0.02780
   -0.00904
   -0.01010
   -0.01722
   -0.03988
   -0.03990
   -0.05442
   -0.04021
   -0.00554
    0.01557
   -0.04725
   -0.06876
   -0.03999
    0.03513
   -0.00189
   -0.00083
    0.04627
   -0.00555
    0.03816
    0.03889
    0.03437
   -0.04932
    0.02597
   -0.00039
   -0.04050
   -0.02593
    0.05440
   -0.01500
    0.05357
   -0.03381
   -0.00788
   -0.06706
    0.06303
    0.06298
    0.04274
    0.03606
   -0.04645
    0.04461
    0.05252
   -0.01227
   -0.06563
    0.05299
   -0.05565
    0.01356
   -0.03829
    0.03793
    0.04112
    0.01077
    0.06429
    0.05584
    0.03629
    0.01037
    0.03923
    0.00840
   -0.00103
   -0.01382
   -0.00077
   -0.00123
    0.05733
    0.02521
    0.02885
   -0.03989
   -0.03638
   -0.01093
    0.03901
    0.00445
    0.02533
    0.01473
    0.01577
    0.07284
    0.06124
   -0.03660
   -0.00902
    0.02378
   -0.01352
    0.01016
   -0.02757
   -0.06110
   -0.05948
   -0.02964
    0.06958
    0.06504
    0.02506
   -0.03510
   -0.04891
   -0.06099
    0.07178
   -0.00792
   -0.01774
    0.02768
   -0.02069
   -0.00471
   -0.00970
   -0.04938
    0.04380
    0.06524
   -0.04087
    0.05095
    0.01853
    0.04020
   -0.05779
   -0.04719
    0.03121
    0.00460
    0.01593
   -0.05079
   -0.01527
   -0.05970
    0.02241
   -0.00015
   -0.01863
    0.06444
    0.03295
    0.02689
    0.03825
   -0.00676
   -0.01059
   -0.00942
    0.02174
    0.02727
    0.05585
    0.06183
    0.03604
   -0.01328
   -0.04954
   -0.03405
    0.03294
   -0.04465
   -0.06190
    0.00117
    0.00409
   -0.02540
    0.03984
    0.00579
   -0.00417
    0.07548
   -0.04381
   -0.01741
    0.05558
   -0.04984
   -0.06352
    0.05334
    0.04736
    0.01395
    0.05531
    0.03834
   -0.07061
   -0.01597
    0.01797
    0.03917
    0.06340
    0.07616
   -0.04886
    0.00584
   -0.06828
   -0.03161
   -0.01118
   -0.07679
    0.02431
   -0.01024
   -0.02756
    0.05663
    0.04625
   -0.04665
   -0.03935
   -0.05542
   -0.00411
    0.03032
   -0.04652
    0.01826
   -0.02544
   -0.03084
   -0.02340
    0.01562
   -0.01964
   -0.02024
   -0.05340
    0.00102
   -0.01870
   -0.03914
    0.00953
    0.02079
   -0.01007
   -0.00027
   -0.02744
   -0.02571
   -0.02892
   -0.05438
   -0.04399
   -0.05996
   -0.01048
   -0.05173
    0.03394
    0.03594
    0.04170
   -0.01048
    0.01835
   -0.04695
    0.06538
   -0.01259
    0.04171
    0.04062
   -0.03589
   -0.01536
    0.00593
    0.05201
   -0.05416
   -0.02310
   -0.06505
    0.00171
    0.05586
   -0.01946
   -0.00546
   -0.05521
    0.00077
   -0.07322
   -0.00515
    0.05754
   -0.06161
    0.01748
    0.03586
    0.01392
   -0.01776
   -0.07488
   -0.00053
    0.05274
    0.01979
    0.06742
   -0.01641
   -0.00614
    0.01486
   -0.03076
   -0.00315
   -0.00026
    0.04319
    0.00699
   -0.03991
    0.05932
   -0.04911
   -0.00625
    0.02150
   -0.05105
    0.03231
   -0.01848
    0.06731
    0.01770
    0.02002
    0.02586
    0.03583
   -0.03373
    0.00185
   -0.01694
   -0.06354
    0.04597
    0.04671
    0.02524
   -0.04255
    0.01670
   -0.01671
   -0.02192
    0.03033
   -0.01457
    0.05561
    0.03099
    0.02326
    0.02377
    0.01194
   -0.02111
   -0.06796
   -0.00539
    0.02161
    0.01149
    0.06345
   -0.00782
   -0.03764
    0.02138
    0.00750
   -0.03570
    0.00702
    0.03758
    0.02720
   -0.02486
    0.05689
    0.03460
    0.05461
    0.02115
    0.00610
    0.05342
    0.01382
    0.03909
   -0.02690
   -0.05288
    0.05556
    0.03875
    0.01135
    0.06909
   -0.00204
    0.01783
    0.06117
    0.02395
   -0.03150
    0.00176
    0.02561
    0.05054
    0.04216
    0.05566
    0.02391
    0.00187
   -0.02512
    0.03353
   -0.06310
    0.05096
    0.05151
    0.02187
    0.03175
   -0.02089
    0.05324
    0.04113
    0.06838
    0.01070
   -0.01688
   -0.06974
   -0.02180
   -0.02361
   -0.08039
    0.01411
    0.01268
   -0.04012
    0.06712
    0.03529
   -0.01974
    0.04962
   -0.06167
    0.03207
   -0.07610
   -0.07097
    0.00851
    0.01483
   -0.03111
   -0.03193
    0.03914
   -0.01103
    0.02191
    0.00194
   -0.04767
    0.01175
   -0.00208
   -0.04621
    0.01711
   -0.05278
    0.05859
   -0.06955
   -0.06672
    0.00524
    0.05720
   -0.02990
   -0.04983
    0.06724
   -0.05768
   -0.04844
   -0.04850
    0.05970
   -0.06781
    0.03932
   -0.01210
   -0.05315
    0.02190
   -0.07234
    0.02564
   -0.07242
   -0.04341
   -0.07147
   -0.05378
   -0.06304
    0.02859
   -0.05425
    0.01151
    0.03033
    0.05967
    0.01959
   -0.00196
   -0.05069
    0.00138
    0.03809
    0.06400
   -0.03644
   -0.04579
   -0.02949
    0.00872
    0.06415
    0.02596
   -0.04997
   -0.01352
    0.07097
    0.06398
    0.02388
   -0.03718
   -0.05438
    0.04057
    0.06758

    0.03241
    0.00439
    0.03001
   -0.06284
    0.00675
   -0.01161
   -0.06939
   -0.00144
    0.06579
   -0.06601
   -0.00034
   -0.04165
   -0.07699
   -0.07641
    0.05059
    0.05199
   -0.08039
   -0.05341
    0.04854
    0.02134
   -0.04052
   -0.04041
    0.01125
   -0.04899
   -0.01994
   -0.02089
   -0.05311
   -0.04737
   -0.00203
    0.06346
   -0.06937
    0.06830
    0.03048
   -0.06301
    0.02489
    0.04835
   -0.05236
   -0.03675
    0.03693
   -0.04195
    0.03387
   -0.05732
   -0.04105
    0.02927
    0.01593
   -0.04267
    0.02906
   -0.06589
   -0.03646
   -0.03758
   -0.02246
   -0.04005
    0.06018
   -0.07155
    0.05889
    0.06612
    0.04873
    0.01145
   -0.00323
    0.04551
    0.05953
    0.00977
   -0.02607
   -0.06265
    0.01049
    0.06275
    0.03589
   -0.00627
   -0.05439
   -0.04020
   -0.06857
    0.02421
    0.02450
   -0.03760
   -0.04404
    0.05029
   -0.00700
   -0.03224
    0.03037
   -0.02001
   -0.05623
    0.04029
    0.05923
   -0.01614
    0.03050
    0.02454
   -0.03708
   -0.00906
   -0.01206
    0.03361
    0.03653
    0.04352
   -0.07306
    0.01021
   -0.01188
   -0.00927
   -0.02077
   -0.03640
   -0.00400
   -0.00568
    0.06219
   -0.03543
    0.02131
   -0.00946
   -0.03844
    0.01169
   -0.03443
    0.00206
    0.06469
    0.02461
    0.00491
   -0.02935
    0.00583
   -0.03515
    0.00384
    0.05243
    0.02205
    0.03091
    0.07148
    0.04662
    0.05203
   -0.00338
    0.04366
   -0.05839
    0.05312
   -0.03210
   -0.00251
   -0.02095
   -0.02992
    0.02021
    0.04270
    0.05104
    0.05745
   -0.00517
    0.05946
    0.04894
    0.00306
    0.04480
    0.04416
   -0.04169
    0.03360
    0.04245
   -0.02476
    0.01256
    0.05883
    0.04205
    0.00162
    0.03822
    0.03163
    0.07246
    0.01132
   -0.07094
    0.06496
    0.03852
    0.00529
   -0.00403
   -0.03960
    0.04006
   -0.05410
    0.02731
   -0.01701
    0.03192
   -0.03003
    0.00642
   -0.04738
   -0.04816
   -0.00249
   -0.05338
    0.03629
    0.04895
   -0.00392
   -0.03032
    0.00621
    0.04862
   -0.00364
   -0.06360
   -0.01740
    0.03151
    0.02398
   -0.03978
   -0.05336
    0.00357
   -0.03666
   -0.04411
   -0.00363
   -0.01712
    0.03612
    0.00450
    0.05669
    0.05635
   -0.05802
   -0.01745
   -0.06947
   -0.03456
    0.05991
    0.05652
    0.00121
   -0.02507
   -0.06786
   -0.04293
   -0.02792
   -0.00925
   -0.01015
   -0.01745
   -0.04015
   -0.04013
   -0.05468
   -0.04037
   -0.00573
    0.01549
   -0.04759
   -0.06925
   -0.04027
    0.03525
   -0.00192
   -0.00091
    0.04666
   -0.00568
    0.03835
    0.03916
    0.03461
   -0.04967
    0.02614
   -0.00038
   -0.04071
   -0.02625
    0.05466
   -0.01508
    0.05384
   -0.03400
   -0.00794
   -0.06734
    0.06344
    0.06346
    0.04309
    0.03642
   -0.04665
    0.04497
    0.05278
   -0.01248
   -0.06625
    0.05328
   -0.05611
    0.01351
   -0.03861
    0.03826
    0.04140
    0.01090
    0.06469
    0.05597
    0.03643
    0.01046
    0.03956
    0.00844
   -0.00100
   -0.01378
   -0.00083
   -0.00125
    0.05769
    0.02529
    0.02886
   -0.04010
   -0.03665
   -0.01109
    0.03935
    0.00472
    0.02540
    0.01490
    0.01604
    0.07323
    0.06174
   -0.03683
   -0.00917
    0.02398
   -0.01366
    0.01016
   -0.02765
   -0.06144
   -0.05978
   -0.02983
    0.06999
    0.06557
    0.02519
   -0.03520
   -0.04921
   -0.06140
    0.07228
   -0.00803
   -0.01778
    0.02786
   -0.02078
   -0.00475
   -0.00982
   -0.04952
    0.04406
    0.06575
   -0.04111
    0.05113
    0.01871
    0.04043
   -0.05817
   -0.04756
    0.03153
    0.00456
    0.01602
   -0.05096
   -0.01548
   -0.06007
    0.02249
   -0.00018
   -0.01864
    0.06479
    0.03306
    0.02706
    0.03838
   -0.00682
   -0.01069
   -0.00957
    0.02190
    0.02732
    0.05641
    0.06231
    0.03637
   -0.01356
   -0.04992
   -0.03418
    0.03322
   -0.04485
   -0.06227
    0.00117
    0.00405
   -0.02555
    0.04001
    0.00581
   -0.00415
    0.07604
   -0.04410
   -0.01739
    0.05611
   -0.05016
   -0.06402
    0.05375
    0.04767
    0.01414
    0.05559
    0.03870
   -0.07109
   -0.01619
    0.01807
    0.03938
    0.06375
    0.07665
   -0.04914
    0.00588
   -0.06874
   -0.03190
   -0.01124
   -0.07744
    0.02442
   -0.01023
   -0.02775
    0.05691
    0.04668
   -0.04694
   -0.03963
   -0.05576
   -0.00394
    0.03040
   -0.04682
    0.01831
   -0.02580
   -0.03092
   -0.02357
    0.01568
   -0.01969
   -0.02063
   -0.05381
    0.00104
   -0.01882
   -0.03929
    0.00956
    0.02095
   -0.01010
   -0.00032
   -0.02783
   -0.02599
   -0.02900
   -0.05481
   -0.04435
   -0.06038
   -0.01058
   -0.05233
    0.03393
    0.03622
    0.04208
   -0.01047
    0.01844
   -0.04713
    0.06587
   -0.01271
    0.04204
    0.04076
   -0.03601
   -0.01542
    0.00597
    0.05233
   -0.05446
   -0.02332
   -0.06549
    0.00179
    0.05610
   -0.01956
   -0.00538
   -0.05561
    0.00088
   -0.07353
   -0.00532
    0.05805
   -0.06183
    0.01761
    0.03596
    0.01397
   -0.01795
   -0.07545
   -0.00040
    0.05300
    0.01988
    0.06809
   -0.01632
   -0.00621
    0.01501
   -0.03093
   -0.00329
   -0.00029
    0.04360
    0.00692
   -0.04014
    0.05972
   -0.04954
   -0.00634
    0.02166
   -0.05134
    0.03269
   -0.01869
    0.06774
    0.01765
    0.02011
    0.02597
    0.03604
   -0.03391
    0.00183
   -0.01696
   -0.06400
    0.04627
    0.04695
    0.02534
   -0.04287
    0.01666
   -0.01687
   -0.02183
    0.03069
   -0.01466
    0.05600
    0.03119
    0.02357
    0.02383
    0.01218
   -0.02132
   -0.06837
   -0.00537
    0.02174
    0.01157
    0.06371
   -0.00767
   -0.03777
    0.02158
    0.00739
   -0.03581
    0.00704
    0.03791
    0.02747
   -0.02496
    0.05715
    0.03485
    0.05487
    0.02128
    0.00624
    0.05380
    0.01392
    0.03947
   -0.02694
   -0.05314
    0.05584
    0.03896
    0.01129
    0.06958
   -0.00207
    0.01784
    0.06155
    0.02409
   -0.03182
    0.00168
    0.02581
    0.05083
    0.04252
    0.05605
    0.02399
    0.00193
   -0.02544
    0.03372
   -0.06341
    0.05127
    0.05190
    0.02201
    0.03194
   -0.02102
    0.05340
    0.04147
    0.06888
    0.01059
   -0.01696
   -0.07030
   -0.02200
   -0.02363
   -0.08080
    0.01429
    0.01287
   -0.04045
    0.06768
    0.03553
   -0.01997
    0.05003
   -0.06198
    0.03233
   -0.07660
   -0.07149
    0.00862
    0.01480
   -0.03141
   -0.03210
    0.03945
   -0.01122
    0.02197
    0.00195
   -0.04797
    0.01189
   -0.00216
   -0.04621
    0.01712
   -0.05299
    0.05895
   -0.07010
   -0.06700
    0.00521
    0.05747
   -0.02996
   -0.05010
    0.06776
   -0.05811
   -0.04863
   -0.04883
    0.05999
   -0.06824
    0.03965
   -0.01223
   -0.05343
    0.02201
   -0.07280
    0.02568
   -0.07286
   -0.04365
   -0.07188
   -0.05422
   -0.06341
    0.02880
   -0.05460
    0.01145
    0.03056
    0.06015
    0.01968
   -0.00219
   -0.05082
    0.00129
    0.03831
    0.06438
   -0.03674
   -0.04597
   -0.02949
    0.00867
    0.06448
    0.02630
   -0.05028
   -0.01352
    0.07137
    0.06449
    0.02405
   -0.03738
   -0.05449
    0.04086
    0.06797
