 310163702194843
       6708
 3600.37259
    0.47972
   -1.01195
    0.00000
   -1.01211
    0.00000

    0.03237
    0.00441
    0.02996
   -0.06294
    0.00668
   -0.01155
   -0.06936
   -0.00152
    0.06561
   -0.06602
   -0.00030
   -0.04160
   -0.07701
   -0.07649
    0.05049
    0.05206
   -0.08023
   -0.05341
    0.04853
    0.02146
   -0.04062
   -0.04052
    0.01145
   -0.04881
   -0.01995
   -0.02082
   -0.05310
   -0.04750
   -0.00210
    0.06332
   -0.06943
    0.06833
    0.03045
   -0.06309
    0.02494
    0.04842
   -0.05233
   -0.03684
    0.03675
   -0.04181
    0.03372
   -0.05741
   -0.04113
    0.02913
    0.01595
   -0.04260
    0.02907
   -0.06582
   -0.03642
   -0.03758
   -0.02225
   -0.04019
    0.06019
   -0.07163
    0.05875
    0.06614
    0.04868
    0.01140
   -0.00301
    0.04527
    0.05948
    0.00985
   -0.02603
   -0.06265
    0.01056
    0.06272
    0.03593
   -0.00637
   -0.05431
   -0.04016
   -0.06845
    0.02429
    0.02456
   -0.03741
   -0.04403
    0.05029
   -0.00709
   -0.03224
    0.03046
   -0.02006
   -0.05630
    0.04034
    0.05925
   -0.01620
    0.03041
    0.02463
   -0.03701
   -0.00900
   -0.01206
    0.03363
    0.03671
    0.04371
   -0.07313
    0.01017
   -0.01189
   -0.00920
   -0.02092
   -0.03640
   -0.00401
   -0.00574
    0.06228
   -0.03544
    0.02112
   -0.00953
   -0.03839
    0.01183
   -0.03425
    0.00205
    0.06471
    0.02466
    0.00485
   -0.02929
    0.00589
   -0.03513
    0.00381
    0.05261
    0.02210
    0.03085
    0.07145
    0.04664
    0.05212
   -0.00339
    0.04362
   -0.05829
    0.05318
   -0.03211
   -0.00249
   -0.02099
   -0.02983
    0.02020
    0.04264
    0.05092
    0.05745
   -0.00516
    0.05948
    0.04901
    0.00298
    0.04487
    0.04393
   -0.04154
    0.03345
    0.04247
   -0.02486
    0.01269
    0.05882
    0.04190
    0.00153
    0.03816
    0.03141
    0.07251
    0.01127
   -0.07095
    0.06509
    0.03851
    0.00519
   -0.00397
   -0.03954
    0.03999
   -0.05405
    0.02738
   -0.01706
    0.03193
   -0.02998
    0.00641
   -0.04732
   -0.04819
   -0.00256
   -0.05337
    0.03621
    0.04879
   -0.00385
   -0.03052
    0.00622
    0.04873
   -0.00386
   -0.06335
   -0.01742
    0.03131
    0.02390
   -0.03970
   -0.05340
    0.00386
   -0.03662
   -0.04396
   -0.00369
   -0.01702
    0.03615
    0.00455
    0.05655
    0.05641
   -0.05802
   -0.01754
   -0.06927
   -0.03459
    0.05999
    0.05639
    0.00117
   -0.02499
   -0.06769
   -0.04279
   -0.02800
   -0.00909
   -0.01017
   -0.01735
   -0.04014
   -0.04010
   -0.05480
   -0.04042
   -0.00558
    0.01571
   -0.04753
   -0.06921
   -0.04023
    0.03534
   -0.00193
   -0.00087
    0.04659
   -0.00553
    0.03830
    0.03913
    0.03463
   -0.04959
    0.02612
   -0.00040
   -0.04073
   -0.02611
    0.05479
   -0.01510
    0.05393
   -0.03398
   -0.00792
   -0.06748
    0.06343
    0.06333
    0.04301
    0.03624
   -0.04677
    0.04490
    0.05283
   -0.01238
   -0.06604
    0.05331
   -0.05599
    0.01367
   -0.03852
    0.03813
    0.04144
    0.01082
    0.06469
    0.05624
    0.03648
    0.01040
    0.03946
    0.00839
   -0.00102
   -0.01400
   -0.00068
   -0.00123
    0.05772
    0.02538
    0.02907
   -0.04016
   -0.03665
   -0.01096
    0.03928
    0.00443
    0.02553
    0.01483
    0.01589
    0.07331
    0.06166
   -0.03677
   -0.00911
    0.02395
   -0.01358
    0.01014
   -0.02771
   -0.06153
   -0.05982
   -0.02982
    0.07008
    0.06542
    0.02522
   -0.03529
   -0.04921
   -0.06126
    0.07224
   -0.00798
   -0.01786
    0.02790
   -0.02090
   -0.00473
   -0.00980
   -0.04969
    0.04403
    0.06566
   -0.04120
    0.05127
    0.01865
    0.04047
   -0.05823
   -0.04752
    0.03137
    0.00458
    0.01605
   -0.05116
   -0.01538
   -0.06008
    0.02251
   -0.00018
   -0.01874
    0.06481
    0.03322
    0.02706
    0.03848
   -0.00678
   -0.01068
   -0.00954
    0.02180
    0.02739
    0.05618
    0.06223
    0.03621
   -0.01342
   -0.04983
   -0.03426
    0.03313
   -0.04495
   -0.06231
    0.00120
    0.00408
   -0.02554
    0.04012
    0.00582
   -0.00417
    0.07596
   -0.04404
   -0.01752
    0.05591
   -0.05015
   -0.06395
    0.05366
    0.04767
    0.01399
    0.05560
    0.03857
   -0.07108
   -0.01607
    0.01802
    0.03940
    0.06379
    0.07664
   -0.04908
    0.00590
   -0.06872
   -0.03183
   -0.01125
   -0.07725
    0.02448
   -0.01032
   -0.02779
    0.05698
    0.04656
   -0.04692
   -0.03957
   -0.05572
   -0.00409
    0.03050
   -0.04674
    0.01835
   -0.02557
   -0.03096
   -0.02349
    0.01577
   -0.01971
   -0.02039
   -0.05376
    0.00100
   -0.01880
   -0.03936
    0.00961
    0.02090
   -0.01015
   -0.00032
   -0.02768
   -0.02587
   -0.02913
   -0.05478
   -0.04429
   -0.06034
   -0.01053
   -0.05210
    0.03419
    0.03614
    0.04199
   -0.01056
    0.01845
   -0.04730
    0.06579
   -0.01271
    0.04187
    0.04087
   -0.03607
   -0.01551
    0.00600
    0.05231
   -0.05452
   -0.02320
   -0.06545
    0.00175
    0.05626
   -0.01956
   -0.00551
   -0.05557
    0.00079
   -0.07367
   -0.00520
    0.05793
   -0.06203
    0.01757
    0.03613
    0.01403
   -0.01794
   -0.07533
   -0.00055
    0.05309
    0.01996
    0.06786
   -0.01654
   -0.00618
    0.01493
   -0.03095
   -0.00315
   -0.00027
    0.04347
    0.00703
   -0.04017
    0.05968
   -0.04950
   -0.00626
    0.02162
   -0.05137
    0.03239
   -0.01862
    0.06774
    0.01783
    0.02017
    0.02601
    0.03611
   -0.03403
    0.00185
   -0.01700
   -0.06391
    0.04625
    0.04696
    0.02539
   -0.04284
    0.01681
   -0.01678
   -0.02209
    0.03056
   -0.01469
    0.05593
    0.03120
    0.02341
    0.02393
    0.01199
   -0.02129
   -0.06844
   -0.00543
    0.02169
    0.01161
    0.06381
   -0.00780
   -0.03793
    0.02152
    0.00754
   -0.03594
    0.00711
    0.03786
    0.02745
   -0.02499
    0.05732
    0.03483
    0.05494
    0.02128
    0.00617
    0.05375
    0.01388
    0.03932
   -0.02706
   -0.05324
    0.05587
    0.03900
    0.01144
    0.06953
   -0.00208
    0.01791
    0.06156
    0.02413
   -0.03175
    0.00179
    0.02570
    0.05087
    0.04244
    0.05600
    0.02406
    0.00190
   -0.02523
    0.03372
   -0.06348
    0.05134
    0.05184
    0.02199
    0.03196
   -0.02098
    0.05352
    0.04136
    0.06881
    0.01076
   -0.01700
   -0.07021
   -0.02200
   -0.02378
   -0.08089
    0.01423
    0.01277
   -0.04031
    0.06753
    0.03550
   -0.01996
    0.04992
   -0.06202
    0.03226
   -0.07658
   -0.07139
    0.00856
    0.01496
   -0.03129
   -0.03218
    0.03940
   -0.01112
    0.02205
    0.00191
   -0.04794
    0.01185
   -0.00209
   -0.04660
    0.01727
   -0.05316
    0.05895
   -0.07000
   -0.06710
    0.00533
    0.05761
   -0.03009
   -0.05017
    0.06768
   -0.05809
   -0.04873
   -0.04882
    0.06010
   -0.06821
    0.03950
   -0.01219
   -0.05356
    0.02204
   -0.07281
    0.02580
   -0.07286
   -0.04366
   -0.07187
   -0.05415
   -0.06351
    0.02884
   -0.05459
    0.01160
    0.03050
    0.06003
    0.01968
   -0.00201
   -0.05095
    0.00138
    0.03833
    0.06430
   -0.03672
   -0.04599
   -0.02968
    0.00881
    0.06453
    0.02615
   -0.05029
   -0.01360
    0.07134
    0.06445
    0.02402
   -0.03746
   -0.05475
    0.04086
    0.06799

    0.03234
    0.00433
    0.03012
   -0.06297
    0.00678
   -0.01159
   -0.06919
   -0.00156
    0.06590
   -0.06606
   -0.00032
   -0.04163
   -0.07702
   -0.07656
    0.05054
    0.05199
   -0.08047
   -0.05332
    0.04842
    0.02149
   -0.04054
   -0.04044
    0.01131
   -0.04878
   -0.02001
   -0.02096
   -0.05313
   -0.04753
   -0.00208
    0.06342
   -0.06957
    0.06819
    0.03045
   -0.06313
    0.02510
    0.04843
   -0.05215
   -0.03691
    0.03677
   -0.04197
    0.03381
   -0.05747
   -0.04098
    0.02917
    0.01577
   -0.04259
    0.02915
   -0.06595
   -0.03624
   -0.03757
   -0.02237
   -0.03991
    0.06005
   -0.07172
    0.05876
    0.06612
    0.04849
    0.01142
   -0.00308
    0.04534
    0.05951
    0.00969
   -0.02626
   -0.06271
    0.01051
    0.06263
    0.03575
   -0.00643
   -0.05455
   -0.04017
   -0.06854
    0.02422
    0.02451
   -0.03745
   -0.04415
    0.05042
   -0.00685
   -0.03215
    0.03028
   -0.02004
   -0.05635
    0.04048
    0.05920
   -0.01632
    0.03044
    0.02452
   -0.03707
   -0.00909
   -0.01206
    0.03360
    0.03667
    0.04358
   -0.07316
    0.01031
   -0.01171
   -0.00949
   -0.02085
   -0.03624
   -0.00395
   -0.00573
    0.06226
   -0.03539
    0.02119
   -0.00950
   -0.03844
    0.01172
   -0.03428
    0.00200
    0.06459
    0.02472
    0.00499
   -0.02933
    0.00585
   -0.03513
    0.00387
    0.05247
    0.02208
    0.03081
    0.07158
    0.04664
    0.05190
   -0.00332
    0.04364
   -0.05829
    0.05327
   -0.03201
   -0.00251
   -0.02104
   -0.02988
    0.02014
    0.04274
    0.05097
    0.05753
   -0.00528
    0.05954
    0.04886
    0.00305
    0.04471
    0.04399
   -0.04185
    0.03356
    0.04250
   -0.02470
    0.01271
    0.05879
    0.04199
    0.00161
    0.03826
    0.03165
    0.07250
    0.01129
   -0.07103
    0.06497
    0.03844
    0.00521
   -0.00389
   -0.03970
    0.04014
   -0.05394
    0.02727
   -0.01691
    0.03198
   -0.02997
    0.00626
   -0.04726
   -0.04816
   -0.00251
   -0.05336
    0.03627
    0.04887
   -0.00393
   -0.03028
    0.00619
    0.04871
   -0.00368
   -0.06351
   -0.01742
    0.03154
    0.02400
   -0.03955
   -0.05353
    0.00365
   -0.03664
   -0.04399
   -0.00373
   -0.01712
    0.03601
    0.00466
    0.05644
    0.05644
   -0.05807
   -0.01760
   -0.06939
   -0.03458
    0.06007
    0.05650
    0.00104
   -0.02509
   -0.06791
   -0.04291
   -0.02800
   -0.00917
   -0.01014
   -0.01748
   -0.04010
   -0.04002
   -0.05455
   -0.04047
   -0.00562
    0.01562
   -0.04750
   -0.06923
   -0.04022
    0.03545
   -0.00183
   -0.00105
    0.04656
   -0.00561
    0.03849
    0.03901
    0.03463
   -0.04975
    0.02605
   -0.00034
   -0.04064
   -0.02626
    0.05456
   -0.01497
    0.05392
   -0.03385
   -0.00780
   -0.06741
    0.06345
    0.06340
    0.04288
    0.03625
   -0.04661
    0.04486
    0.05286
   -0.01248
   -0.06606
    0.05327
   -0.05607
    0.01352
   -0.03853
    0.03815
    0.04144
    0.01095
    0.06457
    0.05604
    0.03655
    0.01035
    0.03972
    0.00835
   -0.00110
   -0.01392
   -0.00063
   -0.00120
    0.05759
    0.02542
    0.02893
   -0.04016
   -0.03664
   -0.01093
    0.03933
    0.00444
    0.02555
    0.01500
    0.01591
    0.07319
    0.06183
   -0.03671
   -0.00917
    0.02391
   -0.01363
    0.01017
   -0.02776
   -0.06148
   -0.05976
   -0.02983
    0.06997
    0.06548
    0.02507
   -0.03524
   -0.04914
   -0.06139
    0.07220
   -0.00800
   -0.01770
    0.02788
   -0.02088
   -0.00472
   -0.00979
   -0.04946
    0.04409
    0.06583
   -0.04123
    0.05125
    0.01857
    0.04042
   -0.05832
   -0.04754
    0.03142
    0.00463
    0.01603
   -0.05095
   -0.01540
   -0.06019
    0.02252
   -0.00015
   -0.01872
    0.06475
    0.03308
    0.02692
    0.03852
   -0.00684
   -0.01068
   -0.00961
    0.02195
    0.02744
    0.05624
    0.06237
    0.03629
   -0.01345
   -0.04975
   -0.03426
    0.03318
   -0.04489
   -0.06239
    0.00126
    0.00404
   -0.02569
    0.03983
    0.00573
   -0.00405
    0.07594
   -0.04401
   -0.01748
    0.05596
   -0.05028
   -0.06399
    0.05365
    0.04761
    0.01386
    0.05562
    0.03859
   -0.07104
   -0.01612
    0.01809
    0.03944
    0.06384
    0.07679
   -0.04904
    0.00600
   -0.06879
   -0.03190
   -0.01141
   -0.07713
    0.02449
   -0.01039
   -0.02781
    0.05696
    0.04670
   -0.04695
   -0.03971
   -0.05562
   -0.00388
    0.03046
   -0.04681
    0.01837
   -0.02552
   -0.03095
   -0.02344
    0.01575
   -0.01983
   -0.02048
   -0.05372
    0.00112
   -0.01877
   -0.03931
    0.00961
    0.02089
   -0.01017
   -0.00037
   -0.02774
   -0.02592
   -0.02914
   -0.05475
   -0.04428
   -0.06044
   -0.01056
   -0.05215
    0.03400
    0.03621
    0.04196
   -0.01056
    0.01855
   -0.04728
    0.06601
   -0.01257
    0.04191
    0.04068
   -0.03588
   -0.01553
    0.00593
    0.05235
   -0.05446
   -0.02324
   -0.06556
    0.00170
    0.05621
   -0.01960
   -0.00544
   -0.05577
    0.00074
   -0.07362
   -0.00513
    0.05800
   -0.06203
    0.01769
    0.03616
    0.01401
   -0.01803
   -0.07543
   -0.00036
    0.05305
    0.02002
    0.06810
   -0.01644
   -0.00615
    0.01499
   -0.03081
   -0.00312
   -0.00035
    0.04353
    0.00707
   -0.04015
    0.05972
   -0.04950
   -0.00642
    0.02157
   -0.05139
    0.03248
   -0.01877
    0.06779
    0.01776
    0.02011
    0.02603
    0.03606
   -0.03397
    0.00186
   -0.01692
   -0.06401
    0.04614
    0.04686
    0.02544
   -0.04281
    0.01680
   -0.01677
   -0.02196
    0.03067
   -0.01474
    0.05593
    0.03122
    0.02351
    0.02393
    0.01224
   -0.02125
   -0.06841
   -0.00538
    0.02177
    0.01168
    0.06387
   -0.00749
   -0.03789
    0.02161
    0.00748
   -0.03594
    0.00704
    0.03791
    0.02754
   -0.02500
    0.05753
    0.03496
    0.05486
    0.02128
    0.00623
    0.05369
    0.01377
    0.03953
   -0.02704
   -0.05315
    0.05584
    0.03897
    0.01147
    0.06960
   -0.00198
    0.01784
    0.06154
    0.02411
   -0.03189
    0.00164
    0.02567
    0.05089
    0.04236
    0.05614
    0.02401
    0.00199
   -0.02517
    0.03361
   -0.06343
    0.05128
    0.05176
    0.02196
    0.03193
   -0.02089
    0.05320
    0.04137
    0.06905
    0.01063
   -0.01706
   -0.07025
   -0.02208
   -0.02363
   -0.08079
    0.01431
    0.01277
   -0.04047
    0.06750
    0.03547
   -0.02006
    0.05000
   -0.06198
    0.03236
   -0.07667
   -0.07154
    0.00870
    0.01492
   -0.03129
   -0.03217
    0.03936
   -0.01114
    0.02221
    0.00187
   -0.04800
    0.01186
   -0.00208
   -0.04645
    0.01736
   -0.05308
    0.05883
   -0.07004
   -0.06712
    0.00526
    0.05751
   -0.02988
   -0.05008
    0.06771
   -0.05805
   -0.04878
   -0.04878
    0.06007
   -0.06828
    0.03947
   -0.01218
   -0.05339
    0.02190
   -0.07290
    0.02580
   -0.07292
   -0.04372
   -0.07198
   -0.05420
   -0.06331
    0.02880
   -0.05485
    0.01140
    0.03055
    0.06008
    0.01960
   -0.00216
   -0.05087
    0.00135
    0.03822
    0.06424
   -0.03679
   -0.04607
   -0.02951
    0.00846
    0.06459
    0.02619
   -0.05024
   -0.01350
    0.07137
    0.06452
    0.02408
   -0.03744
   -0.05454
    0.04081
    0.06824

    0.02737
    0.00676
    0.03560
   -0.05652
    0.00270
   -0.00578
   -0.06925
    0.00030
    0.06807
   -0.06456
   -0.00004
   -0.03746
   -0.07328
   -0.07514
    0.04473
    0.05779
   -0.07379
   -0.05060
    0.04301
    0.01779
   -0.04678
   -0.04195
    0.01540
   -0.04493
   -0.02163
   -0.01653
   -0.05983
   -0.04861
   -0.00140
    0.06792
   -0.06834
    0.06741
    0.03020
   -0.06587
    0.02113
    0.04427
   -0.04916
   -0.03609
    0.03605
   -0.04416
    0.03377
   -0.05332
   -0.04091
    0.02990
    0.02030
   -0.04202
    0.02945
   -0.05835
   -0.04169
   -0.03577
   -0.01833
   -0.04584
    0.06376
   -0.07110
    0.06010
    0.06513
    0.05329
    0.01324
    0.00051
    0.04170
    0.05281
    0.00958
   -0.02219
   -0.05660
    0.01275
    0.06659
    0.04077
   -0.01072
   -0.05125
   -0.04034
   -0.05897
    0.02822
    0.02504
   -0.02877
   -0.04148
    0.04679
   -0.01836
   -0.03041
    0.03613
   -0.01950
   -0.06025
    0.03908
    0.06189
   -0.01781
    0.03267
    0.03458
   -0.03835
   -0.00734
   -0.00799
    0.03092
    0.03543
    0.04603
   -0.07334
    0.00956
   -0.01346
   -0.00581
   -0.02292
   -0.03893
   -0.00657
   -0.00650
    0.06832
   -0.03983
    0.02758
   -0.01002
   -0.04087
    0.01135
   -0.03450
   -0.00081
    0.06606
    0.01642
   -0.00148
   -0.02755
    0.00676
   -0.03554
    0.00927
    0.05566
    0.01843
    0.02973
    0.06180
    0.04022
    0.05824
   -0.00236
    0.05270
   -0.05682
    0.05570
   -0.02896
   -0.00475
   -0.01749
   -0.02624
    0.02463
    0.04612
    0.04936
    0.06141
   -0.00299
    0.05834
    0.05205
   -0.00101
    0.04564
    0.04349
   -0.02958
    0.02539
    0.04547
   -0.02444
    0.00366
    0.06268
    0.03859
    0.00868
    0.03742
    0.02732
    0.07378
    0.01065
   -0.06528
    0.06968
    0.04166
    0.00549
   -0.00212
   -0.03914
    0.03915
   -0.06034
    0.02920
   -0.01961
    0.03528
   -0.03389
    0.01556
   -0.05157
   -0.04856
   -0.00257
   -0.05300
    0.03318
    0.05497
   -0.00545
   -0.03085
    0.00171
    0.05474
   -0.01486
   -0.06175
   -0.01705
    0.02722
    0.02518
   -0.03990
   -0.05003
    0.00804
   -0.03615
   -0.04779
   -0.00400
   -0.01534
    0.04386
    0.00583
    0.05529
    0.06375
   -0.05574
   -0.00972
   -0.06053
   -0.03042
    0.06536
    0.05085
    0.00226
   -0.02283
   -0.05946
   -0.03708
   -0.02994
   -0.00916
   -0.01403
   -0.02114
   -0.03493
   -0.04343
   -0.06383
   -0.03962
   -0.00352
    0.01959
   -0.05515
   -0.06809
   -0.03927
    0.04296
   -0.00061
   -0.00210
    0.04399
   -0.00038
    0.03399
    0.04140
    0.03010
   -0.04926
    0.02727
   -0.00217
   -0.04292
   -0.02229
    0.05829
   -0.01589
    0.05343
   -0.03725
   -0.01051
   -0.06209
    0.06832
    0.06084
    0.03967
    0.03289
   -0.04771
    0.04868
    0.05046
   -0.00773
   -0.06377
    0.04816
   -0.05693
    0.01836
   -0.03892
    0.03593
    0.04068
    0.01480
    0.06635
    0.06338
    0.03263
    0.00794
    0.03518
    0.00388
   -0.00247
   -0.01725
    0.00198
    0.00289
    0.05777
    0.02471
    0.03691
   -0.05079
   -0.03495
   -0.00536
    0.03526
    0.00469
    0.03171
    0.01214
    0.01326
    0.07115
    0.05835
   -0.03579
   -0.00903
    0.01986
   -0.01739
    0.01190
   -0.02818
   -0.06060
   -0.05409
   -0.03178
    0.07347
    0.06313
    0.02795
   -0.03736
   -0.05150
   -0.04740
    0.07326
   -0.00641
   -0.02196
    0.02584
   -0.02533
   -0.00845
   -0.00891
   -0.05946
    0.03994
    0.06868
   -0.03910
    0.05669
    0.01815
    0.04649
   -0.05316
   -0.04958
    0.03056
    0.00774
    0.01901
   -0.05673
   -0.01356
   -0.06357
    0.02862
    0.00544
   -0.02038
    0.06508
    0.03198
    0.03250
    0.03869
   -0.00623
   -0.01005
   -0.01249
    0.02370
    0.02845
    0.04779
    0.06462
    0.03333
   -0.01956
   -0.05050
   -0.03473
    0.03723
   -0.04812
   -0.05830
   -0.00510
    0.00593
   -0.01861
    0.05144
    0.01578
   -0.01131
    0.07109
   -0.04537
   -0.02032
    0.05856
   -0.05516
   -0.05874
    0.05449
    0.04378
    0.00995
    0.05724
    0.03894
   -0.06738
   -0.01907
    0.01618
    0.03980
    0.05897
    0.07356
   -0.04684
   -0.00047
   -0.06365
   -0.03224
   -0.01034
   -0.07195
    0.02381
   -0.00984
   -0.02169
    0.06395
    0.04703
   -0.04961
   -0.04020
   -0.06541
   -0.00938
    0.03206
   -0.05135
    0.01952
   -0.02261
   -0.02964
   -0.01856
    0.00792
   -0.01792
   -0.01832
   -0.04707
   -0.00095
   -0.01766
   -0.03593
    0.01040
    0.02006
   -0.00981
    0.00271
   -0.02308
   -0.02333
   -0.02891
   -0.05217
   -0.04399
   -0.05549
   -0.00682
   -0.05123
    0.04253
    0.03403
    0.03217
   -0.00968
    0.01798
   -0.05547
    0.06709
   -0.01160
    0.04113
    0.04266
   -0.04297
   -0.01482
    0.01105
    0.05324
   -0.05661
   -0.01739
   -0.06596
    0.00278
    0.06043
   -0.02017
    0.00057
   -0.05032
    0.00104
   -0.07346
    0.00304
    0.06542
   -0.06162
    0.02089
    0.04028
    0.02281
   -0.00885
   -0.07168
   -0.00258
    0.05263
    0.02073
    0.06545
   -0.01681
   -0.00582
    0.01094
   -0.02632
    0.00111
   -0.00217
    0.03758
    0.00919
   -0.04137
    0.05857
   -0.04843
   -0.00597
    0.02471
   -0.05460
    0.02875
   -0.01340
    0.07004
    0.02334
    0.02153
    0.02960
    0.04099
   -0.03575
    0.00298
   -0.01792
   -0.06481
    0.04871
    0.04996
    0.01894
   -0.04614
    0.01968
   -0.01655
   -0.02730
    0.02664
   -0.01092
    0.05812
    0.02616
    0.01951
    0.03120
    0.00781
   -0.01951
   -0.06903
   -0.01112
    0.01860
    0.00597
    0.06395
   -0.00830
   -0.04599
    0.01394
    0.01771
   -0.03108
    0.00680
    0.03643
    0.02740
   -0.03289
    0.05863
    0.02955
    0.05348
    0.01986
    0.00290
    0.05294
    0.01636
    0.03067
   -0.03445
   -0.06477
    0.05670
    0.04206
    0.01164
    0.07357
   -0.01452
    0.02389
    0.05424
    0.02826
   -0.03391
    0.00616
    0.02600
    0.04550
    0.03922
    0.04517
    0.03186
   -0.00415
   -0.02478
    0.03530
   -0.06993
    0.05134
    0.05410
    0.02565
    0.03811
   -0.02423
    0.05835
    0.04258
    0.06799
    0.01414
   -0.02520
   -0.06710
   -0.01128
   -0.02961
   -0.07742
    0.00737
    0.01000
   -0.03968
    0.06941
    0.03562
   -0.01539
    0.04728
   -0.05651
    0.03365
   -0.07408
   -0.06646
    0.00207
    0.01783
   -0.03196
   -0.02831
    0.03626
   -0.01434
    0.01499
    0.00008
   -0.05338
    0.01252
   -0.00357
   -0.04930
    0.01282
   -0.04627
    0.05779
   -0.06513
   -0.06907
    0.01088
    0.05942
   -0.03613
   -0.05206
    0.05607
   -0.05084
   -0.05507
   -0.04716
    0.05933
   -0.06702
    0.04138
   -0.00598
   -0.06145
    0.02454
   -0.06697
    0.02763
   -0.07062
   -0.04342
   -0.06695
   -0.05146
   -0.07022
    0.03414
   -0.04629
    0.01078
    0.02417
    0.06003
    0.01993
   -0.00257
   -0.05978
   -0.00116
    0.03453
    0.06383
   -0.03320
   -0.04865
   -0.03580
    0.01528
    0.06549
    0.02260
   -0.05207
   -0.01258
    0.06743
    0.05739
    0.01811
   -0.03166
   -0.06173
    0.04273
    0.06638
