          1          0    0.00000   -1.03281    0.00000   -1.03281    0.00000   -3.37761    3.37761    0.00000
          1          1    0.01992   -1.03289    0.00000   -1.03070    0.00000   -3.37761   -1.03070    0.00000
          2          0    0.01992   -0.41599    0.00000   -1.03070    0.00000   -3.37761   -1.03070   -2.20416
          2        100    6.07161   -0.98661    0.00000   -1.03628    0.00000   -3.37761   -1.03721   -2.20416
          2        200   12.13800   -1.00196    0.00000   -1.03717    0.00000   -3.37761   -1.03800   -2.20416
          2        300   17.86971   -1.00880    0.00000   -1.03795    0.00000   -3.37761   -1.03826   -2.20416
          2        400   24.24482   -1.01288    0.00000   -1.03739    0.00000   -3.37761   -1.03854   -2.20416
          2        500   30.24730   -1.01566    0.00000   -1.03811    0.00000   -3.37761   -1.03860   -2.20416
          2        600   36.08365   -1.01772    0.00000   -1.03835    0.00000   -3.37761   -1.03883   -2.20416
          2        700   41.92356   -1.01932    0.00000   -1.03772    0.00000   -3.37761   -1.03884   -2.20416
          2        800   47.65391   -1.02061    0.00000   -1.03837    0.00000   -3.37761   -1.03884   -2.20416
          2        900   53.46244   -1.02168    0.00000   -1.03836    0.00000   -3.37761   -1.03894   -2.20416
          2       1000   59.23234   -1.02259    0.00000   -1.03853    0.00000   -3.37761   -1.03894   -2.20416
          2       1100   65.47552   -1.02336    0.00000   -1.03849    0.00000   -3.37761   -1.03894   -2.20416
          2       1200   70.98564   -1.02404    0.00000   -1.03856    0.00000   -3.37761   -1.03896   -2.20416
          2       1300   77.37803   -1.02464    0.00000   -1.03881    0.00000   -3.37761   -1.03917   -2.20416
          2       1400   83.20887   -1.02517    0.00000   -1.03891    0.00000   -3.37761   -1.03917   -2.20416
          2       1500   89.40095   -1.02565    0.00000   -1.03855    0.00000   -3.37761   -1.03917   -2.20416
          2       1600   95.23773   -1.02608    0.00000   -1.03875    0.00000   -3.37761   -1.03917   -2.20416
          2       1700  101.51967   -1.02648    0.00000   -1.03869    0.00000   -3.37761   -1.03917   -2.20416
          2       1800  107.10101   -1.02684    0.00000   -1.03878    0.00000   -3.37761   -1.03917   -2.20416
          2       1900  112.87232   -1.02717    0.00000   -1.03876    0.00000   -3.37761   -1.03917   -2.20416
          2       2000  118.61935   -1.02748    0.00000   -1.03875    0.00000   -3.37761   -1.03917   -2.20416
          2       2100  124.41500   -1.02777    0.00000   -1.03874    0.00000   -3.37761   -1.03917   -2.20416
          2       2200  130.64867   -1.02803    0.00000   -1.03901    0.00000   -3.37761   -1.03919   -2.20416
          2       2300  136.54180   -1.02828    0.00000   -1.03871    0.00000   -3.37761   -1.03919   -2.20416
          2       2400  142.18306   -1.02851    0.00000   -1.03873    0.00000   -3.37761   -1.03922   -2.20416
          2       2500  148.21855   -1.02873    0.00000   -1.03866    0.00000   -3.37761   -1.03922   -2.20416
          2       2600  153.75462   -1.02894    0.00000   -1.03875    0.00000   -3.37761   -1.03922   -2.20416
          2       2700  159.68199   -1.02913    0.00000   -1.03880    0.00000   -3.37761   -1.03922   -2.20416
          2       2800  165.70219   -1.02932    0.00000   -1.03895    0.00000   -3.37761   -1.03922   -2.20416
          2       2900  171.45970   -1.02949    0.00000   -1.03871    0.00000   -3.37761   -1.03922   -2.20416
          2       3000  177.13681   -1.02966    0.00000   -1.03895    0.00000   -3.37761   -1.03927   -2.20416
          2       3100  182.74010   -1.02981    0.00000   -1.03865    0.00000   -3.37761   -1.03927   -2.20416
          2       3200  188.77760   -1.02996    0.00000   -1.03897    0.00000   -3.37761   -1.03927   -2.20416
          2       3300  194.43188   -1.03011    0.00000   -1.03894    0.00000   -3.37761   -1.03927   -2.20416
          2       3400  200.77772   -1.03024    0.00000   -1.03896    0.00000   -3.37761   -1.03927   -2.20416
          2       3500  206.65185   -1.03037    0.00000   -1.03887    0.00000   -3.37761   -1.03927   -2.20416
          2       3600  212.38755   -1.03050    0.00000   -1.03880    0.00000   -3.37761   -1.03927   -2.20416
          2       3700  218.25279   -1.03062    0.00000   -1.03891    0.00000   -3.37761   -1.03927   -2.20416
          2       3800  224.11889   -1.03074    0.00000   -1.03897    0.00000   -3.37761   -1.03929   -2.20416
          2       3900  230.17775   -1.03085    0.00000   -1.03910    0.00000   -3.37761   -1.03930   -2.20416
          2       4000  236.11398   -1.03095    0.00000   -1.03903    0.00000   -3.37761   -1.03930   -2.20416
          2       4100  242.07879   -1.03106    0.00000   -1.03878    0.00000   -3.37761   -1.03930   -2.20416
          2       4200  248.28835   -1.03116    0.00000   -1.03900    0.00000   -3.37761   -1.03930   -2.20416
          2       4300  254.11275   -1.03125    0.00000   -1.03906    0.00000   -3.37761   -1.03930   -2.20416
          2       4400  260.05994   -1.03135    0.00000   -1.03912    0.00000   -3.37761   -1.03930   -2.20416
          2       4500  265.84098   -1.03144    0.00000   -1.03891    0.00000   -3.37761   -1.03930   -2.20416
          2       4600  271.41856   -1.03152    0.00000   -1.03884    0.00000   -3.37761   -1.03930   -2.20416
          2       4700  276.84215   -1.03161    0.00000   -1.03907    0.00000   -3.37761   -1.03930   -2.20416
          2       4800  282.51739   -1.03169    0.00000   -1.03903    0.00000   -3.37761   -1.03930   -2.20416
          2       4900  288.26346   -1.03177    0.00000   -1.03891    0.00000   -3.37761   -1.03930   -2.20416
          2       5000  294.11701   -1.03184    0.00000   -1.03891    0.00000   -3.37761   -1.03930   -2.20416
          2       5100  299.75764   -1.03192    0.00000   -1.03899    0.00000   -3.37761   -1.03930   -2.20416
          2       5200  305.36745   -1.03199    0.00000   -1.03915    0.00000   -3.37761   -1.03930   -2.20416
          2       5300  311.19993   -1.03206    0.00000   -1.03908    0.00000   -3.37761   -1.03930   -2.20416
          2       5400  317.28372   -1.03213    0.00000   -1.03908    0.00000   -3.37761   -1.03930   -2.20416
          2       5500  322.90330   -1.03219    0.00000   -1.03921    0.00000   -3.37761   -1.03930   -2.20416
          2       5600  328.82852   -1.03226    0.00000   -1.03898    0.00000   -3.37761   -1.03930   -2.20416
          2       5700  334.37888   -1.03232    0.00000   -1.03913    0.00000   -3.37761   -1.03930   -2.20416
          2       5800  339.75645   -1.03238    0.00000   -1.03895    0.00000   -3.37761   -1.03931   -2.20416
          2       5900  345.90510   -1.03244    0.00000   -1.03915    0.00000   -3.37761   -1.03931   -2.20416
          2       6000  351.60954   -1.03250    0.00000   -1.03911    0.00000   -3.37761   -1.03931   -2.20416
          2       6100  357.52837   -1.03255    0.00000   -1.03910    0.00000   -3.37761   -1.03931   -2.20416
          2       6200  363.38343   -1.03261    0.00000   -1.03911    0.00000   -3.37761   -1.03931   -2.20416
          2       6300  369.03988   -1.03266    0.00000   -1.03890    0.00000   -3.37761   -1.03931   -2.20416
          2       6400  374.61214   -1.03272    0.00000   -1.03904    0.00000   -3.37761   -1.03931   -2.20416
          2       6500  380.59380   -1.03277    0.00000   -1.03900    0.00000   -3.37761   -1.03931   -2.20416
          2       6600  386.40871   -1.03282    0.00000   -1.03908    0.00000   -3.37761   -1.03931   -2.20416
          2       6700  392.55226   -1.03287    0.00000   -1.03907    0.00000   -3.37761   -1.03935   -2.20416
          2       6800  398.72969   -1.03292    0.00000   -1.03899    0.00000   -3.37761   -1.03935   -2.20416
          2       6900  404.70570   -1.03296    0.00000   -1.03918    0.00000   -3.37761   -1.03935   -2.20416
          2       7000  410.81430   -1.03301    0.00000   -1.03915    0.00000   -3.37761   -1.03935   -2.20416
          2       7100  416.65875   -1.03305    0.00000   -1.03907    0.00000   -3.37761   -1.03935   -2.20416
          2       7200  422.70051   -1.03310    0.00000   -1.03894    0.00000   -3.37761   -1.03935   -2.20416
          2       7300  428.49551   -1.03314    0.00000   -1.03921    0.00000   -3.37761   -1.03935   -2.20416
          2       7400  434.18582   -1.03318    0.00000   -1.03922    0.00000   -3.37761   -1.03935   -2.20416
          2       7500  440.22860   -1.03323    0.00000   -1.03900    0.00000   -3.37761   -1.03935   -2.20416
          2       7600  446.39015   -1.03327    0.00000   -1.03908    0.00000   -3.37761   -1.03935   -2.20416
          2       7700  452.66081   -1.03331    0.00000   -1.03914    0.00000   -3.37761   -1.03935   -2.20416
          2       7800  458.66004   -1.03334    0.00000   -1.03910    0.00000   -3.37761   -1.03935   -2.20416
          2       7900  464.49686   -1.03338    0.00000   -1.03928    0.00000   -3.37761   -1.03935   -2.20416
          2       8000  470.78959   -1.03342    0.00000   -1.03924    0.00000   -3.37761   -1.03935   -2.20416
          2       8100  476.24986   -1.03346    0.00000   -1.03916    0.00000   -3.37761   -1.03935   -2.20416
          2       8200  482.26961   -1.03349    0.00000   -1.03931    0.00000   -3.37761   -1.03935   -2.20416
          2       8300  487.80999   -1.03353    0.00000   -1.03918    0.00000   -3.37761   -1.03935   -2.20416
          2       8400  493.58349   -1.03356    0.00000   -1.03915    0.00000   -3.37761   -1.03935   -2.20416
          2       8500  499.29590   -1.03360    0.00000   -1.03927    0.00000   -3.37761   -1.03935   -2.20416
          2       8600  505.25111   -1.03363    0.00000   -1.03925    0.00000   -3.37761   -1.03935   -2.20416
          2       8700  511.54371   -1.03367    0.00000   -1.03915    0.00000   -3.37761   -1.03935   -2.20416
          2       8800  517.10726   -1.03370    0.00000   -1.03921    0.00000   -3.37761   -1.03935   -2.20416
          2       8900  523.11159   -1.03373    0.00000   -1.03923    0.00000   -3.37761   -1.03935   -2.20416
          2       9000  529.12458   -1.03376    0.00000   -1.03919    0.00000   -3.37761   -1.03935   -2.20416
          2       9100  535.04380   -1.03379    0.00000   -1.03918    0.00000   -3.37761   -1.03935   -2.20416
          2       9200  540.63221   -1.03382    0.00000   -1.03929    0.00000   -3.37761   -1.03935   -2.20416
          2       9300  547.35565   -1.03385    0.00000   -1.03910    0.00000   -3.37761   -1.03935   -2.20416
          2       9400  553.92451   -1.03388    0.00000   -1.03916    0.00000   -3.37761   -1.03935   -2.20416
          2       9500  559.35203   -1.03391    0.00000   -1.03918    0.00000   -3.37761   -1.03935   -2.20416
          2       9600  565.62946   -1.03394    0.00000   -1.03923    0.00000   -3.37761   -1.03937   -2.20416
          2       9700  571.74482   -1.03397    0.00000   -1.03928    0.00000   -3.37761   -1.03937   -2.20416
          2       9800  577.43684   -1.03400    0.00000   -1.03928    0.00000   -3.37761   -1.03937   -2.20416
          2       9900  583.49471   -1.03402    0.00000   -1.03906    0.00000   -3.37761   -1.03937   -2.20416
          2      10000  589.50525   -1.03405    0.00000   -1.03925    0.00000   -3.37761   -1.03937   -2.20416
          2      10100  595.36641   -1.03408    0.00000   -1.03917    0.00000   -3.37761   -1.03937   -2.20416
          2      10200  601.70200   -1.03410    0.00000   -1.03900    0.00000   -3.37761   -1.03937   -2.20416
          2      10300  607.69223   -1.03413    0.00000   -1.03907    0.00000   -3.37761   -1.03937   -2.20416
          2      10400  613.24282   -1.03415    0.00000   -1.03923    0.00000   -3.37761   -1.03937   -2.20416
          2      10500  618.82512   -1.03418    0.00000   -1.03931    0.00000   -3.37761   -1.03937   -2.20416
          2      10600  624.40288   -1.03420    0.00000   -1.03916    0.00000   -3.37761   -1.03937   -2.20416
          2      10700  630.40511   -1.03423    0.00000   -1.03912    0.00000   -3.37761   -1.03937   -2.20416
          2      10800  636.21630   -1.03425    0.00000   -1.03923    0.00000   -3.37761   -1.03937   -2.20416
          2      10900  642.39943   -1.03428    0.00000   -1.03929    0.00000   -3.37761   -1.03937   -2.20416
          2      11000  648.31471   -1.03430    0.00000   -1.03904    0.00000   -3.37761   -1.03937   -2.20416
          2      11100  653.86443   -1.03432    0.00000   -1.03926    0.00000   -3.37761   -1.03937   -2.20416
          2      11200  659.73887   -1.03435    0.00000   -1.03934    0.00000   -3.37761   -1.03937   -2.20416
          2      11300  665.02488   -1.03437    0.00000   -1.03923    0.00000   -3.37761   -1.03937   -2.20416
          2      11400  671.14825   -1.03439    0.00000   -1.03921    0.00000   -3.37761   -1.03937   -2.20416
          2      11500  677.21742   -1.03441    0.00000   -1.03917    0.00000   -3.37761   -1.03937   -2.20416
          2      11600  682.70837   -1.03443    0.00000   -1.03916    0.00000   -3.37761   -1.03937   -2.20416
          2      11700  688.74192   -1.03445    0.00000   -1.03915    0.00000   -3.37761   -1.03937   -2.20416
          2      11800  694.69647   -1.03448    0.00000   -1.03918    0.00000   -3.37761   -1.03937   -2.20416
          2      11900  700.77056   -1.03450    0.00000   -1.03921    0.00000   -3.37761   -1.03937   -2.20416
          2      12000  706.93938   -1.03452    0.00000   -1.03928    0.00000   -3.37761   -1.03937   -2.20416
          2      12100  712.59109   -1.03454    0.00000   -1.03919    0.00000   -3.37761   -1.03937   -2.20416
          2      12200  718.76098   -1.03456    0.00000   -1.03920    0.00000   -3.37761   -1.03937   -2.20416
          2      12300  724.39651   -1.03458    0.00000   -1.03919    0.00000   -3.37761   -1.03937   -2.20416
          2      12400  730.45531   -1.03460    0.00000   -1.03918    0.00000   -3.37761   -1.03937   -2.20416
          2      12500  736.04224   -1.03462    0.00000   -1.03927    0.00000   -3.37761   -1.03937   -2.20416
          2      12600  741.78980   -1.03463    0.00000   -1.03930    0.00000   -3.37761   -1.03937   -2.20416
          2      12700  747.63757   -1.03465    0.00000   -1.03917    0.00000   -3.37761   -1.03937   -2.20416
          2      12800  753.78186   -1.03467    0.00000   -1.03913    0.00000   -3.37761   -1.03937   -2.20416
          2      12900  759.12091   -1.03469    0.00000   -1.03921    0.00000   -3.37761   -1.03937   -2.20416
          2      13000  764.89503   -1.03471    0.00000   -1.03922    0.00000   -3.37761   -1.03937   -2.20416
          2      13100  771.03578   -1.03473    0.00000   -1.03918    0.00000   -3.37761   -1.03937   -2.20416
          2      13200  776.86476   -1.03474    0.00000   -1.03915    0.00000   -3.37761   -1.03937   -2.20416
          2      13300  783.24147   -1.03476    0.00000   -1.03922    0.00000   -3.37761   -1.03937   -2.20416
          2      13400  789.20699   -1.03478    0.00000   -1.03909    0.00000   -3.37761   -1.03937   -2.20416
          2      13500  795.34256   -1.03480    0.00000   -1.03920    0.00000   -3.37761   -1.03937   -2.20416
          2      13600  801.07911   -1.03481    0.00000   -1.03917    0.00000   -3.37761   -1.03939   -2.20416
          2      13700  807.11190   -1.03483    0.00000   -1.03929    0.00000   -3.37761   -1.03939   -2.20416
          2      13800  812.89648   -1.03485    0.00000   -1.03919    0.00000   -3.37761   -1.03939   -2.20416
          2      13900  818.22666   -1.03486    0.00000   -1.03926    0.00000   -3.37761   -1.03939   -2.20416
          2      14000  824.01979   -1.03488    0.00000   -1.03913    0.00000   -3.37761   -1.03939   -2.20416
          2      14100  829.74158   -1.03490    0.00000   -1.03923    0.00000   -3.37761   -1.03939   -2.20416
          2      14200  835.63260   -1.03491    0.00000   -1.03932    0.00000   -3.37761   -1.03939   -2.20416
          2      14300  841.55205   -1.03493    0.00000   -1.03928    0.00000   -3.37761   -1.03939   -2.20416
          2      14400  847.34981   -1.03494    0.00000   -1.03925    0.00000   -3.37761   -1.03939   -2.20416
          2      14500  853.34395   -1.03496    0.00000   -1.03923    0.00000   -3.37761   -1.03939   -2.20416
          2      14600  859.35118   -1.03497    0.00000   -1.03929    0.00000   -3.37761   -1.03939   -2.20416
          2      14700  865.26483   -1.03499    0.00000   -1.03922    0.00000   -3.37761   -1.03939   -2.20416
          2      14800  871.22081   -1.03500    0.00000   -1.03928    0.00000   -3.37761   -1.03939   -2.20416
          2      14900  876.93817   -1.03502    0.00000   -1.03922    0.00000   -3.37761   -1.03939   -2.20416
          2      15000  882.93678   -1.03503    0.00000   -1.03930    0.00000   -3.37761   -1.03939   -2.20416
          2      15100  888.99852   -1.03505    0.00000   -1.03922    0.00000   -3.37761   -1.03939   -2.20416
          2      15200  895.21466   -1.03506    0.00000   -1.03920    0.00000   -3.37761   -1.03939   -2.20416
          2      15300  900.90541   -1.03508    0.00000   -1.03918    0.00000   -3.37761   -1.03939   -2.20416
          2      15400  907.14540   -1.03509    0.00000   -1.03930    0.00000   -3.37761   -1.03939   -2.20416
          2      15500  913.16161   -1.03510    0.00000   -1.03930    0.00000   -3.37761   -1.03939   -2.20416
          2      15600  919.52006   -1.03512    0.00000   -1.03920    0.00000   -3.37761   -1.03939   -2.20416
          2      15700  925.39442   -1.03513    0.00000   -1.03923    0.00000   -3.37761   -1.03939   -2.20416
          2      15800  931.37410   -1.03515    0.00000   -1.03918    0.00000   -3.37761   -1.03939   -2.20416
          2      15900  937.10976   -1.03516    0.00000   -1.03926    0.00000   -3.37761   -1.03939   -2.20416
          2      16000  942.85389   -1.03517    0.00000   -1.03923    0.00000   -3.37761   -1.03939   -2.20416
          2      16100  948.91231   -1.03519    0.00000   -1.03918    0.00000   -3.37761   -1.03939   -2.20416
          2      16200  954.88045   -1.03520    0.00000   -1.03919    0.00000   -3.37761   -1.03939   -2.20416
          2      16300  960.47836   -1.03521    0.00000   -1.03932    0.00000   -3.37761   -1.03939   -2.20416
          2      16400  966.14695   -1.03522    0.00000   -1.03930    0.00000   -3.37761   -1.03939   -2.20416
          2      16500  971.77604   -1.03524    0.00000   -1.03923    0.00000   -3.37761   -1.03939   -2.20416
          2      16600  977.40538   -1.03525    0.00000   -1.03925    0.00000   -3.37761   -1.03939   -2.20416
          2      16700  983.22127   -1.03526    0.00000   -1.03920    0.00000   -3.37761   -1.03939   -2.20416
          2      16800  989.02678   -1.03527    0.00000   -1.03932    0.00000   -3.37761   -1.03939   -2.20416
          2      16900  995.01589   -1.03529    0.00000   -1.03926    0.00000   -3.37761   -1.03939   -2.20416
          2      17000 1000.81121   -1.03530    0.00000   -1.03925    0.00000   -3.37761   -1.03939   -2.20416
          2      17100 1006.56344   -1.03531    0.00000   -1.03924    0.00000   -3.37761   -1.03939   -2.20416
          2      17200 1012.23130   -1.03532    0.00000   -1.03930    0.00000   -3.37761   -1.03939   -2.20416
          2      17300 1018.28392   -1.03533    0.00000   -1.03910    0.00000   -3.37761   -1.03939   -2.20416
          2      17400 1024.42459   -1.03535    0.00000   -1.03923    0.00000   -3.37761   -1.03939   -2.20416
          2      17500 1030.84404   -1.03536    0.00000   -1.03925    0.00000   -3.37761   -1.03941   -2.20416
          2      17600 1036.50289   -1.03537    0.00000   -1.03920    0.00000   -3.37761   -1.03941   -2.20416
          2      17700 1042.02883   -1.03538    0.00000   -1.03931    0.00000   -3.37761   -1.03941   -2.20416
          2      17800 1047.97673   -1.03539    0.00000   -1.03927    0.00000   -3.37761   -1.03941   -2.20416
          2      17900 1054.14362   -1.03540    0.00000   -1.03923    0.00000   -3.37761   -1.03941   -2.20416
          2      18000 1059.88737   -1.03541    0.00000   -1.03923    0.00000   -3.37761   -1.03941   -2.20416
          2      18100 1065.54250   -1.03543    0.00000   -1.03917    0.00000   -3.37761   -1.03941   -2.20416
          2      18200 1071.98155   -1.03544    0.00000   -1.03911    0.00000   -3.37761   -1.03941   -2.20416
          2      18300 1077.64698   -1.03545    0.00000   -1.03923    0.00000   -3.37761   -1.03941   -2.20416
          2      18400 1083.63204   -1.03546    0.00000   -1.03926    0.00000   -3.37761   -1.03941   -2.20416
          2      18500 1089.84278   -1.03547    0.00000   -1.03931    0.00000   -3.37761   -1.03941   -2.20416
          2      18600 1095.92345   -1.03548    0.00000   -1.03922    0.00000   -3.37761   -1.03941   -2.20416
          2      18700 1102.00196   -1.03549    0.00000   -1.03924    0.00000   -3.37761   -1.03941   -2.20416
          2      18800 1107.74910   -1.03550    0.00000   -1.03930    0.00000   -3.37761   -1.03941   -2.20416
          2      18900 1113.42612   -1.03551    0.00000   -1.03935    0.00000   -3.37761   -1.03941   -2.20416
          2      19000 1119.38939   -1.03552    0.00000   -1.03928    0.00000   -3.37761   -1.03941   -2.20416
          2      19100 1124.96187   -1.03553    0.00000   -1.03918    0.00000   -3.37761   -1.03941   -2.20416
          2      19200 1131.06789   -1.03554    0.00000   -1.03920    0.00000   -3.37761   -1.03941   -2.20416
          2      19300 1136.71165   -1.03555    0.00000   -1.03922    0.00000   -3.37761   -1.03941   -2.20416
          2      19400 1142.39900   -1.03556    0.00000   -1.03910    0.00000   -3.37761   -1.03941   -2.20416
          2      19500 1147.87458   -1.03557    0.00000   -1.03919    0.00000   -3.37761   -1.03941   -2.20416
          2      19600 1153.71489   -1.03558    0.00000   -1.03927    0.00000   -3.37761   -1.03941   -2.20416
          2      19700 1159.63897   -1.03559    0.00000   -1.03935    0.00000   -3.37761   -1.03941   -2.20416
          2      19800 1165.10219   -1.03560    0.00000   -1.03921    0.00000   -3.37761   -1.03941   -2.20416
          2      19900 1171.09450   -1.03561    0.00000   -1.03928    0.00000   -3.37761   -1.03941   -2.20416
          2      20000 1176.74187   -1.03562    0.00000   -1.03928    0.00000   -3.37761   -1.03941   -2.20416
          2      20100 1182.24330   -1.03563    0.00000   -1.03936    0.00000   -3.37761   -1.03941   -2.20416
          2      20200 1188.24024   -1.03564    0.00000   -1.03922    0.00000   -3.37761   -1.03941   -2.20416
          2      20300 1194.29971   -1.03565    0.00000   -1.03926    0.00000   -3.37761   -1.03941   -2.20416
          2      20400 1199.87589   -1.03566    0.00000   -1.03923    0.00000   -3.37761   -1.03941   -2.20416
          2      20500 1205.79007   -1.03567    0.00000   -1.03931    0.00000   -3.37761   -1.03941   -2.20416
          2      20600 1211.41248   -1.03567    0.00000   -1.03926    0.00000   -3.37761   -1.03941   -2.20416
          2      20700 1217.02025   -1.03568    0.00000   -1.03917    0.00000   -3.37761   -1.03941   -2.20416
          2      20800 1222.74281   -1.03569    0.00000   -1.03916    0.00000   -3.37761   -1.03941   -2.20416
          2      20900 1228.71471   -1.03570    0.00000   -1.03931    0.00000   -3.37761   -1.03941   -2.20416
          2      21000 1234.70399   -1.03571    0.00000   -1.03930    0.00000   -3.37761   -1.03941   -2.20416
          2      21100 1240.91851   -1.03572    0.00000   -1.03927    0.00000   -3.37761   -1.03941   -2.20416
          2      21200 1246.68676   -1.03573    0.00000   -1.03926    0.00000   -3.37761   -1.03941   -2.20416
          2      21300 1252.24857   -1.03574    0.00000   -1.03929    0.00000   -3.37761   -1.03941   -2.20416
          2      21400 1258.31108   -1.03575    0.00000   -1.03918    0.00000   -3.37761   -1.03941   -2.20416
          2      21500 1264.45113   -1.03575    0.00000   -1.03921    0.00000   -3.37761   -1.03941   -2.20416
          2      21600 1270.31578   -1.03576    0.00000   -1.03922    0.00000   -3.37761   -1.03941   -2.20416
          2      21700 1276.29716   -1.03577    0.00000   -1.03919    0.00000   -3.37761   -1.03941   -2.20416
          2      21800 1282.21278   -1.03578    0.00000   -1.03923    0.00000   -3.37761   -1.03941   -2.20416
          2      21900 1288.22900   -1.03579    0.00000   -1.03924    0.00000   -3.37761   -1.03941   -2.20416
          2      22000 1294.02603   -1.03580    0.00000   -1.03930    0.00000   -3.37761   -1.03941   -2.20416
          2      22100 1300.07572   -1.03580    0.00000   -1.03929    0.00000   -3.37761   -1.03941   -2.20416
          2      22200 1306.02235   -1.03581    0.00000   -1.03935    0.00000   -3.37761   -1.03941   -2.20416
          2      22300 1312.35828   -1.03582    0.00000   -1.03923    0.00000   -3.37761   -1.03941   -2.20416
          2      22400 1318.42380   -1.03583    0.00000   -1.03922    0.00000   -3.37761   -1.03941   -2.20416
          2      22500 1324.39259   -1.03584    0.00000   -1.03928    0.00000   -3.37761   -1.03941   -2.20416
          2      22600 1330.17302   -1.03584    0.00000   -1.03922    0.00000   -3.37761   -1.03941   -2.20416
          2      22700 1335.91541   -1.03585    0.00000   -1.03926    0.00000   -3.37761   -1.03941   -2.20416
          2      22800 1341.70158   -1.03586    0.00000   -1.03928    0.00000   -3.37761   -1.03941   -2.20416
          2      22900 1347.36548   -1.03587    0.00000   -1.03931    0.00000   -3.37761   -1.03941   -2.20416
          2      23000 1353.59423   -1.03588    0.00000   -1.03928    0.00000   -3.37761   -1.03941   -2.20416
          2      23100 1359.47541   -1.03588    0.00000   -1.03924    0.00000   -3.37761   -1.03941   -2.20416
          2      23200 1365.26510   -1.03589    0.00000   -1.03931    0.00000   -3.37761   -1.03941   -2.20416
          2      23300 1371.63641   -1.03590    0.00000   -1.03929    0.00000   -3.37761   -1.03941   -2.20416
          2      23400 1377.57265   -1.03591    0.00000   -1.03928    0.00000   -3.37761   -1.03941   -2.20416
          2      23500 1383.08746   -1.03591    0.00000   -1.03922    0.00000   -3.37761   -1.03941   -2.20416
          2      23600 1388.90695   -1.03592    0.00000   -1.03927    0.00000   -3.37761   -1.03941   -2.20416
          2      23700 1395.35153   -1.03593    0.00000   -1.03938    0.00000   -3.37761   -1.03941   -2.20416
          2      23800 1401.16771   -1.03594    0.00000   -1.03925    0.00000   -3.37761   -1.03941   -2.20416
          2      23900 1407.12492   -1.03594    0.00000   -1.03936    0.00000   -3.37761   -1.03941   -2.20416
          2      24000 1413.12433   -1.03595    0.00000   -1.03930    0.00000   -3.37761   -1.03941   -2.20416
          2      24100 1418.69011   -1.03596    0.00000   -1.03920    0.00000   -3.37761   -1.03941   -2.20416
          2      24200 1424.56374   -1.03596    0.00000   -1.03925    0.00000   -3.37761   -1.03941   -2.20416
          2      24300 1430.45978   -1.03597    0.00000   -1.03923    0.00000   -3.37761   -1.03941   -2.20416
          2      24400 1435.99022   -1.03598    0.00000   -1.03924    0.00000   -3.37761   -1.03941   -2.20416
          2      24500 1441.68042   -1.03599    0.00000   -1.03933    0.00000   -3.37761   -1.03941   -2.20416
          2      24600 1447.52939   -1.03599    0.00000   -1.03926    0.00000   -3.37761   -1.03941   -2.20416
          2      24700 1453.24080   -1.03600    0.00000   -1.03935    0.00000   -3.37761   -1.03941   -2.20416
          2      24800 1459.78611   -1.03601    0.00000   -1.03928    0.00000   -3.37761   -1.03941   -2.20416
          2      24900 1466.39136   -1.03601    0.00000   -1.03924    0.00000   -3.37761   -1.03941   -2.20416
          2      25000 1472.15562   -1.03602    0.00000   -1.03929    0.00000   -3.37761   -1.03941   -2.20416
          2      25100 1478.19828   -1.03603    0.00000   -1.03931    0.00000   -3.37761   -1.03941   -2.20416
          2      25200 1484.05649   -1.03603    0.00000   -1.03930    0.00000   -3.37761   -1.03941   -2.20416
          2      25300 1489.73543   -1.03604    0.00000   -1.03924    0.00000   -3.37761   -1.03941   -2.20416
          2      25400 1496.02014   -1.03605    0.00000   -1.03931    0.00000   -3.37761   -1.03941   -2.20416
          2      25500 1501.39610   -1.03605    0.00000   -1.03927    0.00000   -3.37761   -1.03941   -2.20416
          2      25600 1507.41513   -1.03606    0.00000   -1.03933    0.00000   -3.37761   -1.03941   -2.20416
          2      25700 1513.32197   -1.03607    0.00000   -1.03934    0.00000   -3.37761   -1.03941   -2.20416
          2      25800 1519.61151   -1.03607    0.00000   -1.03927    0.00000   -3.37761   -1.03941   -2.20416
          2      25900 1525.34482   -1.03608    0.00000   -1.03930    0.00000   -3.37761   -1.03941   -2.20416
          2      26000 1531.41732   -1.03609    0.00000   -1.03920    0.00000   -3.37761   -1.03941   -2.20416
          2      26100 1537.33204   -1.03609    0.00000   -1.03934    0.00000   -3.37761   -1.03941   -2.20416
          2      26200 1543.31772   -1.03610    0.00000   -1.03925    0.00000   -3.37761   -1.03941   -2.20416
          2      26300 1548.42745   -1.03611    0.00000   -1.03929    0.00000   -3.37761   -1.03941   -2.20416
          2      26400 1554.51244   -1.03611    0.00000   -1.03930    0.00000   -3.37761   -1.03941   -2.20416
          2      26500 1560.53265   -1.03612    0.00000   -1.03934    0.00000   -3.37761   -1.03941   -2.20416
          2      26600 1566.19062   -1.03612    0.00000   -1.03931    0.00000   -3.37761   -1.03941   -2.20416
          2      26700 1572.07289   -1.03613    0.00000   -1.03929    0.00000   -3.37761   -1.03941   -2.20416
          2      26800 1577.51344   -1.03614    0.00000   -1.03922    0.00000   -3.37761   -1.03941   -2.20416
          2      26900 1582.83461   -1.03614    0.00000   -1.03928    0.00000   -3.37761   -1.03941   -2.20416
          2      27000 1588.74230   -1.03615    0.00000   -1.03933    0.00000   -3.37761   -1.03941   -2.20416
          2      27100 1594.47348   -1.03615    0.00000   -1.03928    0.00000   -3.37761   -1.03941   -2.20416
          2      27200 1600.44209   -1.03616    0.00000   -1.03927    0.00000   -3.37761   -1.03941   -2.20416
          2      27300 1606.37947   -1.03617    0.00000   -1.03934    0.00000   -3.37761   -1.03941   -2.20416
          2      27400 1612.01658   -1.03617    0.00000   -1.03927    0.00000   -3.37761   -1.03941   -2.20416
          2      27500 1618.19482   -1.03618    0.00000   -1.03926    0.00000   -3.37761   -1.03941   -2.20416
          2      27600 1624.09429   -1.03618    0.00000   -1.03927    0.00000   -3.37761   -1.03941   -2.20416
          2      27700 1629.87204   -1.03619    0.00000   -1.03932    0.00000   -3.37761   -1.03941   -2.20416
          2      27800 1636.46932   -1.03620    0.00000   -1.03923    0.00000   -3.37761   -1.03941   -2.20416
          2      27900 1642.42468   -1.03620    0.00000   -1.03936    0.00000   -3.37761   -1.03941   -2.20416
          2      28000 1648.71620   -1.03621    0.00000   -1.03921    0.00000   -3.37761   -1.03941   -2.20416
          2      28100 1654.54164   -1.03621    0.00000   -1.03925    0.00000   -3.37761   -1.03941   -2.20416
          2      28200 1660.53086   -1.03622    0.00000   -1.03926    0.00000   -3.37761   -1.03941   -2.20416
          2      28300 1666.80792   -1.03622    0.00000   -1.03932    0.00000   -3.37761   -1.03941   -2.20416
          2      28400 1672.50197   -1.03623    0.00000   -1.03931    0.00000   -3.37761   -1.03941   -2.20416
          2      28500 1678.30710   -1.03624    0.00000   -1.03925    0.00000   -3.37761   -1.03941   -2.20416
          2      28600 1684.29199   -1.03624    0.00000   -1.03929    0.00000   -3.37761   -1.03941   -2.20416
          2      28700 1689.83624   -1.03625    0.00000   -1.03927    0.00000   -3.37761   -1.03941   -2.20416
          2      28800 1696.35171   -1.03625    0.00000   -1.03928    0.00000   -3.37761   -1.03941   -2.20416
          2      28900 1702.14101   -1.03626    0.00000   -1.03927    0.00000   -3.37761   -1.03941   -2.20416
          2      29000 1707.90677   -1.03626    0.00000   -1.03936    0.00000   -3.37761   -1.03941   -2.20416
          2      29100 1714.11891   -1.03627    0.00000   -1.03937    0.00000   -3.37761   -1.03941   -2.20416
          2      29200 1719.52915   -1.03627    0.00000   -1.03923    0.00000   -3.37761   -1.03941   -2.20416
          2      29300 1725.53866   -1.03628    0.00000   -1.03934    0.00000   -3.37761   -1.03941   -2.20416
          2      29400 1732.12473   -1.03628    0.00000   -1.03931    0.00000   -3.37761   -1.03941   -2.20416
          2      29500 1738.50630   -1.03629    0.00000   -1.03937    0.00000   -3.37761   -1.03941   -2.20416
          2      29600 1744.17752   -1.03630    0.00000   -1.03929    0.00000   -3.37761   -1.03941   -2.20416
          2      29700 1750.25307   -1.03630    0.00000   -1.03929    0.00000   -3.37761   -1.03941   -2.20416
          2      29800 1756.04037   -1.03631    0.00000   -1.03934    0.00000   -3.37761   -1.03941   -2.20416
          2      29900 1761.51703   -1.03631    0.00000   -1.03932    0.00000   -3.37761   -1.03941   -2.20416
          2      30000 1767.06267   -1.03632    0.00000   -1.03923    0.00000   -3.37761   -1.03941   -2.20416
          2      30100 1772.82587   -1.03632    0.00000   -1.03928    0.00000   -3.37761   -1.03941   -2.20416
          2      30200 1778.60034   -1.03633    0.00000   -1.03923    0.00000   -3.37761   -1.03941   -2.20416
          2      30300 1784.69554   -1.03633    0.00000   -1.03931    0.00000   -3.37761   -1.03941   -2.20416
          2      30400 1790.70273   -1.03634    0.00000   -1.03924    0.00000   -3.37761   -1.03941   -2.20416
          2      30500 1796.97041   -1.03634    0.00000   -1.03930    0.00000   -3.37761   -1.03941   -2.20416
          2      30600 1802.63091   -1.03635    0.00000   -1.03928    0.00000   -3.37761   -1.03941   -2.20416
          2      30700 1808.09467   -1.03635    0.00000   -1.03924    0.00000   -3.37761   -1.03941   -2.20416
          2      30800 1814.26352   -1.03636    0.00000   -1.03935    0.00000   -3.37761   -1.03941   -2.20416
          2      30900 1819.83840   -1.03636    0.00000   -1.03926    0.00000   -3.37761   -1.03941   -2.20416
          2      31000 1825.64087   -1.03637    0.00000   -1.03931    0.00000   -3.37761   -1.03941   -2.20416
          2      31100 1831.58666   -1.03637    0.00000   -1.03930    0.00000   -3.37761   -1.03941   -2.20416
          2      31200 1837.44162   -1.03638    0.00000   -1.03935    0.00000   -3.37761   -1.03941   -2.20416
          2      31300 1843.90767   -1.03638    0.00000   -1.03934    0.00000   -3.37761   -1.03941   -2.20416
          2      31400 1849.97389   -1.03639    0.00000   -1.03933    0.00000   -3.37761   -1.03941   -2.20416
          2      31500 1855.53831   -1.03639    0.00000   -1.03932    0.00000   -3.37761   -1.03941   -2.20416
          2      31600 1861.94838   -1.03640    0.00000   -1.03925    0.00000   -3.37761   -1.03941   -2.20416
          2      31700 1868.42148   -1.03640    0.00000   -1.03928    0.00000   -3.37761   -1.03941   -2.20416
          2      31800 1874.36428   -1.03641    0.00000   -1.03932    0.00000   -3.37761   -1.03941   -2.20416
          2      31900 1880.00681   -1.03641    0.00000   -1.03930    0.00000   -3.37761   -1.03941   -2.20416
          2      32000 1886.02375   -1.03642    0.00000   -1.03923    0.00000   -3.37761   -1.03941   -2.20416
          2      32100 1891.97873   -1.03642    0.00000   -1.03926    0.00000   -3.37761   -1.03941   -2.20416
          2      32200 1898.25567   -1.03642    0.00000   -1.03929    0.00000   -3.37761   -1.03941   -2.20416
          2      32300 1904.09400   -1.03643    0.00000   -1.03929    0.00000   -3.37761   -1.03941   -2.20416
          2      32400 1910.00130   -1.03643    0.00000   -1.03923    0.00000   -3.37761   -1.03941   -2.20416
          2      32500 1915.79313   -1.03644    0.00000   -1.03931    0.00000   -3.37761   -1.03941   -2.20416
          2      32600 1921.71585   -1.03644    0.00000   -1.03924    0.00000   -3.37761   -1.03941   -2.20416
          2      32700 1927.52036   -1.03645    0.00000   -1.03932    0.00000   -3.37761   -1.03941   -2.20416
          2      32800 1933.66777   -1.03645    0.00000   -1.03932    0.00000   -3.37761   -1.03941   -2.20416
          2      32900 1939.50792   -1.03646    0.00000   -1.03931    0.00000   -3.37761   -1.03941   -2.20416
          2      33000 1945.16738   -1.03646    0.00000   -1.03936    0.00000   -3.37761   -1.03941   -2.20416
          2      33100 1951.04530   -1.03647    0.00000   -1.03930    0.00000   -3.37761   -1.03941   -2.20416
          2      33200 1956.99162   -1.03647    0.00000   -1.03931    0.00000   -3.37761   -1.03941   -2.20416
          2      33300 1962.76708   -1.03647    0.00000   -1.03938    0.00000   -3.37761   -1.03941   -2.20416
          2      33400 1968.36374   -1.03648    0.00000   -1.03929    0.00000   -3.37761   -1.03941   -2.20416
          2      33500 1974.48407   -1.03648    0.00000   -1.03923    0.00000   -3.37761   -1.03941   -2.20416
          2      33600 1980.47114   -1.03649    0.00000   -1.03932    0.00000   -3.37761   -1.03942   -2.20416
          2      33700 1986.10506   -1.03649    0.00000   -1.03923    0.00000   -3.37761   -1.03942   -2.20416
          2      33800 1991.99487   -1.03650    0.00000   -1.03929    0.00000   -3.37761   -1.03942   -2.20416
          2      33900 1997.85194   -1.03650    0.00000   -1.03929    0.00000   -3.37761   -1.03942   -2.20416
          2      34000 2003.58884   -1.03650    0.00000   -1.03929    0.00000   -3.37761   -1.03942   -2.20416
          2      34100 2008.91220   -1.03651    0.00000   -1.03926    0.00000   -3.37761   -1.03942   -2.20416
          2      34200 2014.42178   -1.03651    0.00000   -1.03938    0.00000   -3.37761   -1.03942   -2.20416
          2      34300 2021.09401   -1.03652    0.00000   -1.03937    0.00000   -3.37761   -1.03942   -2.20416
          2      34400 2027.03269   -1.03652    0.00000   -1.03925    0.00000   -3.37761   -1.03942   -2.20416
          2      34500 2033.02245   -1.03653    0.00000   -1.03933    0.00000   -3.37761   -1.03942   -2.20416
          2      34600 2038.78557   -1.03653    0.00000   -1.03929    0.00000   -3.37761   -1.03942   -2.20416
          2      34700 2044.32081   -1.03653    0.00000   -1.03928    0.00000   -3.37761   -1.03942   -2.20416
          2      34800 2049.85417   -1.03654    0.00000   -1.03928    0.00000   -3.37761   -1.03942   -2.20416
          2      34900 2055.69291   -1.03654    0.00000   -1.03926    0.00000   -3.37761   -1.03942   -2.20416
          2      35000 2061.55459   -1.03655    0.00000   -1.03929    0.00000   -3.37761   -1.03942   -2.20416
          2      35100 2067.35936   -1.03655    0.00000   -1.03932    0.00000   -3.37761   -1.03942   -2.20416
          2      35200 2073.39337   -1.03656    0.00000   -1.03928    0.00000   -3.37761   -1.03942   -2.20416
          2      35300 2079.14967   -1.03656    0.00000   -1.03937    0.00000   -3.37761   -1.03942   -2.20416
          2      35400 2084.85027   -1.03656    0.00000   -1.03931    0.00000   -3.37761   -1.03942   -2.20416
          2      35500 2090.75273   -1.03657    0.00000   -1.03934    0.00000   -3.37761   -1.03942   -2.20416
          2      35600 2096.61535   -1.03657    0.00000   -1.03930    0.00000   -3.37761   -1.03942   -2.20416
          2      35700 2102.28137   -1.03658    0.00000   -1.03928    0.00000   -3.37761   -1.03942   -2.20416
          2      35800 2108.33565   -1.03658    0.00000   -1.03935    0.00000   -3.37761   -1.03942   -2.20416
          2      35900 2114.95885   -1.03658    0.00000   -1.03930    0.00000   -3.37761   -1.03942   -2.20416
          2      36000 2120.63548   -1.03659    0.00000   -1.03928    0.00000   -3.37761   -1.03942   -2.20416
          2      36100 2126.47881   -1.03659    0.00000   -1.03931    0.00000   -3.37761   -1.03942   -2.20416
          2      36200 2131.76346   -1.03660    0.00000   -1.03932    0.00000   -3.37761   -1.03942   -2.20416
          2      36300 2138.37696   -1.03660    0.00000   -1.03933    0.00000   -3.37761   -1.03942   -2.20416
          2      36400 2144.16184   -1.03660    0.00000   -1.03937    0.00000   -3.37761   -1.03942   -2.20416
          2      36500 2150.13040   -1.03661    0.00000   -1.03934    0.00000   -3.37761   -1.03942   -2.20416
          2      36600 2155.58840   -1.03661    0.00000   -1.03932    0.00000   -3.37761   -1.03942   -2.20416
          2      36700 2161.44861   -1.03661    0.00000   -1.03934    0.00000   -3.37761   -1.03942   -2.20416
          2      36800 2167.14452   -1.03662    0.00000   -1.03936    0.00000   -3.37761   -1.03942   -2.20416
          2      36900 2173.84447   -1.03662    0.00000   -1.03940    0.00000   -3.37761   -1.03942   -2.20416
          2      37000 2180.26570   -1.03663    0.00000   -1.03929    0.00000   -3.37761   -1.03942   -2.20416
          2      37100 2186.24904   -1.03663    0.00000   -1.03928    0.00000   -3.37761   -1.03942   -2.20416
          2      37200 2191.83256   -1.03663    0.00000   -1.03930    0.00000   -3.37761   -1.03942   -2.20416
          2      37300 2197.65400   -1.03664    0.00000   -1.03931    0.00000   -3.37761   -1.03942   -2.20416
          2      37400 2202.99521   -1.03664    0.00000   -1.03924    0.00000   -3.37761   -1.03942   -2.20416
          2      37500 2209.08303   -1.03664    0.00000   -1.03935    0.00000   -3.37761   -1.03942   -2.20416
          2      37600 2214.61763   -1.03665    0.00000   -1.03924    0.00000   -3.37761   -1.03942   -2.20416
          2      37700 2220.32511   -1.03665    0.00000   -1.03935    0.00000   -3.37761   -1.03942   -2.20416
          2      37800 2225.96785   -1.03666    0.00000   -1.03928    0.00000   -3.37761   -1.03942   -2.20416
          2      37900 2231.75626   -1.03666    0.00000   -1.03935    0.00000   -3.37761   -1.03942   -2.20416
          2      38000 2237.36540   -1.03666    0.00000   -1.03932    0.00000   -3.37761   -1.03942   -2.20416
          2      38100 2243.84606   -1.03667    0.00000   -1.03930    0.00000   -3.37761   -1.03942   -2.20416
          2      38200 2250.24393   -1.03667    0.00000   -1.03935    0.00000   -3.37761   -1.03942   -2.20416
          2      38300 2256.27477   -1.03667    0.00000   -1.03935    0.00000   -3.37761   -1.03942   -2.20416
          2      38400 2262.09508   -1.03668    0.00000   -1.03930    0.00000   -3.37761   -1.03942   -2.20416
          2      38500 2268.39514   -1.03668    0.00000   -1.03931    0.00000   -3.37761   -1.03942   -2.20416
          2      38600 2274.20678   -1.03668    0.00000   -1.03925    0.00000   -3.37761   -1.03942   -2.20416
          2      38700 2280.25721   -1.03669    0.00000   -1.03927    0.00000   -3.37761   -1.03942   -2.20416
          2      38800 2286.78796   -1.03669    0.00000   -1.03930    0.00000   -3.37761   -1.03942   -2.20416
          2      38900 2292.49935   -1.03670    0.00000   -1.03934    0.00000   -3.37761   -1.03942   -2.20416
          2      39000 2298.90082   -1.03670    0.00000   -1.03933    0.00000   -3.37761   -1.03942   -2.20416
          2      39100 2304.72791   -1.03670    0.00000   -1.03932    0.00000   -3.37761   -1.03942   -2.20416
          2      39200 2310.39217   -1.03671    0.00000   -1.03931    0.00000   -3.37761   -1.03942   -2.20416
          2      39300 2316.13371   -1.03671    0.00000   -1.03933    0.00000   -3.37761   -1.03942   -2.20416
          2      39400 2321.88570   -1.03671    0.00000   -1.03931    0.00000   -3.37761   -1.03942   -2.20416
          2      39500 2327.99227   -1.03672    0.00000   -1.03935    0.00000   -3.37761   -1.03942   -2.20416
          2      39600 2333.77605   -1.03672    0.00000   -1.03931    0.00000   -3.37761   -1.03942   -2.20416
          2      39700 2339.09283   -1.03672    0.00000   -1.03930    0.00000   -3.37761   -1.03942   -2.20416
          2      39800 2345.31034   -1.03673    0.00000   -1.03935    0.00000   -3.37761   -1.03942   -2.20416
          2      39900 2350.91535   -1.03673    0.00000   -1.03931    0.00000   -3.37761   -1.03942   -2.20416
          2      40000 2356.52579   -1.03673    0.00000   -1.03928    0.00000   -3.37761   -1.03942   -2.20416
          2      40100 2363.18189   -1.03674    0.00000   -1.03936    0.00000   -3.37761   -1.03942   -2.20416
          2      40200 2369.64067   -1.03674    0.00000   -1.03933    0.00000   -3.37761   -1.03942   -2.20416
          2      40300 2375.91666   -1.03674    0.00000   -1.03930    0.00000   -3.37761   -1.03942   -2.20416
          2      40400 2381.91594   -1.03675    0.00000   -1.03935    0.00000   -3.37761   -1.03942   -2.20416
          2      40500 2387.41641   -1.03675    0.00000   -1.03933    0.00000   -3.37761   -1.03942   -2.20416
          2      40600 2392.85365   -1.03675    0.00000   -1.03931    0.00000   -3.37761   -1.03942   -2.20416
          2      40700 2398.88781   -1.03676    0.00000   -1.03937    0.00000   -3.37761   -1.03942   -2.20416
          2      40800 2404.43452   -1.03676    0.00000   -1.03929    0.00000   -3.37761   -1.03942   -2.20416
          2      40900 2410.57360   -1.03676    0.00000   -1.03936    0.00000   -3.37761   -1.03942   -2.20416
          2      41000 2416.63205   -1.03677    0.00000   -1.03931    0.00000   -3.37761   -1.03942   -2.20416
          2      41100 2422.60029   -1.03677    0.00000   -1.03931    0.00000   -3.37761   -1.03942   -2.20416
          2      41200 2428.47118   -1.03677    0.00000   -1.03930    0.00000   -3.37761   -1.03942   -2.20416
          2      41300 2434.71982   -1.03678    0.00000   -1.03931    0.00000   -3.37761   -1.03942   -2.20416
          2      41400 2440.39114   -1.03678    0.00000   -1.03929    0.00000   -3.37761   -1.03942   -2.20416
          2      41500 2446.16186   -1.03678    0.00000   -1.03937    0.00000   -3.37761   -1.03942   -2.20416
          2      41600 2452.30943   -1.03679    0.00000   -1.03934    0.00000   -3.37761   -1.03942   -2.20416
          2      41700 2458.85433   -1.03679    0.00000   -1.03925    0.00000   -3.37761   -1.03942   -2.20416
          2      41800 2464.50165   -1.03679    0.00000   -1.03930    0.00000   -3.37761   -1.03942   -2.20416
          2      41900 2469.67799   -1.03679    0.00000   -1.03931    0.00000   -3.37761   -1.03942   -2.20416
          2      42000 2475.60381   -1.03680    0.00000   -1.03934    0.00000   -3.37761   -1.03942   -2.20416
          2      42100 2481.33616   -1.03680    0.00000   -1.03936    0.00000   -3.37761   -1.03942   -2.20416
          2      42200 2487.27917   -1.03680    0.00000   -1.03931    0.00000   -3.37761   -1.03942   -2.20416
          2      42300 2493.40677   -1.03681    0.00000   -1.03934    0.00000   -3.37761   -1.03942   -2.20416
          2      42400 2499.34384   -1.03681    0.00000   -1.03937    0.00000   -3.37761   -1.03942   -2.20416
          2      42500 2505.31812   -1.03681    0.00000   -1.03932    0.00000   -3.37761   -1.03942   -2.20416
          2      42600 2511.29881   -1.03682    0.00000   -1.03933    0.00000   -3.37761   -1.03942   -2.20416
          2      42700 2517.32272   -1.03682    0.00000   -1.03932    0.00000   -3.37761   -1.03942   -2.20416
          2      42800 2523.11149   -1.03682    0.00000   -1.03934    0.00000   -3.37761   -1.03942   -2.20416
          2      42900 2529.24307   -1.03683    0.00000   -1.03932    0.00000   -3.37761   -1.03942   -2.20416
          2      43000 2535.43568   -1.03683    0.00000   -1.03927    0.00000   -3.37761   -1.03942   -2.20416
          2      43100 2541.86827   -1.03683    0.00000   -1.03924    0.00000   -3.37761   -1.03942   -2.20416
          2      43200 2547.96331   -1.03683    0.00000   -1.03936    0.00000   -3.37761   -1.03942   -2.20416
          2      43300 2553.76582   -1.03684    0.00000   -1.03937    0.00000   -3.37761   -1.03942   -2.20416
          2      43400 2559.48671   -1.03684    0.00000   -1.03929    0.00000   -3.37761   -1.03942   -2.20416
          2      43500 2565.49183   -1.03684    0.00000   -1.03931    0.00000   -3.37761   -1.03942   -2.20416
          2      43600 2571.31973   -1.03685    0.00000   -1.03938    0.00000   -3.37761   -1.03942   -2.20416
          2      43700 2577.30159   -1.03685    0.00000   -1.03934    0.00000   -3.37761   -1.03942   -2.20416
          2      43800 2583.29592   -1.03685    0.00000   -1.03935    0.00000   -3.37761   -1.03942   -2.20416
          2      43900 2589.46047   -1.03686    0.00000   -1.03931    0.00000   -3.37761   -1.03942   -2.20416
          2      44000 2594.83231   -1.03686    0.00000   -1.03935    0.00000   -3.37761   -1.03942   -2.20416
          2      44100 2600.72155   -1.03686    0.00000   -1.03935    0.00000   -3.37761   -1.03942   -2.20416
          2      44200 2607.07352   -1.03686    0.00000   -1.03933    0.00000   -3.37761   -1.03942   -2.20416
          2      44300 2612.87341   -1.03687    0.00000   -1.03933    0.00000   -3.37761   -1.03942   -2.20416
          2      44400 2618.65120   -1.03687    0.00000   -1.03930    0.00000   -3.37761   -1.03942   -2.20416
          2      44500 2624.56381   -1.03687    0.00000   -1.03930    0.00000   -3.37761   -1.03942   -2.20416
          2      44600 2630.27887   -1.03688    0.00000   -1.03932    0.00000   -3.37761   -1.03942   -2.20416
          2      44700 2635.65904   -1.03688    0.00000   -1.03930    0.00000   -3.37761   -1.03942   -2.20416
          2      44800 2641.36996   -1.03688    0.00000   -1.03939    0.00000   -3.37761   -1.03942   -2.20416
          2      44900 2647.67843   -1.03688    0.00000   -1.03931    0.00000   -3.37761   -1.03942   -2.20416
          2      45000 2654.13198   -1.03689    0.00000   -1.03927    0.00000   -3.37761   -1.03942   -2.20416
          2      45100 2660.11937   -1.03689    0.00000   -1.03938    0.00000   -3.37761   -1.03942   -2.20416
          2      45200 2665.80306   -1.03689    0.00000   -1.03930    0.00000   -3.37761   -1.03942   -2.20416
          2      45300 2671.54070   -1.03690    0.00000   -1.03929    0.00000   -3.37761   -1.03942   -2.20416
          2      45400 2677.81469   -1.03690    0.00000   -1.03928    0.00000   -3.37761   -1.03942   -2.20416
          2      45500 2683.98152   -1.03690    0.00000   -1.03936    0.00000   -3.37761   -1.03942   -2.20416
          2      45600 2690.35979   -1.03690    0.00000   -1.03934    0.00000   -3.37761   -1.03942   -2.20416
          2      45700 2695.70017   -1.03691    0.00000   -1.03936    0.00000   -3.37761   -1.03943   -2.20416
          2      45800 2701.52876   -1.03691    0.00000   -1.03939    0.00000   -3.37761   -1.03943   -2.20416
          2      45900 2707.43379   -1.03691    0.00000   -1.03940    0.00000   -3.37761   -1.03943   -2.20416
          2      46000 2713.27830   -1.03691    0.00000   -1.03926    0.00000   -3.37761   -1.03943   -2.20416
          2      46100 2718.85402   -1.03692    0.00000   -1.03933    0.00000   -3.37761   -1.03943   -2.20416
          2      46200 2724.94140   -1.03692    0.00000   -1.03933    0.00000   -3.37761   -1.03943   -2.20416
          2      46300 2730.97294   -1.03692    0.00000   -1.03928    0.00000   -3.37761   -1.03943   -2.20416
          2      46400 2736.66317   -1.03693    0.00000   -1.03931    0.00000   -3.37761   -1.03943   -2.20416
          2      46500 2742.17615   -1.03693    0.00000   -1.03937    0.00000   -3.37761   -1.03943   -2.20416
          2      46600 2747.94543   -1.03693    0.00000   -1.03927    0.00000   -3.37761   -1.03943   -2.20416
          2      46700 2753.69076   -1.03693    0.00000   -1.03937    0.00000   -3.37761   -1.03943   -2.20416
          2      46800 2759.59222   -1.03694    0.00000   -1.03932    0.00000   -3.37761   -1.03943   -2.20416
          2      46900 2765.49222   -1.03694    0.00000   -1.03930    0.00000   -3.37761   -1.03943   -2.20416
          2      47000 2771.64659   -1.03694    0.00000   -1.03927    0.00000   -3.37761   -1.03943   -2.20416
          2      47100 2777.44894   -1.03694    0.00000   -1.03932    0.00000   -3.37761   -1.03943   -2.20416
          2      47200 2783.40165   -1.03695    0.00000   -1.03935    0.00000   -3.37761   -1.03943   -2.20416
          2      47300 2789.20317   -1.03695    0.00000   -1.03934    0.00000   -3.37761   -1.03943   -2.20416
          2      47400 2794.77835   -1.03695    0.00000   -1.03934    0.00000   -3.37761   -1.03943   -2.20416
          2      47500 2800.54221   -1.03695    0.00000   -1.03938    0.00000   -3.37761   -1.03943   -2.20416
          2      47600 2806.73605   -1.03696    0.00000   -1.03926    0.00000   -3.37761   -1.03943   -2.20416
          2      47700 2812.61688   -1.03696    0.00000   -1.03929    0.00000   -3.37761   -1.03943   -2.20416
          2      47800 2818.61188   -1.03696    0.00000   -1.03932    0.00000   -3.37761   -1.03943   -2.20416
          2      47900 2824.48173   -1.03697    0.00000   -1.03931    0.00000   -3.37761   -1.03943   -2.20416
          2      48000 2830.40419   -1.03697    0.00000   -1.03938    0.00000   -3.37761   -1.03943   -2.20416
          2      48100 2836.44850   -1.03697    0.00000   -1.03931    0.00000   -3.37761   -1.03943   -2.20416
          2      48200 2842.12202   -1.03697    0.00000   -1.03936    0.00000   -3.37761   -1.03943   -2.20416
          2      48300 2848.16705   -1.03698    0.00000   -1.03934    0.00000   -3.37761   -1.03943   -2.20416
          2      48400 2853.84698   -1.03698    0.00000   -1.03936    0.00000   -3.37761   -1.03943   -2.20416
          2      48500 2859.99153   -1.03698    0.00000   -1.03927    0.00000   -3.37761   -1.03943   -2.20416
          2      48600 2866.16678   -1.03698    0.00000   -1.03935    0.00000   -3.37761   -1.03943   -2.20416
          2      48700 2872.29234   -1.03699    0.00000   -1.03927    0.00000   -3.37761   -1.03943   -2.20416
          2      48800 2878.04722   -1.03699    0.00000   -1.03937    0.00000   -3.37761   -1.03943   -2.20416
          2      48900 2884.23079   -1.03699    0.00000   -1.03926    0.00000   -3.37761   -1.03943   -2.20416
          2      49000 2890.12930   -1.03699    0.00000   -1.03932    0.00000   -3.37761   -1.03943   -2.20416
          2      49100 2896.32366   -1.03700    0.00000   -1.03932    0.00000   -3.37761   -1.03943   -2.20416
          2      49200 2901.99840   -1.03700    0.00000   -1.03933    0.00000   -3.37761   -1.03943   -2.20416
          2      49300 2907.34759   -1.03700    0.00000   -1.03938    0.00000   -3.37761   -1.03943   -2.20416
          2      49400 2913.26007   -1.03700    0.00000   -1.03935    0.00000   -3.37761   -1.03943   -2.20416
          2      49500 2919.11486   -1.03701    0.00000   -1.03936    0.00000   -3.37761   -1.03943   -2.20416
          2      49600 2924.83009   -1.03701    0.00000   -1.03928    0.00000   -3.37761   -1.03943   -2.20416
          2      49700 2930.60781   -1.03701    0.00000   -1.03932    0.00000   -3.37761   -1.03943   -2.20416
          2      49800 2936.98089   -1.03701    0.00000   -1.03933    0.00000   -3.37761   -1.03943   -2.20416
          2      49900 2942.98640   -1.03701    0.00000   -1.03934    0.00000   -3.37761   -1.03943   -2.20416
          2      50000 2949.11975   -1.03702    0.00000   -1.03932    0.00000   -3.37761   -1.03943   -2.20416
          2      50100 2954.78997   -1.03702    0.00000   -1.03930    0.00000   -3.37761   -1.03943   -2.20416
          2      50200 2960.64904   -1.03702    0.00000   -1.03931    0.00000   -3.37761   -1.03943   -2.20416
          2      50300 2966.01929   -1.03702    0.00000   -1.03930    0.00000   -3.37761   -1.03943   -2.20416
          2      50400 2972.20991   -1.03703    0.00000   -1.03928    0.00000   -3.37761   -1.03943   -2.20416
          2      50500 2978.11343   -1.03703    0.00000   -1.03931    0.00000   -3.37761   -1.03943   -2.20416
          2      50600 2983.85576   -1.03703    0.00000   -1.03931    0.00000   -3.37761   -1.03943   -2.20416
          2      50700 2989.87297   -1.03703    0.00000   -1.03927    0.00000   -3.37761   -1.03943   -2.20416
          2      50800 2995.65913   -1.03704    0.00000   -1.03931    0.00000   -3.37761   -1.03943   -2.20416
          2      50900 3001.60510   -1.03704    0.00000   -1.03933    0.00000   -3.37761   -1.03943   -2.20416
          2      51000 3007.53826   -1.03704    0.00000   -1.03934    0.00000   -3.37761   -1.03943   -2.20416
          2      51100 3013.23987   -1.03704    0.00000   -1.03936    0.00000   -3.37761   -1.03943   -2.20416
          2      51200 3019.15777   -1.03705    0.00000   -1.03941    0.00000   -3.37761   -1.03943   -2.20416
          2      51300 3024.56016   -1.03705    0.00000   -1.03935    0.00000   -3.37761   -1.03943   -2.20416
          2      51400 3030.48677   -1.03705    0.00000   -1.03934    0.00000   -3.37761   -1.03943   -2.20416
          2      51500 3036.92157   -1.03705    0.00000   -1.03937    0.00000   -3.37761   -1.03943   -2.20416
          2      51600 3043.11896   -1.03706    0.00000   -1.03936    0.00000   -3.37761   -1.03943   -2.20416
          2      51700 3049.55400   -1.03706    0.00000   -1.03928    0.00000   -3.37761   -1.03943   -2.20416
          2      51800 3055.47228   -1.03706    0.00000   -1.03930    0.00000   -3.37761   -1.03943   -2.20416
          2      51900 3061.53137   -1.03706    0.00000   -1.03934    0.00000   -3.37761   -1.03943   -2.20416
          2      52000 3067.37726   -1.03706    0.00000   -1.03940    0.00000   -3.37761   -1.03943   -2.20416
          2      52100 3073.10789   -1.03707    0.00000   -1.03931    0.00000   -3.37761   -1.03943   -2.20416
          2      52200 3079.24486   -1.03707    0.00000   -1.03932    0.00000   -3.37761   -1.03943   -2.20416
          2      52300 3085.22995   -1.03707    0.00000   -1.03934    0.00000   -3.37761   -1.03943   -2.20416
          2      52400 3091.53366   -1.03707    0.00000   -1.03929    0.00000   -3.37761   -1.03943   -2.20416
          2      52500 3097.37995   -1.03708    0.00000   -1.03931    0.00000   -3.37761   -1.03943   -2.20416
          2      52600 3103.34980   -1.03708    0.00000   -1.03933    0.00000   -3.37761   -1.03943   -2.20416
          2      52700 3109.38344   -1.03708    0.00000   -1.03938    0.00000   -3.37761   -1.03943   -2.20416
          2      52800 3115.65969   -1.03708    0.00000   -1.03935    0.00000   -3.37761   -1.03943   -2.20416
          2      52900 3121.70850   -1.03708    0.00000   -1.03939    0.00000   -3.37761   -1.03943   -2.20416
          2      53000 3127.38930   -1.03709    0.00000   -1.03933    0.00000   -3.37761   -1.03943   -2.20416
          2      53100 3132.70047   -1.03709    0.00000   -1.03936    0.00000   -3.37761   -1.03943   -2.20416
          2      53200 3138.71805   -1.03709    0.00000   -1.03935    0.00000   -3.37761   -1.03943   -2.20416
          2      53300 3144.17505   -1.03709    0.00000   -1.03930    0.00000   -3.37761   -1.03943   -2.20416
          2      53400 3150.06153   -1.03710    0.00000   -1.03937    0.00000   -3.37761   -1.03943   -2.20416
          2      53500 3155.91272   -1.03710    0.00000   -1.03936    0.00000   -3.37761   -1.03943   -2.20416
          2      53600 3161.75178   -1.03710    0.00000   -1.03935    0.00000   -3.37761   -1.03943   -2.20416
          2      53700 3167.33713   -1.03710    0.00000   -1.03933    0.00000   -3.37761   -1.03943   -2.20416
          2      53800 3173.51202   -1.03710    0.00000   -1.03932    0.00000   -3.37761   -1.03943   -2.20416
          2      53900 3180.01634   -1.03711    0.00000   -1.03937    0.00000   -3.37761   -1.03943   -2.20416
          2      54000 3186.40977   -1.03711    0.00000   -1.03936    0.00000   -3.37761   -1.03943   -2.20416
          2      54100 3192.77250   -1.03711    0.00000   -1.03931    0.00000   -3.37761   -1.03943   -2.20416
          2      54200 3198.50966   -1.03711    0.00000   -1.03933    0.00000   -3.37761   -1.03943   -2.20416
          2      54300 3204.44947   -1.03711    0.00000   -1.03935    0.00000   -3.37761   -1.03943   -2.20416
          2      54400 3210.17752   -1.03712    0.00000   -1.03936    0.00000   -3.37761   -1.03943   -2.20416
          2      54500 3215.96805   -1.03712    0.00000   -1.03932    0.00000   -3.37761   -1.03943   -2.20416
          2      54600 3221.75598   -1.03712    0.00000   -1.03932    0.00000   -3.37761   -1.03943   -2.20416
          2      54700 3227.75443   -1.03712    0.00000   -1.03932    0.00000   -3.37761   -1.03943   -2.20416
          2      54800 3233.86544   -1.03713    0.00000   -1.03930    0.00000   -3.37761   -1.03943   -2.20416
          2      54900 3239.72065   -1.03713    0.00000   -1.03931    0.00000   -3.37761   -1.03943   -2.20416
          2      55000 3245.42796   -1.03713    0.00000   -1.03930    0.00000   -3.37761   -1.03943   -2.20416
          2      55100 3251.62964   -1.03713    0.00000   -1.03931    0.00000   -3.37761   -1.03943   -2.20416
          2      55200 3258.09458   -1.03713    0.00000   -1.03927    0.00000   -3.37761   -1.03943   -2.20416
          2      55300 3264.78799   -1.03714    0.00000   -1.03929    0.00000   -3.37761   -1.03943   -2.20416
          2      55400 3270.99318   -1.03714    0.00000   -1.03934    0.00000   -3.37761   -1.03943   -2.20416
          2      55500 3276.90106   -1.03714    0.00000   -1.03930    0.00000   -3.37761   -1.03943   -2.20416
          2      55600 3282.70298   -1.03714    0.00000   -1.03929    0.00000   -3.37761   -1.03943   -2.20416
          2      55700 3288.84147   -1.03714    0.00000   -1.03930    0.00000   -3.37761   -1.03943   -2.20416
          2      55800 3294.48677   -1.03715    0.00000   -1.03934    0.00000   -3.37761   -1.03943   -2.20416
          2      55900 3300.12266   -1.03715    0.00000   -1.03933    0.00000   -3.37761   -1.03943   -2.20416
          2      56000 3306.22161   -1.03715    0.00000   -1.03933    0.00000   -3.37761   -1.03943   -2.20416
          2      56100 3312.01441   -1.03715    0.00000   -1.03932    0.00000   -3.37761   -1.03943   -2.20416
          2      56200 3317.80974   -1.03715    0.00000   -1.03934    0.00000   -3.37761   -1.03943   -2.20416
          2      56300 3323.76346   -1.03716    0.00000   -1.03935    0.00000   -3.37761   -1.03943   -2.20416
          2      56400 3329.53593   -1.03716    0.00000   -1.03934    0.00000   -3.37761   -1.03943   -2.20416
          2      56500 3335.30841   -1.03716    0.00000   -1.03933    0.00000   -3.37761   -1.03943   -2.20416
          2      56600 3341.19659   -1.03716    0.00000   -1.03930    0.00000   -3.37761   -1.03943   -2.20416
          2      56700 3347.19093   -1.03716    0.00000   -1.03931    0.00000   -3.37761   -1.03943   -2.20416
          2      56800 3352.92842   -1.03717    0.00000   -1.03935    0.00000   -3.37761   -1.03943   -2.20416
          2      56900 3359.00128   -1.03717    0.00000   -1.03939    0.00000   -3.37761   -1.03943   -2.20416
          2      57000 3364.93087   -1.03717    0.00000   -1.03939    0.00000   -3.37761   -1.03943   -2.20416
          2      57100 3370.83160   -1.03717    0.00000   -1.03934    0.00000   -3.37761   -1.03943   -2.20416
          2      57200 3376.59453   -1.03717    0.00000   -1.03936    0.00000   -3.37761   -1.03943   -2.20416
          2      57300 3382.53299   -1.03718    0.00000   -1.03930    0.00000   -3.37761   -1.03943   -2.20416
          2      57400 3388.23308   -1.03718    0.00000   -1.03931    0.00000   -3.37761   -1.03943   -2.20416
          2      57500 3393.94927   -1.03718    0.00000   -1.03929    0.00000   -3.37761   -1.03943   -2.20416
          2      57600 3399.78361   -1.03718    0.00000   -1.03932    0.00000   -3.37761   -1.03943   -2.20416
          2      57700 3405.87787   -1.03718    0.00000   -1.03930    0.00000   -3.37761   -1.03943   -2.20416
          2      57800 3411.67637   -1.03719    0.00000   -1.03938    0.00000   -3.37761   -1.03943   -2.20416
          2      57900 3417.57935   -1.03719    0.00000   -1.03935    0.00000   -3.37761   -1.03943   -2.20416
          2      58000 3423.17724   -1.03719    0.00000   -1.03936    0.00000   -3.37761   -1.03943   -2.20416
          2      58100 3428.94393   -1.03719    0.00000   -1.03931    0.00000   -3.37761   -1.03943   -2.20416
          2      58200 3434.54770   -1.03719    0.00000   -1.03933    0.00000   -3.37761   -1.03943   -2.20416
          2      58300 3440.37403   -1.03720    0.00000   -1.03933    0.00000   -3.37761   -1.03943   -2.20416
          2      58400 3445.95889   -1.03720    0.00000   -1.03937    0.00000   -3.37761   -1.03943   -2.20416
          2      58500 3452.10951   -1.03720    0.00000   -1.03931    0.00000   -3.37761   -1.03943   -2.20416
          2      58600 3458.00007   -1.03720    0.00000   -1.03932    0.00000   -3.37761   -1.03943   -2.20416
          2      58700 3464.26660   -1.03720    0.00000   -1.03933    0.00000   -3.37761   -1.03943   -2.20416
          2      58800 3469.86518   -1.03721    0.00000   -1.03932    0.00000   -3.37761   -1.03943   -2.20416
          2      58900 3475.73709   -1.03721    0.00000   -1.03938    0.00000   -3.37761   -1.03943   -2.20416
          2      59000 3481.71059   -1.03721    0.00000   -1.03938    0.00000   -3.37761   -1.03943   -2.20416
          2      59100 3487.54602   -1.03721    0.00000   -1.03936    0.00000   -3.37761   -1.03943   -2.20416
          2      59200 3493.19010   -1.03721    0.00000   -1.03935    0.00000   -3.37761   -1.03943   -2.20416
          2      59300 3499.54282   -1.03721    0.00000   -1.03928    0.00000   -3.37761   -1.03943   -2.20416
          2      59400 3505.22669   -1.03722    0.00000   -1.03938    0.00000   -3.37761   -1.03943   -2.20416
          2      59500 3511.22976   -1.03722    0.00000   -1.03933    0.00000   -3.37761   -1.03943   -2.20416
          2      59600 3517.48054   -1.03722    0.00000   -1.03930    0.00000   -3.37761   -1.03943   -2.20416
          2      59700 3523.26754   -1.03722    0.00000   -1.03930    0.00000   -3.37761   -1.03943   -2.20416
          2      59800 3529.46885   -1.03722    0.00000   -1.03938    0.00000   -3.37761   -1.03943   -2.20416
          2      59900 3535.05302   -1.03723    0.00000   -1.03934    0.00000   -3.37761   -1.03943   -2.20416
          2      60000 3541.38064   -1.03723    0.00000   -1.03935    0.00000   -3.37761   -1.03943   -2.20416
          2      60100 3547.79364   -1.03723    0.00000   -1.03929    0.00000   -3.37761   -1.03943   -2.20416
          2      60200 3553.37007   -1.03723    0.00000   -1.03935    0.00000   -3.37761   -1.03943   -2.20416
          2      60300 3559.48117   -1.03723    0.00000   -1.03934    0.00000   -3.37761   -1.03943   -2.20416
          2      60400 3565.88469   -1.03724    0.00000   -1.03936    0.00000   -3.37761   -1.03943   -2.20416
          2      60500 3571.81252   -1.03724    0.00000   -1.03933    0.00000   -3.37761   -1.03943   -2.20416
          2      60600 3577.58492   -1.03724    0.00000   -1.03928    0.00000   -3.37761   -1.03943   -2.20416
          2      60700 3583.61196   -1.03724    0.00000   -1.03937    0.00000   -3.37761   -1.03943   -2.20416
          2      60800 3589.26210   -1.03724    0.00000   -1.03933    0.00000   -3.37761   -1.03943   -2.20416
          2      60900 3595.61999   -1.03724    0.00000   -1.03937    0.00000   -3.37761   -1.03943   -2.20416
          2      60975 3600.08541   -1.03725    0.00000   -1.03934    0.00000   -3.37761   -1.03943   -2.20416
