          1          0    0.00000   -0.59846    0.00000   -0.59846    0.00000   -4.42752    4.42752    0.00000
          1          1    0.03614   -0.53198    0.00000   -0.49651    0.00000   -4.42752   -0.53198    0.00000
          2          0    0.03614   -0.19682    0.00000   -0.49651    0.00000   -4.42752   -0.53198   -2.47975
          2        100    1.67404   -0.60889    0.00000   -0.62180    0.00000   -4.42752   -0.53198   -2.47975
          2        200    3.46086   -0.61515    0.00000   -0.62359    0.00000   -4.42752   -0.53198   -2.47975
          2        300    5.52323   -0.61747    0.00000   -0.62527    0.00000   -4.42752   -0.53198   -2.47975
          2        400    6.77209   -0.61873    0.00000   -0.62528    0.00000   -4.42752   -0.53198   -2.47975
          2        500    8.28374   -0.61955    0.00000   -0.62528    0.00000   -4.42752   -0.53198   -2.47975
          2        600    9.62501   -0.62013    0.00000   -0.62528    0.00000   -4.42752   -0.53198   -2.47975
          2        700   10.76942   -0.62057    0.00000   -0.62528    0.00000   -4.42752   -0.53198   -2.47975
          2        800   12.49657   -0.62092    0.00000   -0.62528    0.00000   -4.42752   -0.53198   -2.47975
          2        900   13.87940   -0.62120    0.00000   -0.62528    0.00000   -4.42752   -0.53198   -2.47975
          2       1000   15.58321   -0.62144    0.00000   -0.62528    0.00000   -4.42752   -0.53198   -2.47975
          2       1100   17.70202   -0.62164    0.00000   -0.62528    0.00000   -4.42752   -0.53198   -2.47975
          2       1200   19.00267   -0.62181    0.00000   -0.62528    0.00000   -4.42752   -0.53198   -2.47975
          2       1300   20.19182   -0.62196    0.00000   -0.62528    0.00000   -4.42752   -0.53198   -2.47975
          2       1400   21.29655   -0.62209    0.00000   -0.62528    0.00000   -4.42752   -0.53198   -2.47975
          2       1500   23.10906   -0.62221    0.00000   -0.62528    0.00000   -4.42752   -0.53198   -2.47975
          2       1600   24.80401   -0.62232    0.00000   -0.62528    0.00000   -4.42752   -0.53198   -2.47975
          2       1700   26.07220   -0.62242    0.00000   -0.62528    0.00000   -4.42752   -0.53198   -2.47975
          2       1800   27.49190   -0.62250    0.00000   -0.62528    0.00000   -4.42752   -0.53198   -2.47975
          2       1900   28.90003   -0.62258    0.00000   -0.62528    0.00000   -4.42752   -0.53198   -2.47975
          2       2000   31.15427   -0.62266    0.00000   -0.62528    0.00000   -4.42752   -0.53198   -2.47975
          2       2100   32.95850   -0.62273    0.00000   -0.62528    0.00000   -4.42752   -0.53198   -2.47975
          2       2200   34.77395   -0.62279    0.00000   -0.62528    0.00000   -4.42752   -0.53198   -2.47975
          2       2300   36.46858   -0.62285    0.00000   -0.62528    0.00000   -4.42752   -0.53198   -2.47975
          2       2400   38.57098   -0.62291    0.00000   -0.62528    0.00000   -4.42752   -0.53198   -2.47975
          2       2500   40.44426   -0.62296    0.00000   -0.62528    0.00000   -4.42752   -0.53198   -2.47975
          2       2600   42.39829   -0.62301    0.00000   -0.62528    0.00000   -4.42752   -0.53198   -2.47975
          2       2700   43.62718   -0.62305    0.00000   -0.62528    0.00000   -4.42752   -0.53198   -2.47975
          2       2800   44.73112   -0.62309    0.00000   -0.62528    0.00000   -4.42752   -0.53198   -2.47975
          2       2900   46.21109   -0.62313    0.00000   -0.62528    0.00000   -4.42752   -0.53198   -2.47975
          2       3000   47.96216   -0.62317    0.00000   -0.62528    0.00000   -4.42752   -0.53198   -2.47975
          2       3100   49.12591   -0.62321    0.00000   -0.62528    0.00000   -4.42752   -0.53198   -2.47975
          2       3200   50.95839   -0.62324    0.00000   -0.62528    0.00000   -4.42752   -0.53198   -2.47975
          2       3300   52.28510   -0.62328    0.00000   -0.62528    0.00000   -4.42752   -0.53198   -2.47975
          2       3400   54.38830   -0.62331    0.00000   -0.62528    0.00000   -4.42752   -0.53198   -2.47975
          2       3500   55.70399   -0.62334    0.00000   -0.62528    0.00000   -4.42752   -0.53198   -2.47975
          2       3600   57.79438   -0.62337    0.00000   -0.62528    0.00000   -4.42752   -0.53198   -2.47975
          2       3700   59.18068   -0.62340    0.00000   -0.62528    0.00000   -4.42752   -0.53198   -2.47975
          2       3800   60.76121   -0.62342    0.00000   -0.62528    0.00000   -4.42752   -0.53198   -2.47975
          2       3900   62.47609   -0.62345    0.00000   -0.62528    0.00000   -4.42752   -0.53198   -2.47975
          2       4000   64.31579   -0.62347    0.00000   -0.62528    0.00000   -4.42752   -0.53198   -2.47975
          2       4100   65.65537   -0.62350    0.00000   -0.62528    0.00000   -4.42752   -0.53198   -2.47975
          2       4200   67.12881   -0.62352    0.00000   -0.62528    0.00000   -4.42752   -0.53198   -2.47975
          2       4300   68.60947   -0.62354    0.00000   -0.62528    0.00000   -4.42752   -0.53198   -2.47975
          2       4400   70.52393   -0.62356    0.00000   -0.62528    0.00000   -4.42752   -0.53198   -2.47975
          2       4500   72.32482   -0.62358    0.00000   -0.62528    0.00000   -4.42752   -0.53198   -2.47975
          2       4600   73.13984   -0.62360    0.00000   -0.62528    0.00000   -4.42752   -0.53198   -2.47975
          2       4700   74.96443   -0.62362    0.00000   -0.62528    0.00000   -4.42752   -0.53198   -2.47975
          2       4800   76.80852   -0.62364    0.00000   -0.62528    0.00000   -4.42752   -0.53198   -2.47975
          2       4900   77.24480   -0.62366    0.00000   -0.62528    0.00000   -4.42752   -0.53198   -2.47975
          2       5000   78.72149   -0.62367    0.00000   -0.62528    0.00000   -4.42752   -0.53198   -2.47975
          2       5100   80.72303   -0.62369    0.00000   -0.62528    0.00000   -4.42752   -0.53198   -2.47975
          2       5200   82.46246   -0.62371    0.00000   -0.62528    0.00000   -4.42752   -0.53198   -2.47975
          2       5300   83.67205   -0.62372    0.00000   -0.62528    0.00000   -4.42752   -0.53198   -2.47975
          2       5400   85.28882   -0.62374    0.00000   -0.62528    0.00000   -4.42752   -0.53198   -2.47975
          2       5500   87.07157   -0.62375    0.00000   -0.62528    0.00000   -4.42752   -0.53198   -2.47975
          2       5600   89.00901   -0.62377    0.00000   -0.62528    0.00000   -4.42752   -0.53198   -2.47975
          2       5700   90.45519   -0.62378    0.00000   -0.62528    0.00000   -4.42752   -0.53198   -2.47975
          2       5800   92.07938   -0.62379    0.00000   -0.62528    0.00000   -4.42752   -0.53198   -2.47975
          2       5900   93.52081   -0.62381    0.00000   -0.62528    0.00000   -4.42752   -0.53198   -2.47975
          2       6000   95.75074   -0.62382    0.00000   -0.62528    0.00000   -4.42752   -0.53198   -2.47975
          2       6100   97.21103   -0.62383    0.00000   -0.62528    0.00000   -4.42752   -0.53198   -2.47975
          2       6200   98.60194   -0.62385    0.00000   -0.62528    0.00000   -4.42752   -0.53198   -2.47975
          2       6300  100.12400   -0.62386    0.00000   -0.62528    0.00000   -4.42752   -0.53198   -2.47975
          2       6400  101.29440   -0.62387    0.00000   -0.62528    0.00000   -4.42752   -0.53198   -2.47975
          2       6500  103.52684   -0.62388    0.00000   -0.62528    0.00000   -4.42752   -0.53198   -2.47975
          2       6600  105.10316   -0.62389    0.00000   -0.62528    0.00000   -4.42752   -0.53198   -2.47975
          2       6700  106.34412   -0.62390    0.00000   -0.62528    0.00000   -4.42752   -0.53198   -2.47975
          2       6800  107.85001   -0.62391    0.00000   -0.62528    0.00000   -4.42752   -0.53198   -2.47975
          2       6900  110.09262   -0.62392    0.00000   -0.62528    0.00000   -4.42752   -0.53198   -2.47975
          2       7000  111.63865   -0.62393    0.00000   -0.62528    0.00000   -4.42752   -0.53198   -2.47975
          2       7100  113.18054   -0.62394    0.00000   -0.62528    0.00000   -4.42752   -0.53198   -2.47975
          2       7200  115.16469   -0.62395    0.00000   -0.62528    0.00000   -4.42752   -0.53198   -2.47975
          2       7300  116.71319   -0.62396    0.00000   -0.62528    0.00000   -4.42752   -0.53198   -2.47975
          2       7400  117.22787   -0.62397    0.00000   -0.62528    0.00000   -4.42752   -0.53198   -2.47975
          2       7500  119.28457   -0.62398    0.00000   -0.62528    0.00000   -4.42752   -0.53198   -2.47975
          2       7600  121.23614   -0.62399    0.00000   -0.62528    0.00000   -4.42752   -0.53198   -2.47975
          2       7700  122.76007   -0.62400    0.00000   -0.62528    0.00000   -4.42752   -0.53198   -2.47975
          2       7800  124.69056   -0.62401    0.00000   -0.62528    0.00000   -4.42752   -0.53198   -2.47975
          2       7900  126.48144   -0.62402    0.00000   -0.62528    0.00000   -4.42752   -0.53198   -2.47975
          2       8000  127.77560   -0.62403    0.00000   -0.62528    0.00000   -4.42752   -0.53198   -2.47975
          2       8100  129.72219   -0.62403    0.00000   -0.62528    0.00000   -4.42752   -0.53198   -2.47975
          2       8200  131.16859   -0.62404    0.00000   -0.62528    0.00000   -4.42752   -0.53198   -2.47975
          2       8300  133.37364   -0.62405    0.00000   -0.62528    0.00000   -4.42752   -0.53198   -2.47975
          2       8400  134.81209   -0.62406    0.00000   -0.62528    0.00000   -4.42752   -0.53198   -2.47975
          2       8500  136.72619   -0.62406    0.00000   -0.62528    0.00000   -4.42752   -0.53198   -2.47975
          2       8600  138.15401   -0.62407    0.00000   -0.62528    0.00000   -4.42752   -0.53198   -2.47975
          2       8700  140.73119   -0.62408    0.00000   -0.62528    0.00000   -4.42752   -0.53198   -2.47975
          2       8800  142.22184   -0.62409    0.00000   -0.62528    0.00000   -4.42752   -0.53198   -2.47975
          2       8900  143.86801   -0.62409    0.00000   -0.62528    0.00000   -4.42752   -0.53198   -2.47975
          2       9000  145.29691   -0.62410    0.00000   -0.62528    0.00000   -4.42752   -0.53198   -2.47975
          2       9100  147.11929   -0.62411    0.00000   -0.62528    0.00000   -4.42752   -0.53198   -2.47975
          2       9200  148.40774   -0.62411    0.00000   -0.62528    0.00000   -4.42752   -0.53198   -2.47975
          2       9300  149.90539   -0.62412    0.00000   -0.62528    0.00000   -4.42752   -0.53198   -2.47975
          2       9400  151.40063   -0.62413    0.00000   -0.62528    0.00000   -4.42752   -0.53198   -2.47975
          2       9500  152.67632   -0.62413    0.00000   -0.62528    0.00000   -4.42752   -0.53198   -2.47975
          2       9600  154.39429   -0.62414    0.00000   -0.62528    0.00000   -4.42752   -0.53198   -2.47975
          2       9700  156.07119   -0.62415    0.00000   -0.62528    0.00000   -4.42752   -0.53198   -2.47975
          2       9800  157.98249   -0.62415    0.00000   -0.62528    0.00000   -4.42752   -0.53198   -2.47975
          2       9900  159.83285   -0.62416    0.00000   -0.62528    0.00000   -4.42752   -0.53198   -2.47975
          2      10000  161.32523   -0.62416    0.00000   -0.62528    0.00000   -4.42752   -0.53198   -2.47975
          2      10100  161.94948   -0.62417    0.00000   -0.62528    0.00000   -4.42752   -0.53198   -2.47975
          2      10200  163.75574   -0.62417    0.00000   -0.62528    0.00000   -4.42752   -0.53198   -2.47975
          2      10300  165.22233   -0.62418    0.00000   -0.62528    0.00000   -4.42752   -0.53198   -2.47975
          2      10400  167.15243   -0.62419    0.00000   -0.62528    0.00000   -4.42752   -0.53198   -2.47975
          2      10500  168.63676   -0.62419    0.00000   -0.62528    0.00000   -4.42752   -0.53198   -2.47975
          2      10600  170.29652   -0.62420    0.00000   -0.62528    0.00000   -4.42752   -0.53198   -2.47975
          2      10700  172.19229   -0.62420    0.00000   -0.62528    0.00000   -4.42752   -0.53198   -2.47975
          2      10800  173.73203   -0.62421    0.00000   -0.62528    0.00000   -4.42752   -0.53198   -2.47975
          2      10900  175.30492   -0.62421    0.00000   -0.62528    0.00000   -4.42752   -0.53198   -2.47975
          2      11000  177.34198   -0.62422    0.00000   -0.62528    0.00000   -4.42752   -0.53198   -2.47975
          2      11100  179.68691   -0.62422    0.00000   -0.62528    0.00000   -4.42752   -0.53198   -2.47975
          2      11200  181.05961   -0.62423    0.00000   -0.62528    0.00000   -4.42752   -0.53198   -2.47975
          2      11300  182.31583   -0.62423    0.00000   -0.62528    0.00000   -4.42752   -0.53198   -2.47975
          2      11400  184.21702   -0.62424    0.00000   -0.62528    0.00000   -4.42752   -0.53198   -2.47975
          2      11500  185.27673   -0.62424    0.00000   -0.62528    0.00000   -4.42752   -0.53198   -2.47975
          2      11600  186.15121   -0.62425    0.00000   -0.62528    0.00000   -4.42752   -0.53198   -2.47975
          2      11700  187.64858   -0.62425    0.00000   -0.62528    0.00000   -4.42752   -0.53198   -2.47975
          2      11800  189.44097   -0.62426    0.00000   -0.62528    0.00000   -4.42752   -0.53198   -2.47975
          2      11900  190.64686   -0.62426    0.00000   -0.62528    0.00000   -4.42752   -0.53198   -2.47975
          2      12000  192.25024   -0.62426    0.00000   -0.62528    0.00000   -4.42752   -0.53198   -2.47975
          2      12100  193.44433   -0.62427    0.00000   -0.62528    0.00000   -4.42752   -0.53198   -2.47975
          2      12200  194.98235   -0.62427    0.00000   -0.62528    0.00000   -4.42752   -0.53198   -2.47975
          2      12300  196.84087   -0.62428    0.00000   -0.62528    0.00000   -4.42752   -0.53198   -2.47975
          2      12400  198.15354   -0.62428    0.00000   -0.62528    0.00000   -4.42752   -0.53198   -2.47975
          2      12500  199.84684   -0.62429    0.00000   -0.62528    0.00000   -4.42752   -0.53198   -2.47975
          2      12600  201.43022   -0.62429    0.00000   -0.62528    0.00000   -4.42752   -0.53198   -2.47975
          2      12700  202.83707   -0.62429    0.00000   -0.62528    0.00000   -4.42752   -0.53198   -2.47975
          2      12800  204.84519   -0.62430    0.00000   -0.62528    0.00000   -4.42752   -0.53198   -2.47975
          2      12900  205.57645   -0.62430    0.00000   -0.62528    0.00000   -4.42752   -0.53198   -2.47975
          2      13000  207.32112   -0.62431    0.00000   -0.62528    0.00000   -4.42752   -0.53198   -2.47975
          2      13100  209.12343   -0.62431    0.00000   -0.62528    0.00000   -4.42752   -0.53198   -2.47975
          2      13200  210.68824   -0.62431    0.00000   -0.62528    0.00000   -4.42752   -0.53198   -2.47975
          2      13300  212.86480   -0.62432    0.00000   -0.62528    0.00000   -4.42752   -0.53198   -2.47975
          2      13400  214.06744   -0.62432    0.00000   -0.62528    0.00000   -4.42752   -0.53198   -2.47975
          2      13500  215.38057   -0.62432    0.00000   -0.62528    0.00000   -4.42752   -0.53198   -2.47975
          2      13600  217.46298   -0.62433    0.00000   -0.62528    0.00000   -4.42752   -0.53198   -2.47975
          2      13700  219.13990   -0.62433    0.00000   -0.62528    0.00000   -4.42752   -0.53198   -2.47975
          2      13800  220.60461   -0.62433    0.00000   -0.62528    0.00000   -4.42752   -0.53198   -2.47975
          2      13900  222.09532   -0.62434    0.00000   -0.62528    0.00000   -4.42752   -0.53198   -2.47975
          2      14000  223.95778   -0.62434    0.00000   -0.62528    0.00000   -4.42752   -0.53198   -2.47975
          2      14100  226.18357   -0.62435    0.00000   -0.62528    0.00000   -4.42752   -0.53198   -2.47975
          2      14200  227.93039   -0.62435    0.00000   -0.62528    0.00000   -4.42752   -0.53198   -2.47975
          2      14300  229.78568   -0.62435    0.00000   -0.62528    0.00000   -4.42752   -0.53198   -2.47975
          2      14400  231.79499   -0.62436    0.00000   -0.62528    0.00000   -4.42752   -0.53198   -2.47975
          2      14500  233.31046   -0.62436    0.00000   -0.62528    0.00000   -4.42752   -0.53198   -2.47975
          2      14600  235.46922   -0.62436    0.00000   -0.62528    0.00000   -4.42752   -0.53198   -2.47975
          2      14700  236.78957   -0.62437    0.00000   -0.62528    0.00000   -4.42752   -0.53198   -2.47975
          2      14800  238.36084   -0.62437    0.00000   -0.62528    0.00000   -4.42752   -0.53198   -2.47975
          2      14900  240.07475   -0.62437    0.00000   -0.62528    0.00000   -4.42752   -0.53198   -2.47975
          2      15000  241.49296   -0.62437    0.00000   -0.62528    0.00000   -4.42752   -0.53198   -2.47975
          2      15100  243.28247   -0.62438    0.00000   -0.62528    0.00000   -4.42752   -0.53198   -2.47975
          2      15200  243.95980   -0.62438    0.00000   -0.62528    0.00000   -4.42752   -0.53198   -2.47975
          2      15300  245.61736   -0.62438    0.00000   -0.62528    0.00000   -4.42752   -0.53198   -2.47975
          2      15400  247.06771   -0.62439    0.00000   -0.62528    0.00000   -4.42752   -0.53198   -2.47975
          2      15500  248.45471   -0.62439    0.00000   -0.62528    0.00000   -4.42752   -0.53198   -2.47975
          2      15600  250.35470   -0.62439    0.00000   -0.62528    0.00000   -4.42752   -0.53198   -2.47975
          2      15700  252.28376   -0.62440    0.00000   -0.62528    0.00000   -4.42752   -0.53198   -2.47975
          2      15800  254.15023   -0.62440    0.00000   -0.62528    0.00000   -4.42752   -0.53198   -2.47975
          2      15900  256.08950   -0.62440    0.00000   -0.62528    0.00000   -4.42752   -0.53198   -2.47975
          2      16000  257.98346   -0.62440    0.00000   -0.62528    0.00000   -4.42752   -0.53198   -2.47975
          2      16100  260.05332   -0.62441    0.00000   -0.62528    0.00000   -4.42752   -0.53198   -2.47975
          2      16200  261.76448   -0.62441    0.00000   -0.62528    0.00000   -4.42752   -0.53198   -2.47975
          2      16300  263.53671   -0.62441    0.00000   -0.62528    0.00000   -4.42752   -0.53198   -2.47975
          2      16400  264.94230   -0.62442    0.00000   -0.62528    0.00000   -4.42752   -0.53198   -2.47975
          2      16500  267.92913   -0.62442    0.00000   -0.62528    0.00000   -4.42752   -0.53198   -2.47975
          2      16600  269.39705   -0.62442    0.00000   -0.62528    0.00000   -4.42752   -0.53198   -2.47975
          2      16700  270.76682   -0.62442    0.00000   -0.62528    0.00000   -4.42752   -0.53198   -2.47975
          2      16800  272.00919   -0.62443    0.00000   -0.62528    0.00000   -4.42752   -0.53198   -2.47975
          2      16900  273.60317   -0.62443    0.00000   -0.62528    0.00000   -4.42752   -0.53198   -2.47975
          2      17000  275.09529   -0.62443    0.00000   -0.62528    0.00000   -4.42752   -0.53198   -2.47975
          2      17100  276.56410   -0.62443    0.00000   -0.62528    0.00000   -4.42752   -0.53198   -2.47975
          2      17200  277.84136   -0.62444    0.00000   -0.62528    0.00000   -4.42752   -0.53198   -2.47975
          2      17300  278.86156   -0.62444    0.00000   -0.62528    0.00000   -4.42752   -0.53198   -2.47975
          2      17400  280.67454   -0.62444    0.00000   -0.62528    0.00000   -4.42752   -0.53198   -2.47975
          2      17500  282.42572   -0.62444    0.00000   -0.62528    0.00000   -4.42752   -0.53198   -2.47975
          2      17600  284.11660   -0.62445    0.00000   -0.62528    0.00000   -4.42752   -0.53198   -2.47975
          2      17700  286.12628   -0.62445    0.00000   -0.62528    0.00000   -4.42752   -0.53198   -2.47975
          2      17800  287.48891   -0.62445    0.00000   -0.62528    0.00000   -4.42752   -0.53198   -2.47975
          2      17900  289.38602   -0.62445    0.00000   -0.62528    0.00000   -4.42752   -0.53198   -2.47975
          2      18000  290.68590   -0.62446    0.00000   -0.62528    0.00000   -4.42752   -0.53198   -2.47975
          2      18100  292.38567   -0.62446    0.00000   -0.62528    0.00000   -4.42752   -0.53198   -2.47975
          2      18200  293.92491   -0.62446    0.00000   -0.62528    0.00000   -4.42752   -0.53198   -2.47975
          2      18300  295.75887   -0.62446    0.00000   -0.62528    0.00000   -4.42752   -0.53198   -2.47975
          2      18400  297.26943   -0.62447    0.00000   -0.62528    0.00000   -4.42752   -0.53198   -2.47975
          2      18500  299.26318   -0.62447    0.00000   -0.62528    0.00000   -4.42752   -0.53198   -2.47975
          2      18600  300.32085   -0.62447    0.00000   -0.62528    0.00000   -4.42752   -0.53198   -2.47975
          2      18700  302.70534   -0.62447    0.00000   -0.62528    0.00000   -4.42752   -0.53198   -2.47975
          2      18800  303.91547   -0.62447    0.00000   -0.62528    0.00000   -4.42752   -0.53198   -2.47975
          2      18900  305.22622   -0.62448    0.00000   -0.62528    0.00000   -4.42752   -0.53198   -2.47975
          2      19000  306.32382   -0.62448    0.00000   -0.62528    0.00000   -4.42752   -0.53198   -2.47975
          2      19100  308.34165   -0.62448    0.00000   -0.62528    0.00000   -4.42752   -0.53198   -2.47975
          2      19200  309.88362   -0.62448    0.00000   -0.62528    0.00000   -4.42752   -0.53198   -2.47975
          2      19300  311.40535   -0.62449    0.00000   -0.62528    0.00000   -4.42752   -0.53198   -2.47975
          2      19400  312.95483   -0.62449    0.00000   -0.62528    0.00000   -4.42752   -0.53198   -2.47975
          2      19500  314.58792   -0.62449    0.00000   -0.62528    0.00000   -4.42752   -0.53198   -2.47975
          2      19600  316.28215   -0.62449    0.00000   -0.62528    0.00000   -4.42752   -0.53198   -2.47975
          2      19700  318.12278   -0.62449    0.00000   -0.62528    0.00000   -4.42752   -0.53198   -2.47975
          2      19800  319.52325   -0.62450    0.00000   -0.62528    0.00000   -4.42752   -0.53198   -2.47975
          2      19900  320.82796   -0.62450    0.00000   -0.62528    0.00000   -4.42752   -0.53198   -2.47975
          2      20000  322.39142   -0.62450    0.00000   -0.62528    0.00000   -4.42752   -0.53198   -2.47975
          2      20100  324.17349   -0.62450    0.00000   -0.62528    0.00000   -4.42752   -0.53198   -2.47975
          2      20200  325.40959   -0.62450    0.00000   -0.62528    0.00000   -4.42752   -0.53198   -2.47975
          2      20300  327.12222   -0.62451    0.00000   -0.62528    0.00000   -4.42752   -0.53198   -2.47975
          2      20400  328.77465   -0.62451    0.00000   -0.62528    0.00000   -4.42752   -0.53198   -2.47975
          2      20500  330.05262   -0.62451    0.00000   -0.62528    0.00000   -4.42752   -0.53198   -2.47975
          2      20600  331.86289   -0.62451    0.00000   -0.62528    0.00000   -4.42752   -0.53198   -2.47975
          2      20700  334.03950   -0.62451    0.00000   -0.62528    0.00000   -4.42752   -0.53198   -2.47975
          2      20800  335.91876   -0.62452    0.00000   -0.62528    0.00000   -4.42752   -0.53198   -2.47975
          2      20900  337.30357   -0.62452    0.00000   -0.62528    0.00000   -4.42752   -0.53198   -2.47975
          2      21000  339.05489   -0.62452    0.00000   -0.62528    0.00000   -4.42752   -0.53198   -2.47975
          2      21100  340.37306   -0.62452    0.00000   -0.62528    0.00000   -4.42752   -0.53198   -2.47975
          2      21200  341.72280   -0.62452    0.00000   -0.62528    0.00000   -4.42752   -0.53198   -2.47975
          2      21300  343.81375   -0.62452    0.00000   -0.62528    0.00000   -4.42752   -0.53198   -2.47975
          2      21400  345.32360   -0.62453    0.00000   -0.62528    0.00000   -4.42752   -0.53198   -2.47975
          2      21500  346.43787   -0.62453    0.00000   -0.62528    0.00000   -4.42752   -0.53198   -2.47975
          2      21600  347.81083   -0.62453    0.00000   -0.62528    0.00000   -4.42752   -0.53198   -2.47975
          2      21700  349.25051   -0.62453    0.00000   -0.62528    0.00000   -4.42752   -0.53198   -2.47975
          2      21800  350.94818   -0.62453    0.00000   -0.62528    0.00000   -4.42752   -0.53198   -2.47975
          2      21900  352.30358   -0.62454    0.00000   -0.62528    0.00000   -4.42752   -0.53198   -2.47975
          2      22000  353.67941   -0.62454    0.00000   -0.62528    0.00000   -4.42752   -0.53198   -2.47975
          2      22100  355.23048   -0.62454    0.00000   -0.62528    0.00000   -4.42752   -0.53198   -2.47975
          2      22200  357.06631   -0.62454    0.00000   -0.62528    0.00000   -4.42752   -0.53198   -2.47975
          2      22300  358.64497   -0.62454    0.00000   -0.62528    0.00000   -4.42752   -0.53198   -2.47975
          2      22400  359.88411   -0.62454    0.00000   -0.62528    0.00000   -4.42752   -0.53198   -2.47975
          2      22500  361.13981   -0.62455    0.00000   -0.62528    0.00000   -4.42752   -0.53198   -2.47975
          2      22600  362.83974   -0.62455    0.00000   -0.62528    0.00000   -4.42752   -0.53198   -2.47975
          2      22700  364.31910   -0.62455    0.00000   -0.62528    0.00000   -4.42752   -0.53198   -2.47975
          2      22800  366.84353   -0.62455    0.00000   -0.62528    0.00000   -4.42752   -0.53198   -2.47975
          2      22900  368.08201   -0.62455    0.00000   -0.62528    0.00000   -4.42752   -0.53198   -2.47975
          2      23000  370.15153   -0.62455    0.00000   -0.62528    0.00000   -4.42752   -0.53198   -2.47975
          2      23100  371.02071   -0.62456    0.00000   -0.62528    0.00000   -4.42752   -0.53198   -2.47975
          2      23200  372.76324   -0.62456    0.00000   -0.62528    0.00000   -4.42752   -0.53198   -2.47975
          2      23300  374.17100   -0.62456    0.00000   -0.62528    0.00000   -4.42752   -0.53198   -2.47975
          2      23400  375.75449   -0.62456    0.00000   -0.62528    0.00000   -4.42752   -0.53198   -2.47975
          2      23500  377.04101   -0.62456    0.00000   -0.62528    0.00000   -4.42752   -0.53198   -2.47975
          2      23600  378.72808   -0.62456    0.00000   -0.62528    0.00000   -4.42752   -0.53198   -2.47975
          2      23700  380.73020   -0.62457    0.00000   -0.62528    0.00000   -4.42752   -0.53198   -2.47975
          2      23800  381.96150   -0.62457    0.00000   -0.62528    0.00000   -4.42752   -0.53198   -2.47975
          2      23900  383.26090   -0.62457    0.00000   -0.62528    0.00000   -4.42752   -0.53198   -2.47975
          2      24000  384.91582   -0.62457    0.00000   -0.62528    0.00000   -4.42752   -0.53198   -2.47975
          2      24100  386.51231   -0.62457    0.00000   -0.62528    0.00000   -4.42752   -0.53198   -2.47975
          2      24200  387.85855   -0.62457    0.00000   -0.62528    0.00000   -4.42752   -0.53198   -2.47975
          2      24300  389.03772   -0.62457    0.00000   -0.62528    0.00000   -4.42752   -0.53198   -2.47975
          2      24400  390.98696   -0.62458    0.00000   -0.62528    0.00000   -4.42752   -0.53198   -2.47975
          2      24500  392.70159   -0.62458    0.00000   -0.62528    0.00000   -4.42752   -0.53198   -2.47975
          2      24600  394.14948   -0.62458    0.00000   -0.62528    0.00000   -4.42752   -0.53198   -2.47975
          2      24700  394.76210   -0.62458    0.00000   -0.62528    0.00000   -4.42752   -0.53198   -2.47975
          2      24800  396.41540   -0.62458    0.00000   -0.62528    0.00000   -4.42752   -0.53198   -2.47975
          2      24900  398.43105   -0.62458    0.00000   -0.62528    0.00000   -4.42752   -0.53198   -2.47975
          2      25000  399.95686   -0.62458    0.00000   -0.62528    0.00000   -4.42752   -0.53198   -2.47975
          2      25100  401.62745   -0.62459    0.00000   -0.62528    0.00000   -4.42752   -0.53198   -2.47975
          2      25200  403.46929   -0.62459    0.00000   -0.62528    0.00000   -4.42752   -0.53198   -2.47975
          2      25300  405.14012   -0.62459    0.00000   -0.62528    0.00000   -4.42752   -0.53198   -2.47975
          2      25400  406.41651   -0.62459    0.00000   -0.62528    0.00000   -4.42752   -0.53198   -2.47975
          2      25500  408.18745   -0.62459    0.00000   -0.62528    0.00000   -4.42752   -0.53198   -2.47975
          2      25600  409.00708   -0.62459    0.00000   -0.62528    0.00000   -4.42752   -0.53198   -2.47975
          2      25700  410.95373   -0.62459    0.00000   -0.62528    0.00000   -4.42752   -0.53198   -2.47975
          2      25800  412.30043   -0.62460    0.00000   -0.62528    0.00000   -4.42752   -0.53198   -2.47975
          2      25900  413.53037   -0.62460    0.00000   -0.62528    0.00000   -4.42752   -0.53198   -2.47975
          2      26000  415.18048   -0.62460    0.00000   -0.62528    0.00000   -4.42752   -0.53198   -2.47975
          2      26100  416.34520   -0.62460    0.00000   -0.62528    0.00000   -4.42752   -0.53198   -2.47975
          2      26200  418.09418   -0.62460    0.00000   -0.62528    0.00000   -4.42752   -0.53198   -2.47975
          2      26300  419.27871   -0.62460    0.00000   -0.62528    0.00000   -4.42752   -0.53198   -2.47975
          2      26400  420.41007   -0.62460    0.00000   -0.62528    0.00000   -4.42752   -0.53198   -2.47975
          2      26500  421.76888   -0.62461    0.00000   -0.62528    0.00000   -4.42752   -0.53198   -2.47975
          2      26600  423.40716   -0.62461    0.00000   -0.62528    0.00000   -4.42752   -0.53198   -2.47975
          2      26700  425.09570   -0.62461    0.00000   -0.62528    0.00000   -4.42752   -0.53198   -2.47975
          2      26800  426.80577   -0.62461    0.00000   -0.62528    0.00000   -4.42752   -0.53198   -2.47975
          2      26900  427.47411   -0.62461    0.00000   -0.62528    0.00000   -4.42752   -0.53198   -2.47975
          2      27000  429.43837   -0.62461    0.00000   -0.62528    0.00000   -4.42752   -0.53198   -2.47975
          2      27100  430.81967   -0.62461    0.00000   -0.62528    0.00000   -4.42752   -0.53198   -2.47975
          2      27200  432.32786   -0.62461    0.00000   -0.62528    0.00000   -4.42752   -0.53198   -2.47975
          2      27300  433.60056   -0.62462    0.00000   -0.62528    0.00000   -4.42752   -0.53198   -2.47975
          2      27400  434.90517   -0.62462    0.00000   -0.62528    0.00000   -4.42752   -0.53198   -2.47975
          2      27500  436.88556   -0.62462    0.00000   -0.62528    0.00000   -4.42752   -0.53198   -2.47975
          2      27600  439.06138   -0.62462    0.00000   -0.62528    0.00000   -4.42752   -0.53198   -2.47975
          2      27700  440.67311   -0.62462    0.00000   -0.62528    0.00000   -4.42752   -0.53198   -2.47975
          2      27800  442.26959   -0.62462    0.00000   -0.62528    0.00000   -4.42752   -0.53198   -2.47975
          2      27900  444.04348   -0.62462    0.00000   -0.62528    0.00000   -4.42752   -0.53198   -2.47975
          2      28000  445.32634   -0.62462    0.00000   -0.62528    0.00000   -4.42752   -0.53198   -2.47975
          2      28100  447.03953   -0.62463    0.00000   -0.62528    0.00000   -4.42752   -0.53198   -2.47975
          2      28200  449.18871   -0.62463    0.00000   -0.62528    0.00000   -4.42752   -0.53198   -2.47975
          2      28300  451.08657   -0.62463    0.00000   -0.62528    0.00000   -4.42752   -0.53198   -2.47975
          2      28400  452.87822   -0.62463    0.00000   -0.62528    0.00000   -4.42752   -0.53198   -2.47975
          2      28500  454.66449   -0.62463    0.00000   -0.62528    0.00000   -4.42752   -0.53198   -2.47975
          2      28600  456.27999   -0.62463    0.00000   -0.62528    0.00000   -4.42752   -0.53198   -2.47975
          2      28700  458.50656   -0.62463    0.00000   -0.62528    0.00000   -4.42752   -0.53198   -2.47975
          2      28800  460.72336   -0.62463    0.00000   -0.62528    0.00000   -4.42752   -0.53198   -2.47975
          2      28900  462.11012   -0.62463    0.00000   -0.62528    0.00000   -4.42752   -0.53198   -2.47975
          2      29000  463.95723   -0.62464    0.00000   -0.62528    0.00000   -4.42752   -0.53198   -2.47975
          2      29100  465.93932   -0.62464    0.00000   -0.62528    0.00000   -4.42752   -0.53198   -2.47975
          2      29200  467.70393   -0.62464    0.00000   -0.62528    0.00000   -4.42752   -0.53198   -2.47975
          2      29300  469.45486   -0.62464    0.00000   -0.62528    0.00000   -4.42752   -0.53198   -2.47975
          2      29400  471.37567   -0.62464    0.00000   -0.62528    0.00000   -4.42752   -0.53198   -2.47975
          2      29500  472.46294   -0.62464    0.00000   -0.62528    0.00000   -4.42752   -0.53198   -2.47975
          2      29600  473.84853   -0.62464    0.00000   -0.62528    0.00000   -4.42752   -0.53198   -2.47975
          2      29700  475.05218   -0.62464    0.00000   -0.62528    0.00000   -4.42752   -0.53198   -2.47975
          2      29800  477.52402   -0.62464    0.00000   -0.62528    0.00000   -4.42752   -0.53198   -2.47975
          2      29900  478.97076   -0.62465    0.00000   -0.62528    0.00000   -4.42752   -0.53198   -2.47975
          2      30000  479.87083   -0.62465    0.00000   -0.62528    0.00000   -4.42752   -0.53198   -2.47975
          2      30100  481.42847   -0.62465    0.00000   -0.62528    0.00000   -4.42752   -0.53198   -2.47975
          2      30200  483.31706   -0.62465    0.00000   -0.62528    0.00000   -4.42752   -0.53198   -2.47975
          2      30300  484.72659   -0.62465    0.00000   -0.62528    0.00000   -4.42752   -0.53198   -2.47975
          2      30400  486.40946   -0.62465    0.00000   -0.62528    0.00000   -4.42752   -0.53198   -2.47975
          2      30500  487.96856   -0.62465    0.00000   -0.62528    0.00000   -4.42752   -0.53198   -2.47975
          2      30600  489.84941   -0.62465    0.00000   -0.62528    0.00000   -4.42752   -0.53198   -2.47975
          2      30700  491.36661   -0.62465    0.00000   -0.62528    0.00000   -4.42752   -0.53198   -2.47975
          2      30800  492.93617   -0.62466    0.00000   -0.62528    0.00000   -4.42752   -0.53198   -2.47975
          2      30900  494.30860   -0.62466    0.00000   -0.62528    0.00000   -4.42752   -0.53198   -2.47975
          2      31000  496.17431   -0.62466    0.00000   -0.62528    0.00000   -4.42752   -0.53198   -2.47975
          2      31100  498.03561   -0.62466    0.00000   -0.62528    0.00000   -4.42752   -0.53198   -2.47975
          2      31200  499.89050   -0.62466    0.00000   -0.62528    0.00000   -4.42752   -0.53198   -2.47975
          2      31300  501.23822   -0.62466    0.00000   -0.62528    0.00000   -4.42752   -0.53198   -2.47975
          2      31400  503.39034   -0.62466    0.00000   -0.62528    0.00000   -4.42752   -0.53198   -2.47975
          2      31500  505.30348   -0.62466    0.00000   -0.62528    0.00000   -4.42752   -0.53198   -2.47975
          2      31600  506.89164   -0.62466    0.00000   -0.62528    0.00000   -4.42752   -0.53198   -2.47975
          2      31700  508.71440   -0.62466    0.00000   -0.62528    0.00000   -4.42752   -0.53198   -2.47975
          2      31800  510.35137   -0.62467    0.00000   -0.62528    0.00000   -4.42752   -0.53198   -2.47975
          2      31900  511.73077   -0.62467    0.00000   -0.62528    0.00000   -4.42752   -0.53198   -2.47975
          2      32000  513.23879   -0.62467    0.00000   -0.62528    0.00000   -4.42752   -0.53198   -2.47975
          2      32100  515.21400   -0.62467    0.00000   -0.62528    0.00000   -4.42752   -0.53198   -2.47975
          2      32200  516.66571   -0.62467    0.00000   -0.62528    0.00000   -4.42752   -0.53198   -2.47975
          2      32300  518.95919   -0.62467    0.00000   -0.62528    0.00000   -4.42752   -0.53198   -2.47975
          2      32400  520.81991   -0.62467    0.00000   -0.62528    0.00000   -4.42752   -0.53198   -2.47975
          2      32500  522.86630   -0.62467    0.00000   -0.62528    0.00000   -4.42752   -0.53198   -2.47975
          2      32600  524.57144   -0.62467    0.00000   -0.62528    0.00000   -4.42752   -0.53198   -2.47975
          2      32700  526.35660   -0.62467    0.00000   -0.62528    0.00000   -4.42752   -0.53198   -2.47975
          2      32800  527.58189   -0.62468    0.00000   -0.62528    0.00000   -4.42752   -0.53198   -2.47975
          2      32900  529.14568   -0.62468    0.00000   -0.62528    0.00000   -4.42752   -0.53198   -2.47975
          2      33000  531.35324   -0.62468    0.00000   -0.62528    0.00000   -4.42752   -0.53198   -2.47975
          2      33100  533.21632   -0.62468    0.00000   -0.62528    0.00000   -4.42752   -0.53198   -2.47975
          2      33200  535.22831   -0.62468    0.00000   -0.62528    0.00000   -4.42752   -0.53198   -2.47975
          2      33300  536.71379   -0.62468    0.00000   -0.62528    0.00000   -4.42752   -0.53198   -2.47975
          2      33400  538.10946   -0.62468    0.00000   -0.62528    0.00000   -4.42752   -0.53198   -2.47975
          2      33500  540.27806   -0.62468    0.00000   -0.62528    0.00000   -4.42752   -0.53198   -2.47975
          2      33600  541.83674   -0.62468    0.00000   -0.62528    0.00000   -4.42752   -0.53198   -2.47975
          2      33700  543.32175   -0.62468    0.00000   -0.62528    0.00000   -4.42752   -0.53198   -2.47975
          2      33800  545.49982   -0.62468    0.00000   -0.62528    0.00000   -4.42752   -0.53198   -2.47975
          2      33900  547.12708   -0.62469    0.00000   -0.62528    0.00000   -4.42752   -0.53198   -2.47975
          2      34000  548.19874   -0.62469    0.00000   -0.62528    0.00000   -4.42752   -0.53198   -2.47975
          2      34100  549.87225   -0.62469    0.00000   -0.62528    0.00000   -4.42752   -0.53198   -2.47975
          2      34200  551.15600   -0.62469    0.00000   -0.62528    0.00000   -4.42752   -0.53198   -2.47975
          2      34300  552.69371   -0.62469    0.00000   -0.62528    0.00000   -4.42752   -0.53198   -2.47975
          2      34400  554.00523   -0.62469    0.00000   -0.62528    0.00000   -4.42752   -0.53198   -2.47975
          2      34500  555.64081   -0.62469    0.00000   -0.62528    0.00000   -4.42752   -0.53198   -2.47975
          2      34600  557.19928   -0.62469    0.00000   -0.62528    0.00000   -4.42752   -0.53198   -2.47975
          2      34700  558.87543   -0.62469    0.00000   -0.62528    0.00000   -4.42752   -0.53198   -2.47975
          2      34800  560.64290   -0.62469    0.00000   -0.62528    0.00000   -4.42752   -0.53198   -2.47975
          2      34900  562.13735   -0.62469    0.00000   -0.62528    0.00000   -4.42752   -0.53198   -2.47975
          2      35000  564.02737   -0.62470    0.00000   -0.62528    0.00000   -4.42752   -0.53198   -2.47975
          2      35100  565.74612   -0.62470    0.00000   -0.62528    0.00000   -4.42752   -0.53198   -2.47975
          2      35200  567.47731   -0.62470    0.00000   -0.62528    0.00000   -4.42752   -0.53198   -2.47975
          2      35300  568.91326   -0.62470    0.00000   -0.62528    0.00000   -4.42752   -0.53198   -2.47975
          2      35400  570.70206   -0.62470    0.00000   -0.62528    0.00000   -4.42752   -0.53198   -2.47975
          2      35500  571.50899   -0.62470    0.00000   -0.62528    0.00000   -4.42752   -0.53198   -2.47975
          2      35600  573.19303   -0.62470    0.00000   -0.62528    0.00000   -4.42752   -0.53198   -2.47975
          2      35700  574.90188   -0.62470    0.00000   -0.62528    0.00000   -4.42752   -0.53198   -2.47975
          2      35800  576.70485   -0.62470    0.00000   -0.62528    0.00000   -4.42752   -0.53198   -2.47975
          2      35900  578.35666   -0.62470    0.00000   -0.62528    0.00000   -4.42752   -0.53198   -2.47975
          2      36000  579.72306   -0.62470    0.00000   -0.62528    0.00000   -4.42752   -0.53198   -2.47975
          2      36100  582.40135   -0.62470    0.00000   -0.62528    0.00000   -4.42752   -0.53198   -2.47975
          2      36200  584.05465   -0.62471    0.00000   -0.62528    0.00000   -4.42752   -0.53198   -2.47975
          2      36300  585.17978   -0.62471    0.00000   -0.62528    0.00000   -4.42752   -0.53198   -2.47975
          2      36400  586.98289   -0.62471    0.00000   -0.62528    0.00000   -4.42752   -0.53198   -2.47975
          2      36500  588.02274   -0.62471    0.00000   -0.62528    0.00000   -4.42752   -0.53198   -2.47975
          2      36600  590.70272   -0.62471    0.00000   -0.62528    0.00000   -4.42752   -0.53198   -2.47975
          2      36700  592.63220   -0.62471    0.00000   -0.62528    0.00000   -4.42752   -0.53198   -2.47975
          2      36800  593.99462   -0.62471    0.00000   -0.62528    0.00000   -4.42752   -0.53198   -2.47975
          2      36900  595.45746   -0.62471    0.00000   -0.62528    0.00000   -4.42752   -0.53198   -2.47975
          2      37000  596.51038   -0.62471    0.00000   -0.62528    0.00000   -4.42752   -0.53198   -2.47975
          2      37100  597.46164   -0.62471    0.00000   -0.62528    0.00000   -4.42752   -0.53198   -2.47975
          2      37200  598.56067   -0.62471    0.00000   -0.62528    0.00000   -4.42752   -0.53198   -2.47975
          2      37300  599.63645   -0.62471    0.00000   -0.62528    0.00000   -4.42752   -0.53198   -2.47975
          2      37354  600.19217   -0.62471    0.00000   -0.62528    0.00000   -4.42752   -0.53198   -2.47975
