 453251169399934
       3548
 3600.82941
   -1.01192
    0.00000
   -1.01996
    0.00000

    0.01727
    0.05519
    0.00581
    0.04614
   -0.01909
   -0.04073
    0.04316
    0.06287
   -0.06075
   -0.01787
    0.06753
    0.02298
    0.00448
   -0.02220
    0.00059
   -0.02786
   -0.06603
   -0.00582
    0.03598
   -0.02962
   -0.04817
    0.04560
   -0.03665
    0.05962
    0.00270
    0.03932
   -0.06557
   -0.02410
    0.05377
   -0.04864
    0.06130
    0.00784
    0.01811
   -0.06062
    0.03162
   -0.03478
    0.03661
    0.00844
    0.06007
   -0.02318
    0.00235
   -0.02638
    0.02090
   -0.06955
    0.01922
    0.02072
    0.06753
    0.05284
   -0.02699
    0.01035
    0.06922
   -0.01453
    0.01434
    0.00948
   -0.04262
   -0.05449
   -0.02005
    0.00300
   -0.06926
   -0.00842
    0.03112
   -0.00735
    0.04009
    0.00706
   -0.01972
    0.05477
   -0.07232
    0.00936
   -0.06992
    0.04894
   -0.02776
    0.04813
    0.01506
   -0.04947
   -0.07036
    0.05306
   -0.04682
   -0.04995
   -0.02862
   -0.04338
   -0.04615
   -0.07127
    0.00306
   -0.04249
    0.00509
    0.05332
    0.02386
   -0.02052
   -0.06589
   -0.05657
   -0.00751
   -0.04153
   -0.02787
    0.00304
   -0.03915
   -0.00230
    0.00714
   -0.04817
    0.05358
   -0.03770
   -0.01379
   -0.01730
   -0.02378
    0.01016
    0.06212
   -0.04115
    0.03187
   -0.07225
   -0.03556
   -0.02610
   -0.05008
   -0.01256
   -0.02630
   -0.05981
   -0.04435
   -0.05994
   -0.01711
   -0.06297
   -0.02826
    0.04886
   -0.03639
    0.03332
   -0.05320
    0.01270
   -0.03168
   -0.04111
   -0.03611
    0.00544
    0.06182
   -0.04748
   -0.03575
    0.00485
   -0.02248
    0.03027
    0.03220
    0.06093
    0.00434
    0.01825
    0.00993
    0.06482
   -0.01701
    0.06806
    0.02559
   -0.00858
    0.05058
   -0.01097
    0.04142
   -0.04586
    0.00530
   -0.00926
   -0.01730
   -0.03491
   -0.02844
   -0.05638
   -0.03332
   -0.06213
   -0.02167
   -0.00275
   -0.00680
   -0.00373
    0.02770
   -0.03788
    0.05480
   -0.04100
    0.00476
   -0.00296
    0.01710
   -0.05992
    0.06447
   -0.06257
   -0.00876
    0.01503
    0.01789
    0.02397
   -0.01531
    0.01442
    0.05807
   -0.04458
   -0.02543
    0.00301
   -0.04190
   -0.05743
   -0.03309
    0.04241
   -0.05560
   -0.02455
   -0.02473
   -0.04569
   -0.01289
    0.05072
    0.01545
   -0.04902
   -0.01249
   -0.04823
   -0.04859
    0.04016
   -0.02164
   -0.04248
   -0.02663
   -0.00264
    0.04243
    0.03999
   -0.04232
   -0.01228
   -0.06701
   -0.01886
   -0.05568
    0.06466
   -0.06755
    0.01752
    0.02931
   -0.03214
    0.03760
   -0.00923
    0.02877
   -0.02554
    0.04144
   -0.05636
    0.03070
    0.06552
   -0.01377
   -0.05742
   -0.01328
    0.04373
   -0.05525
    0.00896
   -0.02912
    0.01595
   -0.00076
   -0.04947
    0.07036
   -0.02053
    0.05507
   -0.00577
   -0.05808
    0.03702
   -0.05027
    0.00031
   -0.03356
    0.06656
    0.03918
   -0.00343
    0.00505
    0.05210
   -0.06718
    0.05236
   -0.02590
   -0.02592
   -0.01379
    0.01912
   -0.01088
   -0.05057
    0.03706
    0.03868
   -0.05892
   -0.04370
   -0.05211
    0.00273
    0.02602
    0.06662
    0.06605
    0.03118
   -0.05583
    0.05214
   -0.05764
    0.02210
    0.03796
    0.00826
    0.03267
    0.03715
    0.05249
    0.05684
   -0.00660
   -0.03711
    0.05340
   -0.01076
   -0.05551
   -0.01673
    0.00029
   -0.02163
   -0.05410
   -0.04031
    0.02207
   -0.05853
   -0.04809
   -0.01553
    0.02968
   -0.05059
   -0.06991
    0.05688
    0.01060
    0.02129
   -0.06409
    0.04105
    0.01698
   -0.03547
   -0.00248
    0.04175
   -0.06558
    0.02372
    0.04389
   -0.06105
   -0.00258
    0.05838
    0.00568
   -0.00013
   -0.02620
   -0.03318
    0.05225
   -0.01623
    0.05729
   -0.05800
    0.02766
    0.00828
   -0.00159
    0.03405
    0.00064
    0.04474
    0.00964
    0.00126
    0.01155
    0.02865
    0.01908
   -0.01645
    0.05172
    0.00755
   -0.01083
    0.01307
    0.05874
    0.04327
    0.05898
   -0.00503
   -0.00965
   -0.05480
    0.06461
   -0.06286
   -0.04708
    0.04053
    0.00937
   -0.00252
    0.03879
   -0.03177
   -0.04751
   -0.06460
    0.01730
    0.02805
   -0.04015
    0.04577
   -0.04711
    0.07116
    0.02060
   -0.00740
    0.02943
    0.02485
   -0.01252
    0.00061
    0.02188
    0.03533
   -0.05856
    0.05772
    0.04454
    0.04409
    0.06267
   -0.01445
   -0.03294
   -0.01184
    0.00602
   -0.04082
    0.04156
    0.05004
    0.03309
   -0.06103
   -0.03645
    0.00104
    0.01484
    0.01327
   -0.00318
   -0.04294
   -0.00218
    0.03794
    0.02640
    0.04065
    0.04076
    0.04975
   -0.02966
   -0.03232
   -0.04853
    0.02757
    0.01232
    0.03549
   -0.03777
    0.06699
    0.01572
   -0.07064
   -0.06882
   -0.04860
   -0.05390
    0.02054
    0.03894
   -0.06233
    0.02411
   -0.03886
   -0.03743
   -0.03393
    0.06019
   -0.06017
   -0.03377
    0.04180
    0.02366
    0.04260
   -0.05996
   -0.02952
   -0.04925
   -0.06184
   -0.02408
    0.01910
   -0.03299
   -0.03486
   -0.01235
   -0.02752
   -0.02445
   -0.00951
   -0.04969
   -0.03232
    0.05899
   -0.07694
   -0.05236
    0.07125
    0.00675
    0.02020
    0.00635
    0.03526
   -0.03594
   -0.05901
   -0.00611
    0.06045
    0.04541
   -0.02390
    0.01149
    0.01804
    0.03754
    0.05565
   -0.06967
   -0.00298
   -0.01477
    0.05883
   -0.05921
    0.00051
    0.04055
   -0.06842
   -0.00809
    0.07747
   -0.05120
    0.03759
   -0.06770
   -0.05999
   -0.01609
   -0.04743
   -0.01687
    0.01930
   -0.03921
    0.00129
   -0.03827
   -0.06637
   -0.06371
   -0.04956
   -0.05527
   -0.04359
   -0.04412
   -0.02070
   -0.05697
   -0.01839
   -0.03203
   -0.05461
   -0.05285
   -0.02350
   -0.07773
   -0.01351
   -0.05595
    0.06117
    0.00866
   -0.05892
   -0.01536
   -0.06108
    0.00660
   -0.06116
   -0.00197
    0.01965
   -0.03360
   -0.04877
   -0.07479
   -0.01803
   -0.05047
   -0.00344
    0.05813
    0.07118
    0.05019
   -0.04983
    0.00941
   -0.00736
   -0.00410
    0.05688
   -0.04402
   -0.02962
    0.03397
    0.04645
    0.06044
   -0.01807
    0.07151
   -0.04269
   -0.02113
   -0.02124
   -0.06612
   -0.06706
   -0.01011
    0.00986
    0.04126
    0.04233
   -0.04373
   -0.05601
    0.00363
   -0.04441
   -0.01340
   -0.06250
   -0.04477
   -0.06497
   -0.03377
   -0.00737
    0.00151
   -0.02141
    0.00764
   -0.01922
    0.03210
   -0.05650
   -0.06702
    0.01650
    0.06562
    0.01471
    0.00237
   -0.01554
    0.05125
    0.03302
   -0.03674
    0.01473
   -0.03593
    0.00536
    0.05087
    0.05922
    0.04929
    0.02417
   -0.02640
    0.03940
   -0.03876
   -0.02203
   -0.04328
   -0.00209
   -0.05030
   -0.01733
    0.00278
   -0.02129
   -0.05721
   -0.02262
    0.02077
    0.03625
   -0.06426
   -0.07069
   -0.04091
    0.01513
   -0.00335
   -0.02985
   -0.01110
    0.01996
    0.00728
   -0.04812
   -0.03926
    0.00306
    0.00478
   -0.04456
   -0.01870
   -0.03583
    0.00585
    0.05776
   -0.03672
    0.00623
   -0.05388
    0.05782
   -0.00742
    0.04652
   -0.06501
    0.03631
    0.00029
   -0.06368
   -0.00630
   -0.00833
    0.06958
   -0.04070
    0.07382
    0.02231
    0.03883
   -0.04575

    0.01750
    0.05579
    0.00585
    0.04673
   -0.01911
   -0.04112
    0.04348
    0.06327
   -0.06118
   -0.01806
    0.06823
    0.02310
    0.00463
   -0.02228
    0.00053
   -0.02819
   -0.06668
   -0.00608
    0.03627
   -0.02991
   -0.04875
    0.04612
   -0.03686
    0.06013
    0.00281
    0.03973
   -0.06616
   -0.02423
    0.05405
   -0.04907
    0.06187
    0.00803
    0.01837
   -0.06123
    0.03195
   -0.03485
    0.03686
    0.00855
    0.06068
   -0.02320
    0.00240
   -0.02676
    0.02108
   -0.07030
    0.01939
    0.02093
    0.06819
    0.05328
   -0.02731
    0.01021
    0.06993
   -0.01453
    0.01422
    0.00934
   -0.04291
   -0.05484
   -0.02019
    0.00266
   -0.06976
   -0.00857
    0.03157
   -0.00735
    0.04053
    0.00726
   -0.01998
    0.05523
   -0.07296
    0.00950
   -0.07032
    0.04961
   -0.02799
    0.04856
    0.01517
   -0.04985
   -0.07102
    0.05355
   -0.04729
   -0.05029
   -0.02901
   -0.04399
   -0.04645
   -0.07196
    0.00294
   -0.04279
    0.00511
    0.05382
    0.02400
   -0.02071
   -0.06639
   -0.05708
   -0.00760
   -0.04185
   -0.02821
    0.00298
   -0.03965
   -0.00230
    0.00702
   -0.04850
    0.05391
   -0.03795
   -0.01392
   -0.01748
   -0.02402
    0.01021
    0.06275
   -0.04149
    0.03218
   -0.07282
   -0.03578
   -0.02634
   -0.05028
   -0.01258
   -0.02650
   -0.06048
   -0.04470
   -0.06034
   -0.01735
   -0.06346
   -0.02850
    0.04912
   -0.03668
    0.03371
   -0.05335
    0.01281
   -0.03209
   -0.04152
   -0.03662
    0.00525
    0.06237
   -0.04774
   -0.03596
    0.00487
   -0.02270
    0.03053
    0.03229
    0.06151
    0.00453
    0.01854
    0.01029
    0.06511
   -0.01717
    0.06869
    0.02582
   -0.00840
    0.05105
   -0.01107
    0.04182
   -0.04607
    0.00538
   -0.00938
   -0.01745
   -0.03515
   -0.02862
   -0.05673
   -0.03357
   -0.06276
   -0.02182
   -0.00281
   -0.00702
   -0.00354
    0.02791
   -0.03829
    0.05528
   -0.04130
    0.00471
   -0.00289
    0.01724
   -0.06049
    0.06504
   -0.06333
   -0.00896
    0.01534
    0.01780
    0.02401
   -0.01572
    0.01454
    0.05854
   -0.04497
   -0.02567
    0.00299
   -0.04223
   -0.05790
   -0.03343
    0.04271
   -0.05607
   -0.02495
   -0.02520
   -0.04611
   -0.01299
    0.05107
    0.01554
   -0.04960
   -0.01266
   -0.04854
   -0.04904
    0.04065
   -0.02198
   -0.04297
   -0.02699
   -0.00260
    0.04260
    0.04034
   -0.04274
   -0.01252
   -0.06754
   -0.01895
   -0.05617
    0.06519
   -0.06815
    0.01755
    0.02967
   -0.03232
    0.03789
   -0.00926
    0.02899
   -0.02581
    0.04185
   -0.05676
    0.03108
    0.06587
   -0.01392
   -0.05791
   -0.01339
    0.04409
   -0.05564
    0.00903
   -0.02937
    0.01594
   -0.00089
   -0.04979
    0.07109
   -0.02043
    0.05546
   -0.00580
   -0.05865
    0.03742
   -0.05067
    0.00009
   -0.03388
    0.06711
    0.03951
   -0.00358
    0.00510
    0.05237
   -0.06785
    0.05291
   -0.02591
   -0.02611
   -0.01380
    0.01946
   -0.01101
   -0.05103
    0.03740
    0.03905
   -0.05956
   -0.04392
   -0.05251
    0.00257
    0.02617
    0.06737
    0.06660
    0.03157
   -0.05639
    0.05266
   -0.05810
    0.02217
    0.03838
    0.00826
    0.03298
    0.03741
    0.05310
    0.05748
   -0.00669
   -0.03734
    0.05386
   -0.01076
   -0.05594
   -0.01675
    0.00018
   -0.02170
   -0.05464
   -0.04069
    0.02236
   -0.05907
   -0.04856
   -0.01557
    0.02984
   -0.05112
   -0.07055
    0.05744
    0.01058
    0.02144
   -0.06469
    0.04124
    0.01704
   -0.03570
   -0.00266
    0.04218
   -0.06609
    0.02394
    0.04437
   -0.06152
   -0.00251
    0.05897
    0.00576
    0.00004
   -0.02649
   -0.03344
    0.05262
   -0.01634
    0.05797
   -0.05859
    0.02795
    0.00858
   -0.00172
    0.03428
    0.00065
    0.04516
    0.00955
    0.00125
    0.01178
    0.02863
    0.01909
   -0.01655
    0.05208
    0.00757
   -0.01110
    0.01322
    0.05940
    0.04369
    0.05942
   -0.00496
   -0.00976
   -0.05525
    0.06524
   -0.06345
   -0.04745
    0.04092
    0.00940
   -0.00258
    0.03924
   -0.03195
   -0.04788
   -0.06520
    0.01747
    0.02815
   -0.04062
    0.04622
   -0.04742
    0.07187
    0.02053
   -0.00754
    0.02974
    0.02498
   -0.01260
    0.00074
    0.02202
    0.03565
   -0.05895
    0.05820
    0.04495
    0.04442
    0.06315
   -0.01450
   -0.03326
   -0.01197
    0.00585
   -0.04115
    0.04189
    0.05044
    0.03337
   -0.06160
   -0.03682
    0.00114
    0.01508
    0.01322
   -0.00305
   -0.04341
   -0.00231
    0.03836
    0.02661
    0.04109
    0.04106
    0.05012
   -0.02999
   -0.03247
   -0.04911
    0.02793
    0.01222
    0.03544
   -0.03785
    0.06765
    0.01610
   -0.07129
   -0.06950
   -0.04891
   -0.05432
    0.02082
    0.03949
   -0.06289
    0.02409
   -0.03923
   -0.03787
   -0.03432
    0.06076
   -0.06051
   -0.03419
    0.04221
    0.02404
    0.04303
   -0.06061
   -0.02985
   -0.04975
   -0.06235
   -0.02437
    0.01928
   -0.03310
   -0.03496
   -0.01246
   -0.02778
   -0.02463
   -0.00962
   -0.05003
   -0.03240
    0.05945
   -0.07786
   -0.05282
    0.07204
    0.00683
    0.02037
    0.00637
    0.03561
   -0.03636
   -0.05948
   -0.00639
    0.06087
    0.04572
   -0.02418
    0.01163
    0.01808
    0.03802
    0.05627
   -0.07033
   -0.00306
   -0.01513
    0.05930
   -0.05982
    0.00060
    0.04067
   -0.06879
   -0.00825
    0.07827
   -0.05147
    0.03786
   -0.06832
   -0.06047
   -0.01603
   -0.04775
   -0.01698
    0.01920
   -0.03943
    0.00136
   -0.03866
   -0.06702
   -0.06439
   -0.05001
   -0.05585
   -0.04397
   -0.04460
   -0.02090
   -0.05769
   -0.01845
   -0.03237
   -0.05504
   -0.05324
   -0.02371
   -0.07822
   -0.01360
   -0.05657
    0.06185
    0.00884
   -0.05953
   -0.01529
   -0.06161
    0.00673
   -0.06171
   -0.00203
    0.01977
   -0.03399
   -0.04905
   -0.07538
   -0.01810
   -0.05124
   -0.00347
    0.05888
    0.07175
    0.05074
   -0.05031
    0.00964
   -0.00741
   -0.00406
    0.05737
   -0.04452
   -0.02985
    0.03417
    0.04682
    0.06075
   -0.01813
    0.07206
   -0.04310
   -0.02139
   -0.02165
   -0.06657
   -0.06754
   -0.01025
    0.00993
    0.04178
    0.04258
   -0.04380
   -0.05657
    0.00366
   -0.04490
   -0.01344
   -0.06315
   -0.04505
   -0.06546
   -0.03407
   -0.00741
    0.00164
   -0.02163
    0.00756
   -0.01934
    0.03231
   -0.05694
   -0.06757
    0.01675
    0.06634
    0.01486
    0.00234
   -0.01564
    0.05183
    0.03331
   -0.03689
    0.01477
   -0.03633
    0.00530
    0.05142
    0.05988
    0.04993
    0.02424
   -0.02665
    0.03982
   -0.03912
   -0.02209
   -0.04368
   -0.00225
   -0.05065
   -0.01732
    0.00276
   -0.02156
   -0.05760
   -0.02270
    0.02075
    0.03622
   -0.06480
   -0.07143
   -0.04135
    0.01536
   -0.00332
   -0.03004
   -0.01108
    0.02025
    0.00750
   -0.04846
   -0.03961
    0.00316
    0.00466
   -0.04497
   -0.01872
   -0.03626
    0.00586
    0.05835
   -0.03705
    0.00622
   -0.05435
    0.05828
   -0.00740
    0.04671
   -0.06579
    0.03655
    0.00026
   -0.06387
   -0.00633
   -0.00840
    0.07018
   -0.04125
    0.07458
    0.02251
    0.03893
   -0.04624
