          1          0    0.12302   -0.99623    0.00000   -0.99623    0.00000
          1        100   50.30200   -1.00880    0.00000   -1.00873    0.00000
          1        200   99.70981   -1.00933    0.00000   -1.00964    0.00000
          1        300  152.28991   -1.00954    0.00000   -1.00948    0.00000
          1        400  204.95330   -1.00967    0.00000   -1.00960    0.00000
          1        500  253.04756   -1.00976    0.00000   -1.01001    0.00000
          1        600  305.11380   -1.00984    0.00000   -1.01007    0.00000
          1        700  360.46358   -1.00989    0.00000   -1.01017    0.00000
          1        800  414.31205   -1.00994    0.00000   -1.01020    0.00000
          1        900  465.14060   -1.00997    0.00000   -1.01025    0.00000
          1       1000  516.92974   -1.01001    0.00000   -1.01026    0.00000
          1       1100  577.58060   -1.01003    0.00000   -1.01031    0.00000
          1       1200  631.28158   -1.01006    0.00000   -1.01030    0.00000
          1       1300  684.27469   -1.01008    0.00000   -1.01034    0.00000
          1       1400  738.42808   -1.01010    0.00000   -1.01039    0.00000
          1       1500  800.22868   -1.01012    0.00000   -1.01042    0.00000
          1       1600  858.37047   -1.01014    0.00000   -1.01040    0.00000
          1       1700  909.90901   -1.01016    0.00000   -1.01037    0.00000
          1       1800  965.04833   -1.01017    0.00000   -1.01041    0.00000
          1       1900 1020.14847   -1.01018    0.00000   -1.01039    0.00000
          1       2000 1075.47768   -1.01020    0.00000   -1.01045    0.00000
          1       2100 1126.73935   -1.01021    0.00000   -1.01047    0.00000
          1       2200 1176.90247   -1.01022    0.00000   -1.01049    0.00000
          1       2300 1228.48585   -1.01023    0.00000   -1.01051    0.00000
          1       2400 1288.81540   -1.01024    0.00000   -1.01049    0.00000
          1       2500 1339.96006   -1.01025    0.00000   -1.01050    0.00000
          1       2600 1391.71347   -1.01026    0.00000   -1.01042    0.00000
          1       2700 1448.11180   -1.01027    0.00000   -1.01055    0.00000
          1       2800 1500.27472   -1.01027    0.00000   -1.01038    0.00000
          1       2900 1555.35795   -1.01028    0.00000   -1.01053    0.00000
          1       3000 1608.78548   -1.01029    0.00000   -1.01042    0.00000
          1       3100 1660.86567   -1.01030    0.00000   -1.01055    0.00000
          1       3200 1710.45726   -1.01031    0.00000   -1.01048    0.00000
          1       3300 1764.26349   -1.01031    0.00000   -1.01061    0.00000
          1       3400 1817.04430   -1.01032    0.00000   -1.01060    0.00000
          1       3500 1863.89713   -1.01032    0.00000   -1.01051    0.00000
          1       3600 1913.21406   -1.01033    0.00000   -1.01061    0.00000
          1       3700 1966.24628   -1.01034    0.00000   -1.01056    0.00000
          1       3800 2016.82518   -1.01034    0.00000   -1.01058    0.00000
          1       3900 2069.42305   -1.01035    0.00000   -1.01063    0.00000
          1       4000 2124.69480   -1.01035    0.00000   -1.01051    0.00000
          1       4100 2179.77612   -1.01036    0.00000   -1.01069    0.00000
          1       4200 2233.23148   -1.01036    0.00000   -1.01057    0.00000
          1       4300 2286.38935   -1.01037    0.00000   -1.01062    0.00000
          1       4400 2338.26304   -1.01037    0.00000   -1.01063    0.00000
          1       4500 2392.09615   -1.01037    0.00000   -1.01068    0.00000
          1       4600 2447.03620   -1.01038    0.00000   -1.01061    0.00000
          1       4700 2502.29695   -1.01038    0.00000   -1.01053    0.00000
          1       4800 2561.24144   -1.01039    0.00000   -1.01058    0.00000
          1       4900 2619.72408   -1.01039    0.00000   -1.01053    0.00000
          1       5000 2676.40215   -1.01039    0.00000   -1.01061    0.00000
          1       5100 2733.58470   -1.01040    0.00000   -1.01057    0.00000
          1       5200 2784.47864   -1.01040    0.00000   -1.01068    0.00000
          1       5300 2838.35294   -1.01041    0.00000   -1.01074    0.00000
          1       5400 2887.52838   -1.01041    0.00000   -1.01053    0.00000
          1       5500 2940.18425   -1.01041    0.00000   -1.01069    0.00000
          1       5600 2995.86213   -1.01042    0.00000   -1.01051    0.00000
          1       5700 3048.65661   -1.01042    0.00000   -1.01054    0.00000
          1       5800 3092.03361   -1.01042    0.00000   -1.01068    0.00000
          1       5900 3122.01038   -1.01042    0.00000   -1.01054    0.00000
          1       6000 3144.06689   -1.01043    0.00000   -1.01070    0.00000
          1       6100 3164.11877   -1.01043    0.00000   -1.01065    0.00000
          1       6200 3187.08211   -1.01043    0.00000   -1.01065    0.00000
          1       6300 3209.60510   -1.01044    0.00000   -1.01064    0.00000
          1       6400 3231.21729   -1.01044    0.00000   -1.01061    0.00000
          1       6500 3249.18758   -1.01044    0.00000   -1.01075    0.00000
          1       6600 3261.91080   -1.01044    0.00000   -1.01055    0.00000
          1       6700 3271.20220   -1.01045    0.00000   -1.01064    0.00000
          1       6800 3277.05688   -1.01045    0.00000   -1.01068    0.00000
          1       6900 3281.17604   -1.01045    0.00000   -1.01066    0.00000
          1       7000 3284.48190   -1.01045    0.00000   -1.01072    0.00000
          1       7100 3287.38926   -1.01046    0.00000   -1.01060    0.00000
          1       7200 3290.97799   -1.01046    0.00000   -1.01073    0.00000
          1       7300 3294.95803   -1.01046    0.00000   -1.01062    0.00000
          1       7400 3298.38926   -1.01046    0.00000   -1.01068    0.00000
          1       7500 3302.53566   -1.01046    0.00000   -1.01056    0.00000
          1       7600 3306.91673   -1.01047    0.00000   -1.01072    0.00000
          1       7700 3310.86225   -1.01047    0.00000   -1.01062    0.00000
          1       7800 3314.16105   -1.01047    0.00000   -1.01060    0.00000
          1       7900 3317.62871   -1.01047    0.00000   -1.01071    0.00000
          1       8000 3320.83896   -1.01047    0.00000   -1.01070    0.00000
          1       8100 3323.97838   -1.01048    0.00000   -1.01069    0.00000
          1       8200 3327.31453   -1.01048    0.00000   -1.01066    0.00000
          1       8300 3330.55089   -1.01048    0.00000   -1.01057    0.00000
          1       8400 3333.63761   -1.01048    0.00000   -1.01068    0.00000
          1       8500 3337.08273   -1.01048    0.00000   -1.01064    0.00000
          1       8600 3340.18415   -1.01049    0.00000   -1.01077    0.00000
          1       8700 3343.61306   -1.01049    0.00000   -1.01066    0.00000
          1       8800 3348.13522   -1.01049    0.00000   -1.01060    0.00000
          1       8900 3352.41679   -1.01049    0.00000   -1.01064    0.00000
          1       9000 3355.86315   -1.01049    0.00000   -1.01070    0.00000
          1       9100 3359.71235   -1.01049    0.00000   -1.01072    0.00000
          1       9200 3364.14717   -1.01050    0.00000   -1.01068    0.00000
          1       9300 3368.91190   -1.01050    0.00000   -1.01074    0.00000
          1       9400 3373.45389   -1.01050    0.00000   -1.01080    0.00000
          1       9500 3378.35145   -1.01050    0.00000   -1.01078    0.00000
          1       9600 3382.85991   -1.01050    0.00000   -1.01071    0.00000
          1       9700 3387.49775   -1.01050    0.00000   -1.01077    0.00000
          1       9800 3392.00278   -1.01051    0.00000   -1.01059    0.00000
          1       9900 3397.07032   -1.01051    0.00000   -1.01069    0.00000
          1      10000 3401.56041   -1.01051    0.00000   -1.01067    0.00000
          1      10100 3406.63742   -1.01051    0.00000   -1.01072    0.00000
          1      10200 3411.29057   -1.01051    0.00000   -1.01068    0.00000
          1      10300 3416.00005   -1.01051    0.00000   -1.01068    0.00000
          1      10400 3420.86988   -1.01051    0.00000   -1.01077    0.00000
          1      10500 3425.66347   -1.01052    0.00000   -1.01072    0.00000
          1      10600 3430.36307   -1.01052    0.00000   -1.01079    0.00000
          1      10700 3435.04631   -1.01052    0.00000   -1.01072    0.00000
          1      10800 3440.27352   -1.01052    0.00000   -1.01068    0.00000
          1      10900 3444.99027   -1.01052    0.00000   -1.01072    0.00000
          1      11000 3449.73010   -1.01052    0.00000   -1.01075    0.00000
          1      11100 3454.89068   -1.01052    0.00000   -1.01075    0.00000
          1      11200 3459.92731   -1.01052    0.00000   -1.01065    0.00000
          1      11300 3465.99640   -1.01053    0.00000   -1.01061    0.00000
          1      11400 3471.42100   -1.01053    0.00000   -1.01066    0.00000
          1      11500 3476.68931   -1.01053    0.00000   -1.01063    0.00000
          1      11600 3481.43155   -1.01053    0.00000   -1.01065    0.00000
          1      11700 3486.35838   -1.01053    0.00000   -1.01072    0.00000
          1      11800 3491.20552   -1.01053    0.00000   -1.01075    0.00000
          1      11900 3496.08774   -1.01053    0.00000   -1.01068    0.00000
          1      12000 3500.67210   -1.01053    0.00000   -1.01072    0.00000
          1      12100 3505.15014   -1.01054    0.00000   -1.01073    0.00000
          1      12200 3509.12897   -1.01054    0.00000   -1.01071    0.00000
          1      12300 3512.60938   -1.01054    0.00000   -1.01069    0.00000
          1      12400 3515.87686   -1.01054    0.00000   -1.01065    0.00000
          1      12500 3519.62473   -1.01054    0.00000   -1.01069    0.00000
          1      12600 3523.92663   -1.01054    0.00000   -1.01073    0.00000
          1      12700 3527.68029   -1.01054    0.00000   -1.01069    0.00000
          1      12800 3531.76606   -1.01054    0.00000   -1.01069    0.00000
          1      12900 3535.53254   -1.01054    0.00000   -1.01063    0.00000
          1      13000 3538.77784   -1.01055    0.00000   -1.01069    0.00000
          1      13100 3541.76691   -1.01055    0.00000   -1.01071    0.00000
          1      13200 3544.86163   -1.01055    0.00000   -1.01066    0.00000
          1      13300 3548.07861   -1.01055    0.00000   -1.01068    0.00000
          1      13400 3551.15256   -1.01055    0.00000   -1.01079    0.00000
          1      13500 3554.27428   -1.01055    0.00000   -1.01072    0.00000
          1      13600 3556.87457   -1.01055    0.00000   -1.01074    0.00000
          1      13700 3559.54914   -1.01055    0.00000   -1.01074    0.00000
          1      13800 3561.85513   -1.01055    0.00000   -1.01068    0.00000
          1      13900 3564.15098   -1.01055    0.00000   -1.01078    0.00000
          1      14000 3566.46999   -1.01055    0.00000   -1.01075    0.00000
          1      14100 3568.68901   -1.01056    0.00000   -1.01075    0.00000
          1      14200 3571.31165   -1.01056    0.00000   -1.01067    0.00000
          1      14300 3574.39057   -1.01056    0.00000   -1.01074    0.00000
          1      14400 3577.04358   -1.01056    0.00000   -1.01067    0.00000
          1      14500 3579.69801   -1.01056    0.00000   -1.01073    0.00000
          1      14600 3581.70981   -1.01056    0.00000   -1.01070    0.00000
          1      14700 3584.26213   -1.01056    0.00000   -1.01070    0.00000
          1      14800 3586.43049   -1.01056    0.00000   -1.01075    0.00000
          1      14900 3588.85294   -1.01056    0.00000   -1.01067    0.00000
          1      15000 3591.16419   -1.01056    0.00000   -1.01075    0.00000
          1      15100 3593.43089   -1.01056    0.00000   -1.01079    0.00000
          1      15200 3595.86708   -1.01057    0.00000   -1.01068    0.00000
          1      15300 3598.11843   -1.01057    0.00000   -1.01071    0.00000
          1      15374 3600.00745   -1.01057    0.00000   -1.01077    0.00000
