          1          0    0.00000   -0.99482    0.00000   -0.99482    0.00000   -3.74781    3.74781    0.00000
          1          1    6.28213   -0.99482    0.00000   -0.99482    0.00000   -1.04018   -0.99482    0.00000
          2          0    6.28213   -0.53469    0.00000   -0.99482    0.00000   -1.04018   -0.99482   -1.01750
          2          1   18.24150   -0.68657    0.00000   -0.97175    0.00000   -1.02114   -0.99482   -1.01750
          2          2   38.96191   -0.76554    0.00000   -0.98608    0.00000   -1.01310   -0.99482   -1.01750
          2          3   66.31057   -0.81402    0.00000   -0.99628    0.00000   -1.01022   -0.99628   -1.01750
          2          4  101.97861   -0.84623    0.00000   -1.00106    0.00000   -1.00919   -1.00106   -1.01750
          2          5  146.38730   -0.86929    0.00000   -1.00720    0.00000   -1.00864   -1.00720   -1.01750
          2          6  210.82007   -0.88674    0.00000   -1.00705    0.00000   -1.00858   -1.00720   -1.01750
          2          7  338.51121   -0.90028    0.00000   -1.00652    0.00000   -1.00854   -1.00720   -1.01750
          2          8  509.83172   -0.91107    0.00000   -1.00768    0.00000   -1.00847   -1.00768   -1.01750
