          1          0    0.00000   -0.56125    0.00000   -0.56125    0.00000   -4.16735    4.16735    0.00000
          1          1    0.00594   -0.54027    0.00000   -0.51966    0.00000   -4.16735   -0.54027    0.00000
          2          0    0.00594   -0.19775    0.00000   -0.51966    0.00000   -4.16735   -0.54027   -2.35381
          2        100    2.10932   -0.61204    0.00000   -0.62144    0.00000   -4.16735   -0.54027   -2.35381
          2        200    4.01058   -0.61781    0.00000   -0.62666    0.00000   -4.16735   -0.54027   -2.35381
          2        300    5.67108   -0.62012    0.00000   -0.62802    0.00000   -4.16735   -0.54027   -2.35381
          2        400    6.81935   -0.62141    0.00000   -0.62792    0.00000   -4.16735   -0.54027   -2.35381
          2        500    9.04271   -0.62227    0.00000   -0.62753    0.00000   -4.16735   -0.54027   -2.35381
          2        600   10.55547   -0.62289    0.00000   -0.62849    0.00000   -4.16735   -0.54027   -2.35381
          2        700   12.09085   -0.62336    0.00000   -0.62863    0.00000   -4.16735   -0.54027   -2.35381
          2        800   13.62546   -0.62374    0.00000   -0.62863    0.00000   -4.16735   -0.54027   -2.35381
          2        900   15.08602   -0.62404    0.00000   -0.62863    0.00000   -4.16735   -0.54027   -2.35381
          2       1000   17.03670   -0.62430    0.00000   -0.62863    0.00000   -4.16735   -0.54027   -2.35381
          2       1100   19.21026   -0.62452    0.00000   -0.62863    0.00000   -4.16735   -0.54027   -2.35381
          2       1200   20.64496   -0.62471    0.00000   -0.62863    0.00000   -4.16735   -0.54027   -2.35381
          2       1300   22.38553   -0.62487    0.00000   -0.62863    0.00000   -4.16735   -0.54027   -2.35381
          2       1400   23.92661   -0.62502    0.00000   -0.62863    0.00000   -4.16735   -0.54027   -2.35381
          2       1500   25.30428   -0.62515    0.00000   -0.62863    0.00000   -4.16735   -0.54027   -2.35381
          2       1600   27.76744   -0.62527    0.00000   -0.62863    0.00000   -4.16735   -0.54027   -2.35381
          2       1700   29.11539   -0.62538    0.00000   -0.62863    0.00000   -4.16735   -0.54027   -2.35381
          2       1800   30.50353   -0.62547    0.00000   -0.62863    0.00000   -4.16735   -0.54027   -2.35381
          2       1900   32.16866   -0.62556    0.00000   -0.62863    0.00000   -4.16735   -0.54027   -2.35381
          2       2000   33.78097   -0.62565    0.00000   -0.62863    0.00000   -4.16735   -0.54027   -2.35381
          2       2100   35.15279   -0.62572    0.00000   -0.62863    0.00000   -4.16735   -0.54027   -2.35381
          2       2200   37.11939   -0.62579    0.00000   -0.62863    0.00000   -4.16735   -0.54027   -2.35381
          2       2300   39.49693   -0.62586    0.00000   -0.62863    0.00000   -4.16735   -0.54027   -2.35381
          2       2400   41.40113   -0.62592    0.00000   -0.62863    0.00000   -4.16735   -0.54027   -2.35381
          2       2500   43.39418   -0.62598    0.00000   -0.62863    0.00000   -4.16735   -0.54027   -2.35381
          2       2600   45.05423   -0.62603    0.00000   -0.62863    0.00000   -4.16735   -0.54027   -2.35381
          2       2700   46.08852   -0.62608    0.00000   -0.62863    0.00000   -4.16735   -0.54027   -2.35381
          2       2800   47.73638   -0.62613    0.00000   -0.62863    0.00000   -4.16735   -0.54027   -2.35381
          2       2900   50.11871   -0.62618    0.00000   -0.62863    0.00000   -4.16735   -0.54027   -2.35381
          2       3000   51.67614   -0.62622    0.00000   -0.62863    0.00000   -4.16735   -0.54027   -2.35381
          2       3100   53.58020   -0.62626    0.00000   -0.62863    0.00000   -4.16735   -0.54027   -2.35381
          2       3200   54.71060   -0.62630    0.00000   -0.62863    0.00000   -4.16735   -0.54027   -2.35381
          2       3300   55.84716   -0.62634    0.00000   -0.62863    0.00000   -4.16735   -0.54027   -2.35381
          2       3400   57.07333   -0.62637    0.00000   -0.62863    0.00000   -4.16735   -0.54027   -2.35381
          2       3500   58.74829   -0.62641    0.00000   -0.62863    0.00000   -4.16735   -0.54027   -2.35381
          2       3600   60.04023   -0.62644    0.00000   -0.62863    0.00000   -4.16735   -0.54027   -2.35381
          2       3700   61.96010   -0.62647    0.00000   -0.62863    0.00000   -4.16735   -0.54027   -2.35381
          2       3800   63.31520   -0.62650    0.00000   -0.62863    0.00000   -4.16735   -0.54027   -2.35381
          2       3900   64.78012   -0.62653    0.00000   -0.62863    0.00000   -4.16735   -0.54027   -2.35381
          2       4000   66.48552   -0.62656    0.00000   -0.62863    0.00000   -4.16735   -0.54027   -2.35381
          2       4100   68.25038   -0.62658    0.00000   -0.62863    0.00000   -4.16735   -0.54027   -2.35381
          2       4200   69.78137   -0.62661    0.00000   -0.62863    0.00000   -4.16735   -0.54027   -2.35381
          2       4300   71.44610   -0.62663    0.00000   -0.62863    0.00000   -4.16735   -0.54027   -2.35381
          2       4400   73.09839   -0.62666    0.00000   -0.62863    0.00000   -4.16735   -0.54027   -2.35381
          2       4500   75.36587   -0.62668    0.00000   -0.62863    0.00000   -4.16735   -0.54027   -2.35381
          2       4600   76.75431   -0.62670    0.00000   -0.62863    0.00000   -4.16735   -0.54027   -2.35381
          2       4700   78.60884   -0.62672    0.00000   -0.62863    0.00000   -4.16735   -0.54027   -2.35381
          2       4800   80.17191   -0.62675    0.00000   -0.62863    0.00000   -4.16735   -0.54027   -2.35381
          2       4900   82.23294   -0.62677    0.00000   -0.62863    0.00000   -4.16735   -0.54027   -2.35381
          2       5000   83.69585   -0.62679    0.00000   -0.62863    0.00000   -4.16735   -0.54027   -2.35381
          2       5100   85.27931   -0.62680    0.00000   -0.62863    0.00000   -4.16735   -0.54027   -2.35381
          2       5200   86.73706   -0.62682    0.00000   -0.62863    0.00000   -4.16735   -0.54027   -2.35381
          2       5300   88.40905   -0.62684    0.00000   -0.62863    0.00000   -4.16735   -0.54027   -2.35381
          2       5400   89.91637   -0.62686    0.00000   -0.62863    0.00000   -4.16735   -0.54027   -2.35381
          2       5500   91.14070   -0.62687    0.00000   -0.62863    0.00000   -4.16735   -0.54027   -2.35381
          2       5600   92.57669   -0.62689    0.00000   -0.62863    0.00000   -4.16735   -0.54027   -2.35381
          2       5700   94.08284   -0.62691    0.00000   -0.62863    0.00000   -4.16735   -0.54027   -2.35381
          2       5800   95.49664   -0.62692    0.00000   -0.62863    0.00000   -4.16735   -0.54027   -2.35381
          2       5900   96.91771   -0.62694    0.00000   -0.62863    0.00000   -4.16735   -0.54027   -2.35381
          2       6000   99.27438   -0.62695    0.00000   -0.62863    0.00000   -4.16735   -0.54027   -2.35381
          2       6100  100.82515   -0.62697    0.00000   -0.62863    0.00000   -4.16735   -0.54027   -2.35381
          2       6200  102.88149   -0.62698    0.00000   -0.62863    0.00000   -4.16735   -0.54027   -2.35381
          2       6300  104.49099   -0.62699    0.00000   -0.62863    0.00000   -4.16735   -0.54027   -2.35381
          2       6400  106.25341   -0.62701    0.00000   -0.62863    0.00000   -4.16735   -0.54027   -2.35381
          2       6500  107.82973   -0.62702    0.00000   -0.62863    0.00000   -4.16735   -0.54027   -2.35381
          2       6600  109.70405   -0.62703    0.00000   -0.62863    0.00000   -4.16735   -0.54027   -2.35381
          2       6700  111.50638   -0.62704    0.00000   -0.62863    0.00000   -4.16735   -0.54027   -2.35381
          2       6800  112.86886   -0.62706    0.00000   -0.62863    0.00000   -4.16735   -0.54027   -2.35381
          2       6900  114.12921   -0.62707    0.00000   -0.62863    0.00000   -4.16735   -0.54027   -2.35381
          2       7000  115.89686   -0.62708    0.00000   -0.62863    0.00000   -4.16735   -0.54027   -2.35381
          2       7100  117.90364   -0.62709    0.00000   -0.62863    0.00000   -4.16735   -0.54027   -2.35381
          2       7200  119.14999   -0.62710    0.00000   -0.62863    0.00000   -4.16735   -0.54027   -2.35381
          2       7300  120.34239   -0.62711    0.00000   -0.62863    0.00000   -4.16735   -0.54027   -2.35381
          2       7400  121.93209   -0.62712    0.00000   -0.62863    0.00000   -4.16735   -0.54027   -2.35381
          2       7500  123.80362   -0.62713    0.00000   -0.62863    0.00000   -4.16735   -0.54027   -2.35381
          2       7600  125.17598   -0.62714    0.00000   -0.62863    0.00000   -4.16735   -0.54027   -2.35381
          2       7700  126.45803   -0.62715    0.00000   -0.62863    0.00000   -4.16735   -0.54027   -2.35381
          2       7800  127.93827   -0.62716    0.00000   -0.62863    0.00000   -4.16735   -0.54027   -2.35381
          2       7900  129.54404   -0.62717    0.00000   -0.62863    0.00000   -4.16735   -0.54027   -2.35381
          2       8000  131.58165   -0.62718    0.00000   -0.62863    0.00000   -4.16735   -0.54027   -2.35381
          2       8100  132.94911   -0.62719    0.00000   -0.62863    0.00000   -4.16735   -0.54027   -2.35381
          2       8200  134.15963   -0.62720    0.00000   -0.62863    0.00000   -4.16735   -0.54027   -2.35381
          2       8300  136.51413   -0.62721    0.00000   -0.62863    0.00000   -4.16735   -0.54027   -2.35381
          2       8400  137.82673   -0.62722    0.00000   -0.62863    0.00000   -4.16735   -0.54027   -2.35381
          2       8500  139.44818   -0.62723    0.00000   -0.62863    0.00000   -4.16735   -0.54027   -2.35381
          2       8600  140.75368   -0.62724    0.00000   -0.62863    0.00000   -4.16735   -0.54027   -2.35381
          2       8700  142.25684   -0.62725    0.00000   -0.62863    0.00000   -4.16735   -0.54027   -2.35381
          2       8800  143.99536   -0.62725    0.00000   -0.62863    0.00000   -4.16735   -0.54027   -2.35381
          2       8900  145.65353   -0.62726    0.00000   -0.62863    0.00000   -4.16735   -0.54027   -2.35381
          2       9000  147.39084   -0.62727    0.00000   -0.62863    0.00000   -4.16735   -0.54027   -2.35381
          2       9100  149.15511   -0.62728    0.00000   -0.62863    0.00000   -4.16735   -0.54027   -2.35381
          2       9200  151.05300   -0.62728    0.00000   -0.62863    0.00000   -4.16735   -0.54027   -2.35381
          2       9300  153.07649   -0.62729    0.00000   -0.62863    0.00000   -4.16735   -0.54027   -2.35381
          2       9400  154.85281   -0.62730    0.00000   -0.62863    0.00000   -4.16735   -0.54027   -2.35381
          2       9500  156.05820   -0.62731    0.00000   -0.62863    0.00000   -4.16735   -0.54027   -2.35381
          2       9600  157.71118   -0.62731    0.00000   -0.62863    0.00000   -4.16735   -0.54027   -2.35381
          2       9700  159.31873   -0.62732    0.00000   -0.62863    0.00000   -4.16735   -0.54027   -2.35381
          2       9800  160.71142   -0.62733    0.00000   -0.62863    0.00000   -4.16735   -0.54027   -2.35381
          2       9900  162.17817   -0.62733    0.00000   -0.62863    0.00000   -4.16735   -0.54027   -2.35381
          2      10000  163.59122   -0.62734    0.00000   -0.62863    0.00000   -4.16735   -0.54027   -2.35381
          2      10100  165.38092   -0.62735    0.00000   -0.62863    0.00000   -4.16735   -0.54027   -2.35381
          2      10200  167.02809   -0.62735    0.00000   -0.62863    0.00000   -4.16735   -0.54027   -2.35381
          2      10300  168.42281   -0.62736    0.00000   -0.62863    0.00000   -4.16735   -0.54027   -2.35381
          2      10400  169.88529   -0.62737    0.00000   -0.62863    0.00000   -4.16735   -0.54027   -2.35381
          2      10500  171.20152   -0.62737    0.00000   -0.62863    0.00000   -4.16735   -0.54027   -2.35381
          2      10600  172.88638   -0.62738    0.00000   -0.62863    0.00000   -4.16735   -0.54027   -2.35381
          2      10700  174.70430   -0.62739    0.00000   -0.62863    0.00000   -4.16735   -0.54027   -2.35381
          2      10800  175.93712   -0.62739    0.00000   -0.62863    0.00000   -4.16735   -0.54027   -2.35381
          2      10900  177.40334   -0.62740    0.00000   -0.62863    0.00000   -4.16735   -0.54027   -2.35381
          2      11000  178.91069   -0.62740    0.00000   -0.62863    0.00000   -4.16735   -0.54027   -2.35381
          2      11100  180.03182   -0.62741    0.00000   -0.62863    0.00000   -4.16735   -0.54027   -2.35381
          2      11200  181.53563   -0.62741    0.00000   -0.62863    0.00000   -4.16735   -0.54027   -2.35381
          2      11300  182.71232   -0.62742    0.00000   -0.62863    0.00000   -4.16735   -0.54027   -2.35381
          2      11400  184.17535   -0.62742    0.00000   -0.62863    0.00000   -4.16735   -0.54027   -2.35381
          2      11500  186.15071   -0.62743    0.00000   -0.62863    0.00000   -4.16735   -0.54027   -2.35381
          2      11600  187.91895   -0.62744    0.00000   -0.62863    0.00000   -4.16735   -0.54027   -2.35381
          2      11700  188.86898   -0.62744    0.00000   -0.62863    0.00000   -4.16735   -0.54027   -2.35381
          2      11800  190.11011   -0.62745    0.00000   -0.62863    0.00000   -4.16735   -0.54027   -2.35381
          2      11900  191.89300   -0.62745    0.00000   -0.62863    0.00000   -4.16735   -0.54027   -2.35381
          2      12000  193.43000   -0.62746    0.00000   -0.62863    0.00000   -4.16735   -0.54027   -2.35381
          2      12100  194.86841   -0.62746    0.00000   -0.62863    0.00000   -4.16735   -0.54027   -2.35381
          2      12200  196.31536   -0.62747    0.00000   -0.62863    0.00000   -4.16735   -0.54027   -2.35381
          2      12300  197.90933   -0.62747    0.00000   -0.62863    0.00000   -4.16735   -0.54027   -2.35381
          2      12400  199.37720   -0.62748    0.00000   -0.62863    0.00000   -4.16735   -0.54027   -2.35381
          2      12500  201.09131   -0.62748    0.00000   -0.62863    0.00000   -4.16735   -0.54027   -2.35381
          2      12600  203.31912   -0.62749    0.00000   -0.62863    0.00000   -4.16735   -0.54027   -2.35381
          2      12700  204.91389   -0.62749    0.00000   -0.62863    0.00000   -4.16735   -0.54027   -2.35381
          2      12800  206.70226   -0.62749    0.00000   -0.62863    0.00000   -4.16735   -0.54027   -2.35381
          2      12900  208.48689   -0.62750    0.00000   -0.62863    0.00000   -4.16735   -0.54027   -2.35381
          2      13000  209.92801   -0.62750    0.00000   -0.62863    0.00000   -4.16735   -0.54027   -2.35381
          2      13100  212.18184   -0.62751    0.00000   -0.62863    0.00000   -4.16735   -0.54027   -2.35381
          2      13200  213.68212   -0.62751    0.00000   -0.62863    0.00000   -4.16735   -0.54027   -2.35381
          2      13300  214.88278   -0.62752    0.00000   -0.62863    0.00000   -4.16735   -0.54027   -2.35381
          2      13400  217.01908   -0.62752    0.00000   -0.62863    0.00000   -4.16735   -0.54027   -2.35381
          2      13500  218.55036   -0.62753    0.00000   -0.62863    0.00000   -4.16735   -0.54027   -2.35381
          2      13600  220.40261   -0.62753    0.00000   -0.62863    0.00000   -4.16735   -0.54027   -2.35381
          2      13700  222.04701   -0.62753    0.00000   -0.62863    0.00000   -4.16735   -0.54027   -2.35381
          2      13800  223.84864   -0.62754    0.00000   -0.62863    0.00000   -4.16735   -0.54027   -2.35381
          2      13900  225.12045   -0.62754    0.00000   -0.62863    0.00000   -4.16735   -0.54027   -2.35381
          2      14000  226.91917   -0.62755    0.00000   -0.62863    0.00000   -4.16735   -0.54027   -2.35381
          2      14100  228.23725   -0.62755    0.00000   -0.62863    0.00000   -4.16735   -0.54027   -2.35381
          2      14200  229.37230   -0.62755    0.00000   -0.62863    0.00000   -4.16735   -0.54027   -2.35381
          2      14300  231.61974   -0.62756    0.00000   -0.62863    0.00000   -4.16735   -0.54027   -2.35381
          2      14400  233.32990   -0.62756    0.00000   -0.62863    0.00000   -4.16735   -0.54027   -2.35381
          2      14500  235.01552   -0.62756    0.00000   -0.62863    0.00000   -4.16735   -0.54027   -2.35381
          2      14600  237.33603   -0.62757    0.00000   -0.62863    0.00000   -4.16735   -0.54027   -2.35381
          2      14700  239.16671   -0.62757    0.00000   -0.62863    0.00000   -4.16735   -0.54027   -2.35381
          2      14800  241.16280   -0.62758    0.00000   -0.62863    0.00000   -4.16735   -0.54027   -2.35381
          2      14900  243.50711   -0.62758    0.00000   -0.62863    0.00000   -4.16735   -0.54027   -2.35381
          2      15000  245.00595   -0.62758    0.00000   -0.62863    0.00000   -4.16735   -0.54027   -2.35381
          2      15100  246.68979   -0.62759    0.00000   -0.62863    0.00000   -4.16735   -0.54027   -2.35381
          2      15200  248.46399   -0.62759    0.00000   -0.62863    0.00000   -4.16735   -0.54027   -2.35381
          2      15300  250.16969   -0.62759    0.00000   -0.62863    0.00000   -4.16735   -0.54027   -2.35381
          2      15400  251.25543   -0.62760    0.00000   -0.62863    0.00000   -4.16735   -0.54027   -2.35381
          2      15500  252.83893   -0.62760    0.00000   -0.62863    0.00000   -4.16735   -0.54027   -2.35381
          2      15600  254.58725   -0.62760    0.00000   -0.62863    0.00000   -4.16735   -0.54027   -2.35381
          2      15700  256.38848   -0.62761    0.00000   -0.62863    0.00000   -4.16735   -0.54027   -2.35381
          2      15800  258.07839   -0.62761    0.00000   -0.62863    0.00000   -4.16735   -0.54027   -2.35381
          2      15900  259.67326   -0.62761    0.00000   -0.62863    0.00000   -4.16735   -0.54027   -2.35381
          2      16000  261.12458   -0.62762    0.00000   -0.62863    0.00000   -4.16735   -0.54027   -2.35381
          2      16100  262.58313   -0.62762    0.00000   -0.62863    0.00000   -4.16735   -0.54027   -2.35381
          2      16200  264.20707   -0.62762    0.00000   -0.62863    0.00000   -4.16735   -0.54027   -2.35381
          2      16300  265.62312   -0.62763    0.00000   -0.62863    0.00000   -4.16735   -0.54027   -2.35381
          2      16400  267.90182   -0.62763    0.00000   -0.62863    0.00000   -4.16735   -0.54027   -2.35381
          2      16500  268.97836   -0.62763    0.00000   -0.62863    0.00000   -4.16735   -0.54027   -2.35381
          2      16600  270.14761   -0.62764    0.00000   -0.62863    0.00000   -4.16735   -0.54027   -2.35381
          2      16700  272.10282   -0.62764    0.00000   -0.62863    0.00000   -4.16735   -0.54027   -2.35381
          2      16800  273.52976   -0.62764    0.00000   -0.62863    0.00000   -4.16735   -0.54027   -2.35381
          2      16900  275.47047   -0.62765    0.00000   -0.62863    0.00000   -4.16735   -0.54027   -2.35381
          2      17000  276.17927   -0.62765    0.00000   -0.62863    0.00000   -4.16735   -0.54027   -2.35381
          2      17100  277.79149   -0.62765    0.00000   -0.62863    0.00000   -4.16735   -0.54027   -2.35381
          2      17200  279.66644   -0.62765    0.00000   -0.62863    0.00000   -4.16735   -0.54027   -2.35381
          2      17300  281.07822   -0.62766    0.00000   -0.62863    0.00000   -4.16735   -0.54027   -2.35381
          2      17400  282.51116   -0.62766    0.00000   -0.62863    0.00000   -4.16735   -0.54027   -2.35381
          2      17500  284.35147   -0.62766    0.00000   -0.62863    0.00000   -4.16735   -0.54027   -2.35381
          2      17600  286.20022   -0.62767    0.00000   -0.62863    0.00000   -4.16735   -0.54027   -2.35381
          2      17700  287.81567   -0.62767    0.00000   -0.62863    0.00000   -4.16735   -0.54027   -2.35381
          2      17800  288.87885   -0.62767    0.00000   -0.62863    0.00000   -4.16735   -0.54027   -2.35381
          2      17900  290.92067   -0.62767    0.00000   -0.62863    0.00000   -4.16735   -0.54027   -2.35381
          2      18000  292.39367   -0.62768    0.00000   -0.62863    0.00000   -4.16735   -0.54027   -2.35381
          2      18100  293.91479   -0.62768    0.00000   -0.62863    0.00000   -4.16735   -0.54027   -2.35381
          2      18200  295.01574   -0.62768    0.00000   -0.62863    0.00000   -4.16735   -0.54027   -2.35381
          2      18300  296.88862   -0.62768    0.00000   -0.62863    0.00000   -4.16735   -0.54027   -2.35381
          2      18400  298.15950   -0.62769    0.00000   -0.62863    0.00000   -4.16735   -0.54027   -2.35381
          2      18500  300.21808   -0.62769    0.00000   -0.62863    0.00000   -4.16735   -0.54027   -2.35381
          2      18600  301.98425   -0.62769    0.00000   -0.62863    0.00000   -4.16735   -0.54027   -2.35381
          2      18700  303.71881   -0.62770    0.00000   -0.62863    0.00000   -4.16735   -0.54027   -2.35381
          2      18800  305.21882   -0.62770    0.00000   -0.62863    0.00000   -4.16735   -0.54027   -2.35381
          2      18900  307.09793   -0.62770    0.00000   -0.62863    0.00000   -4.16735   -0.54027   -2.35381
          2      19000  308.44361   -0.62770    0.00000   -0.62863    0.00000   -4.16735   -0.54027   -2.35381
          2      19100  310.77470   -0.62771    0.00000   -0.62863    0.00000   -4.16735   -0.54027   -2.35381
          2      19200  312.20928   -0.62771    0.00000   -0.62863    0.00000   -4.16735   -0.54027   -2.35381
          2      19300  313.76893   -0.62771    0.00000   -0.62863    0.00000   -4.16735   -0.54027   -2.35381
          2      19400  315.55556   -0.62771    0.00000   -0.62863    0.00000   -4.16735   -0.54027   -2.35381
          2      19500  316.64376   -0.62771    0.00000   -0.62863    0.00000   -4.16735   -0.54027   -2.35381
          2      19600  318.50024   -0.62772    0.00000   -0.62863    0.00000   -4.16735   -0.54027   -2.35381
          2      19700  320.08314   -0.62772    0.00000   -0.62863    0.00000   -4.16735   -0.54027   -2.35381
          2      19800  321.65323   -0.62772    0.00000   -0.62863    0.00000   -4.16735   -0.54027   -2.35381
          2      19900  323.61746   -0.62772    0.00000   -0.62863    0.00000   -4.16735   -0.54027   -2.35381
          2      20000  325.65525   -0.62773    0.00000   -0.62863    0.00000   -4.16735   -0.54027   -2.35381
          2      20100  327.63729   -0.62773    0.00000   -0.62863    0.00000   -4.16735   -0.54027   -2.35381
          2      20200  329.18504   -0.62773    0.00000   -0.62863    0.00000   -4.16735   -0.54027   -2.35381
          2      20300  330.49686   -0.62773    0.00000   -0.62863    0.00000   -4.16735   -0.54027   -2.35381
          2      20400  332.23646   -0.62774    0.00000   -0.62863    0.00000   -4.16735   -0.54027   -2.35381
          2      20500  333.61244   -0.62774    0.00000   -0.62863    0.00000   -4.16735   -0.54027   -2.35381
          2      20600  335.58733   -0.62774    0.00000   -0.62863    0.00000   -4.16735   -0.54027   -2.35381
          2      20700  336.87334   -0.62774    0.00000   -0.62863    0.00000   -4.16735   -0.54027   -2.35381
          2      20800  338.79368   -0.62774    0.00000   -0.62863    0.00000   -4.16735   -0.54027   -2.35381
          2      20900  340.20680   -0.62775    0.00000   -0.62863    0.00000   -4.16735   -0.54027   -2.35381
          2      21000  341.76352   -0.62775    0.00000   -0.62863    0.00000   -4.16735   -0.54027   -2.35381
          2      21100  343.50925   -0.62775    0.00000   -0.62863    0.00000   -4.16735   -0.54027   -2.35381
          2      21200  345.41629   -0.62775    0.00000   -0.62863    0.00000   -4.16735   -0.54027   -2.35381
          2      21300  347.03389   -0.62776    0.00000   -0.62863    0.00000   -4.16735   -0.54027   -2.35381
          2      21400  348.93968   -0.62776    0.00000   -0.62863    0.00000   -4.16735   -0.54027   -2.35381
          2      21500  349.68453   -0.62776    0.00000   -0.62863    0.00000   -4.16735   -0.54027   -2.35381
          2      21600  351.07270   -0.62776    0.00000   -0.62863    0.00000   -4.16735   -0.54027   -2.35381
          2      21700  352.58960   -0.62776    0.00000   -0.62863    0.00000   -4.16735   -0.54027   -2.35381
          2      21800  354.96295   -0.62777    0.00000   -0.62863    0.00000   -4.16735   -0.54027   -2.35381
          2      21900  356.52301   -0.62777    0.00000   -0.62863    0.00000   -4.16735   -0.54027   -2.35381
          2      22000  357.34404   -0.62777    0.00000   -0.62863    0.00000   -4.16735   -0.54027   -2.35381
          2      22100  358.09897   -0.62777    0.00000   -0.62863    0.00000   -4.16735   -0.54027   -2.35381
          2      22200  360.35861   -0.62777    0.00000   -0.62863    0.00000   -4.16735   -0.54027   -2.35381
          2      22300  361.55719   -0.62778    0.00000   -0.62863    0.00000   -4.16735   -0.54027   -2.35381
          2      22400  362.20735   -0.62778    0.00000   -0.62863    0.00000   -4.16735   -0.54027   -2.35381
          2      22500  363.76229   -0.62778    0.00000   -0.62863    0.00000   -4.16735   -0.54027   -2.35381
          2      22600  365.34890   -0.62778    0.00000   -0.62863    0.00000   -4.16735   -0.54027   -2.35381
          2      22700  366.39107   -0.62778    0.00000   -0.62863    0.00000   -4.16735   -0.54027   -2.35381
          2      22800  367.65119   -0.62779    0.00000   -0.62863    0.00000   -4.16735   -0.54027   -2.35381
          2      22900  369.09314   -0.62779    0.00000   -0.62863    0.00000   -4.16735   -0.54027   -2.35381
          2      23000  370.51358   -0.62779    0.00000   -0.62863    0.00000   -4.16735   -0.54027   -2.35381
          2      23100  372.24303   -0.62779    0.00000   -0.62863    0.00000   -4.16735   -0.54027   -2.35381
          2      23200  373.46058   -0.62779    0.00000   -0.62863    0.00000   -4.16735   -0.54027   -2.35381
          2      23300  375.18086   -0.62779    0.00000   -0.62863    0.00000   -4.16735   -0.54027   -2.35381
          2      23400  376.49631   -0.62780    0.00000   -0.62863    0.00000   -4.16735   -0.54027   -2.35381
          2      23500  377.74586   -0.62780    0.00000   -0.62863    0.00000   -4.16735   -0.54027   -2.35381
          2      23600  379.07293   -0.62780    0.00000   -0.62863    0.00000   -4.16735   -0.54027   -2.35381
          2      23700  380.84545   -0.62780    0.00000   -0.62863    0.00000   -4.16735   -0.54027   -2.35381
          2      23800  382.61021   -0.62780    0.00000   -0.62863    0.00000   -4.16735   -0.54027   -2.35381
          2      23900  384.38678   -0.62781    0.00000   -0.62863    0.00000   -4.16735   -0.54027   -2.35381
          2      24000  385.95530   -0.62781    0.00000   -0.62863    0.00000   -4.16735   -0.54027   -2.35381
          2      24100  386.78530   -0.62781    0.00000   -0.62863    0.00000   -4.16735   -0.54027   -2.35381
          2      24200  388.36165   -0.62781    0.00000   -0.62863    0.00000   -4.16735   -0.54027   -2.35381
          2      24300  389.19028   -0.62781    0.00000   -0.62863    0.00000   -4.16735   -0.54027   -2.35381
          2      24400  390.38667   -0.62781    0.00000   -0.62863    0.00000   -4.16735   -0.54027   -2.35381
          2      24500  392.72671   -0.62782    0.00000   -0.62863    0.00000   -4.16735   -0.54027   -2.35381
          2      24600  393.96661   -0.62782    0.00000   -0.62863    0.00000   -4.16735   -0.54027   -2.35381
          2      24700  395.73095   -0.62782    0.00000   -0.62863    0.00000   -4.16735   -0.54027   -2.35381
          2      24800  397.17644   -0.62782    0.00000   -0.62863    0.00000   -4.16735   -0.54027   -2.35381
          2      24900  398.95196   -0.62782    0.00000   -0.62863    0.00000   -4.16735   -0.54027   -2.35381
          2      25000  400.54501   -0.62782    0.00000   -0.62863    0.00000   -4.16735   -0.54027   -2.35381
          2      25100  401.60652   -0.62783    0.00000   -0.62863    0.00000   -4.16735   -0.54027   -2.35381
          2      25200  403.36273   -0.62783    0.00000   -0.62863    0.00000   -4.16735   -0.54027   -2.35381
          2      25300  404.86928   -0.62783    0.00000   -0.62863    0.00000   -4.16735   -0.54027   -2.35381
          2      25400  406.62704   -0.62783    0.00000   -0.62863    0.00000   -4.16735   -0.54027   -2.35381
          2      25500  409.12995   -0.62783    0.00000   -0.62863    0.00000   -4.16735   -0.54027   -2.35381
          2      25600  410.42603   -0.62783    0.00000   -0.62863    0.00000   -4.16735   -0.54027   -2.35381
          2      25700  412.25809   -0.62784    0.00000   -0.62863    0.00000   -4.16735   -0.54027   -2.35381
          2      25800  413.61069   -0.62784    0.00000   -0.62863    0.00000   -4.16735   -0.54027   -2.35381
          2      25900  415.34897   -0.62784    0.00000   -0.62863    0.00000   -4.16735   -0.54027   -2.35381
          2      26000  417.40676   -0.62784    0.00000   -0.62863    0.00000   -4.16735   -0.54027   -2.35381
          2      26100  418.86859   -0.62784    0.00000   -0.62863    0.00000   -4.16735   -0.54027   -2.35381
          2      26200  420.68561   -0.62784    0.00000   -0.62863    0.00000   -4.16735   -0.54027   -2.35381
          2      26300  422.11573   -0.62784    0.00000   -0.62863    0.00000   -4.16735   -0.54027   -2.35381
          2      26400  423.47103   -0.62785    0.00000   -0.62863    0.00000   -4.16735   -0.54027   -2.35381
          2      26500  425.07556   -0.62785    0.00000   -0.62863    0.00000   -4.16735   -0.54027   -2.35381
          2      26600  427.08576   -0.62785    0.00000   -0.62863    0.00000   -4.16735   -0.54027   -2.35381
          2      26700  428.42707   -0.62785    0.00000   -0.62863    0.00000   -4.16735   -0.54027   -2.35381
          2      26800  430.69146   -0.62785    0.00000   -0.62863    0.00000   -4.16735   -0.54027   -2.35381
          2      26900  432.30623   -0.62785    0.00000   -0.62863    0.00000   -4.16735   -0.54027   -2.35381
          2      27000  433.97890   -0.62786    0.00000   -0.62863    0.00000   -4.16735   -0.54027   -2.35381
          2      27100  435.89028   -0.62786    0.00000   -0.62863    0.00000   -4.16735   -0.54027   -2.35381
          2      27200  438.37127   -0.62786    0.00000   -0.62863    0.00000   -4.16735   -0.54027   -2.35381
          2      27300  440.08708   -0.62786    0.00000   -0.62863    0.00000   -4.16735   -0.54027   -2.35381
          2      27400  442.00806   -0.62786    0.00000   -0.62863    0.00000   -4.16735   -0.54027   -2.35381
          2      27500  442.63533   -0.62786    0.00000   -0.62863    0.00000   -4.16735   -0.54027   -2.35381
          2      27600  444.40374   -0.62786    0.00000   -0.62863    0.00000   -4.16735   -0.54027   -2.35381
          2      27700  446.04951   -0.62787    0.00000   -0.62863    0.00000   -4.16735   -0.54027   -2.35381
          2      27800  447.57841   -0.62787    0.00000   -0.62863    0.00000   -4.16735   -0.54027   -2.35381
          2      27900  448.76929   -0.62787    0.00000   -0.62863    0.00000   -4.16735   -0.54027   -2.35381
          2      28000  450.57580   -0.62787    0.00000   -0.62863    0.00000   -4.16735   -0.54027   -2.35381
          2      28100  452.57316   -0.62787    0.00000   -0.62863    0.00000   -4.16735   -0.54027   -2.35381
          2      28200  454.01189   -0.62787    0.00000   -0.62863    0.00000   -4.16735   -0.54027   -2.35381
          2      28300  455.49581   -0.62787    0.00000   -0.62863    0.00000   -4.16735   -0.54027   -2.35381
          2      28400  457.47732   -0.62787    0.00000   -0.62863    0.00000   -4.16735   -0.54027   -2.35381
          2      28500  458.70273   -0.62788    0.00000   -0.62863    0.00000   -4.16735   -0.54027   -2.35381
          2      28600  460.78552   -0.62788    0.00000   -0.62863    0.00000   -4.16735   -0.54027   -2.35381
          2      28700  462.96960   -0.62788    0.00000   -0.62863    0.00000   -4.16735   -0.54027   -2.35381
          2      28800  465.04493   -0.62788    0.00000   -0.62863    0.00000   -4.16735   -0.54027   -2.35381
          2      28900  466.21250   -0.62788    0.00000   -0.62863    0.00000   -4.16735   -0.54027   -2.35381
          2      29000  467.63116   -0.62788    0.00000   -0.62863    0.00000   -4.16735   -0.54027   -2.35381
          2      29100  469.23118   -0.62788    0.00000   -0.62863    0.00000   -4.16735   -0.54027   -2.35381
          2      29200  470.35018   -0.62789    0.00000   -0.62863    0.00000   -4.16735   -0.54027   -2.35381
          2      29300  471.97426   -0.62789    0.00000   -0.62863    0.00000   -4.16735   -0.54027   -2.35381
          2      29400  473.53214   -0.62789    0.00000   -0.62863    0.00000   -4.16735   -0.54027   -2.35381
          2      29500  475.79170   -0.62789    0.00000   -0.62863    0.00000   -4.16735   -0.54027   -2.35381
          2      29600  477.39020   -0.62789    0.00000   -0.62863    0.00000   -4.16735   -0.54027   -2.35381
          2      29700  479.23040   -0.62789    0.00000   -0.62863    0.00000   -4.16735   -0.54027   -2.35381
          2      29800  480.52760   -0.62789    0.00000   -0.62863    0.00000   -4.16735   -0.54027   -2.35381
          2      29900  482.20741   -0.62789    0.00000   -0.62863    0.00000   -4.16735   -0.54027   -2.35381
          2      30000  483.52987   -0.62790    0.00000   -0.62863    0.00000   -4.16735   -0.54027   -2.35381
          2      30100  485.11950   -0.62790    0.00000   -0.62863    0.00000   -4.16735   -0.54027   -2.35381
          2      30200  487.06925   -0.62790    0.00000   -0.62863    0.00000   -4.16735   -0.54027   -2.35381
          2      30300  488.34027   -0.62790    0.00000   -0.62863    0.00000   -4.16735   -0.54027   -2.35381
          2      30400  490.48940   -0.62790    0.00000   -0.62863    0.00000   -4.16735   -0.54027   -2.35381
          2      30500  492.16282   -0.62790    0.00000   -0.62863    0.00000   -4.16735   -0.54027   -2.35381
          2      30600  494.04515   -0.62790    0.00000   -0.62863    0.00000   -4.16735   -0.54027   -2.35381
          2      30700  495.19357   -0.62790    0.00000   -0.62863    0.00000   -4.16735   -0.54027   -2.35381
          2      30800  496.75400   -0.62791    0.00000   -0.62863    0.00000   -4.16735   -0.54027   -2.35381
          2      30900  498.55801   -0.62791    0.00000   -0.62863    0.00000   -4.16735   -0.54027   -2.35381
          2      31000  500.08237   -0.62791    0.00000   -0.62863    0.00000   -4.16735   -0.54027   -2.35381
          2      31100  501.73371   -0.62791    0.00000   -0.62863    0.00000   -4.16735   -0.54027   -2.35381
          2      31200  502.97974   -0.62791    0.00000   -0.62863    0.00000   -4.16735   -0.54027   -2.35381
          2      31300  504.06236   -0.62791    0.00000   -0.62863    0.00000   -4.16735   -0.54027   -2.35381
          2      31400  505.71922   -0.62791    0.00000   -0.62863    0.00000   -4.16735   -0.54027   -2.35381
          2      31500  508.11042   -0.62791    0.00000   -0.62863    0.00000   -4.16735   -0.54027   -2.35381
          2      31600  509.92206   -0.62791    0.00000   -0.62863    0.00000   -4.16735   -0.54027   -2.35381
          2      31700  511.33284   -0.62792    0.00000   -0.62863    0.00000   -4.16735   -0.54027   -2.35381
          2      31800  513.23368   -0.62792    0.00000   -0.62863    0.00000   -4.16735   -0.54027   -2.35381
          2      31900  515.05174   -0.62792    0.00000   -0.62863    0.00000   -4.16735   -0.54027   -2.35381
          2      32000  516.54227   -0.62792    0.00000   -0.62863    0.00000   -4.16735   -0.54027   -2.35381
          2      32100  518.15662   -0.62792    0.00000   -0.62863    0.00000   -4.16735   -0.54027   -2.35381
          2      32200  519.75279   -0.62792    0.00000   -0.62863    0.00000   -4.16735   -0.54027   -2.35381
          2      32300  521.10195   -0.62792    0.00000   -0.62863    0.00000   -4.16735   -0.54027   -2.35381
          2      32400  522.65683   -0.62792    0.00000   -0.62863    0.00000   -4.16735   -0.54027   -2.35381
          2      32500  523.96494   -0.62793    0.00000   -0.62863    0.00000   -4.16735   -0.54027   -2.35381
          2      32600  525.91809   -0.62793    0.00000   -0.62863    0.00000   -4.16735   -0.54027   -2.35381
          2      32700  527.40794   -0.62793    0.00000   -0.62863    0.00000   -4.16735   -0.54027   -2.35381
          2      32800  529.09055   -0.62793    0.00000   -0.62863    0.00000   -4.16735   -0.54027   -2.35381
          2      32900  530.96109   -0.62793    0.00000   -0.62863    0.00000   -4.16735   -0.54027   -2.35381
          2      33000  531.64679   -0.62793    0.00000   -0.62863    0.00000   -4.16735   -0.54027   -2.35381
          2      33100  533.85813   -0.62793    0.00000   -0.62863    0.00000   -4.16735   -0.54027   -2.35381
          2      33200  535.35662   -0.62793    0.00000   -0.62863    0.00000   -4.16735   -0.54027   -2.35381
          2      33300  536.63956   -0.62793    0.00000   -0.62863    0.00000   -4.16735   -0.54027   -2.35381
          2      33400  538.83890   -0.62793    0.00000   -0.62863    0.00000   -4.16735   -0.54027   -2.35381
          2      33500  540.01295   -0.62794    0.00000   -0.62863    0.00000   -4.16735   -0.54027   -2.35381
          2      33600  541.81305   -0.62794    0.00000   -0.62863    0.00000   -4.16735   -0.54027   -2.35381
          2      33700  542.69584   -0.62794    0.00000   -0.62863    0.00000   -4.16735   -0.54027   -2.35381
          2      33800  544.64180   -0.62794    0.00000   -0.62863    0.00000   -4.16735   -0.54027   -2.35381
          2      33900  546.69217   -0.62794    0.00000   -0.62863    0.00000   -4.16735   -0.54027   -2.35381
          2      34000  548.04394   -0.62794    0.00000   -0.62863    0.00000   -4.16735   -0.54027   -2.35381
          2      34100  549.20747   -0.62794    0.00000   -0.62863    0.00000   -4.16735   -0.54027   -2.35381
          2      34200  550.76195   -0.62794    0.00000   -0.62863    0.00000   -4.16735   -0.54027   -2.35381
          2      34300  552.02363   -0.62794    0.00000   -0.62863    0.00000   -4.16735   -0.54027   -2.35381
          2      34400  554.00337   -0.62795    0.00000   -0.62863    0.00000   -4.16735   -0.54027   -2.35381
          2      34500  555.97848   -0.62795    0.00000   -0.62863    0.00000   -4.16735   -0.54027   -2.35381
          2      34600  557.66711   -0.62795    0.00000   -0.62863    0.00000   -4.16735   -0.54027   -2.35381
          2      34700  559.76289   -0.62795    0.00000   -0.62863    0.00000   -4.16735   -0.54027   -2.35381
          2      34800  561.70290   -0.62795    0.00000   -0.62863    0.00000   -4.16735   -0.54027   -2.35381
          2      34900  563.33482   -0.62795    0.00000   -0.62863    0.00000   -4.16735   -0.54027   -2.35381
          2      35000  564.86137   -0.62795    0.00000   -0.62863    0.00000   -4.16735   -0.54027   -2.35381
          2      35100  566.66795   -0.62795    0.00000   -0.62863    0.00000   -4.16735   -0.54027   -2.35381
          2      35200  568.10731   -0.62795    0.00000   -0.62863    0.00000   -4.16735   -0.54027   -2.35381
          2      35300  570.20659   -0.62795    0.00000   -0.62863    0.00000   -4.16735   -0.54027   -2.35381
          2      35400  572.21363   -0.62796    0.00000   -0.62863    0.00000   -4.16735   -0.54027   -2.35381
          2      35500  573.49157   -0.62796    0.00000   -0.62863    0.00000   -4.16735   -0.54027   -2.35381
          2      35600  575.13551   -0.62796    0.00000   -0.62863    0.00000   -4.16735   -0.54027   -2.35381
          2      35700  576.34368   -0.62796    0.00000   -0.62863    0.00000   -4.16735   -0.54027   -2.35381
          2      35800  578.07032   -0.62796    0.00000   -0.62863    0.00000   -4.16735   -0.54027   -2.35381
          2      35900  580.00227   -0.62796    0.00000   -0.62863    0.00000   -4.16735   -0.54027   -2.35381
          2      36000  581.34373   -0.62796    0.00000   -0.62863    0.00000   -4.16735   -0.54027   -2.35381
          2      36100  583.15306   -0.62796    0.00000   -0.62863    0.00000   -4.16735   -0.54027   -2.35381
          2      36200  584.53083   -0.62796    0.00000   -0.62863    0.00000   -4.16735   -0.54027   -2.35381
          2      36300  585.98333   -0.62796    0.00000   -0.62863    0.00000   -4.16735   -0.54027   -2.35381
          2      36400  587.48980   -0.62796    0.00000   -0.62863    0.00000   -4.16735   -0.54027   -2.35381
          2      36500  589.15830   -0.62797    0.00000   -0.62863    0.00000   -4.16735   -0.54027   -2.35381
          2      36600  590.43340   -0.62797    0.00000   -0.62863    0.00000   -4.16735   -0.54027   -2.35381
          2      36700  592.05300   -0.62797    0.00000   -0.62863    0.00000   -4.16735   -0.54027   -2.35381
          2      36800  593.92394   -0.62797    0.00000   -0.62863    0.00000   -4.16735   -0.54027   -2.35381
          2      36900  595.06495   -0.62797    0.00000   -0.62863    0.00000   -4.16735   -0.54027   -2.35381
          2      37000  596.40950   -0.62797    0.00000   -0.62863    0.00000   -4.16735   -0.54027   -2.35381
          2      37100  597.59173   -0.62797    0.00000   -0.62863    0.00000   -4.16735   -0.54027   -2.35381
          2      37200  599.57702   -0.62797    0.00000   -0.62863    0.00000   -4.16735   -0.54027   -2.35381
          2      37255  600.23350   -0.62797    0.00000   -0.62863    0.00000   -4.16735   -0.54027   -2.35381
