          1          0    0.00000   -0.51407    0.00000   -0.51407    0.00000   -4.56619    4.56619    0.00000
          1          1    0.00311   -0.49899    0.00000   -0.47266    0.00000   -4.56619   -0.49899    0.00000
          2          0    0.00311   -0.15595    0.00000   -0.47266    0.00000   -4.56619   -0.49899   -2.53259
          2        100    1.80006   -0.55440    0.00000   -0.57355    0.00000   -4.56619   -0.49899   -2.53259
          2        200    3.47557   -0.56283    0.00000   -0.57187    0.00000   -4.56619   -0.49899   -2.53259
          2        300    5.04075   -0.56596    0.00000   -0.57558    0.00000   -4.56619   -0.49899   -2.53259
          2        400    6.20180   -0.56766    0.00000   -0.57580    0.00000   -4.56619   -0.49899   -2.53259
          2        500    8.04357   -0.56874    0.00000   -0.57578    0.00000   -4.56619   -0.49899   -2.53259
          2        600    9.54443   -0.56950    0.00000   -0.57579    0.00000   -4.56619   -0.49899   -2.53259
          2        700   11.12730   -0.57007    0.00000   -0.57580    0.00000   -4.56619   -0.49899   -2.53259
          2        800   12.79892   -0.57052    0.00000   -0.57581    0.00000   -4.56619   -0.49899   -2.53259
          2        900   14.25509   -0.57088    0.00000   -0.57581    0.00000   -4.56619   -0.49899   -2.53259
          2       1000   16.07840   -0.57118    0.00000   -0.57581    0.00000   -4.56619   -0.49899   -2.53259
          2       1100   18.04868   -0.57143    0.00000   -0.57582    0.00000   -4.56619   -0.49899   -2.53259
          2       1200   19.02845   -0.57165    0.00000   -0.57582    0.00000   -4.56619   -0.49899   -2.53259
          2       1300   20.71650   -0.57184    0.00000   -0.57582    0.00000   -4.56619   -0.49899   -2.53259
          2       1400   21.83378   -0.57201    0.00000   -0.57582    0.00000   -4.56619   -0.49899   -2.53259
          2       1500   23.35041   -0.57216    0.00000   -0.57582    0.00000   -4.56619   -0.49899   -2.53259
          2       1600   25.08464   -0.57229    0.00000   -0.57583    0.00000   -4.56619   -0.49899   -2.53259
          2       1700   26.94699   -0.57241    0.00000   -0.57583    0.00000   -4.56619   -0.49899   -2.53259
          2       1800   28.84438   -0.57252    0.00000   -0.57583    0.00000   -4.56619   -0.49899   -2.53259
          2       1900   30.27343   -0.57262    0.00000   -0.57583    0.00000   -4.56619   -0.49899   -2.53259
          2       2000   32.71138   -0.57271    0.00000   -0.57583    0.00000   -4.56619   -0.49899   -2.53259
          2       2100   34.14788   -0.57279    0.00000   -0.57583    0.00000   -4.56619   -0.49899   -2.53259
          2       2200   35.86043   -0.57287    0.00000   -0.57583    0.00000   -4.56619   -0.49899   -2.53259
          2       2300   37.49420   -0.57295    0.00000   -0.57583    0.00000   -4.56619   -0.49899   -2.53259
          2       2400   39.02119   -0.57301    0.00000   -0.57583    0.00000   -4.56619   -0.49899   -2.53259
          2       2500   40.57619   -0.57308    0.00000   -0.57583    0.00000   -4.56619   -0.49899   -2.53259
          2       2600   42.02808   -0.57314    0.00000   -0.57583    0.00000   -4.56619   -0.49899   -2.53259
          2       2700   43.59423   -0.57319    0.00000   -0.57583    0.00000   -4.56619   -0.49899   -2.53259
          2       2800   44.76554   -0.57325    0.00000   -0.57583    0.00000   -4.56619   -0.49899   -2.53259
          2       2900   46.81494   -0.57329    0.00000   -0.57583    0.00000   -4.56619   -0.49899   -2.53259
          2       3000   48.27229   -0.57334    0.00000   -0.57583    0.00000   -4.56619   -0.49899   -2.53259
          2       3100   49.92981   -0.57339    0.00000   -0.57583    0.00000   -4.56619   -0.49899   -2.53259
          2       3200   51.51064   -0.57343    0.00000   -0.57583    0.00000   -4.56619   -0.49899   -2.53259
          2       3300   53.67236   -0.57347    0.00000   -0.57583    0.00000   -4.56619   -0.49899   -2.53259
          2       3400   54.84865   -0.57351    0.00000   -0.57583    0.00000   -4.56619   -0.49899   -2.53259
          2       3500   56.25828   -0.57354    0.00000   -0.57583    0.00000   -4.56619   -0.49899   -2.53259
          2       3600   57.89960   -0.57358    0.00000   -0.57583    0.00000   -4.56619   -0.49899   -2.53259
          2       3700   59.97091   -0.57361    0.00000   -0.57583    0.00000   -4.56619   -0.49899   -2.53259
          2       3800   61.49581   -0.57365    0.00000   -0.57583    0.00000   -4.56619   -0.49899   -2.53259
          2       3900   62.94494   -0.57368    0.00000   -0.57583    0.00000   -4.56619   -0.49899   -2.53259
          2       4000   64.50652   -0.57371    0.00000   -0.57583    0.00000   -4.56619   -0.49899   -2.53259
          2       4100   66.07193   -0.57373    0.00000   -0.57583    0.00000   -4.56619   -0.49899   -2.53259
          2       4200   67.54531   -0.57376    0.00000   -0.57584    0.00000   -4.56619   -0.49899   -2.53259
          2       4300   68.78040   -0.57379    0.00000   -0.57584    0.00000   -4.56619   -0.49899   -2.53259
          2       4400   69.99356   -0.57381    0.00000   -0.57584    0.00000   -4.56619   -0.49899   -2.53259
          2       4500   72.24736   -0.57384    0.00000   -0.57584    0.00000   -4.56619   -0.49899   -2.53259
          2       4600   73.92981   -0.57386    0.00000   -0.57584    0.00000   -4.56619   -0.49899   -2.53259
          2       4700   75.39159   -0.57388    0.00000   -0.57584    0.00000   -4.56619   -0.49899   -2.53259
          2       4800   76.77855   -0.57391    0.00000   -0.57584    0.00000   -4.56619   -0.49899   -2.53259
          2       4900   78.93542   -0.57393    0.00000   -0.57584    0.00000   -4.56619   -0.49899   -2.53259
          2       5000   80.53836   -0.57395    0.00000   -0.57584    0.00000   -4.56619   -0.49899   -2.53259
          2       5100   81.86741   -0.57397    0.00000   -0.57584    0.00000   -4.56619   -0.49899   -2.53259
          2       5200   83.57424   -0.57399    0.00000   -0.57584    0.00000   -4.56619   -0.49899   -2.53259
          2       5300   84.96108   -0.57401    0.00000   -0.57584    0.00000   -4.56619   -0.49899   -2.53259
          2       5400   86.16605   -0.57403    0.00000   -0.57584    0.00000   -4.56619   -0.49899   -2.53259
          2       5500   88.12430   -0.57404    0.00000   -0.57584    0.00000   -4.56619   -0.49899   -2.53259
          2       5600   90.25714   -0.57406    0.00000   -0.57584    0.00000   -4.56619   -0.49899   -2.53259
          2       5700   91.58380   -0.57408    0.00000   -0.57584    0.00000   -4.56619   -0.49899   -2.53259
          2       5800   92.99205   -0.57409    0.00000   -0.57584    0.00000   -4.56619   -0.49899   -2.53259
          2       5900   94.82340   -0.57411    0.00000   -0.57584    0.00000   -4.56619   -0.49899   -2.53259
          2       6000   96.30369   -0.57412    0.00000   -0.57584    0.00000   -4.56619   -0.49899   -2.53259
          2       6100   97.79020   -0.57414    0.00000   -0.57584    0.00000   -4.56619   -0.49899   -2.53259
          2       6200   99.66184   -0.57415    0.00000   -0.57584    0.00000   -4.56619   -0.49899   -2.53259
          2       6300  101.04474   -0.57417    0.00000   -0.57584    0.00000   -4.56619   -0.49899   -2.53259
          2       6400  102.55458   -0.57418    0.00000   -0.57584    0.00000   -4.56619   -0.49899   -2.53259
          2       6500  104.42996   -0.57420    0.00000   -0.57584    0.00000   -4.56619   -0.49899   -2.53259
          2       6600  105.99196   -0.57421    0.00000   -0.57584    0.00000   -4.56619   -0.49899   -2.53259
          2       6700  107.38300   -0.57422    0.00000   -0.57584    0.00000   -4.56619   -0.49899   -2.53259
          2       6800  108.58605   -0.57424    0.00000   -0.57584    0.00000   -4.56619   -0.49899   -2.53259
          2       6900  110.20058   -0.57425    0.00000   -0.57584    0.00000   -4.56619   -0.49899   -2.53259
          2       7000  111.78481   -0.57426    0.00000   -0.57584    0.00000   -4.56619   -0.49899   -2.53259
          2       7100  113.35978   -0.57427    0.00000   -0.57584    0.00000   -4.56619   -0.49899   -2.53259
          2       7200  114.97956   -0.57428    0.00000   -0.57584    0.00000   -4.56619   -0.49899   -2.53259
          2       7300  116.31705   -0.57430    0.00000   -0.57584    0.00000   -4.56619   -0.49899   -2.53259
          2       7400  118.27759   -0.57431    0.00000   -0.57584    0.00000   -4.56619   -0.49899   -2.53259
          2       7500  119.76864   -0.57432    0.00000   -0.57584    0.00000   -4.56619   -0.49899   -2.53259
          2       7600  121.21564   -0.57433    0.00000   -0.57584    0.00000   -4.56619   -0.49899   -2.53259
          2       7700  122.91567   -0.57434    0.00000   -0.57584    0.00000   -4.56619   -0.49899   -2.53259
          2       7800  124.21143   -0.57435    0.00000   -0.57584    0.00000   -4.56619   -0.49899   -2.53259
          2       7900  125.79979   -0.57436    0.00000   -0.57584    0.00000   -4.56619   -0.49899   -2.53259
          2       8000  128.11561   -0.57437    0.00000   -0.57584    0.00000   -4.56619   -0.49899   -2.53259
          2       8100  129.78780   -0.57438    0.00000   -0.57584    0.00000   -4.56619   -0.49899   -2.53259
          2       8200  131.04175   -0.57439    0.00000   -0.57584    0.00000   -4.56619   -0.49899   -2.53259
          2       8300  132.24448   -0.57440    0.00000   -0.57584    0.00000   -4.56619   -0.49899   -2.53259
          2       8400  134.26950   -0.57441    0.00000   -0.57584    0.00000   -4.56619   -0.49899   -2.53259
          2       8500  135.94067   -0.57442    0.00000   -0.57584    0.00000   -4.56619   -0.49899   -2.53259
          2       8600  137.16751   -0.57442    0.00000   -0.57584    0.00000   -4.56619   -0.49899   -2.53259
          2       8700  138.93666   -0.57443    0.00000   -0.57584    0.00000   -4.56619   -0.49899   -2.53259
          2       8800  140.69305   -0.57444    0.00000   -0.57584    0.00000   -4.56619   -0.49899   -2.53259
          2       8900  141.48668   -0.57445    0.00000   -0.57584    0.00000   -4.56619   -0.49899   -2.53259
          2       9000  142.83683   -0.57446    0.00000   -0.57584    0.00000   -4.56619   -0.49899   -2.53259
          2       9100  144.13330   -0.57447    0.00000   -0.57584    0.00000   -4.56619   -0.49899   -2.53259
          2       9200  145.61208   -0.57447    0.00000   -0.57584    0.00000   -4.56619   -0.49899   -2.53259
          2       9300  146.88821   -0.57448    0.00000   -0.57584    0.00000   -4.56619   -0.49899   -2.53259
          2       9400  148.42520   -0.57449    0.00000   -0.57584    0.00000   -4.56619   -0.49899   -2.53259
          2       9500  149.85584   -0.57450    0.00000   -0.57584    0.00000   -4.56619   -0.49899   -2.53259
          2       9600  151.62772   -0.57450    0.00000   -0.57584    0.00000   -4.56619   -0.49899   -2.53259
          2       9700  152.99593   -0.57451    0.00000   -0.57584    0.00000   -4.56619   -0.49899   -2.53259
          2       9800  154.82314   -0.57452    0.00000   -0.57584    0.00000   -4.56619   -0.49899   -2.53259
          2       9900  156.34665   -0.57453    0.00000   -0.57584    0.00000   -4.56619   -0.49899   -2.53259
          2      10000  157.88836   -0.57453    0.00000   -0.57584    0.00000   -4.56619   -0.49899   -2.53259
          2      10100  159.48723   -0.57454    0.00000   -0.57584    0.00000   -4.56619   -0.49899   -2.53259
          2      10200  160.85173   -0.57455    0.00000   -0.57584    0.00000   -4.56619   -0.49899   -2.53259
          2      10300  162.34803   -0.57455    0.00000   -0.57584    0.00000   -4.56619   -0.49899   -2.53259
          2      10400  163.35090   -0.57456    0.00000   -0.57584    0.00000   -4.56619   -0.49899   -2.53259
          2      10500  164.27160   -0.57457    0.00000   -0.57584    0.00000   -4.56619   -0.49899   -2.53259
          2      10600  166.64427   -0.57457    0.00000   -0.57584    0.00000   -4.56619   -0.49899   -2.53259
          2      10700  168.53829   -0.57458    0.00000   -0.57584    0.00000   -4.56619   -0.49899   -2.53259
          2      10800  170.07566   -0.57458    0.00000   -0.57584    0.00000   -4.56619   -0.49899   -2.53259
          2      10900  171.71667   -0.57459    0.00000   -0.57584    0.00000   -4.56619   -0.49899   -2.53259
          2      11000  173.17155   -0.57460    0.00000   -0.57584    0.00000   -4.56619   -0.49899   -2.53259
          2      11100  174.45009   -0.57460    0.00000   -0.57584    0.00000   -4.56619   -0.49899   -2.53259
          2      11200  176.49246   -0.57461    0.00000   -0.57584    0.00000   -4.56619   -0.49899   -2.53259
          2      11300  177.99749   -0.57461    0.00000   -0.57584    0.00000   -4.56619   -0.49899   -2.53259
          2      11400  179.46456   -0.57462    0.00000   -0.57584    0.00000   -4.56619   -0.49899   -2.53259
          2      11500  181.65435   -0.57462    0.00000   -0.57584    0.00000   -4.56619   -0.49899   -2.53259
          2      11600  182.97414   -0.57463    0.00000   -0.57584    0.00000   -4.56619   -0.49899   -2.53259
          2      11700  184.40573   -0.57464    0.00000   -0.57584    0.00000   -4.56619   -0.49899   -2.53259
          2      11800  186.32286   -0.57464    0.00000   -0.57584    0.00000   -4.56619   -0.49899   -2.53259
          2      11900  187.89900   -0.57465    0.00000   -0.57584    0.00000   -4.56619   -0.49899   -2.53259
          2      12000  189.06525   -0.57465    0.00000   -0.57584    0.00000   -4.56619   -0.49899   -2.53259
          2      12100  191.34948   -0.57466    0.00000   -0.57584    0.00000   -4.56619   -0.49899   -2.53259
          2      12200  192.83485   -0.57466    0.00000   -0.57584    0.00000   -4.56619   -0.49899   -2.53259
          2      12300  194.00722   -0.57467    0.00000   -0.57584    0.00000   -4.56619   -0.49899   -2.53259
          2      12400  195.39666   -0.57467    0.00000   -0.57584    0.00000   -4.56619   -0.49899   -2.53259
          2      12500  196.71487   -0.57468    0.00000   -0.57584    0.00000   -4.56619   -0.49899   -2.53259
          2      12600  197.67025   -0.57468    0.00000   -0.57584    0.00000   -4.56619   -0.49899   -2.53259
          2      12700  199.08764   -0.57469    0.00000   -0.57584    0.00000   -4.56619   -0.49899   -2.53259
          2      12800  200.79008   -0.57469    0.00000   -0.57584    0.00000   -4.56619   -0.49899   -2.53259
          2      12900  202.94358   -0.57470    0.00000   -0.57584    0.00000   -4.56619   -0.49899   -2.53259
          2      13000  204.42694   -0.57470    0.00000   -0.57584    0.00000   -4.56619   -0.49899   -2.53259
          2      13100  206.67013   -0.57471    0.00000   -0.57584    0.00000   -4.56619   -0.49899   -2.53259
          2      13200  208.34144   -0.57471    0.00000   -0.57584    0.00000   -4.56619   -0.49899   -2.53259
          2      13300  209.75008   -0.57471    0.00000   -0.57584    0.00000   -4.56619   -0.49899   -2.53259
          2      13400  211.28652   -0.57472    0.00000   -0.57584    0.00000   -4.56619   -0.49899   -2.53259
          2      13500  212.95126   -0.57472    0.00000   -0.57584    0.00000   -4.56619   -0.49899   -2.53259
          2      13600  214.62519   -0.57473    0.00000   -0.57584    0.00000   -4.56619   -0.49899   -2.53259
          2      13700  216.34007   -0.57473    0.00000   -0.57584    0.00000   -4.56619   -0.49899   -2.53259
          2      13800  218.12783   -0.57474    0.00000   -0.57584    0.00000   -4.56619   -0.49899   -2.53259
          2      13900  219.93463   -0.57474    0.00000   -0.57584    0.00000   -4.56619   -0.49899   -2.53259
          2      14000  220.79383   -0.57474    0.00000   -0.57584    0.00000   -4.56619   -0.49899   -2.53259
          2      14100  222.38775   -0.57475    0.00000   -0.57584    0.00000   -4.56619   -0.49899   -2.53259
          2      14200  223.97962   -0.57475    0.00000   -0.57584    0.00000   -4.56619   -0.49899   -2.53259
          2      14300  225.44567   -0.57476    0.00000   -0.57584    0.00000   -4.56619   -0.49899   -2.53259
          2      14400  227.03685   -0.57476    0.00000   -0.57584    0.00000   -4.56619   -0.49899   -2.53259
          2      14500  228.35080   -0.57476    0.00000   -0.57584    0.00000   -4.56619   -0.49899   -2.53259
          2      14600  230.08862   -0.57477    0.00000   -0.57584    0.00000   -4.56619   -0.49899   -2.53259
          2      14700  231.75979   -0.57477    0.00000   -0.57584    0.00000   -4.56619   -0.49899   -2.53259
          2      14800  233.26216   -0.57478    0.00000   -0.57584    0.00000   -4.56619   -0.49899   -2.53259
          2      14900  235.09470   -0.57478    0.00000   -0.57584    0.00000   -4.56619   -0.49899   -2.53259
          2      15000  237.34086   -0.57478    0.00000   -0.57584    0.00000   -4.56619   -0.49899   -2.53259
          2      15100  238.68169   -0.57479    0.00000   -0.57584    0.00000   -4.56619   -0.49899   -2.53259
          2      15200  240.24635   -0.57479    0.00000   -0.57584    0.00000   -4.56619   -0.49899   -2.53259
          2      15300  241.89593   -0.57479    0.00000   -0.57584    0.00000   -4.56619   -0.49899   -2.53259
          2      15400  242.98270   -0.57480    0.00000   -0.57584    0.00000   -4.56619   -0.49899   -2.53259
          2      15500  244.63886   -0.57480    0.00000   -0.57584    0.00000   -4.56619   -0.49899   -2.53259
          2      15600  246.68933   -0.57480    0.00000   -0.57584    0.00000   -4.56619   -0.49899   -2.53259
          2      15700  248.72225   -0.57481    0.00000   -0.57584    0.00000   -4.56619   -0.49899   -2.53259
          2      15800  249.93994   -0.57481    0.00000   -0.57584    0.00000   -4.56619   -0.49899   -2.53259
          2      15900  251.32182   -0.57481    0.00000   -0.57584    0.00000   -4.56619   -0.49899   -2.53259
          2      16000  253.06464   -0.57482    0.00000   -0.57584    0.00000   -4.56619   -0.49899   -2.53259
          2      16100  254.71906   -0.57482    0.00000   -0.57584    0.00000   -4.56619   -0.49899   -2.53259
          2      16200  255.68857   -0.57482    0.00000   -0.57584    0.00000   -4.56619   -0.49899   -2.53259
          2      16300  257.04039   -0.57483    0.00000   -0.57584    0.00000   -4.56619   -0.49899   -2.53259
          2      16400  258.40070   -0.57483    0.00000   -0.57584    0.00000   -4.56619   -0.49899   -2.53259
          2      16500  259.85671   -0.57483    0.00000   -0.57584    0.00000   -4.56619   -0.49899   -2.53259
          2      16600  261.23778   -0.57484    0.00000   -0.57584    0.00000   -4.56619   -0.49899   -2.53259
          2      16700  262.78608   -0.57484    0.00000   -0.57584    0.00000   -4.56619   -0.49899   -2.53259
          2      16800  264.41114   -0.57484    0.00000   -0.57584    0.00000   -4.56619   -0.49899   -2.53259
          2      16900  265.93960   -0.57485    0.00000   -0.57584    0.00000   -4.56619   -0.49899   -2.53259
          2      17000  267.63813   -0.57485    0.00000   -0.57584    0.00000   -4.56619   -0.49899   -2.53259
          2      17100  268.83675   -0.57485    0.00000   -0.57584    0.00000   -4.56619   -0.49899   -2.53259
          2      17200  270.89944   -0.57486    0.00000   -0.57584    0.00000   -4.56619   -0.49899   -2.53259
          2      17300  272.17880   -0.57486    0.00000   -0.57584    0.00000   -4.56619   -0.49899   -2.53259
          2      17400  274.10964   -0.57486    0.00000   -0.57584    0.00000   -4.56619   -0.49899   -2.53259
          2      17500  275.00612   -0.57486    0.00000   -0.57584    0.00000   -4.56619   -0.49899   -2.53259
          2      17600  276.58600   -0.57487    0.00000   -0.57584    0.00000   -4.56619   -0.49899   -2.53259
          2      17700  278.04557   -0.57487    0.00000   -0.57584    0.00000   -4.56619   -0.49899   -2.53259
          2      17800  279.60011   -0.57487    0.00000   -0.57584    0.00000   -4.56619   -0.49899   -2.53259
          2      17900  280.73742   -0.57488    0.00000   -0.57584    0.00000   -4.56619   -0.49899   -2.53259
          2      18000  281.84193   -0.57488    0.00000   -0.57584    0.00000   -4.56619   -0.49899   -2.53259
          2      18100  283.70662   -0.57488    0.00000   -0.57584    0.00000   -4.56619   -0.49899   -2.53259
          2      18200  284.86430   -0.57488    0.00000   -0.57584    0.00000   -4.56619   -0.49899   -2.53259
          2      18300  286.07872   -0.57489    0.00000   -0.57584    0.00000   -4.56619   -0.49899   -2.53259
          2      18400  287.72256   -0.57489    0.00000   -0.57584    0.00000   -4.56619   -0.49899   -2.53259
          2      18500  289.32747   -0.57489    0.00000   -0.57584    0.00000   -4.56619   -0.49899   -2.53259
          2      18600  290.92987   -0.57489    0.00000   -0.57584    0.00000   -4.56619   -0.49899   -2.53259
          2      18700  292.32731   -0.57490    0.00000   -0.57584    0.00000   -4.56619   -0.49899   -2.53259
          2      18800  294.45885   -0.57490    0.00000   -0.57584    0.00000   -4.56619   -0.49899   -2.53259
          2      18900  296.12478   -0.57490    0.00000   -0.57584    0.00000   -4.56619   -0.49899   -2.53259
          2      19000  297.51480   -0.57491    0.00000   -0.57584    0.00000   -4.56619   -0.49899   -2.53259
          2      19100  298.82154   -0.57491    0.00000   -0.57584    0.00000   -4.56619   -0.49899   -2.53259
          2      19200  300.27598   -0.57491    0.00000   -0.57584    0.00000   -4.56619   -0.49899   -2.53259
          2      19300  302.03104   -0.57491    0.00000   -0.57584    0.00000   -4.56619   -0.49899   -2.53259
          2      19400  303.83832   -0.57492    0.00000   -0.57584    0.00000   -4.56619   -0.49899   -2.53259
          2      19500  305.11189   -0.57492    0.00000   -0.57584    0.00000   -4.56619   -0.49899   -2.53259
          2      19600  306.59844   -0.57492    0.00000   -0.57584    0.00000   -4.56619   -0.49899   -2.53259
          2      19700  308.35494   -0.57492    0.00000   -0.57584    0.00000   -4.56619   -0.49899   -2.53259
          2      19800  310.46582   -0.57493    0.00000   -0.57584    0.00000   -4.56619   -0.49899   -2.53259
          2      19900  311.58760   -0.57493    0.00000   -0.57584    0.00000   -4.56619   -0.49899   -2.53259
          2      20000  312.72170   -0.57493    0.00000   -0.57584    0.00000   -4.56619   -0.49899   -2.53259
          2      20100  314.15465   -0.57493    0.00000   -0.57584    0.00000   -4.56619   -0.49899   -2.53259
          2      20200  315.93558   -0.57493    0.00000   -0.57584    0.00000   -4.56619   -0.49899   -2.53259
          2      20300  317.57559   -0.57494    0.00000   -0.57584    0.00000   -4.56619   -0.49899   -2.53259
          2      20400  318.92890   -0.57494    0.00000   -0.57584    0.00000   -4.56619   -0.49899   -2.53259
          2      20500  320.56955   -0.57494    0.00000   -0.57584    0.00000   -4.56619   -0.49899   -2.53259
          2      20600  322.26376   -0.57494    0.00000   -0.57584    0.00000   -4.56619   -0.49899   -2.53259
          2      20700  323.64095   -0.57495    0.00000   -0.57584    0.00000   -4.56619   -0.49899   -2.53259
          2      20800  325.14296   -0.57495    0.00000   -0.57584    0.00000   -4.56619   -0.49899   -2.53259
          2      20900  326.96757   -0.57495    0.00000   -0.57584    0.00000   -4.56619   -0.49899   -2.53259
          2      21000  328.87003   -0.57495    0.00000   -0.57584    0.00000   -4.56619   -0.49899   -2.53259
          2      21100  329.94649   -0.57495    0.00000   -0.57584    0.00000   -4.56619   -0.49899   -2.53259
          2      21200  331.46054   -0.57496    0.00000   -0.57584    0.00000   -4.56619   -0.49899   -2.53259
          2      21300  333.78909   -0.57496    0.00000   -0.57584    0.00000   -4.56619   -0.49899   -2.53259
          2      21400  335.44904   -0.57496    0.00000   -0.57584    0.00000   -4.56619   -0.49899   -2.53259
          2      21500  337.34970   -0.57496    0.00000   -0.57584    0.00000   -4.56619   -0.49899   -2.53259
          2      21600  339.70543   -0.57497    0.00000   -0.57584    0.00000   -4.56619   -0.49899   -2.53259
          2      21700  341.09782   -0.57497    0.00000   -0.57584    0.00000   -4.56619   -0.49899   -2.53259
          2      21800  343.14837   -0.57497    0.00000   -0.57584    0.00000   -4.56619   -0.49899   -2.53259
          2      21900  344.80104   -0.57497    0.00000   -0.57584    0.00000   -4.56619   -0.49899   -2.53259
          2      22000  346.34960   -0.57497    0.00000   -0.57584    0.00000   -4.56619   -0.49899   -2.53259
          2      22100  348.17712   -0.57498    0.00000   -0.57584    0.00000   -4.56619   -0.49899   -2.53259
          2      22200  349.96820   -0.57498    0.00000   -0.57584    0.00000   -4.56619   -0.49899   -2.53259
          2      22300  351.71304   -0.57498    0.00000   -0.57584    0.00000   -4.56619   -0.49899   -2.53259
          2      22400  353.33039   -0.57498    0.00000   -0.57584    0.00000   -4.56619   -0.49899   -2.53259
          2      22500  354.82130   -0.57498    0.00000   -0.57584    0.00000   -4.56619   -0.49899   -2.53259
          2      22600  357.30103   -0.57499    0.00000   -0.57584    0.00000   -4.56619   -0.49899   -2.53259
          2      22700  357.80566   -0.57499    0.00000   -0.57584    0.00000   -4.56619   -0.49899   -2.53259
          2      22800  358.79007   -0.57499    0.00000   -0.57584    0.00000   -4.56619   -0.49899   -2.53259
          2      22900  360.29179   -0.57499    0.00000   -0.57584    0.00000   -4.56619   -0.49899   -2.53259
          2      23000  362.03640   -0.57499    0.00000   -0.57584    0.00000   -4.56619   -0.49899   -2.53259
          2      23100  363.59996   -0.57500    0.00000   -0.57584    0.00000   -4.56619   -0.49899   -2.53259
          2      23200  365.56014   -0.57500    0.00000   -0.57584    0.00000   -4.56619   -0.49899   -2.53259
          2      23300  367.29608   -0.57500    0.00000   -0.57584    0.00000   -4.56619   -0.49899   -2.53259
          2      23400  368.96157   -0.57500    0.00000   -0.57584    0.00000   -4.56619   -0.49899   -2.53259
          2      23500  371.03281   -0.57500    0.00000   -0.57584    0.00000   -4.56619   -0.49899   -2.53259
          2      23600  372.71644   -0.57500    0.00000   -0.57584    0.00000   -4.56619   -0.49899   -2.53259
          2      23700  374.41700   -0.57501    0.00000   -0.57584    0.00000   -4.56619   -0.49899   -2.53259
          2      23800  375.76761   -0.57501    0.00000   -0.57584    0.00000   -4.56619   -0.49899   -2.53259
          2      23900  377.40346   -0.57501    0.00000   -0.57584    0.00000   -4.56619   -0.49899   -2.53259
          2      24000  378.79277   -0.57501    0.00000   -0.57584    0.00000   -4.56619   -0.49899   -2.53259
          2      24100  380.11804   -0.57501    0.00000   -0.57584    0.00000   -4.56619   -0.49899   -2.53259
          2      24200  381.63473   -0.57502    0.00000   -0.57584    0.00000   -4.56619   -0.49899   -2.53259
          2      24300  383.19350   -0.57502    0.00000   -0.57584    0.00000   -4.56619   -0.49899   -2.53259
          2      24400  384.71284   -0.57502    0.00000   -0.57584    0.00000   -4.56619   -0.49899   -2.53259
          2      24500  385.95659   -0.57502    0.00000   -0.57584    0.00000   -4.56619   -0.49899   -2.53259
          2      24600  387.40678   -0.57502    0.00000   -0.57584    0.00000   -4.56619   -0.49899   -2.53259
          2      24700  388.70744   -0.57502    0.00000   -0.57584    0.00000   -4.56619   -0.49899   -2.53259
          2      24800  389.54795   -0.57503    0.00000   -0.57584    0.00000   -4.56619   -0.49899   -2.53259
          2      24900  391.54273   -0.57503    0.00000   -0.57584    0.00000   -4.56619   -0.49899   -2.53259
          2      25000  393.05237   -0.57503    0.00000   -0.57584    0.00000   -4.56619   -0.49899   -2.53259
          2      25100  394.91717   -0.57503    0.00000   -0.57584    0.00000   -4.56619   -0.49899   -2.53259
          2      25200  396.09588   -0.57503    0.00000   -0.57584    0.00000   -4.56619   -0.49899   -2.53259
          2      25300  397.39290   -0.57503    0.00000   -0.57584    0.00000   -4.56619   -0.49899   -2.53259
          2      25400  398.18517   -0.57504    0.00000   -0.57584    0.00000   -4.56619   -0.49899   -2.53259
          2      25500  399.81768   -0.57504    0.00000   -0.57584    0.00000   -4.56619   -0.49899   -2.53259
          2      25600  401.37659   -0.57504    0.00000   -0.57584    0.00000   -4.56619   -0.49899   -2.53259
          2      25700  402.95235   -0.57504    0.00000   -0.57584    0.00000   -4.56619   -0.49899   -2.53259
          2      25800  404.42412   -0.57504    0.00000   -0.57584    0.00000   -4.56619   -0.49899   -2.53259
          2      25900  406.04642   -0.57504    0.00000   -0.57584    0.00000   -4.56619   -0.49899   -2.53259
          2      26000  407.24268   -0.57505    0.00000   -0.57584    0.00000   -4.56619   -0.49899   -2.53259
          2      26100  408.59504   -0.57505    0.00000   -0.57584    0.00000   -4.56619   -0.49899   -2.53259
          2      26200  410.72008   -0.57505    0.00000   -0.57584    0.00000   -4.56619   -0.49899   -2.53259
          2      26300  412.06452   -0.57505    0.00000   -0.57584    0.00000   -4.56619   -0.49899   -2.53259
          2      26400  414.08346   -0.57505    0.00000   -0.57584    0.00000   -4.56619   -0.49899   -2.53259
          2      26500  416.08952   -0.57505    0.00000   -0.57584    0.00000   -4.56619   -0.49899   -2.53259
          2      26600  417.63604   -0.57505    0.00000   -0.57584    0.00000   -4.56619   -0.49899   -2.53259
          2      26700  419.32708   -0.57506    0.00000   -0.57584    0.00000   -4.56619   -0.49899   -2.53259
          2      26800  420.23213   -0.57506    0.00000   -0.57584    0.00000   -4.56619   -0.49899   -2.53259
          2      26900  421.48782   -0.57506    0.00000   -0.57584    0.00000   -4.56619   -0.49899   -2.53259
          2      27000  423.19248   -0.57506    0.00000   -0.57584    0.00000   -4.56619   -0.49899   -2.53259
          2      27100  425.46607   -0.57506    0.00000   -0.57584    0.00000   -4.56619   -0.49899   -2.53259
          2      27200  426.89146   -0.57506    0.00000   -0.57584    0.00000   -4.56619   -0.49899   -2.53259
          2      27300  428.73506   -0.57507    0.00000   -0.57584    0.00000   -4.56619   -0.49899   -2.53259
          2      27400  430.18392   -0.57507    0.00000   -0.57584    0.00000   -4.56619   -0.49899   -2.53259
          2      27500  431.55049   -0.57507    0.00000   -0.57584    0.00000   -4.56619   -0.49899   -2.53259
          2      27600  432.89296   -0.57507    0.00000   -0.57584    0.00000   -4.56619   -0.49899   -2.53259
          2      27700  435.04048   -0.57507    0.00000   -0.57584    0.00000   -4.56619   -0.49899   -2.53259
          2      27800  436.71697   -0.57507    0.00000   -0.57584    0.00000   -4.56619   -0.49899   -2.53259
          2      27900  438.50703   -0.57507    0.00000   -0.57584    0.00000   -4.56619   -0.49899   -2.53259
          2      28000  440.11826   -0.57508    0.00000   -0.57584    0.00000   -4.56619   -0.49899   -2.53259
          2      28100  441.97109   -0.57508    0.00000   -0.57584    0.00000   -4.56619   -0.49899   -2.53259
          2      28200  443.63312   -0.57508    0.00000   -0.57584    0.00000   -4.56619   -0.49899   -2.53259
          2      28300  445.15570   -0.57508    0.00000   -0.57584    0.00000   -4.56619   -0.49899   -2.53259
          2      28400  446.76879   -0.57508    0.00000   -0.57584    0.00000   -4.56619   -0.49899   -2.53259
          2      28500  448.41038   -0.57508    0.00000   -0.57584    0.00000   -4.56619   -0.49899   -2.53259
          2      28600  450.61355   -0.57508    0.00000   -0.57584    0.00000   -4.56619   -0.49899   -2.53259
          2      28700  452.38841   -0.57508    0.00000   -0.57584    0.00000   -4.56619   -0.49899   -2.53259
          2      28800  454.08951   -0.57509    0.00000   -0.57584    0.00000   -4.56619   -0.49899   -2.53259
          2      28900  455.58564   -0.57509    0.00000   -0.57584    0.00000   -4.56619   -0.49899   -2.53259
          2      29000  456.54583   -0.57509    0.00000   -0.57584    0.00000   -4.56619   -0.49899   -2.53259
          2      29100  458.50088   -0.57509    0.00000   -0.57584    0.00000   -4.56619   -0.49899   -2.53259
          2      29200  459.97158   -0.57509    0.00000   -0.57584    0.00000   -4.56619   -0.49899   -2.53259
          2      29300  461.27080   -0.57509    0.00000   -0.57584    0.00000   -4.56619   -0.49899   -2.53259
          2      29400  463.14927   -0.57509    0.00000   -0.57584    0.00000   -4.56619   -0.49899   -2.53259
          2      29500  464.60273   -0.57510    0.00000   -0.57584    0.00000   -4.56619   -0.49899   -2.53259
          2      29600  465.86263   -0.57510    0.00000   -0.57584    0.00000   -4.56619   -0.49899   -2.53259
          2      29700  467.42827   -0.57510    0.00000   -0.57584    0.00000   -4.56619   -0.49899   -2.53259
          2      29800  468.26812   -0.57510    0.00000   -0.57584    0.00000   -4.56619   -0.49899   -2.53259
          2      29900  469.96565   -0.57510    0.00000   -0.57584    0.00000   -4.56619   -0.49899   -2.53259
          2      30000  471.86015   -0.57510    0.00000   -0.57584    0.00000   -4.56619   -0.49899   -2.53259
          2      30100  473.51878   -0.57510    0.00000   -0.57584    0.00000   -4.56619   -0.49899   -2.53259
          2      30200  475.19315   -0.57510    0.00000   -0.57584    0.00000   -4.56619   -0.49899   -2.53259
          2      30300  476.98853   -0.57511    0.00000   -0.57584    0.00000   -4.56619   -0.49899   -2.53259
          2      30400  478.29121   -0.57511    0.00000   -0.57584    0.00000   -4.56619   -0.49899   -2.53259
          2      30500  479.61443   -0.57511    0.00000   -0.57584    0.00000   -4.56619   -0.49899   -2.53259
          2      30600  481.45196   -0.57511    0.00000   -0.57584    0.00000   -4.56619   -0.49899   -2.53259
          2      30700  482.65458   -0.57511    0.00000   -0.57584    0.00000   -4.56619   -0.49899   -2.53259
          2      30800  484.83980   -0.57511    0.00000   -0.57584    0.00000   -4.56619   -0.49899   -2.53259
          2      30900  486.22309   -0.57511    0.00000   -0.57584    0.00000   -4.56619   -0.49899   -2.53259
          2      31000  487.52875   -0.57511    0.00000   -0.57584    0.00000   -4.56619   -0.49899   -2.53259
          2      31100  488.97815   -0.57512    0.00000   -0.57584    0.00000   -4.56619   -0.49899   -2.53259
          2      31200  490.01983   -0.57512    0.00000   -0.57584    0.00000   -4.56619   -0.49899   -2.53259
          2      31300  491.42608   -0.57512    0.00000   -0.57584    0.00000   -4.56619   -0.49899   -2.53259
          2      31400  492.79445   -0.57512    0.00000   -0.57584    0.00000   -4.56619   -0.49899   -2.53259
          2      31500  493.85086   -0.57512    0.00000   -0.57584    0.00000   -4.56619   -0.49899   -2.53259
          2      31600  496.21239   -0.57512    0.00000   -0.57584    0.00000   -4.56619   -0.49899   -2.53259
          2      31700  497.79131   -0.57512    0.00000   -0.57584    0.00000   -4.56619   -0.49899   -2.53259
          2      31800  499.11272   -0.57512    0.00000   -0.57584    0.00000   -4.56619   -0.49899   -2.53259
          2      31900  500.45085   -0.57513    0.00000   -0.57584    0.00000   -4.56619   -0.49899   -2.53259
          2      32000  501.18842   -0.57513    0.00000   -0.57584    0.00000   -4.56619   -0.49899   -2.53259
          2      32100  502.77304   -0.57513    0.00000   -0.57584    0.00000   -4.56619   -0.49899   -2.53259
          2      32200  504.56684   -0.57513    0.00000   -0.57584    0.00000   -4.56619   -0.49899   -2.53259
          2      32300  506.13470   -0.57513    0.00000   -0.57584    0.00000   -4.56619   -0.49899   -2.53259
          2      32400  507.53994   -0.57513    0.00000   -0.57584    0.00000   -4.56619   -0.49899   -2.53259
          2      32500  509.88196   -0.57513    0.00000   -0.57584    0.00000   -4.56619   -0.49899   -2.53259
          2      32600  511.03083   -0.57513    0.00000   -0.57584    0.00000   -4.56619   -0.49899   -2.53259
          2      32700  512.65886   -0.57513    0.00000   -0.57584    0.00000   -4.56619   -0.49899   -2.53259
          2      32800  514.63845   -0.57514    0.00000   -0.57584    0.00000   -4.56619   -0.49899   -2.53259
          2      32900  516.00155   -0.57514    0.00000   -0.57584    0.00000   -4.56619   -0.49899   -2.53259
          2      33000  517.46904   -0.57514    0.00000   -0.57584    0.00000   -4.56619   -0.49899   -2.53259
          2      33100  518.54949   -0.57514    0.00000   -0.57584    0.00000   -4.56619   -0.49899   -2.53259
          2      33200  520.00595   -0.57514    0.00000   -0.57584    0.00000   -4.56619   -0.49899   -2.53259
          2      33300  521.75815   -0.57514    0.00000   -0.57584    0.00000   -4.56619   -0.49899   -2.53259
          2      33400  523.29163   -0.57514    0.00000   -0.57584    0.00000   -4.56619   -0.49899   -2.53259
          2      33500  525.46390   -0.57514    0.00000   -0.57584    0.00000   -4.56619   -0.49899   -2.53259
          2      33600  527.09590   -0.57514    0.00000   -0.57584    0.00000   -4.56619   -0.49899   -2.53259
          2      33700  528.60730   -0.57514    0.00000   -0.57584    0.00000   -4.56619   -0.49899   -2.53259
          2      33800  529.97763   -0.57515    0.00000   -0.57584    0.00000   -4.56619   -0.49899   -2.53259
          2      33900  531.55633   -0.57515    0.00000   -0.57584    0.00000   -4.56619   -0.49899   -2.53259
          2      34000  532.62027   -0.57515    0.00000   -0.57584    0.00000   -4.56619   -0.49899   -2.53259
          2      34100  534.20513   -0.57515    0.00000   -0.57584    0.00000   -4.56619   -0.49899   -2.53259
          2      34200  535.89383   -0.57515    0.00000   -0.57584    0.00000   -4.56619   -0.49899   -2.53259
          2      34300  537.18386   -0.57515    0.00000   -0.57584    0.00000   -4.56619   -0.49899   -2.53259
          2      34400  539.13890   -0.57515    0.00000   -0.57584    0.00000   -4.56619   -0.49899   -2.53259
          2      34500  540.86616   -0.57515    0.00000   -0.57584    0.00000   -4.56619   -0.49899   -2.53259
          2      34600  542.34798   -0.57515    0.00000   -0.57584    0.00000   -4.56619   -0.49899   -2.53259
          2      34700  543.81614   -0.57516    0.00000   -0.57584    0.00000   -4.56619   -0.49899   -2.53259
          2      34800  545.22181   -0.57516    0.00000   -0.57584    0.00000   -4.56619   -0.49899   -2.53259
          2      34900  546.82743   -0.57516    0.00000   -0.57584    0.00000   -4.56619   -0.49899   -2.53259
          2      35000  548.37584   -0.57516    0.00000   -0.57584    0.00000   -4.56619   -0.49899   -2.53259
          2      35100  550.04641   -0.57516    0.00000   -0.57584    0.00000   -4.56619   -0.49899   -2.53259
          2      35200  551.55751   -0.57516    0.00000   -0.57584    0.00000   -4.56619   -0.49899   -2.53259
          2      35300  553.31312   -0.57516    0.00000   -0.57584    0.00000   -4.56619   -0.49899   -2.53259
          2      35400  554.49970   -0.57516    0.00000   -0.57584    0.00000   -4.56619   -0.49899   -2.53259
          2      35500  556.54441   -0.57516    0.00000   -0.57584    0.00000   -4.56619   -0.49899   -2.53259
          2      35600  557.94582   -0.57516    0.00000   -0.57584    0.00000   -4.56619   -0.49899   -2.53259
          2      35700  559.70488   -0.57517    0.00000   -0.57584    0.00000   -4.56619   -0.49899   -2.53259
          2      35800  561.32220   -0.57517    0.00000   -0.57584    0.00000   -4.56619   -0.49899   -2.53259
          2      35900  562.75353   -0.57517    0.00000   -0.57584    0.00000   -4.56619   -0.49899   -2.53259
          2      36000  564.09794   -0.57517    0.00000   -0.57584    0.00000   -4.56619   -0.49899   -2.53259
          2      36100  565.98081   -0.57517    0.00000   -0.57584    0.00000   -4.56619   -0.49899   -2.53259
          2      36200  567.39388   -0.57517    0.00000   -0.57584    0.00000   -4.56619   -0.49899   -2.53259
          2      36300  568.88838   -0.57517    0.00000   -0.57584    0.00000   -4.56619   -0.49899   -2.53259
          2      36400  570.90189   -0.57517    0.00000   -0.57584    0.00000   -4.56619   -0.49899   -2.53259
          2      36500  572.64778   -0.57517    0.00000   -0.57584    0.00000   -4.56619   -0.49899   -2.53259
          2      36600  574.57846   -0.57517    0.00000   -0.57584    0.00000   -4.56619   -0.49899   -2.53259
          2      36700  576.30326   -0.57517    0.00000   -0.57584    0.00000   -4.56619   -0.49899   -2.53259
          2      36800  577.67867   -0.57518    0.00000   -0.57584    0.00000   -4.56619   -0.49899   -2.53259
          2      36900  578.93899   -0.57518    0.00000   -0.57584    0.00000   -4.56619   -0.49899   -2.53259
          2      37000  580.54351   -0.57518    0.00000   -0.57584    0.00000   -4.56619   -0.49899   -2.53259
          2      37100  582.38036   -0.57518    0.00000   -0.57584    0.00000   -4.56619   -0.49899   -2.53259
          2      37200  584.22371   -0.57518    0.00000   -0.57584    0.00000   -4.56619   -0.49899   -2.53259
          2      37300  585.57062   -0.57518    0.00000   -0.57584    0.00000   -4.56619   -0.49899   -2.53259
          2      37400  585.86096   -0.57518    0.00000   -0.57584    0.00000   -4.56619   -0.49899   -2.53259
          2      37500  587.74498   -0.57518    0.00000   -0.57584    0.00000   -4.56619   -0.49899   -2.53259
          2      37600  589.62022   -0.57518    0.00000   -0.57584    0.00000   -4.56619   -0.49899   -2.53259
          2      37700  591.35246   -0.57518    0.00000   -0.57584    0.00000   -4.56619   -0.49899   -2.53259
          2      37800  593.39897   -0.57518    0.00000   -0.57584    0.00000   -4.56619   -0.49899   -2.53259
          2      37900  593.63649   -0.57519    0.00000   -0.57584    0.00000   -4.56619   -0.49899   -2.53259
          2      38000  594.89167   -0.57519    0.00000   -0.57584    0.00000   -4.56619   -0.49899   -2.53259
          2      38100  595.63600   -0.57519    0.00000   -0.57584    0.00000   -4.56619   -0.49899   -2.53259
          2      38200  596.84411   -0.57519    0.00000   -0.57584    0.00000   -4.56619   -0.49899   -2.53259
          2      38300  597.74244   -0.57519    0.00000   -0.57584    0.00000   -4.56619   -0.49899   -2.53259
          2      38400  598.65023   -0.57519    0.00000   -0.57584    0.00000   -4.56619   -0.49899   -2.53259
          2      38500  599.41024   -0.57519    0.00000   -0.57584    0.00000   -4.56619   -0.49899   -2.53259
          2      38546  600.00091   -0.57519    0.00000   -0.57584    0.00000   -4.56619   -0.49899   -2.53259
