          1          0    0.00000   -0.43442    0.00000   -0.43442    0.00000   -4.28562    4.28562    0.00000
          1          1    0.00338   -0.23316    0.00000   -0.16377    0.00000   -4.28562   -0.23316    0.00000
          2          0    0.00338   -0.14024    0.00000   -0.16377    0.00000   -4.28562   -0.23316   -2.25939
          2        100    2.46021   -0.49062    0.00000   -0.50248    0.00000   -4.28562   -0.23316   -2.25939
          2        200    3.87757   -0.50043    0.00000   -0.50423    0.00000   -4.28562   -0.23316   -2.25939
          2        300    6.82149   -0.50487    0.00000   -0.50679    0.00000   -4.28562   -0.23316   -2.25939
          2        400    8.39774   -0.50707    0.00000   -0.50818    0.00000   -4.28562   -0.23316   -2.25939
          2        500   10.13630   -0.50835    0.00000   -0.50906    0.00000   -4.28562   -0.23316   -2.25939
          2        600   11.28819   -0.50916    0.00000   -0.50967    0.00000   -4.28562   -0.23316   -2.25939
          2        700   13.20515   -0.50971    0.00000   -0.51012    0.00000   -4.28562   -0.23316   -2.25939
          2        800   13.92626   -0.51011    0.00000   -0.51047    0.00000   -4.28562   -0.23316   -2.25939
          2        900   15.91293   -0.51040    0.00000   -0.51074    0.00000   -4.28562   -0.23316   -2.25939
          2       1000   17.16453   -0.51064    0.00000   -0.51054    0.00000   -4.28562   -0.23316   -2.25939
          2       1100   18.53911   -0.51085    0.00000   -0.51075    0.00000   -4.28562   -0.23316   -2.25939
          2       1200   20.54079   -0.51102    0.00000   -0.51094    0.00000   -4.28562   -0.23316   -2.25939
          2       1300   22.08307   -0.51115    0.00000   -0.51110    0.00000   -4.28562   -0.23316   -2.25939
          2       1400   23.84377   -0.51126    0.00000   -0.51124    0.00000   -4.28562   -0.23316   -2.25939
          2       1500   25.40719   -0.51136    0.00000   -0.51137    0.00000   -4.28562   -0.23316   -2.25939
          2       1600   26.89774   -0.51144    0.00000   -0.51149    0.00000   -4.28562   -0.23316   -2.25939
          2       1700   28.45930   -0.51151    0.00000   -0.51160    0.00000   -4.28562   -0.23316   -2.25939
          2       1800   30.37629   -0.51157    0.00000   -0.51170    0.00000   -4.28562   -0.23316   -2.25939
          2       1900   32.28817   -0.51163    0.00000   -0.51180    0.00000   -4.28562   -0.23316   -2.25939
          2       2000   33.46056   -0.51167    0.00000   -0.51190    0.00000   -4.28562   -0.23316   -2.25939
          2       2100   34.99418   -0.51172    0.00000   -0.51201    0.00000   -4.28562   -0.23316   -2.25939
          2       2200   36.49074   -0.51176    0.00000   -0.51105    0.00000   -4.28562   -0.23316   -2.25939
          2       2300   37.58315   -0.51179    0.00000   -0.51085    0.00000   -4.28562   -0.23316   -2.25939
          2       2400   39.23380   -0.51182    0.00000   -0.51105    0.00000   -4.28562   -0.23316   -2.25939
          2       2500   41.13545   -0.51185    0.00000   -0.51156    0.00000   -4.28562   -0.23316   -2.25939
          2       2600   42.00798   -0.51187    0.00000   -0.51168    0.00000   -4.28562   -0.23316   -2.25939
          2       2700   44.01332   -0.51190    0.00000   -0.51207    0.00000   -4.28562   -0.23316   -2.25939
          2       2800   45.21845   -0.51192    0.00000   -0.51162    0.00000   -4.28562   -0.23316   -2.25939
          2       2900   46.50871   -0.51194    0.00000   -0.50965    0.00000   -4.28562   -0.23316   -2.25939
          2       3000   48.04977   -0.51195    0.00000   -0.51189    0.00000   -4.28562   -0.23316   -2.25939
          2       3100   49.39396   -0.51197    0.00000   -0.51006    0.00000   -4.28562   -0.23316   -2.25939
          2       3200   50.83049   -0.51198    0.00000   -0.51126    0.00000   -4.28562   -0.23316   -2.25939
          2       3300   52.40238   -0.51200    0.00000   -0.51173    0.00000   -4.28562   -0.23316   -2.25939
          2       3400   54.14237   -0.51201    0.00000   -0.51195    0.00000   -4.28562   -0.23316   -2.25939
          2       3500   54.84082   -0.51202    0.00000   -0.51215    0.00000   -4.28562   -0.23316   -2.25939
          2       3600   57.40550   -0.51203    0.00000   -0.51199    0.00000   -4.28562   -0.23316   -2.25939
          2       3700   59.39433   -0.51204    0.00000   -0.51183    0.00000   -4.28562   -0.23316   -2.25939
          2       3800   61.26269   -0.51205    0.00000   -0.51195    0.00000   -4.28562   -0.23316   -2.25939
          2       3900   62.05927   -0.51206    0.00000   -0.51094    0.00000   -4.28562   -0.23316   -2.25939
          2       4000   63.85501   -0.51207    0.00000   -0.51197    0.00000   -4.28562   -0.23316   -2.25939
          2       4100   66.00540   -0.51207    0.00000   -0.51223    0.00000   -4.28562   -0.23316   -2.25939
          2       4200   67.46289   -0.51208    0.00000   -0.51195    0.00000   -4.28562   -0.23316   -2.25939
          2       4300   68.54792   -0.51209    0.00000   -0.51183    0.00000   -4.28562   -0.23316   -2.25939
          2       4400   69.79372   -0.51209    0.00000   -0.51215    0.00000   -4.28562   -0.23316   -2.25939
          2       4500   71.52117   -0.51210    0.00000   -0.51221    0.00000   -4.28562   -0.23316   -2.25939
          2       4600   73.02346   -0.51211    0.00000   -0.51201    0.00000   -4.28562   -0.23316   -2.25939
          2       4700   74.62111   -0.51211    0.00000   -0.51193    0.00000   -4.28562   -0.23316   -2.25939
          2       4800   77.13714   -0.51212    0.00000   -0.51205    0.00000   -4.28562   -0.23316   -2.25939
          2       4900   78.50060   -0.51212    0.00000   -0.51223    0.00000   -4.28562   -0.23316   -2.25939
          2       5000   80.18876   -0.51212    0.00000   -0.51206    0.00000   -4.28562   -0.23316   -2.25939
          2       5100   82.26728   -0.51213    0.00000   -0.51198    0.00000   -4.28562   -0.23316   -2.25939
          2       5200   83.88871   -0.51213    0.00000   -0.51196    0.00000   -4.28562   -0.23316   -2.25939
          2       5300   85.55501   -0.51214    0.00000   -0.51225    0.00000   -4.28562   -0.23316   -2.25939
          2       5400   87.04437   -0.51214    0.00000   -0.51210    0.00000   -4.28562   -0.23316   -2.25939
          2       5500   88.46715   -0.51214    0.00000   -0.51203    0.00000   -4.28562   -0.23316   -2.25939
          2       5600   89.72652   -0.51215    0.00000   -0.51189    0.00000   -4.28562   -0.23316   -2.25939
          2       5700   91.26649   -0.51215    0.00000   -0.51225    0.00000   -4.28562   -0.23316   -2.25939
          2       5800   92.53153   -0.51215    0.00000   -0.51215    0.00000   -4.28562   -0.23316   -2.25939
          2       5900   94.08775   -0.51216    0.00000   -0.51206    0.00000   -4.28562   -0.23316   -2.25939
          2       6000   96.24557   -0.51216    0.00000   -0.51182    0.00000   -4.28562   -0.23316   -2.25939
          2       6100   97.78588   -0.51216    0.00000   -0.51226    0.00000   -4.28562   -0.23316   -2.25939
          2       6200   99.59579   -0.51216    0.00000   -0.51218    0.00000   -4.28562   -0.23316   -2.25939
          2       6300  101.56170   -0.51217    0.00000   -0.51210    0.00000   -4.28562   -0.23316   -2.25939
          2       6400  103.38867   -0.51217    0.00000   -0.51175    0.00000   -4.28562   -0.23316   -2.25939
          2       6500  104.42992   -0.51217    0.00000   -0.51227    0.00000   -4.28562   -0.23316   -2.25939
          2       6600  106.10169   -0.51217    0.00000   -0.51221    0.00000   -4.28562   -0.23316   -2.25939
          2       6700  107.48581   -0.51217    0.00000   -0.51214    0.00000   -4.28562   -0.23316   -2.25939
          2       6800  109.59521   -0.51218    0.00000   -0.51169    0.00000   -4.28562   -0.23316   -2.25939
          2       6900  111.04966   -0.51218    0.00000   -0.51226    0.00000   -4.28562   -0.23316   -2.25939
          2       7000  112.67479   -0.51218    0.00000   -0.51223    0.00000   -4.28562   -0.23316   -2.25939
          2       7100  114.63722   -0.51218    0.00000   -0.51219    0.00000   -4.28562   -0.23316   -2.25939
          2       7200  116.09575   -0.51218    0.00000   -0.51162    0.00000   -4.28562   -0.23316   -2.25939
          2       7300  117.40663   -0.51219    0.00000   -0.51224    0.00000   -4.28562   -0.23316   -2.25939
          2       7400  118.67823   -0.51219    0.00000   -0.51223    0.00000   -4.28562   -0.23316   -2.25939
          2       7500  120.52606   -0.51219    0.00000   -0.51224    0.00000   -4.28562   -0.23316   -2.25939
          2       7600  122.58646   -0.51219    0.00000   -0.51156    0.00000   -4.28562   -0.23316   -2.25939
          2       7700  124.04344   -0.51219    0.00000   -0.51222    0.00000   -4.28562   -0.23316   -2.25939
          2       7800  125.59491   -0.51219    0.00000   -0.51223    0.00000   -4.28562   -0.23316   -2.25939
          2       7900  127.19364   -0.51219    0.00000   -0.51230    0.00000   -4.28562   -0.23316   -2.25939
          2       8000  128.65322   -0.51220    0.00000   -0.51177    0.00000   -4.28562   -0.23316   -2.25939
          2       8100  130.43296   -0.51220    0.00000   -0.51158    0.00000   -4.28562   -0.23316   -2.25939
          2       8200  131.72922   -0.51220    0.00000   -0.51178    0.00000   -4.28562   -0.23316   -2.25939
          2       8300  133.53748   -0.51220    0.00000   -0.51174    0.00000   -4.28562   -0.23316   -2.25939
          2       8400  134.81664   -0.51220    0.00000   -0.51156    0.00000   -4.28562   -0.23316   -2.25939
          2       8500  136.07133   -0.51220    0.00000   -0.51183    0.00000   -4.28562   -0.23316   -2.25939
          2       8600  137.86250   -0.51220    0.00000   -0.51176    0.00000   -4.28562   -0.23316   -2.25939
          2       8700  139.20300   -0.51221    0.00000   -0.51156    0.00000   -4.28562   -0.23316   -2.25939
          2       8800  140.40166   -0.51221    0.00000   -0.51188    0.00000   -4.28562   -0.23316   -2.25939
          2       8900  142.38409   -0.51221    0.00000   -0.51178    0.00000   -4.28562   -0.23316   -2.25939
          2       9000  144.01781   -0.51221    0.00000   -0.51155    0.00000   -4.28562   -0.23316   -2.25939
          2       9100  145.69984   -0.51221    0.00000   -0.51192    0.00000   -4.28562   -0.23316   -2.25939
          2       9200  147.51939   -0.51221    0.00000   -0.51179    0.00000   -4.28562   -0.23316   -2.25939
          2       9300  148.73966   -0.51221    0.00000   -0.51155    0.00000   -4.28562   -0.23316   -2.25939
          2       9400  149.92986   -0.51221    0.00000   -0.51196    0.00000   -4.28562   -0.23316   -2.25939
          2       9500  151.05338   -0.51222    0.00000   -0.51181    0.00000   -4.28562   -0.23316   -2.25939
          2       9600  152.96976   -0.51222    0.00000   -0.51155    0.00000   -4.28562   -0.23316   -2.25939
          2       9700  154.78843   -0.51222    0.00000   -0.51200    0.00000   -4.28562   -0.23316   -2.25939
          2       9800  156.37409   -0.51222    0.00000   -0.51183    0.00000   -4.28562   -0.23316   -2.25939
          2       9900  157.55812   -0.51222    0.00000   -0.51156    0.00000   -4.28562   -0.23316   -2.25939
          2      10000  158.89180   -0.51222    0.00000   -0.51203    0.00000   -4.28562   -0.23316   -2.25939
          2      10100  159.87766   -0.51222    0.00000   -0.51184    0.00000   -4.28562   -0.23316   -2.25939
          2      10200  161.70468   -0.51222    0.00000   -0.51156    0.00000   -4.28562   -0.23316   -2.25939
          2      10300  163.46813   -0.51222    0.00000   -0.51207    0.00000   -4.28562   -0.23316   -2.25939
          2      10400  165.26034   -0.51222    0.00000   -0.51186    0.00000   -4.28562   -0.23316   -2.25939
          2      10500  166.52000   -0.51223    0.00000   -0.51156    0.00000   -4.28562   -0.23316   -2.25939
          2      10600  167.97061   -0.51223    0.00000   -0.51210    0.00000   -4.28562   -0.23316   -2.25939
          2      10700  169.97328   -0.51223    0.00000   -0.51188    0.00000   -4.28562   -0.23316   -2.25939
          2      10800  171.49020   -0.51223    0.00000   -0.51157    0.00000   -4.28562   -0.23316   -2.25939
          2      10900  173.21465   -0.51223    0.00000   -0.51213    0.00000   -4.28562   -0.23316   -2.25939
          2      11000  175.05837   -0.51223    0.00000   -0.51189    0.00000   -4.28562   -0.23316   -2.25939
          2      11100  176.68786   -0.51223    0.00000   -0.51157    0.00000   -4.28562   -0.23316   -2.25939
          2      11200  178.21908   -0.51223    0.00000   -0.51215    0.00000   -4.28562   -0.23316   -2.25939
          2      11300  180.30813   -0.51223    0.00000   -0.51191    0.00000   -4.28562   -0.23316   -2.25939
          2      11400  181.65410   -0.51223    0.00000   -0.51158    0.00000   -4.28562   -0.23316   -2.25939
          2      11500  183.50372   -0.51223    0.00000   -0.51218    0.00000   -4.28562   -0.23316   -2.25939
          2      11600  185.21942   -0.51223    0.00000   -0.51192    0.00000   -4.28562   -0.23316   -2.25939
          2      11700  187.02696   -0.51223    0.00000   -0.51159    0.00000   -4.28562   -0.23316   -2.25939
          2      11800  188.80349   -0.51224    0.00000   -0.51220    0.00000   -4.28562   -0.23316   -2.25939
          2      11900  190.01181   -0.51224    0.00000   -0.51194    0.00000   -4.28562   -0.23316   -2.25939
          2      12000  191.99441   -0.51224    0.00000   -0.51160    0.00000   -4.28562   -0.23316   -2.25939
          2      12100  192.94442   -0.51224    0.00000   -0.51222    0.00000   -4.28562   -0.23316   -2.25939
          2      12200  194.69730   -0.51224    0.00000   -0.51195    0.00000   -4.28562   -0.23316   -2.25939
          2      12300  196.66114   -0.51224    0.00000   -0.51160    0.00000   -4.28562   -0.23316   -2.25939
          2      12400  197.79252   -0.51224    0.00000   -0.51224    0.00000   -4.28562   -0.23316   -2.25939
          2      12500  199.08634   -0.51224    0.00000   -0.51196    0.00000   -4.28562   -0.23316   -2.25939
          2      12600  200.58751   -0.51224    0.00000   -0.51161    0.00000   -4.28562   -0.23316   -2.25939
          2      12700  202.23124   -0.51224    0.00000   -0.51226    0.00000   -4.28562   -0.23316   -2.25939
          2      12800  203.40051   -0.51224    0.00000   -0.51197    0.00000   -4.28562   -0.23316   -2.25939
          2      12900  204.78538   -0.51224    0.00000   -0.51162    0.00000   -4.28562   -0.23316   -2.25939
          2      13000  205.96620   -0.51224    0.00000   -0.51228    0.00000   -4.28562   -0.23316   -2.25939
          2      13100  207.06621   -0.51224    0.00000   -0.51199    0.00000   -4.28562   -0.23316   -2.25939
          2      13200  209.03817   -0.51224    0.00000   -0.51163    0.00000   -4.28562   -0.23316   -2.25939
          2      13300  210.64730   -0.51224    0.00000   -0.51229    0.00000   -4.28562   -0.23316   -2.25939
          2      13400  212.29781   -0.51224    0.00000   -0.51200    0.00000   -4.28562   -0.23316   -2.25939
          2      13500  214.00767   -0.51225    0.00000   -0.51164    0.00000   -4.28562   -0.23316   -2.25939
          2      13600  215.60905   -0.51225    0.00000   -0.51229    0.00000   -4.28562   -0.23316   -2.25939
          2      13700  217.15374   -0.51225    0.00000   -0.51201    0.00000   -4.28562   -0.23316   -2.25939
          2      13800  218.46250   -0.51225    0.00000   -0.51165    0.00000   -4.28562   -0.23316   -2.25939
          2      13900  220.47147   -0.51225    0.00000   -0.51229    0.00000   -4.28562   -0.23316   -2.25939
          2      14000  221.84071   -0.51225    0.00000   -0.51202    0.00000   -4.28562   -0.23316   -2.25939
          2      14100  223.28611   -0.51225    0.00000   -0.51166    0.00000   -4.28562   -0.23316   -2.25939
          2      14200  224.41674   -0.51225    0.00000   -0.51229    0.00000   -4.28562   -0.23316   -2.25939
          2      14300  226.79261   -0.51225    0.00000   -0.51203    0.00000   -4.28562   -0.23316   -2.25939
          2      14400  228.10605   -0.51225    0.00000   -0.51167    0.00000   -4.28562   -0.23316   -2.25939
          2      14500  230.09930   -0.51225    0.00000   -0.51228    0.00000   -4.28562   -0.23316   -2.25939
          2      14600  231.79449   -0.51225    0.00000   -0.51204    0.00000   -4.28562   -0.23316   -2.25939
          2      14700  233.23151   -0.51225    0.00000   -0.51168    0.00000   -4.28562   -0.23316   -2.25939
          2      14800  235.02774   -0.51225    0.00000   -0.51228    0.00000   -4.28562   -0.23316   -2.25939
          2      14900  236.62035   -0.51225    0.00000   -0.51205    0.00000   -4.28562   -0.23316   -2.25939
          2      15000  238.16510   -0.51225    0.00000   -0.51169    0.00000   -4.28562   -0.23316   -2.25939
          2      15100  240.07471   -0.51225    0.00000   -0.51228    0.00000   -4.28562   -0.23316   -2.25939
          2      15200  241.40391   -0.51225    0.00000   -0.51206    0.00000   -4.28562   -0.23316   -2.25939
          2      15300  243.30377   -0.51225    0.00000   -0.51170    0.00000   -4.28562   -0.23316   -2.25939
          2      15400  244.66023   -0.51225    0.00000   -0.51227    0.00000   -4.28562   -0.23316   -2.25939
          2      15500  246.86461   -0.51225    0.00000   -0.51207    0.00000   -4.28562   -0.23316   -2.25939
          2      15600  248.21460   -0.51226    0.00000   -0.51171    0.00000   -4.28562   -0.23316   -2.25939
          2      15700  249.98352   -0.51226    0.00000   -0.51227    0.00000   -4.28562   -0.23316   -2.25939
          2      15800  251.54079   -0.51226    0.00000   -0.51208    0.00000   -4.28562   -0.23316   -2.25939
          2      15900  252.83507   -0.51226    0.00000   -0.51172    0.00000   -4.28562   -0.23316   -2.25939
          2      16000  254.85279   -0.51226    0.00000   -0.51227    0.00000   -4.28562   -0.23316   -2.25939
          2      16100  256.43285   -0.51226    0.00000   -0.51208    0.00000   -4.28562   -0.23316   -2.25939
          2      16200  257.66985   -0.51226    0.00000   -0.51173    0.00000   -4.28562   -0.23316   -2.25939
          2      16300  259.15604   -0.51226    0.00000   -0.51227    0.00000   -4.28562   -0.23316   -2.25939
          2      16400  260.40041   -0.51226    0.00000   -0.51209    0.00000   -4.28562   -0.23316   -2.25939
          2      16500  262.32804   -0.51226    0.00000   -0.51174    0.00000   -4.28562   -0.23316   -2.25939
          2      16600  263.05686   -0.51226    0.00000   -0.51227    0.00000   -4.28562   -0.23316   -2.25939
          2      16700  265.32070   -0.51226    0.00000   -0.51210    0.00000   -4.28562   -0.23316   -2.25939
          2      16800  265.81453   -0.51226    0.00000   -0.51175    0.00000   -4.28562   -0.23316   -2.25939
          2      16900  267.13068   -0.51226    0.00000   -0.51226    0.00000   -4.28562   -0.23316   -2.25939
          2      17000  269.67058   -0.51226    0.00000   -0.51211    0.00000   -4.28562   -0.23316   -2.25939
          2      17100  271.28453   -0.51226    0.00000   -0.51176    0.00000   -4.28562   -0.23316   -2.25939
          2      17200  272.75993   -0.51226    0.00000   -0.51226    0.00000   -4.28562   -0.23316   -2.25939
          2      17300  274.34849   -0.51226    0.00000   -0.51212    0.00000   -4.28562   -0.23316   -2.25939
          2      17400  276.10174   -0.51226    0.00000   -0.51177    0.00000   -4.28562   -0.23316   -2.25939
          2      17500  277.43280   -0.51226    0.00000   -0.51226    0.00000   -4.28562   -0.23316   -2.25939
          2      17600  278.88364   -0.51226    0.00000   -0.51212    0.00000   -4.28562   -0.23316   -2.25939
          2      17700  280.42569   -0.51226    0.00000   -0.51177    0.00000   -4.28562   -0.23316   -2.25939
          2      17800  282.43032   -0.51226    0.00000   -0.51226    0.00000   -4.28562   -0.23316   -2.25939
          2      17900  284.26900   -0.51226    0.00000   -0.51213    0.00000   -4.28562   -0.23316   -2.25939
          2      18000  285.42456   -0.51226    0.00000   -0.51178    0.00000   -4.28562   -0.23316   -2.25939
          2      18100  287.18988   -0.51226    0.00000   -0.51226    0.00000   -4.28562   -0.23316   -2.25939
          2      18200  289.04550   -0.51226    0.00000   -0.51214    0.00000   -4.28562   -0.23316   -2.25939
          2      18300  290.39174   -0.51226    0.00000   -0.51179    0.00000   -4.28562   -0.23316   -2.25939
          2      18400  291.68425   -0.51226    0.00000   -0.51226    0.00000   -4.28562   -0.23316   -2.25939
          2      18500  292.95324   -0.51226    0.00000   -0.51214    0.00000   -4.28562   -0.23316   -2.25939
          2      18600  294.81293   -0.51227    0.00000   -0.51180    0.00000   -4.28562   -0.23316   -2.25939
          2      18700  296.40722   -0.51227    0.00000   -0.51226    0.00000   -4.28562   -0.23316   -2.25939
          2      18800  297.89478   -0.51227    0.00000   -0.51215    0.00000   -4.28562   -0.23316   -2.25939
          2      18900  299.37075   -0.51227    0.00000   -0.51181    0.00000   -4.28562   -0.23316   -2.25939
          2      19000  300.85743   -0.51227    0.00000   -0.51226    0.00000   -4.28562   -0.23316   -2.25939
          2      19100  301.90940   -0.51227    0.00000   -0.51215    0.00000   -4.28562   -0.23316   -2.25939
          2      19200  303.68472   -0.51227    0.00000   -0.51182    0.00000   -4.28562   -0.23316   -2.25939
          2      19300  305.16497   -0.51227    0.00000   -0.51226    0.00000   -4.28562   -0.23316   -2.25939
          2      19400  306.37974   -0.51227    0.00000   -0.51216    0.00000   -4.28562   -0.23316   -2.25939
          2      19500  307.49598   -0.51227    0.00000   -0.51183    0.00000   -4.28562   -0.23316   -2.25939
          2      19600  309.22717   -0.51227    0.00000   -0.51225    0.00000   -4.28562   -0.23316   -2.25939
          2      19700  310.55229   -0.51227    0.00000   -0.51216    0.00000   -4.28562   -0.23316   -2.25939
          2      19800  311.77612   -0.51227    0.00000   -0.51184    0.00000   -4.28562   -0.23316   -2.25939
          2      19900  313.80395   -0.51227    0.00000   -0.51225    0.00000   -4.28562   -0.23316   -2.25939
          2      20000  315.18389   -0.51227    0.00000   -0.51217    0.00000   -4.28562   -0.23316   -2.25939
          2      20100  317.13374   -0.51227    0.00000   -0.51185    0.00000   -4.28562   -0.23316   -2.25939
          2      20200  318.97568   -0.51227    0.00000   -0.51225    0.00000   -4.28562   -0.23316   -2.25939
          2      20300  320.51569   -0.51227    0.00000   -0.51217    0.00000   -4.28562   -0.23316   -2.25939
          2      20400  322.20708   -0.51227    0.00000   -0.51185    0.00000   -4.28562   -0.23316   -2.25939
          2      20500  323.62750   -0.51227    0.00000   -0.51225    0.00000   -4.28562   -0.23316   -2.25939
          2      20600  325.17193   -0.51227    0.00000   -0.51218    0.00000   -4.28562   -0.23316   -2.25939
          2      20700  327.19384   -0.51227    0.00000   -0.51186    0.00000   -4.28562   -0.23316   -2.25939
          2      20800  328.59040   -0.51227    0.00000   -0.51225    0.00000   -4.28562   -0.23316   -2.25939
          2      20900  329.93972   -0.51227    0.00000   -0.51218    0.00000   -4.28562   -0.23316   -2.25939
          2      21000  331.97399   -0.51227    0.00000   -0.51187    0.00000   -4.28562   -0.23316   -2.25939
          2      21100  333.59349   -0.51227    0.00000   -0.51225    0.00000   -4.28562   -0.23316   -2.25939
          2      21200  334.65231   -0.51227    0.00000   -0.51219    0.00000   -4.28562   -0.23316   -2.25939
          2      21300  336.02880   -0.51227    0.00000   -0.51188    0.00000   -4.28562   -0.23316   -2.25939
          2      21400  337.39296   -0.51227    0.00000   -0.51225    0.00000   -4.28562   -0.23316   -2.25939
          2      21500  339.21601   -0.51227    0.00000   -0.51219    0.00000   -4.28562   -0.23316   -2.25939
          2      21600  340.85246   -0.51227    0.00000   -0.51189    0.00000   -4.28562   -0.23316   -2.25939
          2      21700  341.65613   -0.51227    0.00000   -0.51225    0.00000   -4.28562   -0.23316   -2.25939
          2      21800  343.13217   -0.51227    0.00000   -0.51220    0.00000   -4.28562   -0.23316   -2.25939
          2      21900  343.79054   -0.51227    0.00000   -0.51189    0.00000   -4.28562   -0.23316   -2.25939
          2      22000  345.29031   -0.51227    0.00000   -0.51225    0.00000   -4.28562   -0.23316   -2.25939
          2      22100  347.10056   -0.51227    0.00000   -0.51220    0.00000   -4.28562   -0.23316   -2.25939
          2      22200  348.80703   -0.51227    0.00000   -0.51190    0.00000   -4.28562   -0.23316   -2.25939
          2      22300  350.31386   -0.51227    0.00000   -0.51225    0.00000   -4.28562   -0.23316   -2.25939
          2      22400  351.79700   -0.51227    0.00000   -0.51221    0.00000   -4.28562   -0.23316   -2.25939
          2      22500  353.74248   -0.51227    0.00000   -0.51191    0.00000   -4.28562   -0.23316   -2.25939
          2      22600  354.87614   -0.51227    0.00000   -0.51225    0.00000   -4.28562   -0.23316   -2.25939
          2      22700  356.20604   -0.51227    0.00000   -0.51221    0.00000   -4.28562   -0.23316   -2.25939
          2      22800  357.79794   -0.51227    0.00000   -0.51192    0.00000   -4.28562   -0.23316   -2.25939
          2      22900  360.14186   -0.51228    0.00000   -0.51225    0.00000   -4.28562   -0.23316   -2.25939
          2      23000  361.54797   -0.51228    0.00000   -0.51221    0.00000   -4.28562   -0.23316   -2.25939
          2      23100  362.20660   -0.51228    0.00000   -0.51192    0.00000   -4.28562   -0.23316   -2.25939
          2      23200  363.85861   -0.51228    0.00000   -0.51225    0.00000   -4.28562   -0.23316   -2.25939
          2      23300  365.68233   -0.51228    0.00000   -0.51222    0.00000   -4.28562   -0.23316   -2.25939
          2      23400  367.03409   -0.51228    0.00000   -0.51193    0.00000   -4.28562   -0.23316   -2.25939
          2      23500  368.49499   -0.51228    0.00000   -0.51225    0.00000   -4.28562   -0.23316   -2.25939
          2      23600  370.09013   -0.51228    0.00000   -0.51222    0.00000   -4.28562   -0.23316   -2.25939
          2      23700  371.68022   -0.51228    0.00000   -0.51194    0.00000   -4.28562   -0.23316   -2.25939
          2      23800  373.72764   -0.51228    0.00000   -0.51225    0.00000   -4.28562   -0.23316   -2.25939
          2      23900  375.10091   -0.51228    0.00000   -0.51222    0.00000   -4.28562   -0.23316   -2.25939
          2      24000  377.54121   -0.51228    0.00000   -0.51195    0.00000   -4.28562   -0.23316   -2.25939
          2      24100  379.12054   -0.51228    0.00000   -0.51225    0.00000   -4.28562   -0.23316   -2.25939
          2      24200  381.13164   -0.51228    0.00000   -0.51223    0.00000   -4.28562   -0.23316   -2.25939
          2      24300  382.65383   -0.51228    0.00000   -0.51195    0.00000   -4.28562   -0.23316   -2.25939
          2      24400  384.53864   -0.51228    0.00000   -0.51225    0.00000   -4.28562   -0.23316   -2.25939
          2      24500  386.00006   -0.51228    0.00000   -0.51223    0.00000   -4.28562   -0.23316   -2.25939
          2      24600  387.63793   -0.51228    0.00000   -0.51196    0.00000   -4.28562   -0.23316   -2.25939
          2      24700  389.48367   -0.51228    0.00000   -0.51225    0.00000   -4.28562   -0.23316   -2.25939
          2      24800  390.32190   -0.51228    0.00000   -0.51223    0.00000   -4.28562   -0.23316   -2.25939
          2      24900  391.95531   -0.51228    0.00000   -0.51197    0.00000   -4.28562   -0.23316   -2.25939
          2      25000  394.36988   -0.51228    0.00000   -0.51225    0.00000   -4.28562   -0.23316   -2.25939
          2      25100  395.94938   -0.51228    0.00000   -0.51224    0.00000   -4.28562   -0.23316   -2.25939
          2      25200  397.38279   -0.51228    0.00000   -0.51197    0.00000   -4.28562   -0.23316   -2.25939
          2      25300  398.67221   -0.51228    0.00000   -0.51225    0.00000   -4.28562   -0.23316   -2.25939
          2      25400  399.84334   -0.51228    0.00000   -0.51224    0.00000   -4.28562   -0.23316   -2.25939
          2      25500  401.68397   -0.51228    0.00000   -0.51198    0.00000   -4.28562   -0.23316   -2.25939
          2      25600  403.03746   -0.51228    0.00000   -0.51225    0.00000   -4.28562   -0.23316   -2.25939
          2      25700  404.39152   -0.51228    0.00000   -0.51224    0.00000   -4.28562   -0.23316   -2.25939
          2      25800  406.38088   -0.51228    0.00000   -0.51198    0.00000   -4.28562   -0.23316   -2.25939
          2      25900  408.03560   -0.51228    0.00000   -0.51225    0.00000   -4.28562   -0.23316   -2.25939
          2      26000  409.84651   -0.51228    0.00000   -0.51225    0.00000   -4.28562   -0.23316   -2.25939
          2      26100  411.58263   -0.51228    0.00000   -0.51199    0.00000   -4.28562   -0.23316   -2.25939
          2      26200  412.68419   -0.51228    0.00000   -0.51225    0.00000   -4.28562   -0.23316   -2.25939
          2      26300  414.12080   -0.51228    0.00000   -0.51225    0.00000   -4.28562   -0.23316   -2.25939
          2      26400  416.65265   -0.51228    0.00000   -0.51200    0.00000   -4.28562   -0.23316   -2.25939
          2      26500  418.07730   -0.51228    0.00000   -0.51225    0.00000   -4.28562   -0.23316   -2.25939
          2      26600  419.49177   -0.51228    0.00000   -0.51225    0.00000   -4.28562   -0.23316   -2.25939
          2      26700  420.19162   -0.51228    0.00000   -0.51200    0.00000   -4.28562   -0.23316   -2.25939
          2      26800  421.52394   -0.51228    0.00000   -0.51225    0.00000   -4.28562   -0.23316   -2.25939
          2      26900  423.43528   -0.51228    0.00000   -0.51225    0.00000   -4.28562   -0.23316   -2.25939
          2      27000  424.85416   -0.51228    0.00000   -0.51201    0.00000   -4.28562   -0.23316   -2.25939
          2      27100  426.11670   -0.51228    0.00000   -0.51225    0.00000   -4.28562   -0.23316   -2.25939
          2      27200  428.32917   -0.51228    0.00000   -0.51226    0.00000   -4.28562   -0.23316   -2.25939
          2      27300  429.66633   -0.51228    0.00000   -0.51201    0.00000   -4.28562   -0.23316   -2.25939
          2      27400  431.62460   -0.51228    0.00000   -0.51226    0.00000   -4.28562   -0.23316   -2.25939
          2      27500  433.84181   -0.51228    0.00000   -0.51226    0.00000   -4.28562   -0.23316   -2.25939
          2      27600  435.55185   -0.51228    0.00000   -0.51202    0.00000   -4.28562   -0.23316   -2.25939
          2      27700  437.37077   -0.51228    0.00000   -0.51226    0.00000   -4.28562   -0.23316   -2.25939
          2      27800  438.76408   -0.51228    0.00000   -0.51226    0.00000   -4.28562   -0.23316   -2.25939
          2      27900  440.20181   -0.51228    0.00000   -0.51203    0.00000   -4.28562   -0.23316   -2.25939
          2      28000  441.42981   -0.51228    0.00000   -0.51226    0.00000   -4.28562   -0.23316   -2.25939
          2      28100  443.41453   -0.51228    0.00000   -0.51226    0.00000   -4.28562   -0.23316   -2.25939
          2      28200  444.81048   -0.51228    0.00000   -0.51203    0.00000   -4.28562   -0.23316   -2.25939
          2      28300  446.56769   -0.51228    0.00000   -0.51226    0.00000   -4.28562   -0.23316   -2.25939
          2      28400  447.91659   -0.51228    0.00000   -0.51227    0.00000   -4.28562   -0.23316   -2.25939
          2      28500  449.45978   -0.51228    0.00000   -0.51204    0.00000   -4.28562   -0.23316   -2.25939
          2      28600  451.03722   -0.51228    0.00000   -0.51226    0.00000   -4.28562   -0.23316   -2.25939
          2      28700  453.05070   -0.51228    0.00000   -0.51227    0.00000   -4.28562   -0.23316   -2.25939
          2      28800  454.59491   -0.51228    0.00000   -0.51204    0.00000   -4.28562   -0.23316   -2.25939
          2      28900  456.20366   -0.51228    0.00000   -0.51226    0.00000   -4.28562   -0.23316   -2.25939
          2      29000  457.63437   -0.51228    0.00000   -0.51227    0.00000   -4.28562   -0.23316   -2.25939
          2      29100  459.33474   -0.51228    0.00000   -0.51205    0.00000   -4.28562   -0.23316   -2.25939
          2      29200  461.04574   -0.51228    0.00000   -0.51226    0.00000   -4.28562   -0.23316   -2.25939
          2      29300  462.53774   -0.51229    0.00000   -0.51227    0.00000   -4.28562   -0.23316   -2.25939
          2      29400  463.99837   -0.51229    0.00000   -0.51205    0.00000   -4.28562   -0.23316   -2.25939
          2      29500  465.26780   -0.51229    0.00000   -0.51226    0.00000   -4.28562   -0.23316   -2.25939
          2      29600  466.89122   -0.51229    0.00000   -0.51227    0.00000   -4.28562   -0.23316   -2.25939
          2      29700  467.98973   -0.51229    0.00000   -0.51206    0.00000   -4.28562   -0.23316   -2.25939
          2      29800  469.41701   -0.51229    0.00000   -0.51226    0.00000   -4.28562   -0.23316   -2.25939
          2      29900  470.72802   -0.51229    0.00000   -0.51228    0.00000   -4.28562   -0.23316   -2.25939
          2      30000  472.45581   -0.51229    0.00000   -0.51206    0.00000   -4.28562   -0.23316   -2.25939
          2      30100  474.35383   -0.51229    0.00000   -0.51226    0.00000   -4.28562   -0.23316   -2.25939
          2      30200  476.04328   -0.51229    0.00000   -0.51228    0.00000   -4.28562   -0.23316   -2.25939
          2      30300  477.59953   -0.51229    0.00000   -0.51207    0.00000   -4.28562   -0.23316   -2.25939
          2      30400  479.90540   -0.51229    0.00000   -0.51226    0.00000   -4.28562   -0.23316   -2.25939
          2      30500  480.54407   -0.51229    0.00000   -0.51228    0.00000   -4.28562   -0.23316   -2.25939
          2      30600  482.72100   -0.51229    0.00000   -0.51207    0.00000   -4.28562   -0.23316   -2.25939
          2      30700  483.83122   -0.51229    0.00000   -0.51226    0.00000   -4.28562   -0.23316   -2.25939
          2      30800  484.99986   -0.51229    0.00000   -0.51228    0.00000   -4.28562   -0.23316   -2.25939
          2      30900  486.30623   -0.51229    0.00000   -0.51208    0.00000   -4.28562   -0.23316   -2.25939
          2      31000  487.65838   -0.51229    0.00000   -0.51226    0.00000   -4.28562   -0.23316   -2.25939
          2      31100  489.02927   -0.51229    0.00000   -0.51228    0.00000   -4.28562   -0.23316   -2.25939
          2      31200  490.29964   -0.51229    0.00000   -0.51208    0.00000   -4.28562   -0.23316   -2.25939
          2      31300  491.78719   -0.51229    0.00000   -0.51226    0.00000   -4.28562   -0.23316   -2.25939
          2      31400  493.13221   -0.51229    0.00000   -0.51229    0.00000   -4.28562   -0.23316   -2.25939
          2      31500  494.59822   -0.51229    0.00000   -0.51209    0.00000   -4.28562   -0.23316   -2.25939
          2      31600  496.15374   -0.51229    0.00000   -0.51226    0.00000   -4.28562   -0.23316   -2.25939
          2      31700  497.54759   -0.51229    0.00000   -0.51229    0.00000   -4.28562   -0.23316   -2.25939
          2      31800  499.02315   -0.51229    0.00000   -0.51228    0.00000   -4.28562   -0.23316   -2.25939
          2      31900  500.86756   -0.51229    0.00000   -0.51222    0.00000   -4.28562   -0.23316   -2.25939
          2      32000  501.52263   -0.51229    0.00000   -0.51228    0.00000   -4.28562   -0.23316   -2.25939
          2      32100  503.97885   -0.51229    0.00000   -0.51221    0.00000   -4.28562   -0.23316   -2.25939
          2      32200  505.42806   -0.51229    0.00000   -0.51228    0.00000   -4.28562   -0.23316   -2.25939
          2      32300  507.01559   -0.51229    0.00000   -0.51223    0.00000   -4.28562   -0.23316   -2.25939
          2      32400  508.39697   -0.51229    0.00000   -0.51220    0.00000   -4.28562   -0.23316   -2.25939
          2      32500  509.77375   -0.51229    0.00000   -0.51219    0.00000   -4.28562   -0.23316   -2.25939
          2      32600  511.21533   -0.51229    0.00000   -0.51232    0.00000   -4.28562   -0.23316   -2.25939
          2      32700  512.66652   -0.51229    0.00000   -0.51220    0.00000   -4.28562   -0.23316   -2.25939
          2      32800  514.76664   -0.51229    0.00000   -0.51225    0.00000   -4.28562   -0.23316   -2.25939
          2      32900  515.51915   -0.51229    0.00000   -0.51230    0.00000   -4.28562   -0.23316   -2.25939
          2      33000  516.11884   -0.51229    0.00000   -0.51219    0.00000   -4.28562   -0.23316   -2.25939
          2      33100  518.61072   -0.51229    0.00000   -0.51204    0.00000   -4.28562   -0.23316   -2.25939
          2      33200  520.28475   -0.51229    0.00000   -0.51203    0.00000   -4.28562   -0.23316   -2.25939
          2      33300  521.85065   -0.51229    0.00000   -0.51232    0.00000   -4.28562   -0.23316   -2.25939
          2      33400  522.79009   -0.51229    0.00000   -0.51229    0.00000   -4.28562   -0.23316   -2.25939
          2      33500  524.05116   -0.51229    0.00000   -0.51232    0.00000   -4.28562   -0.23316   -2.25939
          2      33600  526.32729   -0.51229    0.00000   -0.51217    0.00000   -4.28562   -0.23316   -2.25939
          2      33700  527.96331   -0.51229    0.00000   -0.51222    0.00000   -4.28562   -0.23316   -2.25939
          2      33800  529.99663   -0.51229    0.00000   -0.51218    0.00000   -4.28562   -0.23316   -2.25939
          2      33900  531.35064   -0.51229    0.00000   -0.51223    0.00000   -4.28562   -0.23316   -2.25939
          2      34000  532.48564   -0.51229    0.00000   -0.51222    0.00000   -4.28562   -0.23316   -2.25939
          2      34100  534.35048   -0.51229    0.00000   -0.51231    0.00000   -4.28562   -0.23316   -2.25939
          2      34200  536.42705   -0.51229    0.00000   -0.51222    0.00000   -4.28562   -0.23316   -2.25939
          2      34300  537.78879   -0.51229    0.00000   -0.51221    0.00000   -4.28562   -0.23316   -2.25939
          2      34400  539.51219   -0.51229    0.00000   -0.51227    0.00000   -4.28562   -0.23316   -2.25939
          2      34500  540.72711   -0.51229    0.00000   -0.51220    0.00000   -4.28562   -0.23316   -2.25939
          2      34600  542.60907   -0.51229    0.00000   -0.51221    0.00000   -4.28562   -0.23316   -2.25939
          2      34700  544.08479   -0.51229    0.00000   -0.51219    0.00000   -4.28562   -0.23316   -2.25939
          2      34800  545.85049   -0.51229    0.00000   -0.51201    0.00000   -4.28562   -0.23316   -2.25939
          2      34900  547.46654   -0.51229    0.00000   -0.51226    0.00000   -4.28562   -0.23316   -2.25939
          2      35000  549.34111   -0.51229    0.00000   -0.51231    0.00000   -4.28562   -0.23316   -2.25939
          2      35100  551.28210   -0.51229    0.00000   -0.51232    0.00000   -4.28562   -0.23316   -2.25939
          2      35200  552.51699   -0.51229    0.00000   -0.51233    0.00000   -4.28562   -0.23316   -2.25939
          2      35300  554.00093   -0.51229    0.00000   -0.51231    0.00000   -4.28562   -0.23316   -2.25939
          2      35400  555.87218   -0.51229    0.00000   -0.51233    0.00000   -4.28562   -0.23316   -2.25939
          2      35500  557.45155   -0.51229    0.00000   -0.51186    0.00000   -4.28562   -0.23316   -2.25939
          2      35600  558.72583   -0.51229    0.00000   -0.51233    0.00000   -4.28562   -0.23316   -2.25939
          2      35700  560.34657   -0.51229    0.00000   -0.51229    0.00000   -4.28562   -0.23316   -2.25939
          2      35800  562.14156   -0.51229    0.00000   -0.51216    0.00000   -4.28562   -0.23316   -2.25939
          2      35900  563.59277   -0.51229    0.00000   -0.51225    0.00000   -4.28562   -0.23316   -2.25939
          2      36000  565.81692   -0.51229    0.00000   -0.51230    0.00000   -4.28562   -0.23316   -2.25939
          2      36100  567.36970   -0.51229    0.00000   -0.51221    0.00000   -4.28562   -0.23316   -2.25939
          2      36200  568.95525   -0.51229    0.00000   -0.51208    0.00000   -4.28562   -0.23316   -2.25939
          2      36300  570.11931   -0.51229    0.00000   -0.51217    0.00000   -4.28562   -0.23316   -2.25939
          2      36400  571.87846   -0.51229    0.00000   -0.51232    0.00000   -4.28562   -0.23316   -2.25939
          2      36500  574.14758   -0.51229    0.00000   -0.51198    0.00000   -4.28562   -0.23316   -2.25939
          2      36600  575.74004   -0.51229    0.00000   -0.51222    0.00000   -4.28562   -0.23316   -2.25939
          2      36700  577.69520   -0.51229    0.00000   -0.51212    0.00000   -4.28562   -0.23316   -2.25939
          2      36800  579.71405   -0.51229    0.00000   -0.51233    0.00000   -4.28562   -0.23316   -2.25939
          2      36900  581.34765   -0.51229    0.00000   -0.51232    0.00000   -4.28562   -0.23316   -2.25939
          2      37000  582.95665   -0.51229    0.00000   -0.51221    0.00000   -4.28562   -0.23316   -2.25939
          2      37100  583.93580   -0.51229    0.00000   -0.51202    0.00000   -4.28562   -0.23316   -2.25939
          2      37200  585.10336   -0.51229    0.00000   -0.51226    0.00000   -4.28562   -0.23316   -2.25939
          2      37300  585.84316   -0.51229    0.00000   -0.51221    0.00000   -4.28562   -0.23316   -2.25939
          2      37400  586.72485   -0.51229    0.00000   -0.51225    0.00000   -4.28562   -0.23316   -2.25939
          2      37500  587.52234   -0.51229    0.00000   -0.51203    0.00000   -4.28562   -0.23316   -2.25939
          2      37600  588.51699   -0.51229    0.00000   -0.51226    0.00000   -4.28562   -0.23316   -2.25939
          2      37700  589.36351   -0.51229    0.00000   -0.51211    0.00000   -4.28562   -0.23316   -2.25939
          2      37800  589.85363   -0.51229    0.00000   -0.51220    0.00000   -4.28562   -0.23316   -2.25939
          2      37900  591.09996   -0.51229    0.00000   -0.51208    0.00000   -4.28562   -0.23316   -2.25939
          2      38000  592.07447   -0.51229    0.00000   -0.51222    0.00000   -4.28562   -0.23316   -2.25939
          2      38100  593.40055   -0.51229    0.00000   -0.51232    0.00000   -4.28562   -0.23316   -2.25939
          2      38200  594.74515   -0.51229    0.00000   -0.51226    0.00000   -4.28562   -0.23316   -2.25939
          2      38300  596.11783   -0.51229    0.00000   -0.51219    0.00000   -4.28562   -0.23316   -2.25939
          2      38400  596.99109   -0.51229    0.00000   -0.51214    0.00000   -4.28562   -0.23316   -2.25939
          2      38500  598.31398   -0.51229    0.00000   -0.51211    0.00000   -4.28562   -0.23316   -2.25939
          2      38600  599.34475   -0.51229    0.00000   -0.51221    0.00000   -4.28562   -0.23316   -2.25939
          2      38640  600.29335   -0.51229    0.00000   -0.51233    0.00000   -4.28562   -0.23316   -2.25939
