   10000000
          8
  355.94275
   -1.00715
    0.00000
   -1.01846
    0.00000

    0.06995
    0.00693
   -0.06109
   -0.01302
    0.05565
   -0.02237
   -0.04294
    0.06358
   -0.01811
    0.05271
   -0.05588
   -0.05554
    0.00492
   -0.05145
    0.04677
    0.03723
   -0.06037
    0.00295
    0.01090
    0.05205
   -0.05402
   -0.00142
   -0.04410
    0.02136
    0.03518
   -0.01859
   -0.04556
   -0.06886
   -0.05908
    0.04058
   -0.03025
   -0.06783
   -0.00928
   -0.06603
   -0.01191
    0.04750
   -0.00405
   -0.07095
   -0.05150
    0.04597
    0.00962
    0.05798
   -0.00669
   -0.03341
    0.01030
   -0.00206
   -0.02687
    0.02603
   -0.00368
    0.04563
    0.01796
    0.00785
    0.00037
   -0.06337
   -0.03556
    0.03840
    0.00321
   -0.01383
    0.03803
    0.00717
   -0.02407
   -0.03961
    0.05836
    0.00724
    0.03787
    0.03861
    0.02498
    0.00160
    0.00531
   -0.05001
   -0.02056
   -0.01913
   -0.06167
    0.04405
   -0.06887
   -0.02453
    0.01519
   -0.00810
   -0.01733
   -0.00895
   -0.04333
    0.02353
   -0.03504
    0.01525
    0.06124
    0.04399
    0.02655
   -0.05112
   -0.05198
   -0.05952
    0.06535
    0.04878
    0.02986
   -0.03516
   -0.02632
    0.03125
    0.07342
   -0.01938
   -0.06231
    0.04362
    0.04926
   -0.04064
   -0.02336
   -0.05610
   -0.04277
    0.06011
    0.02184
   -0.00814
   -0.05798
   -0.07337
   -0.04874
    0.04025
   -0.03994
   -0.02047
   -0.07130
   -0.00258
    0.04458
   -0.06140
    0.06591
    0.03744
    0.04406
   -0.03269
    0.04316
   -0.02688
    0.04620
    0.01164
   -0.02417
   -0.04321
   -0.00375
    0.05175
    0.03875
    0.03664
   -0.01453
    0.03876
    0.06422
   -0.05382
    0.03054
   -0.05712
    0.02461
   -0.06717
    0.02503
   -0.06625
   -0.00024
    0.02545
   -0.04960
    0.00666
    0.00557
    0.07107
    0.02803
    0.01943
   -0.01845
    0.07469
    0.03212
   -0.05172
   -0.02946
    0.03425
   -0.07082
    0.00338
   -0.06025
    0.04346
   -0.05980
   -0.05674
   -0.02443
   -0.01901
   -0.04180
   -0.03036
   -0.06273
   -0.04798
   -0.03417
    0.01321
   -0.00456
    0.01614
   -0.02456
   -0.02343
    0.01462
   -0.05416
   -0.04305
   -0.03713
   -0.02646
   -0.04863
    0.02106
    0.00773
    0.03683
   -0.06540
   -0.04577
    0.06797
    0.00426
    0.01133
    0.06408
   -0.05882
   -0.06503
    0.00476
    0.01594
   -0.00818
    0.02338
    0.01401
    0.04174
   -0.01379
    0.06263
   -0.01841
    0.01169
    0.03023
   -0.01233
    0.02934
    0.00800
    0.04735
    0.01290
    0.00382
   -0.05457
    0.06158
   -0.02268
    0.02917
    0.05827
   -0.01092
   -0.04240
   -0.03796
    0.06250
    0.01567
    0.06029
    0.04792
   -0.00234
    0.06415
   -0.05526
    0.06217
   -0.00441
    0.01203
   -0.01107
   -0.00682
    0.00858
   -0.02954
    0.05977
   -0.03590
    0.04353
    0.03944
    0.00245
    0.01326
    0.06862
    0.00376
    0.05865
    0.03741
   -0.00830
   -0.02483
   -0.04340
   -0.00259
    0.07421
    0.05767
   -0.04910
   -0.05834
    0.01446
   -0.05829
    0.02413
    0.00703
    0.04572
   -0.03979
   -0.04836
   -0.04729
   -0.02548
    0.05596
    0.00683
   -0.05544
    0.06566
    0.06993
    0.04223
   -0.02750
    0.03251
   -0.06638
    0.00147
   -0.03271
   -0.05105
   -0.03717
   -0.04728
   -0.00752
    0.05390
    0.06440
   -0.02389
    0.03984
    0.04406
    0.01075
   -0.04670
   -0.03938
    0.03193
    0.06758
   -0.01175
    0.00219
   -0.04883
   -0.05012
   -0.01761
   -0.03047
   -0.06149
   -0.02490
    0.03263
   -0.00297
    0.00466
    0.03440
   -0.06774
    0.07004
   -0.05571
   -0.05051
    0.06902
   -0.00776
    0.00473
   -0.05027
    0.06836
    0.03796
   -0.06265
    0.05546
   -0.03700
   -0.03031
    0.07185
   -0.02775
   -0.03486
   -0.05660
   -0.00638
    0.05635
    0.04399
    0.05482
   -0.01016
   -0.02590
    0.02042
    0.03547
   -0.04900
    0.04386
   -0.06173
    0.00505
   -0.01354
   -0.01994
   -0.00073
   -0.00425
   -0.00028
   -0.06255
    0.04667
    0.06622
   -0.02262
   -0.02365
   -0.02254
   -0.02385
   -0.05734
   -0.01733
    0.00878
   -0.02468
   -0.07154
    0.05720
   -0.02416
    0.04498
    0.07413
   -0.06764
   -0.04901
    0.05059
   -0.00804
    0.06429
    0.01247
    0.01923
   -0.04884
    0.02339
   -0.07301
    0.02883
   -0.01080
    0.03348
    0.01795
    0.01049
    0.04427
   -0.03147
   -0.06665
   -0.03053
    0.04143
   -0.01482
    0.05385
   -0.01112
   -0.03756
    0.06208
    0.02090
    0.01517
   -0.00921
    0.04827
   -0.01917
    0.02733
    0.00439
   -0.06014
   -0.03987
   -0.04967
    0.00504
   -0.04110
   -0.02912
    0.05102
   -0.03493
   -0.01568
    0.03782
    0.05177
   -0.03979
   -0.05971
    0.04641
    0.04623
    0.06399
   -0.05125
    0.01241
   -0.00680
    0.02954
   -0.02187
    0.05521
    0.03815
    0.04823
   -0.03183
   -0.04006
    0.03314
   -0.05956
    0.06460
   -0.01599
   -0.03948
   -0.05051
    0.00899
    0.00541
    0.00110
    0.00934
   -0.06504
   -0.01624
    0.01360
   -0.03376
   -0.04731
    0.02893
    0.05571
    0.00856
    0.00908
    0.01313
    0.03953
   -0.03488
   -0.06996
   -0.03709
    0.04871
   -0.05411
    0.05053
   -0.04565
    0.02258
    0.00866
    0.07263
    0.07339
   -0.02635
   -0.06838
   -0.01539
   -0.03973
    0.02580
   -0.00598
    0.05384
    0.00787
    0.01712
   -0.05801
   -0.01931
   -0.04105
   -0.03259
    0.06769
   -0.03740
   -0.00937
    0.01162
   -0.03904
    0.02687
   -0.04107
    0.00848
   -0.00676
    0.00665
    0.05612
    0.05271
   -0.01399
    0.03744
   -0.03467
   -0.07117
   -0.03075
   -0.06942
   -0.00462
    0.03114
   -0.01341
    0.07509
   -0.04799
    0.04367
   -0.02478
   -0.02678
    0.01811
   -0.06438
   -0.00372
    0.00353
   -0.01956
   -0.01556
   -0.03605
   -0.03328
    0.05337
    0.05666
    0.01361
   -0.01224
    0.03470
   -0.03095
   -0.05760
   -0.04056
   -0.05965
    0.00250
   -0.05268
    0.04774
   -0.01690
   -0.00852
   -0.06949
    0.04335
   -0.01999
   -0.06617
   -0.05363
   -0.06076
    0.00512
    0.05924
    0.01866
    0.03371
   -0.00773
    0.00075
    0.00963
   -0.05740
   -0.06742
   -0.00488
    0.07029
   -0.01328
   -0.03153
    0.02871
   -0.02954
    0.00223
   -0.06355
    0.03059
   -0.01710
   -0.01735
   -0.04408
   -0.03504
   -0.05672
    0.03268
   -0.02088
    0.03823
    0.04581
    0.00146
    0.02662
    0.01527
    0.05856
   -0.00122
    0.03145
   -0.02366
    0.00865
   -0.00469
   -0.00969
    0.04405
   -0.02791
    0.05238
   -0.04715
   -0.01842
   -0.05423
    0.03178
    0.00480
   -0.06590
   -0.00833
    0.05221
    0.03054
    0.05169
   -0.00044
   -0.04030
   -0.06633
   -0.02733
   -0.04592
   -0.02145
   -0.00728
    0.00272
    0.06674
   -0.06833
   -0.04339
    0.00637
    0.00781
   -0.01350
   -0.00807
   -0.07017
    0.03787
    0.04708
   -0.00169
    0.02148
    0.06863
    0.05104
   -0.04622
   -0.06935
    0.00842
    0.01061
    0.04950
   -0.02428
   -0.01266
   -0.04683
    0.05328
   -0.01275
   -0.05636
    0.03064
    0.05438
   -0.00181
   -0.04623
    0.00372
    0.03087
   -0.03937
   -0.04038
   -0.00628
   -0.02535
   -0.06572
    0.01332
   -0.06568
   -0.01445
    0.06554

    0.07570
    0.00750
   -0.06366
   -0.01262
    0.06188
   -0.01776
   -0.03711
    0.06540
   -0.02139
    0.04865
   -0.05799
   -0.05042
    0.00111
   -0.05585
    0.05126
    0.03525
   -0.05557
    0.00597
    0.01311
    0.04741
   -0.05189
    0.00637
   -0.04366
    0.01305
    0.03377
   -0.02514
   -0.05112
   -0.07293
   -0.05963
    0.03564
   -0.02375
   -0.07001
   -0.00754
   -0.06254
   -0.01898
    0.04186
   -0.01085
   -0.07174
   -0.04898
    0.05094
    0.01400
    0.05996
   -0.00141
   -0.03361
    0.00486
   -0.00281
   -0.02860
    0.02880
   -0.00809
    0.04684
    0.02416
    0.00572
   -0.00223
   -0.06152
   -0.03531
    0.03624
    0.00465
   -0.01154
    0.03945
    0.00140
   -0.01903
   -0.04642
    0.05143
    0.01855
    0.03541
    0.03565
    0.02665
    0.00114
    0.00357
   -0.04892
   -0.02047
   -0.01766
   -0.06845
    0.04877
   -0.06443
   -0.02774
    0.01717
   -0.00667
   -0.00711
   -0.01283
   -0.04153
    0.02273
   -0.03080
    0.01839
    0.06122
    0.04841
    0.02988
   -0.05150
   -0.04663
   -0.06185
    0.05932
    0.05174
    0.02755
   -0.03678
   -0.02728
    0.02822
    0.08549
   -0.01658
   -0.06155
    0.03402
    0.04547
   -0.04757
   -0.02928
   -0.05332
   -0.03775
    0.06015
    0.02574
   -0.00695
   -0.05517
   -0.07238
   -0.04580
    0.04455
   -0.03913
   -0.02100
   -0.07355
   -0.00443
    0.04218
   -0.05861
    0.06919
    0.03563
    0.04437
   -0.03163
    0.04561
   -0.02598
    0.05015
    0.01464
   -0.02608
   -0.03932
   -0.00367
    0.04980
    0.03866
    0.03510
   -0.01921
    0.04024
    0.06800
   -0.05452
    0.02799
   -0.05953
    0.02866
   -0.06767
    0.02284
   -0.06705
   -0.00239
    0.01862
   -0.04810
    0.00581
    0.00756
    0.07251
    0.02338
    0.01275
   -0.01529
    0.06756
    0.03209
   -0.06038
   -0.02867
    0.03567
   -0.07383
    0.00094
   -0.06043
    0.04379
   -0.05893
   -0.05168
   -0.01469
   -0.01711
   -0.03949
   -0.03158
   -0.06212
   -0.05008
   -0.03593
    0.01412
   -0.00386
    0.02414
   -0.02101
   -0.02441
    0.00797
   -0.05825
   -0.04616
   -0.03524
   -0.02496
   -0.04142
    0.02259
    0.00409
    0.04130
   -0.06089
   -0.04999
    0.06298
    0.00712
    0.01319
    0.06253
   -0.05474
   -0.06189
    0.00435
    0.01508
   -0.01100
    0.02887
    0.01215
    0.04267
   -0.01514
    0.06139
   -0.02614
    0.00698
    0.03145
   -0.01364
    0.03503
    0.00457
    0.04905
    0.01078
    0.00091
   -0.05565
    0.06269
   -0.02454
    0.03490
    0.05084
   -0.01352
   -0.04158
   -0.04516
    0.06589
    0.00974
    0.05655
    0.05385
   -0.00377
    0.07344
   -0.05960
    0.06307
    0.00113
    0.01507
   -0.00751
    0.00093
    0.00602
   -0.02806
    0.04603
   -0.02845
    0.03866
    0.04026
    0.00095
    0.01506
    0.06936
    0.00846
    0.05902
    0.04076
   -0.01406
   -0.02056
   -0.04271
   -0.00291
    0.06674
    0.05737
   -0.04197
   -0.06119
    0.01817
   -0.05067
    0.03188
    0.00344
    0.04934
   -0.04287
   -0.03961
   -0.04681
   -0.03394
    0.05121
    0.00910
   -0.05194
    0.07376
    0.06405
    0.04629
   -0.02214
    0.03173
   -0.06785
    0.00450
   -0.03531
   -0.05599
   -0.03520
   -0.04437
   -0.00200
    0.05797
    0.06394
   -0.02429
    0.03909
    0.04714
    0.01767
   -0.04607
   -0.04217
    0.03611
    0.06477
   -0.01672
    0.00644
   -0.04638
   -0.05253
   -0.01954
   -0.03592
   -0.05720
   -0.02236
    0.03624
    0.00121
   -0.00433
    0.03432
   -0.06900
    0.06517
   -0.05846
   -0.05588
    0.05634
   -0.00971
    0.00799
   -0.05573
    0.07122
    0.04046
   -0.05786
    0.05933
   -0.03915
   -0.02932
    0.06630
   -0.03233
   -0.03809
   -0.04834
   -0.00773
    0.05639
    0.04279
    0.05452
   -0.01320
   -0.02688
    0.02237
    0.03678
   -0.04991
    0.04397
   -0.05995
   -0.00538
   -0.01363
   -0.02192
    0.00214
   -0.00008
   -0.00782
   -0.05969
    0.04326
    0.06206
   -0.02190
   -0.03437
   -0.02549
   -0.02216
   -0.05532
   -0.01526
    0.01173
   -0.02621
   -0.07225
    0.05743
   -0.02637
    0.04043
    0.07245
   -0.06377
   -0.04312
    0.05367
   -0.00222
    0.06328
    0.01083
    0.01560
   -0.05134
    0.02880
   -0.07503
    0.02762
   -0.01076
    0.02532
    0.02113
    0.00773
    0.04208
   -0.03093
   -0.06768
   -0.03312
    0.04333
   -0.01663
    0.05029
   -0.02056
   -0.04098
    0.06363
    0.02327
    0.01760
   -0.01638
    0.04952
   -0.01741
    0.03143
    0.00634
   -0.05570
   -0.03886
   -0.05033
    0.00744
   -0.03766
   -0.03005
    0.05190
   -0.03191
   -0.01506
    0.03319
    0.05532
   -0.03156
   -0.06278
    0.04763
    0.04369
    0.06018
   -0.05088
    0.01465
   -0.00575
    0.03260
   -0.01459
    0.05857
    0.04003
    0.04948
   -0.03089
   -0.04048
    0.03866
   -0.05333
    0.06617
   -0.01456
   -0.03108
   -0.04282
    0.00084
    0.00932
    0.00714
    0.00989
   -0.06292
   -0.01233
    0.00932
   -0.03934
   -0.05248
    0.02652
    0.05318
    0.00627
    0.01458
    0.01190
    0.04038
   -0.03168
   -0.07246
   -0.04120
    0.04948
   -0.04921
    0.04851
   -0.05398
    0.02328
    0.00497
    0.07467
    0.07561
   -0.01741
   -0.06773
   -0.01876
   -0.04371
    0.02770
   -0.00559
    0.04679
    0.01059
    0.02330
   -0.06006
   -0.01752
   -0.04149
   -0.03678
    0.06418
   -0.03866
   -0.00951
    0.00658
   -0.04211
    0.02091
   -0.03974
    0.01122
   -0.01116
    0.01088
    0.05062
    0.04859
   -0.01226
    0.04307
   -0.03860
   -0.07729
   -0.03481
   -0.07112
   -0.00391
    0.03156
   -0.00919
    0.07720
   -0.04953
    0.04599
   -0.01916
   -0.03055
    0.02073
   -0.05742
    0.00002
   -0.00042
   -0.01958
   -0.02568
   -0.03928
   -0.03649
    0.04753
    0.05999
    0.01493
   -0.00698
    0.03212
   -0.03309
   -0.06035
   -0.03777
   -0.06296
    0.00029
   -0.05517
    0.05319
   -0.01858
   -0.01467
   -0.07072
    0.04353
   -0.02075
   -0.07175
   -0.05031
   -0.06269
    0.00095
    0.05458
    0.01539
    0.02486
   -0.00882
    0.00283
    0.00816
   -0.05791
   -0.06904
   -0.00466
    0.06339
   -0.01373
   -0.02988
    0.02495
   -0.02898
   -0.00304
   -0.05948
    0.03490
   -0.02062
   -0.02118
   -0.04325
   -0.03500
   -0.05532
    0.03100
   -0.01832
    0.03523
    0.04238
    0.00561
    0.02253
    0.01887
    0.05311
   -0.00283
    0.03184
   -0.02656
    0.00757
   -0.01138
   -0.01384
    0.04502
   -0.02674
    0.04510
   -0.05442
   -0.02576
   -0.05246
    0.03410
    0.00137
   -0.06238
   -0.00473
    0.05106
    0.02336
    0.04847
   -0.00784
   -0.04509
   -0.06807
   -0.03139
   -0.05083
   -0.02406
   -0.00069
   -0.00688
    0.06539
   -0.07534
   -0.04639
    0.00673
    0.00478
   -0.01142
   -0.01022
   -0.06654
    0.03104
    0.04443
   -0.00633
    0.02222
    0.06965
    0.05262
   -0.04807
   -0.06599
    0.01061
    0.01144
    0.04618
   -0.02033
   -0.00648
   -0.04549
    0.04760
   -0.01619
   -0.05506
    0.03524
    0.05432
   -0.00141
   -0.04330
    0.00127
    0.03314
   -0.04051
   -0.03673
   -0.00788
   -0.03000
   -0.07211
    0.01674
   -0.06827
   -0.01437
    0.06221
