          1          0    0.00000   -0.61165    0.00000   -0.61165    0.00000   -4.53642    4.53642    0.00000
          1          1    0.01513   -0.53041    0.00000   -0.48290    0.00000   -4.53642   -0.53041    0.00000
          2          0    0.01513   -0.22155    0.00000   -0.48290    0.00000   -4.53642   -0.53041   -2.53341
          2        100    1.42869   -0.64091    0.00000   -0.65932    0.00000   -4.53642   -0.53041   -2.53341
          2        200    3.18903   -0.64777    0.00000   -0.65985    0.00000   -4.53642   -0.53041   -2.53341
          2        300    5.03593   -0.65046    0.00000   -0.66003    0.00000   -4.53642   -0.53041   -2.53341
          2        400    6.55366   -0.65195    0.00000   -0.66003    0.00000   -4.53642   -0.53041   -2.53341
          2        500    7.84759   -0.65293    0.00000   -0.66004    0.00000   -4.53642   -0.53041   -2.53341
          2        600    9.79552   -0.65364    0.00000   -0.66004    0.00000   -4.53642   -0.53041   -2.53341
          2        700   11.68988   -0.65417    0.00000   -0.66005    0.00000   -4.53642   -0.53041   -2.53341
          2        800   13.01525   -0.65459    0.00000   -0.66005    0.00000   -4.53642   -0.53041   -2.53341
          2        900   14.57578   -0.65494    0.00000   -0.66005    0.00000   -4.53642   -0.53041   -2.53341
          2       1000   16.26228   -0.65523    0.00000   -0.66005    0.00000   -4.53642   -0.53041   -2.53341
          2       1100   17.38194   -0.65547    0.00000   -0.66005    0.00000   -4.53642   -0.53041   -2.53341
          2       1200   19.10492   -0.65569    0.00000   -0.66005    0.00000   -4.53642   -0.53041   -2.53341
          2       1300   21.39387   -0.65587    0.00000   -0.66006    0.00000   -4.53642   -0.53041   -2.53341
          2       1400   23.04461   -0.65604    0.00000   -0.66006    0.00000   -4.53642   -0.53041   -2.53341
          2       1500   25.00950   -0.65618    0.00000   -0.66006    0.00000   -4.53642   -0.53041   -2.53341
          2       1600   26.33057   -0.65632    0.00000   -0.66006    0.00000   -4.53642   -0.53041   -2.53341
          2       1700   28.12623   -0.65644    0.00000   -0.66006    0.00000   -4.53642   -0.53041   -2.53341
          2       1800   29.21037   -0.65655    0.00000   -0.66006    0.00000   -4.53642   -0.53041   -2.53341
          2       1900   30.91248   -0.65665    0.00000   -0.66006    0.00000   -4.53642   -0.53041   -2.53341
          2       2000   32.84200   -0.65674    0.00000   -0.66006    0.00000   -4.53642   -0.53041   -2.53341
          2       2100   33.95948   -0.65683    0.00000   -0.66006    0.00000   -4.53642   -0.53041   -2.53341
          2       2200   36.25400   -0.65690    0.00000   -0.66006    0.00000   -4.53642   -0.53041   -2.53341
          2       2300   37.54932   -0.65698    0.00000   -0.66006    0.00000   -4.53642   -0.53041   -2.53341
          2       2400   39.06061   -0.65705    0.00000   -0.66006    0.00000   -4.53642   -0.53041   -2.53341
          2       2500   40.83154   -0.65711    0.00000   -0.66006    0.00000   -4.53642   -0.53041   -2.53341
          2       2600   42.02313   -0.65717    0.00000   -0.66006    0.00000   -4.53642   -0.53041   -2.53341
          2       2700   43.81791   -0.65723    0.00000   -0.66006    0.00000   -4.53642   -0.53041   -2.53341
          2       2800   45.43848   -0.65728    0.00000   -0.66006    0.00000   -4.53642   -0.53041   -2.53341
          2       2900   46.97500   -0.65733    0.00000   -0.66006    0.00000   -4.53642   -0.53041   -2.53341
          2       3000   48.39439   -0.65738    0.00000   -0.66006    0.00000   -4.53642   -0.53041   -2.53341
          2       3100   50.30566   -0.65743    0.00000   -0.66006    0.00000   -4.53642   -0.53041   -2.53341
          2       3200   51.96651   -0.65747    0.00000   -0.66006    0.00000   -4.53642   -0.53041   -2.53341
          2       3300   53.36438   -0.65751    0.00000   -0.66006    0.00000   -4.53642   -0.53041   -2.53341
          2       3400   55.08352   -0.65755    0.00000   -0.66006    0.00000   -4.53642   -0.53041   -2.53341
          2       3500   56.58871   -0.65759    0.00000   -0.66006    0.00000   -4.53642   -0.53041   -2.53341
          2       3600   58.93928   -0.65763    0.00000   -0.66006    0.00000   -4.53642   -0.53041   -2.53341
          2       3700   60.59680   -0.65766    0.00000   -0.66006    0.00000   -4.53642   -0.53041   -2.53341
          2       3800   61.76414   -0.65770    0.00000   -0.66006    0.00000   -4.53642   -0.53041   -2.53341
          2       3900   63.23053   -0.65773    0.00000   -0.66006    0.00000   -4.53642   -0.53041   -2.53341
          2       4000   64.87926   -0.65776    0.00000   -0.66006    0.00000   -4.53642   -0.53041   -2.53341
          2       4100   66.96506   -0.65779    0.00000   -0.66006    0.00000   -4.53642   -0.53041   -2.53341
          2       4200   68.52424   -0.65782    0.00000   -0.66006    0.00000   -4.53642   -0.53041   -2.53341
          2       4300   69.55951   -0.65785    0.00000   -0.66006    0.00000   -4.53642   -0.53041   -2.53341
          2       4400   71.47750   -0.65787    0.00000   -0.66006    0.00000   -4.53642   -0.53041   -2.53341
          2       4500   72.99992   -0.65790    0.00000   -0.66006    0.00000   -4.53642   -0.53041   -2.53341
          2       4600   74.56386   -0.65792    0.00000   -0.66006    0.00000   -4.53642   -0.53041   -2.53341
          2       4700   76.60854   -0.65795    0.00000   -0.66006    0.00000   -4.53642   -0.53041   -2.53341
          2       4800   77.87313   -0.65797    0.00000   -0.66006    0.00000   -4.53642   -0.53041   -2.53341
          2       4900   79.48691   -0.65799    0.00000   -0.66006    0.00000   -4.53642   -0.53041   -2.53341
          2       5000   80.18489   -0.65801    0.00000   -0.66006    0.00000   -4.53642   -0.53041   -2.53341
          2       5100   81.93516   -0.65803    0.00000   -0.66006    0.00000   -4.53642   -0.53041   -2.53341
          2       5200   84.03621   -0.65805    0.00000   -0.66006    0.00000   -4.53642   -0.53041   -2.53341
          2       5300   85.69160   -0.65807    0.00000   -0.66006    0.00000   -4.53642   -0.53041   -2.53341
          2       5400   86.95748   -0.65809    0.00000   -0.66006    0.00000   -4.53642   -0.53041   -2.53341
          2       5500   89.03896   -0.65811    0.00000   -0.66006    0.00000   -4.53642   -0.53041   -2.53341
          2       5600   90.52755   -0.65813    0.00000   -0.66006    0.00000   -4.53642   -0.53041   -2.53341
          2       5700   92.03795   -0.65815    0.00000   -0.66006    0.00000   -4.53642   -0.53041   -2.53341
          2       5800   93.36336   -0.65817    0.00000   -0.66006    0.00000   -4.53642   -0.53041   -2.53341
          2       5900   95.55467   -0.65818    0.00000   -0.66006    0.00000   -4.53642   -0.53041   -2.53341
          2       6000   97.14080   -0.65820    0.00000   -0.66006    0.00000   -4.53642   -0.53041   -2.53341
          2       6100   98.61607   -0.65821    0.00000   -0.66006    0.00000   -4.53642   -0.53041   -2.53341
          2       6200  100.46264   -0.65823    0.00000   -0.66006    0.00000   -4.53642   -0.53041   -2.53341
          2       6300  102.14736   -0.65825    0.00000   -0.66006    0.00000   -4.53642   -0.53041   -2.53341
          2       6400  104.58349   -0.65826    0.00000   -0.66006    0.00000   -4.53642   -0.53041   -2.53341
          2       6500  105.89093   -0.65827    0.00000   -0.66006    0.00000   -4.53642   -0.53041   -2.53341
          2       6600  108.07116   -0.65829    0.00000   -0.66006    0.00000   -4.53642   -0.53041   -2.53341
          2       6700  109.22599   -0.65830    0.00000   -0.66006    0.00000   -4.53642   -0.53041   -2.53341
          2       6800  110.44826   -0.65832    0.00000   -0.66006    0.00000   -4.53642   -0.53041   -2.53341
          2       6900  111.75086   -0.65833    0.00000   -0.66006    0.00000   -4.53642   -0.53041   -2.53341
          2       7000  113.49592   -0.65834    0.00000   -0.66006    0.00000   -4.53642   -0.53041   -2.53341
          2       7100  114.84300   -0.65835    0.00000   -0.66006    0.00000   -4.53642   -0.53041   -2.53341
          2       7200  116.69241   -0.65837    0.00000   -0.66006    0.00000   -4.53642   -0.53041   -2.53341
          2       7300  118.15253   -0.65838    0.00000   -0.66006    0.00000   -4.53642   -0.53041   -2.53341
          2       7400  120.00729   -0.65839    0.00000   -0.66006    0.00000   -4.53642   -0.53041   -2.53341
          2       7500  121.58684   -0.65840    0.00000   -0.66006    0.00000   -4.53642   -0.53041   -2.53341
          2       7600  123.19248   -0.65841    0.00000   -0.66006    0.00000   -4.53642   -0.53041   -2.53341
          2       7700  125.19225   -0.65842    0.00000   -0.66006    0.00000   -4.53642   -0.53041   -2.53341
          2       7800  127.02060   -0.65844    0.00000   -0.66006    0.00000   -4.53642   -0.53041   -2.53341
          2       7900  128.51649   -0.65845    0.00000   -0.66006    0.00000   -4.53642   -0.53041   -2.53341
          2       8000  130.40089   -0.65846    0.00000   -0.66006    0.00000   -4.53642   -0.53041   -2.53341
          2       8100  131.79848   -0.65847    0.00000   -0.66006    0.00000   -4.53642   -0.53041   -2.53341
          2       8200  133.03733   -0.65848    0.00000   -0.66006    0.00000   -4.53642   -0.53041   -2.53341
          2       8300  134.30459   -0.65849    0.00000   -0.66006    0.00000   -4.53642   -0.53041   -2.53341
          2       8400  136.62582   -0.65850    0.00000   -0.66006    0.00000   -4.53642   -0.53041   -2.53341
          2       8500  137.82673   -0.65851    0.00000   -0.66006    0.00000   -4.53642   -0.53041   -2.53341
          2       8600  139.50270   -0.65852    0.00000   -0.66006    0.00000   -4.53642   -0.53041   -2.53341
          2       8700  140.96613   -0.65852    0.00000   -0.66006    0.00000   -4.53642   -0.53041   -2.53341
          2       8800  142.22905   -0.65853    0.00000   -0.66006    0.00000   -4.53642   -0.53041   -2.53341
          2       8900  143.40255   -0.65854    0.00000   -0.66006    0.00000   -4.53642   -0.53041   -2.53341
          2       9000  145.01228   -0.65855    0.00000   -0.66006    0.00000   -4.53642   -0.53041   -2.53341
          2       9100  146.93072   -0.65856    0.00000   -0.66006    0.00000   -4.53642   -0.53041   -2.53341
          2       9200  148.14510   -0.65857    0.00000   -0.66006    0.00000   -4.53642   -0.53041   -2.53341
          2       9300  149.64786   -0.65858    0.00000   -0.66006    0.00000   -4.53642   -0.53041   -2.53341
          2       9400  151.24250   -0.65859    0.00000   -0.66006    0.00000   -4.53642   -0.53041   -2.53341
          2       9500  153.40472   -0.65859    0.00000   -0.66006    0.00000   -4.53642   -0.53041   -2.53341
          2       9600  155.06285   -0.65860    0.00000   -0.66006    0.00000   -4.53642   -0.53041   -2.53341
          2       9700  156.48025   -0.65861    0.00000   -0.66006    0.00000   -4.53642   -0.53041   -2.53341
          2       9800  158.90335   -0.65862    0.00000   -0.66006    0.00000   -4.53642   -0.53041   -2.53341
          2       9900  160.41775   -0.65862    0.00000   -0.66006    0.00000   -4.53642   -0.53041   -2.53341
          2      10000  162.22554   -0.65863    0.00000   -0.66006    0.00000   -4.53642   -0.53041   -2.53341
          2      10100  163.74686   -0.65864    0.00000   -0.66006    0.00000   -4.53642   -0.53041   -2.53341
          2      10200  165.62910   -0.65865    0.00000   -0.66006    0.00000   -4.53642   -0.53041   -2.53341
          2      10300  166.93714   -0.65865    0.00000   -0.66006    0.00000   -4.53642   -0.53041   -2.53341
          2      10400  169.25622   -0.65866    0.00000   -0.66006    0.00000   -4.53642   -0.53041   -2.53341
          2      10500  170.81768   -0.65867    0.00000   -0.66006    0.00000   -4.53642   -0.53041   -2.53341
          2      10600  172.12942   -0.65867    0.00000   -0.66006    0.00000   -4.53642   -0.53041   -2.53341
          2      10700  173.48891   -0.65868    0.00000   -0.66006    0.00000   -4.53642   -0.53041   -2.53341
          2      10800  174.22875   -0.65869    0.00000   -0.66006    0.00000   -4.53642   -0.53041   -2.53341
          2      10900  175.82205   -0.65869    0.00000   -0.66006    0.00000   -4.53642   -0.53041   -2.53341
          2      11000  176.50974   -0.65870    0.00000   -0.66006    0.00000   -4.53642   -0.53041   -2.53341
          2      11100  178.51897   -0.65871    0.00000   -0.66006    0.00000   -4.53642   -0.53041   -2.53341
          2      11200  180.23093   -0.65871    0.00000   -0.66006    0.00000   -4.53642   -0.53041   -2.53341
          2      11300  181.13862   -0.65872    0.00000   -0.66006    0.00000   -4.53642   -0.53041   -2.53341
          2      11400  182.70117   -0.65872    0.00000   -0.66006    0.00000   -4.53642   -0.53041   -2.53341
          2      11500  184.15091   -0.65873    0.00000   -0.66006    0.00000   -4.53642   -0.53041   -2.53341
          2      11600  185.61580   -0.65874    0.00000   -0.66006    0.00000   -4.53642   -0.53041   -2.53341
          2      11700  187.11569   -0.65874    0.00000   -0.66006    0.00000   -4.53642   -0.53041   -2.53341
          2      11800  189.01149   -0.65875    0.00000   -0.66006    0.00000   -4.53642   -0.53041   -2.53341
          2      11900  190.84904   -0.65875    0.00000   -0.66006    0.00000   -4.53642   -0.53041   -2.53341
          2      12000  192.88926   -0.65876    0.00000   -0.66006    0.00000   -4.53642   -0.53041   -2.53341
          2      12100  194.18879   -0.65877    0.00000   -0.66006    0.00000   -4.53642   -0.53041   -2.53341
          2      12200  195.62477   -0.65877    0.00000   -0.66006    0.00000   -4.53642   -0.53041   -2.53341
          2      12300  197.79483   -0.65878    0.00000   -0.66006    0.00000   -4.53642   -0.53041   -2.53341
          2      12400  199.33374   -0.65878    0.00000   -0.66006    0.00000   -4.53642   -0.53041   -2.53341
          2      12500  201.21237   -0.65879    0.00000   -0.66006    0.00000   -4.53642   -0.53041   -2.53341
          2      12600  202.47255   -0.65879    0.00000   -0.66006    0.00000   -4.53642   -0.53041   -2.53341
          2      12700  204.40235   -0.65880    0.00000   -0.66006    0.00000   -4.53642   -0.53041   -2.53341
          2      12800  206.06273   -0.65880    0.00000   -0.66006    0.00000   -4.53642   -0.53041   -2.53341
          2      12900  207.88815   -0.65881    0.00000   -0.66006    0.00000   -4.53642   -0.53041   -2.53341
          2      13000  209.83528   -0.65881    0.00000   -0.66006    0.00000   -4.53642   -0.53041   -2.53341
          2      13100  211.35980   -0.65882    0.00000   -0.66006    0.00000   -4.53642   -0.53041   -2.53341
          2      13200  212.77227   -0.65882    0.00000   -0.66006    0.00000   -4.53642   -0.53041   -2.53341
          2      13300  214.32672   -0.65883    0.00000   -0.66006    0.00000   -4.53642   -0.53041   -2.53341
          2      13400  215.78552   -0.65883    0.00000   -0.66006    0.00000   -4.53642   -0.53041   -2.53341
          2      13500  218.74391   -0.65884    0.00000   -0.66006    0.00000   -4.53642   -0.53041   -2.53341
          2      13600  220.01018   -0.65884    0.00000   -0.66006    0.00000   -4.53642   -0.53041   -2.53341
          2      13700  221.56987   -0.65885    0.00000   -0.66006    0.00000   -4.53642   -0.53041   -2.53341
          2      13800  224.16915   -0.65885    0.00000   -0.66006    0.00000   -4.53642   -0.53041   -2.53341
          2      13900  225.07719   -0.65885    0.00000   -0.66006    0.00000   -4.53642   -0.53041   -2.53341
          2      14000  227.83887   -0.65886    0.00000   -0.66006    0.00000   -4.53642   -0.53041   -2.53341
          2      14100  229.55742   -0.65886    0.00000   -0.66006    0.00000   -4.53642   -0.53041   -2.53341
          2      14200  230.98087   -0.65887    0.00000   -0.66006    0.00000   -4.53642   -0.53041   -2.53341
          2      14300  232.56838   -0.65887    0.00000   -0.66006    0.00000   -4.53642   -0.53041   -2.53341
          2      14400  234.66071   -0.65888    0.00000   -0.66006    0.00000   -4.53642   -0.53041   -2.53341
          2      14500  236.09991   -0.65888    0.00000   -0.66006    0.00000   -4.53642   -0.53041   -2.53341
          2      14600  237.64002   -0.65888    0.00000   -0.66006    0.00000   -4.53642   -0.53041   -2.53341
          2      14700  239.44173   -0.65889    0.00000   -0.66006    0.00000   -4.53642   -0.53041   -2.53341
          2      14800  240.60884   -0.65889    0.00000   -0.66006    0.00000   -4.53642   -0.53041   -2.53341
          2      14900  241.96831   -0.65890    0.00000   -0.66006    0.00000   -4.53642   -0.53041   -2.53341
          2      15000  243.57196   -0.65890    0.00000   -0.66006    0.00000   -4.53642   -0.53041   -2.53341
          2      15100  245.31755   -0.65890    0.00000   -0.66006    0.00000   -4.53642   -0.53041   -2.53341
          2      15200  245.95079   -0.65891    0.00000   -0.66006    0.00000   -4.53642   -0.53041   -2.53341
          2      15300  247.99210   -0.65891    0.00000   -0.66006    0.00000   -4.53642   -0.53041   -2.53341
          2      15400  250.13709   -0.65892    0.00000   -0.66006    0.00000   -4.53642   -0.53041   -2.53341
          2      15500  251.51333   -0.65892    0.00000   -0.66006    0.00000   -4.53642   -0.53041   -2.53341
          2      15600  253.32043   -0.65892    0.00000   -0.66006    0.00000   -4.53642   -0.53041   -2.53341
          2      15700  254.94730   -0.65893    0.00000   -0.66006    0.00000   -4.53642   -0.53041   -2.53341
          2      15800  256.48691   -0.65893    0.00000   -0.66006    0.00000   -4.53642   -0.53041   -2.53341
          2      15900  258.43154   -0.65894    0.00000   -0.66006    0.00000   -4.53642   -0.53041   -2.53341
          2      16000  259.74532   -0.65894    0.00000   -0.66006    0.00000   -4.53642   -0.53041   -2.53341
          2      16100  261.89225   -0.65894    0.00000   -0.66006    0.00000   -4.53642   -0.53041   -2.53341
          2      16200  263.46483   -0.65895    0.00000   -0.66006    0.00000   -4.53642   -0.53041   -2.53341
          2      16300  265.40706   -0.65895    0.00000   -0.66006    0.00000   -4.53642   -0.53041   -2.53341
          2      16400  266.86211   -0.65895    0.00000   -0.66006    0.00000   -4.53642   -0.53041   -2.53341
          2      16500  268.29255   -0.65896    0.00000   -0.66006    0.00000   -4.53642   -0.53041   -2.53341
          2      16600  269.92913   -0.65896    0.00000   -0.66006    0.00000   -4.53642   -0.53041   -2.53341
          2      16700  271.37148   -0.65896    0.00000   -0.66006    0.00000   -4.53642   -0.53041   -2.53341
          2      16800  273.10999   -0.65897    0.00000   -0.66006    0.00000   -4.53642   -0.53041   -2.53341
          2      16900  274.64370   -0.65897    0.00000   -0.66006    0.00000   -4.53642   -0.53041   -2.53341
          2      17000  275.35294   -0.65897    0.00000   -0.66006    0.00000   -4.53642   -0.53041   -2.53341
          2      17100  278.46338   -0.65898    0.00000   -0.66006    0.00000   -4.53642   -0.53041   -2.53341
          2      17200  280.16118   -0.65898    0.00000   -0.66006    0.00000   -4.53642   -0.53041   -2.53341
          2      17300  281.83354   -0.65898    0.00000   -0.66006    0.00000   -4.53642   -0.53041   -2.53341
          2      17400  283.36353   -0.65899    0.00000   -0.66006    0.00000   -4.53642   -0.53041   -2.53341
          2      17500  284.77351   -0.65899    0.00000   -0.66006    0.00000   -4.53642   -0.53041   -2.53341
          2      17600  286.58066   -0.65899    0.00000   -0.66006    0.00000   -4.53642   -0.53041   -2.53341
          2      17700  288.29472   -0.65900    0.00000   -0.66006    0.00000   -4.53642   -0.53041   -2.53341
          2      17800  290.07873   -0.65900    0.00000   -0.66006    0.00000   -4.53642   -0.53041   -2.53341
          2      17900  291.63889   -0.65900    0.00000   -0.66006    0.00000   -4.53642   -0.53041   -2.53341
          2      18000  293.28328   -0.65900    0.00000   -0.66006    0.00000   -4.53642   -0.53041   -2.53341
          2      18100  294.97801   -0.65901    0.00000   -0.66006    0.00000   -4.53642   -0.53041   -2.53341
          2      18200  296.31822   -0.65901    0.00000   -0.66006    0.00000   -4.53642   -0.53041   -2.53341
          2      18300  298.22156   -0.65901    0.00000   -0.66006    0.00000   -4.53642   -0.53041   -2.53341
          2      18400  299.58636   -0.65902    0.00000   -0.66006    0.00000   -4.53642   -0.53041   -2.53341
          2      18500  300.97907   -0.65902    0.00000   -0.66006    0.00000   -4.53642   -0.53041   -2.53341
          2      18600  302.59255   -0.65902    0.00000   -0.66006    0.00000   -4.53642   -0.53041   -2.53341
          2      18700  303.89818   -0.65902    0.00000   -0.66006    0.00000   -4.53642   -0.53041   -2.53341
          2      18800  305.77605   -0.65903    0.00000   -0.66006    0.00000   -4.53642   -0.53041   -2.53341
          2      18900  306.99236   -0.65903    0.00000   -0.66006    0.00000   -4.53642   -0.53041   -2.53341
          2      19000  308.81763   -0.65903    0.00000   -0.66006    0.00000   -4.53642   -0.53041   -2.53341
          2      19100  310.26170   -0.65904    0.00000   -0.66006    0.00000   -4.53642   -0.53041   -2.53341
          2      19200  311.20672   -0.65904    0.00000   -0.66006    0.00000   -4.53642   -0.53041   -2.53341
          2      19300  312.41921   -0.65904    0.00000   -0.66006    0.00000   -4.53642   -0.53041   -2.53341
          2      19400  314.18648   -0.65904    0.00000   -0.66006    0.00000   -4.53642   -0.53041   -2.53341
          2      19500  315.61431   -0.65905    0.00000   -0.66006    0.00000   -4.53642   -0.53041   -2.53341
          2      19600  317.16779   -0.65905    0.00000   -0.66006    0.00000   -4.53642   -0.53041   -2.53341
          2      19700  318.88261   -0.65905    0.00000   -0.66006    0.00000   -4.53642   -0.53041   -2.53341
          2      19800  320.79874   -0.65905    0.00000   -0.66006    0.00000   -4.53642   -0.53041   -2.53341
          2      19900  322.45578   -0.65906    0.00000   -0.66006    0.00000   -4.53642   -0.53041   -2.53341
          2      20000  324.14963   -0.65906    0.00000   -0.66006    0.00000   -4.53642   -0.53041   -2.53341
          2      20100  326.52082   -0.65906    0.00000   -0.66006    0.00000   -4.53642   -0.53041   -2.53341
          2      20200  327.80662   -0.65907    0.00000   -0.66006    0.00000   -4.53642   -0.53041   -2.53341
          2      20300  329.39726   -0.65907    0.00000   -0.66006    0.00000   -4.53642   -0.53041   -2.53341
          2      20400  331.06812   -0.65907    0.00000   -0.66006    0.00000   -4.53642   -0.53041   -2.53341
          2      20500  332.71768   -0.65907    0.00000   -0.66006    0.00000   -4.53642   -0.53041   -2.53341
          2      20600  334.24593   -0.65908    0.00000   -0.66006    0.00000   -4.53642   -0.53041   -2.53341
          2      20700  335.63812   -0.65908    0.00000   -0.66006    0.00000   -4.53642   -0.53041   -2.53341
          2      20800  336.98657   -0.65908    0.00000   -0.66006    0.00000   -4.53642   -0.53041   -2.53341
          2      20900  339.10474   -0.65908    0.00000   -0.66006    0.00000   -4.53642   -0.53041   -2.53341
          2      21000  341.53766   -0.65908    0.00000   -0.66006    0.00000   -4.53642   -0.53041   -2.53341
          2      21100  342.97174   -0.65909    0.00000   -0.66006    0.00000   -4.53642   -0.53041   -2.53341
          2      21200  345.33200   -0.65909    0.00000   -0.66006    0.00000   -4.53642   -0.53041   -2.53341
          2      21300  346.86110   -0.65909    0.00000   -0.66006    0.00000   -4.53642   -0.53041   -2.53341
          2      21400  348.73271   -0.65909    0.00000   -0.66006    0.00000   -4.53642   -0.53041   -2.53341
          2      21500  350.60878   -0.65910    0.00000   -0.66006    0.00000   -4.53642   -0.53041   -2.53341
          2      21600  352.15690   -0.65910    0.00000   -0.66006    0.00000   -4.53642   -0.53041   -2.53341
          2      21700  353.74120   -0.65910    0.00000   -0.66006    0.00000   -4.53642   -0.53041   -2.53341
          2      21800  355.61258   -0.65910    0.00000   -0.66006    0.00000   -4.53642   -0.53041   -2.53341
          2      21900  356.55586   -0.65911    0.00000   -0.66006    0.00000   -4.53642   -0.53041   -2.53341
          2      22000  358.89246   -0.65911    0.00000   -0.66006    0.00000   -4.53642   -0.53041   -2.53341
          2      22100  360.03380   -0.65911    0.00000   -0.66006    0.00000   -4.53642   -0.53041   -2.53341
          2      22200  361.66198   -0.65911    0.00000   -0.66006    0.00000   -4.53642   -0.53041   -2.53341
          2      22300  363.23897   -0.65911    0.00000   -0.66006    0.00000   -4.53642   -0.53041   -2.53341
          2      22400  364.97162   -0.65912    0.00000   -0.66006    0.00000   -4.53642   -0.53041   -2.53341
          2      22500  366.57688   -0.65912    0.00000   -0.66006    0.00000   -4.53642   -0.53041   -2.53341
          2      22600  368.10889   -0.65912    0.00000   -0.66006    0.00000   -4.53642   -0.53041   -2.53341
          2      22700  370.00747   -0.65912    0.00000   -0.66006    0.00000   -4.53642   -0.53041   -2.53341
          2      22800  371.34349   -0.65912    0.00000   -0.66006    0.00000   -4.53642   -0.53041   -2.53341
          2      22900  372.98375   -0.65913    0.00000   -0.66006    0.00000   -4.53642   -0.53041   -2.53341
          2      23000  375.04335   -0.65913    0.00000   -0.66006    0.00000   -4.53642   -0.53041   -2.53341
          2      23100  376.75582   -0.65913    0.00000   -0.66006    0.00000   -4.53642   -0.53041   -2.53341
          2      23200  377.42929   -0.65913    0.00000   -0.66006    0.00000   -4.53642   -0.53041   -2.53341
          2      23300  378.95306   -0.65914    0.00000   -0.66006    0.00000   -4.53642   -0.53041   -2.53341
          2      23400  379.39223   -0.65914    0.00000   -0.66006    0.00000   -4.53642   -0.53041   -2.53341
          2      23500  381.92879   -0.65914    0.00000   -0.66006    0.00000   -4.53642   -0.53041   -2.53341
          2      23600  384.07226   -0.65914    0.00000   -0.66006    0.00000   -4.53642   -0.53041   -2.53341
          2      23700  384.83975   -0.65914    0.00000   -0.66006    0.00000   -4.53642   -0.53041   -2.53341
          2      23800  386.91502   -0.65915    0.00000   -0.66006    0.00000   -4.53642   -0.53041   -2.53341
          2      23900  388.53544   -0.65915    0.00000   -0.66006    0.00000   -4.53642   -0.53041   -2.53341
          2      24000  390.34463   -0.65915    0.00000   -0.66006    0.00000   -4.53642   -0.53041   -2.53341
          2      24100  391.90620   -0.65915    0.00000   -0.66006    0.00000   -4.53642   -0.53041   -2.53341
          2      24200  393.88917   -0.65915    0.00000   -0.66006    0.00000   -4.53642   -0.53041   -2.53341
          2      24300  395.01138   -0.65915    0.00000   -0.66006    0.00000   -4.53642   -0.53041   -2.53341
          2      24400  395.71218   -0.65916    0.00000   -0.66006    0.00000   -4.53642   -0.53041   -2.53341
          2      24500  397.71042   -0.65916    0.00000   -0.66006    0.00000   -4.53642   -0.53041   -2.53341
          2      24600  399.40737   -0.65916    0.00000   -0.66006    0.00000   -4.53642   -0.53041   -2.53341
          2      24700  400.87470   -0.65916    0.00000   -0.66006    0.00000   -4.53642   -0.53041   -2.53341
          2      24800  402.13440   -0.65916    0.00000   -0.66006    0.00000   -4.53642   -0.53041   -2.53341
          2      24900  403.97812   -0.65917    0.00000   -0.66006    0.00000   -4.53642   -0.53041   -2.53341
          2      25000  406.13094   -0.65917    0.00000   -0.66006    0.00000   -4.53642   -0.53041   -2.53341
          2      25100  407.81101   -0.65917    0.00000   -0.66006    0.00000   -4.53642   -0.53041   -2.53341
          2      25200  409.32889   -0.65917    0.00000   -0.66006    0.00000   -4.53642   -0.53041   -2.53341
          2      25300  410.94509   -0.65917    0.00000   -0.66006    0.00000   -4.53642   -0.53041   -2.53341
          2      25400  412.43864   -0.65918    0.00000   -0.66006    0.00000   -4.53642   -0.53041   -2.53341
          2      25500  414.36947   -0.65918    0.00000   -0.66006    0.00000   -4.53642   -0.53041   -2.53341
          2      25600  415.35352   -0.65918    0.00000   -0.66006    0.00000   -4.53642   -0.53041   -2.53341
          2      25700  417.21756   -0.65918    0.00000   -0.66006    0.00000   -4.53642   -0.53041   -2.53341
          2      25800  419.08302   -0.65918    0.00000   -0.66006    0.00000   -4.53642   -0.53041   -2.53341
          2      25900  420.83916   -0.65918    0.00000   -0.66006    0.00000   -4.53642   -0.53041   -2.53341
          2      26000  423.27299   -0.65919    0.00000   -0.66006    0.00000   -4.53642   -0.53041   -2.53341
          2      26100  424.86242   -0.65919    0.00000   -0.66006    0.00000   -4.53642   -0.53041   -2.53341
          2      26200  426.27856   -0.65919    0.00000   -0.66006    0.00000   -4.53642   -0.53041   -2.53341
          2      26300  427.84120   -0.65919    0.00000   -0.66006    0.00000   -4.53642   -0.53041   -2.53341
          2      26400  430.10323   -0.65919    0.00000   -0.66006    0.00000   -4.53642   -0.53041   -2.53341
          2      26500  430.66319   -0.65919    0.00000   -0.66006    0.00000   -4.53642   -0.53041   -2.53341
          2      26600  432.27979   -0.65920    0.00000   -0.66006    0.00000   -4.53642   -0.53041   -2.53341
          2      26700  433.84979   -0.65920    0.00000   -0.66006    0.00000   -4.53642   -0.53041   -2.53341
          2      26800  435.11083   -0.65920    0.00000   -0.66006    0.00000   -4.53642   -0.53041   -2.53341
          2      26900  436.54522   -0.65920    0.00000   -0.66006    0.00000   -4.53642   -0.53041   -2.53341
          2      27000  438.22610   -0.65920    0.00000   -0.66006    0.00000   -4.53642   -0.53041   -2.53341
          2      27100  439.50131   -0.65920    0.00000   -0.66006    0.00000   -4.53642   -0.53041   -2.53341
          2      27200  440.65907   -0.65921    0.00000   -0.66006    0.00000   -4.53642   -0.53041   -2.53341
          2      27300  441.74000   -0.65921    0.00000   -0.66006    0.00000   -4.53642   -0.53041   -2.53341
          2      27400  443.22191   -0.65921    0.00000   -0.66006    0.00000   -4.53642   -0.53041   -2.53341
          2      27500  445.02351   -0.65921    0.00000   -0.66006    0.00000   -4.53642   -0.53041   -2.53341
          2      27600  446.94678   -0.65921    0.00000   -0.66006    0.00000   -4.53642   -0.53041   -2.53341
          2      27700  448.12308   -0.65921    0.00000   -0.66006    0.00000   -4.53642   -0.53041   -2.53341
          2      27800  450.05693   -0.65922    0.00000   -0.66006    0.00000   -4.53642   -0.53041   -2.53341
          2      27900  451.89792   -0.65922    0.00000   -0.66006    0.00000   -4.53642   -0.53041   -2.53341
          2      28000  453.56231   -0.65922    0.00000   -0.66006    0.00000   -4.53642   -0.53041   -2.53341
          2      28100  455.66843   -0.65922    0.00000   -0.66006    0.00000   -4.53642   -0.53041   -2.53341
          2      28200  457.20002   -0.65922    0.00000   -0.66006    0.00000   -4.53642   -0.53041   -2.53341
          2      28300  459.33840   -0.65922    0.00000   -0.66006    0.00000   -4.53642   -0.53041   -2.53341
          2      28400  461.10202   -0.65922    0.00000   -0.66006    0.00000   -4.53642   -0.53041   -2.53341
          2      28500  462.67409   -0.65923    0.00000   -0.66006    0.00000   -4.53642   -0.53041   -2.53341
          2      28600  463.97695   -0.65923    0.00000   -0.66006    0.00000   -4.53642   -0.53041   -2.53341
          2      28700  465.28148   -0.65923    0.00000   -0.66006    0.00000   -4.53642   -0.53041   -2.53341
          2      28800  466.75672   -0.65923    0.00000   -0.66006    0.00000   -4.53642   -0.53041   -2.53341
          2      28900  468.47370   -0.65923    0.00000   -0.66006    0.00000   -4.53642   -0.53041   -2.53341
          2      29000  469.93820   -0.65923    0.00000   -0.66006    0.00000   -4.53642   -0.53041   -2.53341
          2      29100  471.66752   -0.65923    0.00000   -0.66006    0.00000   -4.53642   -0.53041   -2.53341
          2      29200  473.56348   -0.65924    0.00000   -0.66006    0.00000   -4.53642   -0.53041   -2.53341
          2      29300  474.96800   -0.65924    0.00000   -0.66006    0.00000   -4.53642   -0.53041   -2.53341
          2      29400  477.00896   -0.65924    0.00000   -0.66006    0.00000   -4.53642   -0.53041   -2.53341
          2      29500  478.99326   -0.65924    0.00000   -0.66006    0.00000   -4.53642   -0.53041   -2.53341
          2      29600  480.36294   -0.65924    0.00000   -0.66006    0.00000   -4.53642   -0.53041   -2.53341
          2      29700  481.80376   -0.65924    0.00000   -0.66006    0.00000   -4.53642   -0.53041   -2.53341
          2      29800  483.42972   -0.65924    0.00000   -0.66006    0.00000   -4.53642   -0.53041   -2.53341
          2      29900  485.24258   -0.65925    0.00000   -0.66006    0.00000   -4.53642   -0.53041   -2.53341
          2      30000  486.33687   -0.65925    0.00000   -0.66006    0.00000   -4.53642   -0.53041   -2.53341
          2      30100  488.50551   -0.65925    0.00000   -0.66006    0.00000   -4.53642   -0.53041   -2.53341
          2      30200  490.08911   -0.65925    0.00000   -0.66006    0.00000   -4.53642   -0.53041   -2.53341
          2      30300  491.60791   -0.65925    0.00000   -0.66006    0.00000   -4.53642   -0.53041   -2.53341
          2      30400  493.40748   -0.65925    0.00000   -0.66006    0.00000   -4.53642   -0.53041   -2.53341
          2      30500  495.05184   -0.65925    0.00000   -0.66006    0.00000   -4.53642   -0.53041   -2.53341
          2      30600  496.91678   -0.65926    0.00000   -0.66006    0.00000   -4.53642   -0.53041   -2.53341
          2      30700  498.28514   -0.65926    0.00000   -0.66006    0.00000   -4.53642   -0.53041   -2.53341
          2      30800  499.46199   -0.65926    0.00000   -0.66006    0.00000   -4.53642   -0.53041   -2.53341
          2      30900  501.63637   -0.65926    0.00000   -0.66006    0.00000   -4.53642   -0.53041   -2.53341
          2      31000  503.32786   -0.65926    0.00000   -0.66006    0.00000   -4.53642   -0.53041   -2.53341
          2      31100  505.02458   -0.65926    0.00000   -0.66006    0.00000   -4.53642   -0.53041   -2.53341
          2      31200  506.62726   -0.65926    0.00000   -0.66006    0.00000   -4.53642   -0.53041   -2.53341
          2      31300  508.77670   -0.65926    0.00000   -0.66006    0.00000   -4.53642   -0.53041   -2.53341
          2      31400  510.87857   -0.65927    0.00000   -0.66006    0.00000   -4.53642   -0.53041   -2.53341
          2      31500  512.39409   -0.65927    0.00000   -0.66006    0.00000   -4.53642   -0.53041   -2.53341
          2      31600  513.80274   -0.65927    0.00000   -0.66006    0.00000   -4.53642   -0.53041   -2.53341
          2      31700  515.21991   -0.65927    0.00000   -0.66006    0.00000   -4.53642   -0.53041   -2.53341
          2      31800  517.26351   -0.65927    0.00000   -0.66006    0.00000   -4.53642   -0.53041   -2.53341
          2      31900  518.38887   -0.65927    0.00000   -0.66006    0.00000   -4.53642   -0.53041   -2.53341
          2      32000  519.94730   -0.65927    0.00000   -0.66006    0.00000   -4.53642   -0.53041   -2.53341
          2      32100  521.19673   -0.65928    0.00000   -0.66006    0.00000   -4.53642   -0.53041   -2.53341
          2      32200  522.38704   -0.65928    0.00000   -0.66006    0.00000   -4.53642   -0.53041   -2.53341
          2      32300  523.82352   -0.65928    0.00000   -0.66006    0.00000   -4.53642   -0.53041   -2.53341
          2      32400  525.23318   -0.65928    0.00000   -0.66006    0.00000   -4.53642   -0.53041   -2.53341
          2      32500  526.69323   -0.65928    0.00000   -0.66006    0.00000   -4.53642   -0.53041   -2.53341
          2      32600  529.01878   -0.65928    0.00000   -0.66006    0.00000   -4.53642   -0.53041   -2.53341
          2      32700  530.39785   -0.65928    0.00000   -0.66006    0.00000   -4.53642   -0.53041   -2.53341
          2      32800  531.76714   -0.65928    0.00000   -0.66006    0.00000   -4.53642   -0.53041   -2.53341
          2      32900  533.28832   -0.65928    0.00000   -0.66006    0.00000   -4.53642   -0.53041   -2.53341
          2      33000  534.38001   -0.65929    0.00000   -0.66006    0.00000   -4.53642   -0.53041   -2.53341
          2      33100  536.50358   -0.65929    0.00000   -0.66006    0.00000   -4.53642   -0.53041   -2.53341
          2      33200  537.48977   -0.65929    0.00000   -0.66006    0.00000   -4.53642   -0.53041   -2.53341
          2      33300  539.50215   -0.65929    0.00000   -0.66006    0.00000   -4.53642   -0.53041   -2.53341
          2      33400  540.57195   -0.65929    0.00000   -0.66006    0.00000   -4.53642   -0.53041   -2.53341
          2      33500  542.01816   -0.65929    0.00000   -0.66006    0.00000   -4.53642   -0.53041   -2.53341
          2      33600  543.09669   -0.65929    0.00000   -0.66006    0.00000   -4.53642   -0.53041   -2.53341
          2      33700  544.99472   -0.65929    0.00000   -0.66006    0.00000   -4.53642   -0.53041   -2.53341
          2      33800  546.45778   -0.65930    0.00000   -0.66006    0.00000   -4.53642   -0.53041   -2.53341
          2      33900  548.40376   -0.65930    0.00000   -0.66006    0.00000   -4.53642   -0.53041   -2.53341
          2      34000  549.98630   -0.65930    0.00000   -0.66006    0.00000   -4.53642   -0.53041   -2.53341
          2      34100  552.19796   -0.65930    0.00000   -0.66006    0.00000   -4.53642   -0.53041   -2.53341
          2      34200  553.59026   -0.65930    0.00000   -0.66006    0.00000   -4.53642   -0.53041   -2.53341
          2      34300  555.37886   -0.65930    0.00000   -0.66006    0.00000   -4.53642   -0.53041   -2.53341
          2      34400  557.57079   -0.65930    0.00000   -0.66006    0.00000   -4.53642   -0.53041   -2.53341
          2      34500  558.92929   -0.65930    0.00000   -0.66006    0.00000   -4.53642   -0.53041   -2.53341
          2      34600  561.06263   -0.65930    0.00000   -0.66006    0.00000   -4.53642   -0.53041   -2.53341
          2      34700  563.06928   -0.65931    0.00000   -0.66006    0.00000   -4.53642   -0.53041   -2.53341
          2      34800  564.69099   -0.65931    0.00000   -0.66006    0.00000   -4.53642   -0.53041   -2.53341
          2      34900  566.72905   -0.65931    0.00000   -0.66006    0.00000   -4.53642   -0.53041   -2.53341
          2      35000  569.06534   -0.65931    0.00000   -0.66006    0.00000   -4.53642   -0.53041   -2.53341
          2      35100  570.64873   -0.65931    0.00000   -0.66006    0.00000   -4.53642   -0.53041   -2.53341
          2      35200  571.97593   -0.65931    0.00000   -0.66006    0.00000   -4.53642   -0.53041   -2.53341
          2      35300  573.33429   -0.65931    0.00000   -0.66006    0.00000   -4.53642   -0.53041   -2.53341
          2      35400  574.75312   -0.65931    0.00000   -0.66006    0.00000   -4.53642   -0.53041   -2.53341
          2      35500  576.36128   -0.65931    0.00000   -0.66006    0.00000   -4.53642   -0.53041   -2.53341
          2      35600  577.97127   -0.65932    0.00000   -0.66006    0.00000   -4.53642   -0.53041   -2.53341
          2      35700  579.49700   -0.65932    0.00000   -0.66006    0.00000   -4.53642   -0.53041   -2.53341
          2      35800  581.40912   -0.65932    0.00000   -0.66006    0.00000   -4.53642   -0.53041   -2.53341
          2      35900  582.58806   -0.65932    0.00000   -0.66006    0.00000   -4.53642   -0.53041   -2.53341
          2      36000  584.16469   -0.65932    0.00000   -0.66006    0.00000   -4.53642   -0.53041   -2.53341
          2      36100  585.55454   -0.65932    0.00000   -0.66006    0.00000   -4.53642   -0.53041   -2.53341
          2      36200  587.51497   -0.65932    0.00000   -0.66006    0.00000   -4.53642   -0.53041   -2.53341
          2      36300  589.36106   -0.65932    0.00000   -0.66006    0.00000   -4.53642   -0.53041   -2.53341
          2      36400  591.13020   -0.65932    0.00000   -0.66006    0.00000   -4.53642   -0.53041   -2.53341
          2      36500  592.65995   -0.65932    0.00000   -0.66006    0.00000   -4.53642   -0.53041   -2.53341
          2      36600  594.13398   -0.65933    0.00000   -0.66006    0.00000   -4.53642   -0.53041   -2.53341
          2      36700  595.45762   -0.65933    0.00000   -0.66006    0.00000   -4.53642   -0.53041   -2.53341
          2      36800  596.70489   -0.65933    0.00000   -0.66006    0.00000   -4.53642   -0.53041   -2.53341
          2      36900  598.96385   -0.65933    0.00000   -0.66006    0.00000   -4.53642   -0.53041   -2.53341
          2      36988  600.23753   -0.65933    0.00000   -0.66006    0.00000   -4.53642   -0.53041   -2.53341
