          1          0    0.00000   -0.40753    0.00000   -0.40753    0.00000   -4.67736    4.67736    0.00000
          1          1    0.00992   -0.09234    0.00000    0.03342    0.00000   -4.67736   -0.09234    0.00000
          2          0    0.00992   -0.12837    0.00000    0.03342    0.00000   -4.67736   -0.09234   -2.38485
          2        100    1.66825   -0.48844    0.00000   -0.50369    0.00000   -4.67736   -0.09234   -2.38485
          2        200    2.95028   -0.50126    0.00000   -0.50875    0.00000   -4.67736   -0.09234   -2.38485
          2        300    4.41865   -0.50544    0.00000   -0.51088    0.00000   -4.67736   -0.09234   -2.38485
          2        400    6.68570   -0.50790    0.00000   -0.50833    0.00000   -4.67736   -0.09234   -2.38485
          2        500    8.23767   -0.50961    0.00000   -0.51136    0.00000   -4.67736   -0.09234   -2.38485
          2        600   10.27610   -0.51060    0.00000   -0.50679    0.00000   -4.67736   -0.09234   -2.38485
          2        700   11.42765   -0.51122    0.00000   -0.51395    0.00000   -4.67736   -0.09234   -2.38485
          2        800   12.89187   -0.51165    0.00000   -0.50051    0.00000   -4.67736   -0.09234   -2.38485
          2        900   14.06034   -0.51196    0.00000   -0.51047    0.00000   -4.67736   -0.09234   -2.38485
          2       1000   16.27702   -0.51219    0.00000   -0.50798    0.00000   -4.67736   -0.09234   -2.38485
          2       1100   17.61081   -0.51236    0.00000   -0.50556    0.00000   -4.67736   -0.09234   -2.38485
          2       1200   19.58805   -0.51249    0.00000   -0.50590    0.00000   -4.67736   -0.09234   -2.38485
          2       1300   21.22406   -0.51261    0.00000   -0.50628    0.00000   -4.67736   -0.09234   -2.38485
          2       1400   22.60854   -0.51270    0.00000   -0.50673    0.00000   -4.67736   -0.09234   -2.38485
          2       1500   24.73792   -0.51278    0.00000   -0.50740    0.00000   -4.67736   -0.09234   -2.38485
          2       1600   26.31049   -0.51286    0.00000   -0.50632    0.00000   -4.67736   -0.09234   -2.38485
          2       1700   27.48018   -0.51292    0.00000   -0.51251    0.00000   -4.67736   -0.09234   -2.38485
          2       1800   28.66557   -0.51298    0.00000   -0.51316    0.00000   -4.67736   -0.09234   -2.38485
          2       1900   30.08480   -0.51303    0.00000   -0.51355    0.00000   -4.67736   -0.09234   -2.38485
          2       2000   31.62275   -0.51307    0.00000   -0.51010    0.00000   -4.67736   -0.09234   -2.38485
          2       2100   33.10239   -0.51312    0.00000   -0.51368    0.00000   -4.67736   -0.09234   -2.38485
          2       2200   34.92488   -0.51315    0.00000   -0.51317    0.00000   -4.67736   -0.09234   -2.38485
          2       2300   36.48476   -0.51319    0.00000   -0.51309    0.00000   -4.67736   -0.09234   -2.38485
          2       2400   38.19520   -0.51322    0.00000   -0.51411    0.00000   -4.67736   -0.09234   -2.38485
          2       2500   40.24848   -0.51325    0.00000   -0.51253    0.00000   -4.67736   -0.09234   -2.38485
          2       2600   41.70071   -0.51328    0.00000   -0.51397    0.00000   -4.67736   -0.09234   -2.38485
          2       2700   43.16088   -0.51330    0.00000   -0.51402    0.00000   -4.67736   -0.09234   -2.38485
          2       2800   45.22824   -0.51332    0.00000   -0.50977    0.00000   -4.67736   -0.09234   -2.38485
          2       2900   46.56658   -0.51334    0.00000   -0.51289    0.00000   -4.67736   -0.09234   -2.38485
          2       3000   48.15502   -0.51336    0.00000   -0.51248    0.00000   -4.67736   -0.09234   -2.38485
          2       3100   49.27578   -0.51338    0.00000   -0.51025    0.00000   -4.67736   -0.09234   -2.38485
          2       3200   50.56668   -0.51340    0.00000   -0.51376    0.00000   -4.67736   -0.09234   -2.38485
          2       3300   51.93528   -0.51342    0.00000   -0.51381    0.00000   -4.67736   -0.09234   -2.38485
          2       3400   53.18146   -0.51343    0.00000   -0.51293    0.00000   -4.67736   -0.09234   -2.38485
          2       3500   54.66928   -0.51345    0.00000   -0.51354    0.00000   -4.67736   -0.09234   -2.38485
          2       3600   56.04108   -0.51346    0.00000   -0.51277    0.00000   -4.67736   -0.09234   -2.38485
          2       3700   57.52334   -0.51348    0.00000   -0.51298    0.00000   -4.67736   -0.09234   -2.38485
          2       3800   58.79842   -0.51349    0.00000   -0.51086    0.00000   -4.67736   -0.09234   -2.38485
          2       3900   60.78071   -0.51350    0.00000   -0.51279    0.00000   -4.67736   -0.09234   -2.38485
          2       4000   62.41224   -0.51351    0.00000   -0.51385    0.00000   -4.67736   -0.09234   -2.38485
          2       4100   64.08439   -0.51352    0.00000   -0.51405    0.00000   -4.67736   -0.09234   -2.38485
          2       4200   65.56170   -0.51353    0.00000   -0.51405    0.00000   -4.67736   -0.09234   -2.38485
          2       4300   67.27126   -0.51354    0.00000   -0.51391    0.00000   -4.67736   -0.09234   -2.38485
          2       4400   68.62212   -0.51355    0.00000   -0.51322    0.00000   -4.67736   -0.09234   -2.38485
          2       4500   70.01890   -0.51356    0.00000   -0.51228    0.00000   -4.67736   -0.09234   -2.38485
          2       4600   71.85792   -0.51357    0.00000   -0.51201    0.00000   -4.67736   -0.09234   -2.38485
          2       4700   73.85366   -0.51358    0.00000   -0.51361    0.00000   -4.67736   -0.09234   -2.38485
          2       4800   75.12030   -0.51359    0.00000   -0.51376    0.00000   -4.67736   -0.09234   -2.38485
          2       4900   76.57275   -0.51360    0.00000   -0.51345    0.00000   -4.67736   -0.09234   -2.38485
          2       5000   77.91232   -0.51360    0.00000   -0.51407    0.00000   -4.67736   -0.09234   -2.38485
          2       5100   79.46279   -0.51361    0.00000   -0.51281    0.00000   -4.67736   -0.09234   -2.38485
          2       5200   81.05667   -0.51362    0.00000   -0.51381    0.00000   -4.67736   -0.09234   -2.38485
          2       5300   82.87140   -0.51362    0.00000   -0.51360    0.00000   -4.67736   -0.09234   -2.38485
          2       5400   84.85986   -0.51363    0.00000   -0.51401    0.00000   -4.67736   -0.09234   -2.38485
          2       5500   86.24788   -0.51364    0.00000   -0.51358    0.00000   -4.67736   -0.09234   -2.38485
          2       5600   88.06350   -0.51364    0.00000   -0.51374    0.00000   -4.67736   -0.09234   -2.38485
          2       5700   89.68734   -0.51365    0.00000   -0.51334    0.00000   -4.67736   -0.09234   -2.38485
          2       5800   91.38249   -0.51366    0.00000   -0.51403    0.00000   -4.67736   -0.09234   -2.38485
          2       5900   92.60356   -0.51366    0.00000   -0.51391    0.00000   -4.67736   -0.09234   -2.38485
          2       6000   93.68167   -0.51367    0.00000   -0.51407    0.00000   -4.67736   -0.09234   -2.38485
          2       6100   94.37482   -0.51367    0.00000   -0.51408    0.00000   -4.67736   -0.09234   -2.38485
          2       6200   95.77510   -0.51368    0.00000   -0.51395    0.00000   -4.67736   -0.09234   -2.38485
          2       6300   97.53805   -0.51368    0.00000   -0.51393    0.00000   -4.67736   -0.09234   -2.38485
          2       6400   99.74838   -0.51369    0.00000   -0.51335    0.00000   -4.67736   -0.09234   -2.38485
          2       6500  101.19596   -0.51369    0.00000   -0.51380    0.00000   -4.67736   -0.09234   -2.38485
          2       6600  102.57629   -0.51370    0.00000   -0.51367    0.00000   -4.67736   -0.09234   -2.38485
          2       6700  103.53332   -0.51370    0.00000   -0.51352    0.00000   -4.67736   -0.09234   -2.38485
          2       6800  104.72173   -0.51370    0.00000   -0.51398    0.00000   -4.67736   -0.09234   -2.38485
          2       6900  106.30978   -0.51371    0.00000   -0.51380    0.00000   -4.67736   -0.09234   -2.38485
          2       7000  107.57297   -0.51371    0.00000   -0.51380    0.00000   -4.67736   -0.09234   -2.38485
          2       7100  109.26437   -0.51372    0.00000   -0.51390    0.00000   -4.67736   -0.09234   -2.38485
          2       7200  111.11117   -0.51372    0.00000   -0.51378    0.00000   -4.67736   -0.09234   -2.38485
          2       7300  112.59933   -0.51372    0.00000   -0.51330    0.00000   -4.67736   -0.09234   -2.38485
          2       7400  114.15717   -0.51373    0.00000   -0.51387    0.00000   -4.67736   -0.09234   -2.38485
          2       7500  115.95563   -0.51373    0.00000   -0.51409    0.00000   -4.67736   -0.09234   -2.38485
          2       7600  117.28947   -0.51374    0.00000   -0.51389    0.00000   -4.67736   -0.09234   -2.38485
          2       7700  118.79954   -0.51374    0.00000   -0.51408    0.00000   -4.67736   -0.09234   -2.38485
          2       7800  120.40410   -0.51374    0.00000   -0.51387    0.00000   -4.67736   -0.09234   -2.38485
          2       7900  121.87412   -0.51375    0.00000   -0.51333    0.00000   -4.67736   -0.09234   -2.38485
          2       8000  123.20290   -0.51375    0.00000   -0.51389    0.00000   -4.67736   -0.09234   -2.38485
          2       8100  125.15766   -0.51375    0.00000   -0.51384    0.00000   -4.67736   -0.09234   -2.38485
          2       8200  126.67143   -0.51375    0.00000   -0.51381    0.00000   -4.67736   -0.09234   -2.38485
          2       8300  128.07135   -0.51376    0.00000   -0.51382    0.00000   -4.67736   -0.09234   -2.38485
          2       8400  129.16027   -0.51376    0.00000   -0.51379    0.00000   -4.67736   -0.09234   -2.38485
          2       8500  131.07342   -0.51376    0.00000   -0.51408    0.00000   -4.67736   -0.09234   -2.38485
          2       8600  132.59079   -0.51377    0.00000   -0.51365    0.00000   -4.67736   -0.09234   -2.38485
          2       8700  134.00972   -0.51377    0.00000   -0.51396    0.00000   -4.67736   -0.09234   -2.38485
          2       8800  135.70183   -0.51377    0.00000   -0.51384    0.00000   -4.67736   -0.09234   -2.38485
          2       8900  137.07872   -0.51377    0.00000   -0.51327    0.00000   -4.67736   -0.09234   -2.38485
          2       9000  138.76871   -0.51378    0.00000   -0.51387    0.00000   -4.67736   -0.09234   -2.38485
          2       9100  140.33055   -0.51378    0.00000   -0.51322    0.00000   -4.67736   -0.09234   -2.38485
          2       9200  142.27389   -0.51378    0.00000   -0.51403    0.00000   -4.67736   -0.09234   -2.38485
          2       9300  143.66799   -0.51379    0.00000   -0.51369    0.00000   -4.67736   -0.09234   -2.38485
          2       9400  145.55900   -0.51379    0.00000   -0.51411    0.00000   -4.67736   -0.09234   -2.38485
          2       9500  146.81371   -0.51379    0.00000   -0.51403    0.00000   -4.67736   -0.09234   -2.38485
          2       9600  148.42791   -0.51379    0.00000   -0.51406    0.00000   -4.67736   -0.09234   -2.38485
          2       9700  150.03948   -0.51379    0.00000   -0.51326    0.00000   -4.67736   -0.09234   -2.38485
          2       9800  151.39130   -0.51380    0.00000   -0.51330    0.00000   -4.67736   -0.09234   -2.38485
          2       9900  152.63755   -0.51380    0.00000   -0.51367    0.00000   -4.67736   -0.09234   -2.38485
          2      10000  154.14367   -0.51380    0.00000   -0.51393    0.00000   -4.67736   -0.09234   -2.38485
          2      10100  156.12445   -0.51380    0.00000   -0.51376    0.00000   -4.67736   -0.09234   -2.38485
          2      10200  157.68564   -0.51381    0.00000   -0.51410    0.00000   -4.67736   -0.09234   -2.38485
          2      10300  158.90274   -0.51381    0.00000   -0.51310    0.00000   -4.67736   -0.09234   -2.38485
          2      10400  160.36213   -0.51381    0.00000   -0.51348    0.00000   -4.67736   -0.09234   -2.38485
          2      10500  162.54937   -0.51381    0.00000   -0.51402    0.00000   -4.67736   -0.09234   -2.38485
          2      10600  164.41476   -0.51381    0.00000   -0.51389    0.00000   -4.67736   -0.09234   -2.38485
          2      10700  166.03133   -0.51382    0.00000   -0.51399    0.00000   -4.67736   -0.09234   -2.38485
          2      10800  167.71360   -0.51382    0.00000   -0.51385    0.00000   -4.67736   -0.09234   -2.38485
          2      10900  169.17349   -0.51382    0.00000   -0.51395    0.00000   -4.67736   -0.09234   -2.38485
          2      11000  170.65194   -0.51382    0.00000   -0.51403    0.00000   -4.67736   -0.09234   -2.38485
          2      11100  172.41884   -0.51382    0.00000   -0.51407    0.00000   -4.67736   -0.09234   -2.38485
          2      11200  173.78619   -0.51382    0.00000   -0.51397    0.00000   -4.67736   -0.09234   -2.38485
          2      11300  175.66273   -0.51383    0.00000   -0.51397    0.00000   -4.67736   -0.09234   -2.38485
          2      11400  177.33943   -0.51383    0.00000   -0.51412    0.00000   -4.67736   -0.09234   -2.38485
          2      11500  179.15607   -0.51383    0.00000   -0.51390    0.00000   -4.67736   -0.09234   -2.38485
          2      11600  181.18142   -0.51383    0.00000   -0.51384    0.00000   -4.67736   -0.09234   -2.38485
          2      11700  182.71172   -0.51383    0.00000   -0.51317    0.00000   -4.67736   -0.09234   -2.38485
          2      11800  183.93869   -0.51384    0.00000   -0.51407    0.00000   -4.67736   -0.09234   -2.38485
          2      11900  185.04762   -0.51384    0.00000   -0.51331    0.00000   -4.67736   -0.09234   -2.38485
          2      12000  186.91117   -0.51384    0.00000   -0.51413    0.00000   -4.67736   -0.09234   -2.38485
          2      12100  188.27449   -0.51384    0.00000   -0.51410    0.00000   -4.67736   -0.09234   -2.38485
          2      12200  190.29169   -0.51384    0.00000   -0.51344    0.00000   -4.67736   -0.09234   -2.38485
          2      12300  192.17671   -0.51384    0.00000   -0.51398    0.00000   -4.67736   -0.09234   -2.38485
          2      12400  194.19807   -0.51384    0.00000   -0.51401    0.00000   -4.67736   -0.09234   -2.38485
          2      12500  196.23409   -0.51385    0.00000   -0.51354    0.00000   -4.67736   -0.09234   -2.38485
          2      12600  198.04672   -0.51385    0.00000   -0.51401    0.00000   -4.67736   -0.09234   -2.38485
          2      12700  199.83309   -0.51385    0.00000   -0.51401    0.00000   -4.67736   -0.09234   -2.38485
          2      12800  201.72029   -0.51385    0.00000   -0.51362    0.00000   -4.67736   -0.09234   -2.38485
          2      12900  203.37324   -0.51385    0.00000   -0.51403    0.00000   -4.67736   -0.09234   -2.38485
          2      13000  204.91462   -0.51385    0.00000   -0.51401    0.00000   -4.67736   -0.09234   -2.38485
          2      13100  206.33478   -0.51385    0.00000   -0.51368    0.00000   -4.67736   -0.09234   -2.38485
          2      13200  207.92077   -0.51386    0.00000   -0.51405    0.00000   -4.67736   -0.09234   -2.38485
          2      13300  209.73571   -0.51386    0.00000   -0.51402    0.00000   -4.67736   -0.09234   -2.38485
          2      13400  211.42136   -0.51386    0.00000   -0.51375    0.00000   -4.67736   -0.09234   -2.38485
          2      13500  213.15247   -0.51386    0.00000   -0.51407    0.00000   -4.67736   -0.09234   -2.38485
          2      13600  214.11485   -0.51386    0.00000   -0.51403    0.00000   -4.67736   -0.09234   -2.38485
          2      13700  215.55170   -0.51386    0.00000   -0.51383    0.00000   -4.67736   -0.09234   -2.38485
          2      13800  216.87804   -0.51386    0.00000   -0.51408    0.00000   -4.67736   -0.09234   -2.38485
          2      13900  218.61905   -0.51387    0.00000   -0.51373    0.00000   -4.67736   -0.09234   -2.38485
          2      14000  221.21410   -0.51387    0.00000   -0.51415    0.00000   -4.67736   -0.09234   -2.38485
          2      14100  222.68272   -0.51387    0.00000   -0.51387    0.00000   -4.67736   -0.09234   -2.38485
          2      14200  224.10107   -0.51387    0.00000   -0.51414    0.00000   -4.67736   -0.09234   -2.38485
          2      14300  226.22776   -0.51387    0.00000   -0.51399    0.00000   -4.67736   -0.09234   -2.38485
          2      14400  227.77505   -0.51387    0.00000   -0.51412    0.00000   -4.67736   -0.09234   -2.38485
          2      14500  230.43713   -0.51387    0.00000   -0.51397    0.00000   -4.67736   -0.09234   -2.38485
          2      14600  231.69051   -0.51387    0.00000   -0.51408    0.00000   -4.67736   -0.09234   -2.38485
          2      14700  233.22986   -0.51387    0.00000   -0.51408    0.00000   -4.67736   -0.09234   -2.38485
          2      14800  234.80725   -0.51388    0.00000   -0.51390    0.00000   -4.67736   -0.09234   -2.38485
          2      14900  236.23264   -0.51388    0.00000   -0.51395    0.00000   -4.67736   -0.09234   -2.38485
          2      15000  237.73183   -0.51388    0.00000   -0.51376    0.00000   -4.67736   -0.09234   -2.38485
          2      15100  239.44663   -0.51388    0.00000   -0.51411    0.00000   -4.67736   -0.09234   -2.38485
          2      15200  241.11566   -0.51388    0.00000   -0.51384    0.00000   -4.67736   -0.09234   -2.38485
          2      15300  242.85366   -0.51388    0.00000   -0.51379    0.00000   -4.67736   -0.09234   -2.38485
          2      15400  244.40972   -0.51388    0.00000   -0.51390    0.00000   -4.67736   -0.09234   -2.38485
          2      15500  246.13150   -0.51388    0.00000   -0.51383    0.00000   -4.67736   -0.09234   -2.38485
          2      15600  247.97346   -0.51388    0.00000   -0.51405    0.00000   -4.67736   -0.09234   -2.38485
          2      15700  249.57062   -0.51389    0.00000   -0.51377    0.00000   -4.67736   -0.09234   -2.38485
          2      15800  251.39017   -0.51389    0.00000   -0.51397    0.00000   -4.67736   -0.09234   -2.38485
          2      15900  252.78056   -0.51389    0.00000   -0.51395    0.00000   -4.67736   -0.09234   -2.38485
          2      16000  254.22048   -0.51389    0.00000   -0.51362    0.00000   -4.67736   -0.09234   -2.38485
          2      16100  256.10854   -0.51389    0.00000   -0.51413    0.00000   -4.67736   -0.09234   -2.38485
          2      16200  257.69443   -0.51389    0.00000   -0.51403    0.00000   -4.67736   -0.09234   -2.38485
          2      16300  259.01037   -0.51389    0.00000   -0.51393    0.00000   -4.67736   -0.09234   -2.38485
          2      16400  260.47745   -0.51389    0.00000   -0.51338    0.00000   -4.67736   -0.09234   -2.38485
          2      16500  261.79041   -0.51389    0.00000   -0.51341    0.00000   -4.67736   -0.09234   -2.38485
          2      16600  263.05259   -0.51389    0.00000   -0.51352    0.00000   -4.67736   -0.09234   -2.38485
          2      16700  264.66001   -0.51390    0.00000   -0.51359    0.00000   -4.67736   -0.09234   -2.38485
          2      16800  266.55445   -0.51390    0.00000   -0.51351    0.00000   -4.67736   -0.09234   -2.38485
          2      16900  267.59353   -0.51390    0.00000   -0.51339    0.00000   -4.67736   -0.09234   -2.38485
          2      17000  268.87552   -0.51390    0.00000   -0.51325    0.00000   -4.67736   -0.09234   -2.38485
          2      17100  270.82789   -0.51390    0.00000   -0.51370    0.00000   -4.67736   -0.09234   -2.38485
          2      17200  272.44208   -0.51390    0.00000   -0.51398    0.00000   -4.67736   -0.09234   -2.38485
          2      17300  274.35186   -0.51390    0.00000   -0.51402    0.00000   -4.67736   -0.09234   -2.38485
          2      17400  275.18480   -0.51390    0.00000   -0.51340    0.00000   -4.67736   -0.09234   -2.38485
          2      17500  276.44546   -0.51390    0.00000   -0.51394    0.00000   -4.67736   -0.09234   -2.38485
          2      17600  277.68700   -0.51390    0.00000   -0.51375    0.00000   -4.67736   -0.09234   -2.38485
          2      17700  279.19657   -0.51390    0.00000   -0.51389    0.00000   -4.67736   -0.09234   -2.38485
          2      17800  280.34184   -0.51390    0.00000   -0.51395    0.00000   -4.67736   -0.09234   -2.38485
          2      17900  281.55468   -0.51391    0.00000   -0.51392    0.00000   -4.67736   -0.09234   -2.38485
          2      18000  283.33149   -0.51391    0.00000   -0.51386    0.00000   -4.67736   -0.09234   -2.38485
          2      18100  283.99382   -0.51391    0.00000   -0.51369    0.00000   -4.67736   -0.09234   -2.38485
          2      18200  286.11375   -0.51391    0.00000   -0.51384    0.00000   -4.67736   -0.09234   -2.38485
          2      18300  287.60686   -0.51391    0.00000   -0.51356    0.00000   -4.67736   -0.09234   -2.38485
          2      18400  289.91474   -0.51391    0.00000   -0.51407    0.00000   -4.67736   -0.09234   -2.38485
          2      18500  291.57780   -0.51391    0.00000   -0.51403    0.00000   -4.67736   -0.09234   -2.38485
          2      18600  293.15861   -0.51391    0.00000   -0.51411    0.00000   -4.67736   -0.09234   -2.38485
          2      18700  294.67677   -0.51391    0.00000   -0.51405    0.00000   -4.67736   -0.09234   -2.38485
          2      18800  295.91525   -0.51391    0.00000   -0.51397    0.00000   -4.67736   -0.09234   -2.38485
          2      18900  297.09501   -0.51391    0.00000   -0.51403    0.00000   -4.67736   -0.09234   -2.38485
          2      19000  299.07328   -0.51391    0.00000   -0.51406    0.00000   -4.67736   -0.09234   -2.38485
          2      19100  300.77838   -0.51391    0.00000   -0.51376    0.00000   -4.67736   -0.09234   -2.38485
          2      19200  302.17511   -0.51392    0.00000   -0.51385    0.00000   -4.67736   -0.09234   -2.38485
          2      19300  304.35914   -0.51392    0.00000   -0.51365    0.00000   -4.67736   -0.09234   -2.38485
          2      19400  306.53105   -0.51392    0.00000   -0.51393    0.00000   -4.67736   -0.09234   -2.38485
          2      19500  308.12044   -0.51392    0.00000   -0.51373    0.00000   -4.67736   -0.09234   -2.38485
          2      19600  309.28024   -0.51392    0.00000   -0.51404    0.00000   -4.67736   -0.09234   -2.38485
          2      19700  310.60895   -0.51392    0.00000   -0.51406    0.00000   -4.67736   -0.09234   -2.38485
          2      19800  312.37900   -0.51392    0.00000   -0.51345    0.00000   -4.67736   -0.09234   -2.38485
          2      19900  313.67805   -0.51392    0.00000   -0.51391    0.00000   -4.67736   -0.09234   -2.38485
          2      20000  315.49904   -0.51392    0.00000   -0.51383    0.00000   -4.67736   -0.09234   -2.38485
          2      20100  316.64870   -0.51392    0.00000   -0.51402    0.00000   -4.67736   -0.09234   -2.38485
          2      20200  318.40933   -0.51392    0.00000   -0.51399    0.00000   -4.67736   -0.09234   -2.38485
          2      20300  319.53103   -0.51392    0.00000   -0.51393    0.00000   -4.67736   -0.09234   -2.38485
          2      20400  321.45168   -0.51392    0.00000   -0.51402    0.00000   -4.67736   -0.09234   -2.38485
          2      20500  323.12763   -0.51392    0.00000   -0.51389    0.00000   -4.67736   -0.09234   -2.38485
          2      20600  324.36696   -0.51393    0.00000   -0.51345    0.00000   -4.67736   -0.09234   -2.38485
          2      20700  326.36679   -0.51393    0.00000   -0.51405    0.00000   -4.67736   -0.09234   -2.38485
          2      20800  328.13311   -0.51393    0.00000   -0.51405    0.00000   -4.67736   -0.09234   -2.38485
          2      20900  329.25786   -0.51393    0.00000   -0.51369    0.00000   -4.67736   -0.09234   -2.38485
          2      21000  330.55427   -0.51393    0.00000   -0.51394    0.00000   -4.67736   -0.09234   -2.38485
          2      21100  332.79415   -0.51393    0.00000   -0.51361    0.00000   -4.67736   -0.09234   -2.38485
          2      21200  333.92711   -0.51393    0.00000   -0.51398    0.00000   -4.67736   -0.09234   -2.38485
          2      21300  335.18171   -0.51393    0.00000   -0.51396    0.00000   -4.67736   -0.09234   -2.38485
          2      21400  336.50249   -0.51393    0.00000   -0.51412    0.00000   -4.67736   -0.09234   -2.38485
          2      21500  338.51298   -0.51393    0.00000   -0.51412    0.00000   -4.67736   -0.09234   -2.38485
          2      21600  340.33689   -0.51393    0.00000   -0.51377    0.00000   -4.67736   -0.09234   -2.38485
          2      21700  341.52091   -0.51393    0.00000   -0.51406    0.00000   -4.67736   -0.09234   -2.38485
          2      21800  343.29740   -0.51393    0.00000   -0.51399    0.00000   -4.67736   -0.09234   -2.38485
          2      21900  345.05107   -0.51393    0.00000   -0.51403    0.00000   -4.67736   -0.09234   -2.38485
          2      22000  346.79955   -0.51393    0.00000   -0.51388    0.00000   -4.67736   -0.09234   -2.38485
          2      22100  348.28544   -0.51393    0.00000   -0.51400    0.00000   -4.67736   -0.09234   -2.38485
          2      22200  349.80898   -0.51393    0.00000   -0.51405    0.00000   -4.67736   -0.09234   -2.38485
          2      22300  351.29217   -0.51394    0.00000   -0.51375    0.00000   -4.67736   -0.09234   -2.38485
          2      22400  353.18407   -0.51394    0.00000   -0.51414    0.00000   -4.67736   -0.09234   -2.38485
          2      22500  355.20174   -0.51394    0.00000   -0.51413    0.00000   -4.67736   -0.09234   -2.38485
          2      22600  356.77001   -0.51394    0.00000   -0.51414    0.00000   -4.67736   -0.09234   -2.38485
          2      22700  358.59663   -0.51394    0.00000   -0.51415    0.00000   -4.67736   -0.09234   -2.38485
          2      22800  360.03239   -0.51394    0.00000   -0.51415    0.00000   -4.67736   -0.09234   -2.38485
          2      22900  361.39607   -0.51394    0.00000   -0.51415    0.00000   -4.67736   -0.09234   -2.38485
          2      23000  362.65865   -0.51394    0.00000   -0.51415    0.00000   -4.67736   -0.09234   -2.38485
          2      23100  364.94418   -0.51394    0.00000   -0.51415    0.00000   -4.67736   -0.09234   -2.38485
          2      23200  366.23766   -0.51394    0.00000   -0.51415    0.00000   -4.67736   -0.09234   -2.38485
          2      23300  367.92187   -0.51394    0.00000   -0.51415    0.00000   -4.67736   -0.09234   -2.38485
          2      23400  369.71373   -0.51394    0.00000   -0.51415    0.00000   -4.67736   -0.09234   -2.38485
          2      23500  370.94508   -0.51394    0.00000   -0.51415    0.00000   -4.67736   -0.09234   -2.38485
          2      23600  372.28351   -0.51394    0.00000   -0.51415    0.00000   -4.67736   -0.09234   -2.38485
          2      23700  374.42014   -0.51394    0.00000   -0.51415    0.00000   -4.67736   -0.09234   -2.38485
          2      23800  376.13630   -0.51394    0.00000   -0.51415    0.00000   -4.67736   -0.09234   -2.38485
          2      23900  378.08785   -0.51394    0.00000   -0.51415    0.00000   -4.67736   -0.09234   -2.38485
          2      24000  378.59410   -0.51394    0.00000   -0.51415    0.00000   -4.67736   -0.09234   -2.38485
          2      24100  380.16466   -0.51395    0.00000   -0.51415    0.00000   -4.67736   -0.09234   -2.38485
          2      24200  381.42145   -0.51395    0.00000   -0.51415    0.00000   -4.67736   -0.09234   -2.38485
          2      24300  383.32696   -0.51395    0.00000   -0.51415    0.00000   -4.67736   -0.09234   -2.38485
          2      24400  384.85501   -0.51395    0.00000   -0.51415    0.00000   -4.67736   -0.09234   -2.38485
          2      24500  386.53216   -0.51395    0.00000   -0.51415    0.00000   -4.67736   -0.09234   -2.38485
          2      24600  387.06859   -0.51395    0.00000   -0.51415    0.00000   -4.67736   -0.09234   -2.38485
          2      24700  389.24746   -0.51395    0.00000   -0.51415    0.00000   -4.67736   -0.09234   -2.38485
          2      24800  391.49279   -0.51395    0.00000   -0.51415    0.00000   -4.67736   -0.09234   -2.38485
          2      24900  393.27583   -0.51395    0.00000   -0.51415    0.00000   -4.67736   -0.09234   -2.38485
          2      25000  395.14754   -0.51395    0.00000   -0.51415    0.00000   -4.67736   -0.09234   -2.38485
          2      25100  396.48522   -0.51395    0.00000   -0.51415    0.00000   -4.67736   -0.09234   -2.38485
          2      25200  398.05308   -0.51395    0.00000   -0.51415    0.00000   -4.67736   -0.09234   -2.38485
          2      25300  399.67057   -0.51395    0.00000   -0.51415    0.00000   -4.67736   -0.09234   -2.38485
          2      25400  400.93330   -0.51395    0.00000   -0.51415    0.00000   -4.67736   -0.09234   -2.38485
          2      25500  402.58973   -0.51395    0.00000   -0.51415    0.00000   -4.67736   -0.09234   -2.38485
          2      25600  404.38532   -0.51395    0.00000   -0.51415    0.00000   -4.67736   -0.09234   -2.38485
          2      25700  406.26365   -0.51395    0.00000   -0.51415    0.00000   -4.67736   -0.09234   -2.38485
          2      25800  408.14746   -0.51395    0.00000   -0.51415    0.00000   -4.67736   -0.09234   -2.38485
          2      25900  409.79294   -0.51395    0.00000   -0.51415    0.00000   -4.67736   -0.09234   -2.38485
          2      26000  411.00148   -0.51395    0.00000   -0.51415    0.00000   -4.67736   -0.09234   -2.38485
          2      26100  412.53363   -0.51395    0.00000   -0.51415    0.00000   -4.67736   -0.09234   -2.38485
          2      26200  414.30807   -0.51395    0.00000   -0.51415    0.00000   -4.67736   -0.09234   -2.38485
          2      26300  416.12935   -0.51396    0.00000   -0.51415    0.00000   -4.67736   -0.09234   -2.38485
          2      26400  417.66946   -0.51396    0.00000   -0.51415    0.00000   -4.67736   -0.09234   -2.38485
          2      26500  419.12630   -0.51396    0.00000   -0.51415    0.00000   -4.67736   -0.09234   -2.38485
          2      26600  420.16136   -0.51396    0.00000   -0.51415    0.00000   -4.67736   -0.09234   -2.38485
          2      26700  422.18534   -0.51396    0.00000   -0.51415    0.00000   -4.67736   -0.09234   -2.38485
          2      26800  423.93836   -0.51396    0.00000   -0.51415    0.00000   -4.67736   -0.09234   -2.38485
          2      26900  425.21092   -0.51396    0.00000   -0.51415    0.00000   -4.67736   -0.09234   -2.38485
          2      27000  426.99520   -0.51396    0.00000   -0.51415    0.00000   -4.67736   -0.09234   -2.38485
          2      27100  428.79634   -0.51396    0.00000   -0.51415    0.00000   -4.67736   -0.09234   -2.38485
          2      27200  430.52408   -0.51396    0.00000   -0.51415    0.00000   -4.67736   -0.09234   -2.38485
          2      27300  432.18454   -0.51396    0.00000   -0.51415    0.00000   -4.67736   -0.09234   -2.38485
          2      27400  432.92877   -0.51396    0.00000   -0.51415    0.00000   -4.67736   -0.09234   -2.38485
          2      27500  434.99419   -0.51396    0.00000   -0.51415    0.00000   -4.67736   -0.09234   -2.38485
          2      27600  437.03176   -0.51396    0.00000   -0.51415    0.00000   -4.67736   -0.09234   -2.38485
          2      27700  438.80714   -0.51396    0.00000   -0.51415    0.00000   -4.67736   -0.09234   -2.38485
          2      27800  440.52459   -0.51396    0.00000   -0.51415    0.00000   -4.67736   -0.09234   -2.38485
          2      27900  441.76412   -0.51396    0.00000   -0.51415    0.00000   -4.67736   -0.09234   -2.38485
          2      28000  443.41806   -0.51396    0.00000   -0.51415    0.00000   -4.67736   -0.09234   -2.38485
          2      28100  444.87853   -0.51396    0.00000   -0.51415    0.00000   -4.67736   -0.09234   -2.38485
          2      28200  445.70760   -0.51396    0.00000   -0.51415    0.00000   -4.67736   -0.09234   -2.38485
          2      28300  447.76300   -0.51396    0.00000   -0.51415    0.00000   -4.67736   -0.09234   -2.38485
          2      28400  449.08232   -0.51396    0.00000   -0.51415    0.00000   -4.67736   -0.09234   -2.38485
          2      28500  450.37119   -0.51396    0.00000   -0.51415    0.00000   -4.67736   -0.09234   -2.38485
          2      28600  452.39701   -0.51396    0.00000   -0.51415    0.00000   -4.67736   -0.09234   -2.38485
          2      28700  453.90137   -0.51397    0.00000   -0.51415    0.00000   -4.67736   -0.09234   -2.38485
          2      28800  455.83148   -0.51397    0.00000   -0.51415    0.00000   -4.67736   -0.09234   -2.38485
          2      28900  457.53897   -0.51397    0.00000   -0.51415    0.00000   -4.67736   -0.09234   -2.38485
          2      29000  459.10441   -0.51397    0.00000   -0.51415    0.00000   -4.67736   -0.09234   -2.38485
          2      29100  460.80487   -0.51397    0.00000   -0.51415    0.00000   -4.67736   -0.09234   -2.38485
          2      29200  462.51802   -0.51397    0.00000   -0.51415    0.00000   -4.67736   -0.09234   -2.38485
          2      29300  463.99190   -0.51397    0.00000   -0.51415    0.00000   -4.67736   -0.09234   -2.38485
          2      29400  465.22059   -0.51397    0.00000   -0.51415    0.00000   -4.67736   -0.09234   -2.38485
          2      29500  466.94548   -0.51397    0.00000   -0.51415    0.00000   -4.67736   -0.09234   -2.38485
          2      29600  468.80952   -0.51397    0.00000   -0.51415    0.00000   -4.67736   -0.09234   -2.38485
          2      29700  469.33933   -0.51397    0.00000   -0.51415    0.00000   -4.67736   -0.09234   -2.38485
          2      29800  470.93294   -0.51397    0.00000   -0.51415    0.00000   -4.67736   -0.09234   -2.38485
          2      29900  472.27846   -0.51397    0.00000   -0.51415    0.00000   -4.67736   -0.09234   -2.38485
          2      30000  473.81620   -0.51397    0.00000   -0.51415    0.00000   -4.67736   -0.09234   -2.38485
          2      30100  475.60033   -0.51397    0.00000   -0.51415    0.00000   -4.67736   -0.09234   -2.38485
          2      30200  476.80572   -0.51397    0.00000   -0.51415    0.00000   -4.67736   -0.09234   -2.38485
          2      30300  478.01076   -0.51397    0.00000   -0.51415    0.00000   -4.67736   -0.09234   -2.38485
          2      30400  479.57943   -0.51397    0.00000   -0.51415    0.00000   -4.67736   -0.09234   -2.38485
          2      30500  481.19307   -0.51397    0.00000   -0.51415    0.00000   -4.67736   -0.09234   -2.38485
          2      30600  482.73684   -0.51397    0.00000   -0.51415    0.00000   -4.67736   -0.09234   -2.38485
          2      30700  484.40032   -0.51397    0.00000   -0.51415    0.00000   -4.67736   -0.09234   -2.38485
          2      30800  486.09044   -0.51397    0.00000   -0.51415    0.00000   -4.67736   -0.09234   -2.38485
          2      30900  487.45397   -0.51397    0.00000   -0.51415    0.00000   -4.67736   -0.09234   -2.38485
          2      31000  489.33465   -0.51397    0.00000   -0.51415    0.00000   -4.67736   -0.09234   -2.38485
          2      31100  491.44548   -0.51397    0.00000   -0.51415    0.00000   -4.67736   -0.09234   -2.38485
          2      31200  493.23092   -0.51397    0.00000   -0.51415    0.00000   -4.67736   -0.09234   -2.38485
          2      31300  494.73818   -0.51397    0.00000   -0.51415    0.00000   -4.67736   -0.09234   -2.38485
          2      31400  496.20981   -0.51397    0.00000   -0.51415    0.00000   -4.67736   -0.09234   -2.38485
          2      31500  497.65595   -0.51397    0.00000   -0.51415    0.00000   -4.67736   -0.09234   -2.38485
          2      31600  499.25646   -0.51398    0.00000   -0.51415    0.00000   -4.67736   -0.09234   -2.38485
          2      31700  500.90794   -0.51398    0.00000   -0.51415    0.00000   -4.67736   -0.09234   -2.38485
          2      31800  502.49142   -0.51398    0.00000   -0.51415    0.00000   -4.67736   -0.09234   -2.38485
          2      31900  504.16297   -0.51398    0.00000   -0.51415    0.00000   -4.67736   -0.09234   -2.38485
          2      32000  506.14455   -0.51398    0.00000   -0.51415    0.00000   -4.67736   -0.09234   -2.38485
          2      32100  507.47442   -0.51398    0.00000   -0.51415    0.00000   -4.67736   -0.09234   -2.38485
          2      32200  508.88071   -0.51398    0.00000   -0.51415    0.00000   -4.67736   -0.09234   -2.38485
          2      32300  510.76910   -0.51398    0.00000   -0.51415    0.00000   -4.67736   -0.09234   -2.38485
          2      32400  512.50166   -0.51398    0.00000   -0.51415    0.00000   -4.67736   -0.09234   -2.38485
          2      32500  514.06673   -0.51398    0.00000   -0.51415    0.00000   -4.67736   -0.09234   -2.38485
          2      32600  515.96542   -0.51398    0.00000   -0.51415    0.00000   -4.67736   -0.09234   -2.38485
          2      32700  517.93459   -0.51398    0.00000   -0.51415    0.00000   -4.67736   -0.09234   -2.38485
          2      32800  519.53114   -0.51398    0.00000   -0.51415    0.00000   -4.67736   -0.09234   -2.38485
          2      32900  521.24544   -0.51398    0.00000   -0.51415    0.00000   -4.67736   -0.09234   -2.38485
          2      33000  522.76383   -0.51398    0.00000   -0.51415    0.00000   -4.67736   -0.09234   -2.38485
          2      33100  524.20565   -0.51398    0.00000   -0.51415    0.00000   -4.67736   -0.09234   -2.38485
          2      33200  525.56180   -0.51398    0.00000   -0.51415    0.00000   -4.67736   -0.09234   -2.38485
          2      33300  527.79087   -0.51398    0.00000   -0.51415    0.00000   -4.67736   -0.09234   -2.38485
          2      33400  529.30904   -0.51398    0.00000   -0.51415    0.00000   -4.67736   -0.09234   -2.38485
          2      33500  530.81464   -0.51398    0.00000   -0.51415    0.00000   -4.67736   -0.09234   -2.38485
          2      33600  532.73698   -0.51398    0.00000   -0.51415    0.00000   -4.67736   -0.09234   -2.38485
          2      33700  534.20837   -0.51398    0.00000   -0.51415    0.00000   -4.67736   -0.09234   -2.38485
          2      33800  535.44420   -0.51398    0.00000   -0.51415    0.00000   -4.67736   -0.09234   -2.38485
          2      33900  536.57502   -0.51398    0.00000   -0.51415    0.00000   -4.67736   -0.09234   -2.38485
          2      34000  538.58044   -0.51398    0.00000   -0.51415    0.00000   -4.67736   -0.09234   -2.38485
          2      34100  540.40272   -0.51398    0.00000   -0.51415    0.00000   -4.67736   -0.09234   -2.38485
          2      34200  541.61328   -0.51398    0.00000   -0.51415    0.00000   -4.67736   -0.09234   -2.38485
          2      34300  543.13282   -0.51398    0.00000   -0.51415    0.00000   -4.67736   -0.09234   -2.38485
          2      34400  544.39127   -0.51398    0.00000   -0.51415    0.00000   -4.67736   -0.09234   -2.38485
          2      34500  545.94742   -0.51398    0.00000   -0.51415    0.00000   -4.67736   -0.09234   -2.38485
          2      34600  547.64159   -0.51398    0.00000   -0.51415    0.00000   -4.67736   -0.09234   -2.38485
          2      34700  549.67338   -0.51398    0.00000   -0.51415    0.00000   -4.67736   -0.09234   -2.38485
          2      34800  551.83733   -0.51398    0.00000   -0.51415    0.00000   -4.67736   -0.09234   -2.38485
          2      34900  553.05948   -0.51399    0.00000   -0.51415    0.00000   -4.67736   -0.09234   -2.38485
          2      35000  554.68997   -0.51399    0.00000   -0.51415    0.00000   -4.67736   -0.09234   -2.38485
          2      35100  556.06745   -0.51399    0.00000   -0.51415    0.00000   -4.67736   -0.09234   -2.38485
          2      35200  557.43392   -0.51399    0.00000   -0.51415    0.00000   -4.67736   -0.09234   -2.38485
          2      35300  558.73451   -0.51399    0.00000   -0.51415    0.00000   -4.67736   -0.09234   -2.38485
          2      35400  559.82319   -0.51399    0.00000   -0.51415    0.00000   -4.67736   -0.09234   -2.38485
          2      35500  561.28010   -0.51399    0.00000   -0.51415    0.00000   -4.67736   -0.09234   -2.38485
          2      35600  562.49921   -0.51399    0.00000   -0.51415    0.00000   -4.67736   -0.09234   -2.38485
          2      35700  564.01241   -0.51399    0.00000   -0.51415    0.00000   -4.67736   -0.09234   -2.38485
          2      35800  565.44893   -0.51399    0.00000   -0.51415    0.00000   -4.67736   -0.09234   -2.38485
          2      35900  567.84410   -0.51399    0.00000   -0.51415    0.00000   -4.67736   -0.09234   -2.38485
          2      36000  569.78255   -0.51399    0.00000   -0.51415    0.00000   -4.67736   -0.09234   -2.38485
          2      36100  571.11310   -0.51399    0.00000   -0.51415    0.00000   -4.67736   -0.09234   -2.38485
          2      36200  572.52872   -0.51399    0.00000   -0.51415    0.00000   -4.67736   -0.09234   -2.38485
          2      36300  574.12057   -0.51399    0.00000   -0.51415    0.00000   -4.67736   -0.09234   -2.38485
          2      36400  575.72979   -0.51399    0.00000   -0.51415    0.00000   -4.67736   -0.09234   -2.38485
          2      36500  577.31491   -0.51399    0.00000   -0.51415    0.00000   -4.67736   -0.09234   -2.38485
          2      36600  578.88002   -0.51399    0.00000   -0.51415    0.00000   -4.67736   -0.09234   -2.38485
          2      36700  580.26056   -0.51399    0.00000   -0.51415    0.00000   -4.67736   -0.09234   -2.38485
          2      36800  581.77727   -0.51399    0.00000   -0.51415    0.00000   -4.67736   -0.09234   -2.38485
          2      36900  582.80001   -0.51399    0.00000   -0.51415    0.00000   -4.67736   -0.09234   -2.38485
          2      37000  584.43663   -0.51399    0.00000   -0.51415    0.00000   -4.67736   -0.09234   -2.38485
          2      37100  586.38321   -0.51399    0.00000   -0.51415    0.00000   -4.67736   -0.09234   -2.38485
          2      37200  587.79891   -0.51399    0.00000   -0.51415    0.00000   -4.67736   -0.09234   -2.38485
          2      37300  589.15652   -0.51399    0.00000   -0.51415    0.00000   -4.67736   -0.09234   -2.38485
          2      37400  590.55313   -0.51399    0.00000   -0.51415    0.00000   -4.67736   -0.09234   -2.38485
          2      37500  591.40064   -0.51399    0.00000   -0.51415    0.00000   -4.67736   -0.09234   -2.38485
          2      37600  593.06047   -0.51399    0.00000   -0.51415    0.00000   -4.67736   -0.09234   -2.38485
          2      37700  594.36540   -0.51399    0.00000   -0.51415    0.00000   -4.67736   -0.09234   -2.38485
          2      37800  596.63267   -0.51399    0.00000   -0.51415    0.00000   -4.67736   -0.09234   -2.38485
          2      37900  597.95243   -0.51399    0.00000   -0.51415    0.00000   -4.67736   -0.09234   -2.38485
          2      38000  599.47537   -0.51399    0.00000   -0.51415    0.00000   -4.67736   -0.09234   -2.38485
          2      38029  600.07455   -0.51399    0.00000   -0.51414    0.00000   -4.67736   -0.09234   -2.38485
