          1          0    0.00000   -0.47281    0.00000   -0.47281    0.00000   -4.46440    4.46440    0.00000
          1          1    0.01272   -0.40201    0.00000   -0.36023    0.00000   -4.46440   -0.36023    0.00000
          2          0    0.01272   -0.18775    0.00000   -0.36023    0.00000   -4.46440   -0.36023   -2.41232
          2        100    5.13497   -0.51764    0.00000   -0.51464    0.00000   -4.46440   -0.51788   -2.41232
          2        200   11.95491   -0.52770    0.00000   -0.52815    0.00000   -4.46440   -0.52815   -2.41232
          2        300   18.63804   -0.53196    0.00000   -0.53316    0.00000   -4.46440   -0.53316   -2.41232
          2        400   25.03742   -0.53446    0.00000   -0.53592    0.00000   -4.46440   -0.53592   -2.41232
          2        500   30.52090   -0.53614    0.00000   -0.53770    0.00000   -4.46440   -0.53770   -2.41232
          2        600   36.71417   -0.53737    0.00000   -0.53897    0.00000   -4.46440   -0.53897   -2.41232
          2        700   44.11971   -0.53833    0.00000   -0.53992    0.00000   -4.46440   -0.53992   -2.41232
          2        800   49.07775   -0.53909    0.00000   -0.54067    0.00000   -4.46440   -0.54067   -2.41232
          2        900   55.35501   -0.53972    0.00000   -0.54128    0.00000   -4.46440   -0.54128   -2.41232
          2       1000   61.17829   -0.54026    0.00000   -0.54178    0.00000   -4.46440   -0.54178   -2.41232
          2       1100   68.14311   -0.54071    0.00000   -0.54221    0.00000   -4.46440   -0.54221   -2.41232
          2       1200   75.32113   -0.54111    0.00000   -0.54258    0.00000   -4.46440   -0.54258   -2.41232
          2       1300   82.85191   -0.54146    0.00000   -0.54290    0.00000   -4.46440   -0.54290   -2.41232
          2       1400   89.62848   -0.54177    0.00000   -0.54318    0.00000   -4.46440   -0.54318   -2.41232
          2       1500   95.84558   -0.54205    0.00000   -0.54343    0.00000   -4.46440   -0.54343   -2.41232
          2       1600  102.49161   -0.54231    0.00000   -0.54366    0.00000   -4.46440   -0.54366   -2.41232
          2       1700  108.41288   -0.54254    0.00000   -0.54386    0.00000   -4.46440   -0.54386   -2.41232
          2       1800  115.49456   -0.54275    0.00000   -0.54405    0.00000   -4.46440   -0.54405   -2.41232
          2       1900  122.55049   -0.54294    0.00000   -0.54422    0.00000   -4.46440   -0.54422   -2.41232
          2       2000  128.63819   -0.54312    0.00000   -0.54437    0.00000   -4.46440   -0.54437   -2.41232
          2       2100  134.35540   -0.54329    0.00000   -0.54451    0.00000   -4.46440   -0.54451   -2.41232
          2       2200  140.47489   -0.54344    0.00000   -0.54464    0.00000   -4.46440   -0.54464   -2.41232
          2       2300  146.75413   -0.54358    0.00000   -0.54477    0.00000   -4.46440   -0.54477   -2.41232
          2       2400  153.46989   -0.54372    0.00000   -0.54488    0.00000   -4.46440   -0.54488   -2.41232
          2       2500  159.95696   -0.54385    0.00000   -0.54499    0.00000   -4.46440   -0.54499   -2.41232
          2       2600  166.09144   -0.54396    0.00000   -0.54509    0.00000   -4.46440   -0.54509   -2.41232
          2       2700  172.02335   -0.54408    0.00000   -0.54518    0.00000   -4.46440   -0.54518   -2.41232
          2       2800  178.14998   -0.54418    0.00000   -0.54527    0.00000   -4.46440   -0.54527   -2.41232
          2       2900  185.22518   -0.54428    0.00000   -0.54535    0.00000   -4.46440   -0.54535   -2.41232
          2       3000  192.47879   -0.54438    0.00000   -0.54543    0.00000   -4.46440   -0.54543   -2.41232
          2       3100  197.96246   -0.54447    0.00000   -0.54551    0.00000   -4.46440   -0.54551   -2.41232
          2       3200  204.63178   -0.54456    0.00000   -0.54558    0.00000   -4.46440   -0.54558   -2.41232
          2       3300  211.64656   -0.54464    0.00000   -0.54565    0.00000   -4.46440   -0.54565   -2.41232
          2       3400  217.56828   -0.54472    0.00000   -0.54571    0.00000   -4.46440   -0.54571   -2.41232
          2       3500  224.08436   -0.54479    0.00000   -0.54577    0.00000   -4.46440   -0.54577   -2.41232
          2       3600  230.98307   -0.54487    0.00000   -0.54583    0.00000   -4.46440   -0.54583   -2.41232
          2       3700  237.50373   -0.54493    0.00000   -0.54589    0.00000   -4.46440   -0.54589   -2.41232
          2       3800  243.60925   -0.54500    0.00000   -0.54594    0.00000   -4.46440   -0.54594   -2.41232
          2       3900  250.04904   -0.54507    0.00000   -0.54599    0.00000   -4.46440   -0.54599   -2.41232
          2       4000  256.07908   -0.54513    0.00000   -0.54604    0.00000   -4.46440   -0.54604   -2.41232
          2       4100  263.27896   -0.54519    0.00000   -0.54609    0.00000   -4.46440   -0.54609   -2.41232
          2       4200  269.55959   -0.54524    0.00000   -0.54613    0.00000   -4.46440   -0.54613   -2.41232
          2       4300  275.75874   -0.54530    0.00000   -0.54618    0.00000   -4.46440   -0.54618   -2.41232
          2       4400  282.75683   -0.54535    0.00000   -0.54622    0.00000   -4.46440   -0.54622   -2.41232
          2       4500  288.82353   -0.54540    0.00000   -0.54626    0.00000   -4.46440   -0.54626   -2.41232
          2       4600  294.62318   -0.54545    0.00000   -0.54630    0.00000   -4.46440   -0.54630   -2.41232
          2       4700  301.35016   -0.54550    0.00000   -0.54634    0.00000   -4.46440   -0.54634   -2.41232
          2       4800  308.10944   -0.54555    0.00000   -0.54637    0.00000   -4.46440   -0.54637   -2.41232
          2       4900  314.81756   -0.54559    0.00000   -0.54641    0.00000   -4.46440   -0.54641   -2.41232
          2       5000  321.37373   -0.54564    0.00000   -0.54644    0.00000   -4.46440   -0.54644   -2.41232
          2       5100  326.82826   -0.54568    0.00000   -0.54648    0.00000   -4.46440   -0.54648   -2.41232
          2       5200  333.59830   -0.54572    0.00000   -0.54651    0.00000   -4.46440   -0.54651   -2.41232
          2       5300  339.31985   -0.54576    0.00000   -0.54654    0.00000   -4.46440   -0.54654   -2.41232
          2       5400  346.26528   -0.54580    0.00000   -0.54657    0.00000   -4.46440   -0.54657   -2.41232
          2       5500  353.31694   -0.54584    0.00000   -0.54660    0.00000   -4.46440   -0.54660   -2.41232
          2       5600  360.87264   -0.54587    0.00000   -0.54663    0.00000   -4.46440   -0.54663   -2.41232
          2       5700  367.73190   -0.54591    0.00000   -0.54666    0.00000   -4.46440   -0.54666   -2.41232
          2       5800  374.08569   -0.54594    0.00000   -0.54668    0.00000   -4.46440   -0.54668   -2.41232
          2       5900  380.23742   -0.54598    0.00000   -0.54671    0.00000   -4.46440   -0.54671   -2.41232
          2       6000  386.11293   -0.54601    0.00000   -0.54673    0.00000   -4.46440   -0.54673   -2.41232
          2       6100  392.02154   -0.54604    0.00000   -0.54676    0.00000   -4.46440   -0.54676   -2.41232
          2       6200  398.82890   -0.54607    0.00000   -0.54678    0.00000   -4.46440   -0.54678   -2.41232
          2       6300  405.58547   -0.54610    0.00000   -0.54681    0.00000   -4.46440   -0.54681   -2.41232
          2       6400  412.86677   -0.54613    0.00000   -0.54683    0.00000   -4.46440   -0.54683   -2.41232
          2       6500  419.22570   -0.54616    0.00000   -0.54685    0.00000   -4.46440   -0.54685   -2.41232
          2       6600  426.36490   -0.54619    0.00000   -0.54687    0.00000   -4.46440   -0.54687   -2.41232
          2       6700  431.51272   -0.54622    0.00000   -0.54690    0.00000   -4.46440   -0.54690   -2.41232
          2       6800  437.42878   -0.54625    0.00000   -0.54692    0.00000   -4.46440   -0.54692   -2.41232
          2       6900  443.82338   -0.54627    0.00000   -0.54694    0.00000   -4.46440   -0.54694   -2.41232
          2       7000  450.14997   -0.54630    0.00000   -0.54696    0.00000   -4.46440   -0.54696   -2.41232
          2       7100  455.93179   -0.54633    0.00000   -0.54698    0.00000   -4.46440   -0.54698   -2.41232
          2       7200  462.70637   -0.54635    0.00000   -0.54700    0.00000   -4.46440   -0.54700   -2.41232
          2       7300  468.83063   -0.54638    0.00000   -0.54701    0.00000   -4.46440   -0.54701   -2.41232
          2       7400  474.84612   -0.54640    0.00000   -0.54703    0.00000   -4.46440   -0.54703   -2.41232
          2       7500  481.20312   -0.54642    0.00000   -0.54705    0.00000   -4.46440   -0.54705   -2.41232
          2       7600  487.14904   -0.54645    0.00000   -0.54707    0.00000   -4.46440   -0.54707   -2.41232
          2       7700  493.69737   -0.54647    0.00000   -0.54709    0.00000   -4.46440   -0.54709   -2.41232
          2       7800  499.71515   -0.54649    0.00000   -0.54710    0.00000   -4.46440   -0.54710   -2.41232
          2       7900  506.87018   -0.54651    0.00000   -0.54712    0.00000   -4.46440   -0.54712   -2.41232
          2       8000  514.11047   -0.54653    0.00000   -0.54714    0.00000   -4.46440   -0.54714   -2.41232
          2       8100  521.15473   -0.54656    0.00000   -0.54715    0.00000   -4.46440   -0.54715   -2.41232
          2       8200  527.78297   -0.54658    0.00000   -0.54717    0.00000   -4.46440   -0.54717   -2.41232
          2       8300  534.30000   -0.54660    0.00000   -0.54718    0.00000   -4.46440   -0.54718   -2.41232
          2       8400  541.27563   -0.54662    0.00000   -0.54720    0.00000   -4.46440   -0.54720   -2.41232
          2       8500  548.32691   -0.54663    0.00000   -0.54721    0.00000   -4.46440   -0.54721   -2.41232
          2       8600  553.93330   -0.54665    0.00000   -0.54723    0.00000   -4.46440   -0.54723   -2.41232
          2       8700  560.29420   -0.54667    0.00000   -0.54724    0.00000   -4.46440   -0.54724   -2.41232
          2       8800  566.43312   -0.54669    0.00000   -0.54725    0.00000   -4.46440   -0.54725   -2.41232
          2       8900  574.07785   -0.54671    0.00000   -0.54727    0.00000   -4.46440   -0.54727   -2.41232
          2       9000  580.83288   -0.54673    0.00000   -0.54728    0.00000   -4.46440   -0.54728   -2.41232
          2       9100  587.54692   -0.54674    0.00000   -0.54729    0.00000   -4.46440   -0.54729   -2.41232
          2       9200  593.98868   -0.54676    0.00000   -0.54731    0.00000   -4.46440   -0.54731   -2.41232
          2       9295  600.17526   -0.54678    0.00000   -0.54678    0.00000   -4.46440   -0.54732   -2.41232
