          1          0    0.00000   -0.99510    0.00000   -0.99510    0.00000   -3.64712    3.64712    0.00000
          1          1    0.40771   -1.00131    0.00000   -0.99663    0.00000   -3.64712   -1.00131    0.00000
          2          0    0.40771   -0.39932    0.00000   -0.99663    0.00000   -3.64712   -1.00131   -2.32421
          2        100   97.48298   -0.96551    0.00000   -1.01077    0.00000   -3.64712   -1.00131   -2.32421
          2        200  194.44962   -0.97949    0.00000   -1.01310    0.00000   -3.64712   -1.00131   -2.32421
          2        300  291.86334   -0.98574    0.00000   -1.01340    0.00000   -3.64712   -1.00131   -2.32421
          2        400  387.95517   -0.98947    0.00000   -1.01264    0.00000   -3.64712   -1.00131   -2.32421
          2        500  494.32637   -0.99203    0.00000   -1.01266    0.00000   -3.64712   -1.00131   -2.32421
          2        600  603.40057   -0.99392    0.00000   -1.01246    0.00000   -3.64712   -1.00131   -2.32421
          2        700  706.29131   -0.99540    0.00000   -1.01334    0.00000   -3.64712   -1.00131   -2.32421
          2        800  810.21262   -0.99659    0.00000   -1.01262    0.00000   -3.64712   -1.00131   -2.32421
          2        900  906.82198   -0.99758    0.00000   -1.01318    0.00000   -3.64712   -1.00131   -2.32421
          2       1000 1015.68093   -0.99842    0.00000   -1.01334    0.00000   -3.64712   -1.00131   -2.32421
          2       1100 1115.04989   -0.99914    0.00000   -1.01290    0.00000   -3.64712   -1.00131   -2.32421
          2       1200 1221.55239   -0.99977    0.00000   -1.01336    0.00000   -3.64712   -1.00131   -2.32421
          2       1300 1319.88961   -1.00033    0.00000   -1.01283    0.00000   -3.64712   -1.00131   -2.32421
          2       1400 1434.02909   -1.00082    0.00000   -1.01282    0.00000   -3.64712   -1.00131   -2.32421
          2       1500 1532.77317   -1.00127    0.00000   -1.01307    0.00000   -3.64712   -1.00131   -2.32421
          2       1600 1654.86332   -1.00167    0.00000   -1.01330    0.00000   -3.64712   -1.00131   -2.32421
          2       1700 1748.13341   -1.00204    0.00000   -1.01340    0.00000   -3.64712   -1.00131   -2.32421
          2       1800 1857.66450   -1.00238    0.00000   -1.01322    0.00000   -3.64712   -1.00131   -2.32421
          2       1900 1968.82801   -1.00269    0.00000   -1.01340    0.00000   -3.64712   -1.00131   -2.32421
          2       2000 2068.40293   -1.00298    0.00000   -1.01366    0.00000   -3.64712   -1.00131   -2.32421
          2       2100 2168.99642   -1.00324    0.00000   -1.01361    0.00000   -3.64712   -1.00131   -2.32421
          2       2200 2261.99400   -1.00349    0.00000   -1.01388    0.00000   -3.64712   -1.00131   -2.32421
          2       2300 2362.88775   -1.00372    0.00000   -1.01345    0.00000   -3.64712   -1.00131   -2.32421
          2       2400 2473.87725   -1.00394    0.00000   -1.01316    0.00000   -3.64712   -1.00131   -2.32421
          2       2500 2579.86498   -1.00414    0.00000   -1.01348    0.00000   -3.64712   -1.00131   -2.32421
          2       2600 2671.63887   -1.00434    0.00000   -1.01376    0.00000   -3.64712   -1.00131   -2.32421
          2       2700 2760.36402   -1.00452    0.00000   -1.01314    0.00000   -3.64712   -1.00131   -2.32421
          2       2800 2873.10780   -1.00469    0.00000   -1.01365    0.00000   -3.64712   -1.00131   -2.32421
          2       2900 2973.44630   -1.00485    0.00000   -1.01360    0.00000   -3.64712   -1.00131   -2.32421
          2       3000 3083.18237   -1.00501    0.00000   -1.01388    0.00000   -3.64712   -1.00131   -2.32421
          2       3100 3183.05310   -1.00515    0.00000   -1.01351    0.00000   -3.64712   -1.00131   -2.32421
          2       3200 3277.58661   -1.00529    0.00000   -1.01380    0.00000   -3.64712   -1.00131   -2.32421
          2       3300 3391.34524   -1.00543    0.00000   -1.01358    0.00000   -3.64712   -1.00131   -2.32421
          2       3400 3498.48646   -1.00556    0.00000   -1.01361    0.00000   -3.64712   -1.00131   -2.32421
          2       3500 3600.57194   -1.00568    0.00000   -1.01355    0.00000   -3.64712   -1.00131   -2.32421
