          1          0    0.00000   -0.98912    0.00000   -0.98912    0.00000   -3.62568    3.62568    0.00000
          1          1    0.22364   -1.00164    0.00000   -0.99767    0.00000   -3.62568   -0.99767    0.00000
          2          0    0.22364   -0.39538    0.00000   -0.99767    0.00000   -3.62568   -0.99767   -2.31167
          2        100   85.03310   -0.95506    0.00000   -1.00344    0.00000   -3.62568   -1.00344   -2.31167
          2        200  223.24647   -0.97061    0.00000   -1.00380    0.00000   -3.62568   -1.00554   -2.31167
          2        300  356.19230   -0.97756    0.00000   -1.00594    0.00000   -3.62568   -1.00647   -2.31167
          2        400  483.96200   -0.98172    0.00000   -1.00572    0.00000   -3.62568   -1.00682   -2.31167
          2        500  610.83932   -0.98456    0.00000   -1.00531    0.00000   -3.62568   -1.00716   -2.31167
          2        600  738.27646   -0.98665    0.00000   -1.00719    0.00000   -3.62568   -1.00740   -2.31167
          2        700  859.73641   -0.98828    0.00000   -1.00740    0.00000   -3.62568   -1.00761   -2.31167
          2        800  986.70851   -0.98960    0.00000   -1.00707    0.00000   -3.62568   -1.00777   -2.31167
          2        900 1116.93958   -0.99068    0.00000   -1.00630    0.00000   -3.62568   -1.00790   -2.31167
          2       1000 1249.99174   -0.99160    0.00000   -1.00783    0.00000   -3.62568   -1.00797   -2.31167
          2       1100 1382.20149   -0.99239    0.00000   -1.00786    0.00000   -3.62568   -1.00809   -2.31167
          2       1200 1523.81791   -0.99308    0.00000   -1.00695    0.00000   -3.62568   -1.00820   -2.31167
          2       1300 1657.45098   -0.99369    0.00000   -1.00800    0.00000   -3.62568   -1.00826   -2.31167
          2       1400 1789.72966   -0.99423    0.00000   -1.00820    0.00000   -3.62568   -1.00830   -2.31167
          2       1500 1930.11998   -0.99471    0.00000   -1.00810    0.00000   -3.62568   -1.00855   -2.31167
          2       1600 2068.66307   -0.99514    0.00000   -1.00826    0.00000   -3.62568   -1.00855   -2.31167
          2       1700 2216.70383   -0.99553    0.00000   -1.00829    0.00000   -3.62568   -1.00855   -2.31167
          2       1800 2349.86893   -0.99590    0.00000   -1.00831    0.00000   -3.62568   -1.00855   -2.31167
          2       1900 2479.18523   -0.99623    0.00000   -1.00833    0.00000   -3.62568   -1.00855   -2.31167
          2       2000 2624.75580   -0.99654    0.00000   -1.00834    0.00000   -3.62568   -1.00855   -2.31167
          2       2100 2764.33740   -0.99682    0.00000   -1.00836    0.00000   -3.62568   -1.00855   -2.31167
          2       2200 2894.29897   -0.99709    0.00000   -1.00837    0.00000   -3.62568   -1.00855   -2.31167
          2       2300 3025.88465   -0.99734    0.00000   -1.00839    0.00000   -3.62568   -1.00855   -2.31167
          2       2400 3158.63168   -0.99757    0.00000   -1.00840    0.00000   -3.62568   -1.00855   -2.31167
          2       2500 3293.76711   -0.99779    0.00000   -1.00842    0.00000   -3.62568   -1.00855   -2.31167
          2       2600 3421.39319   -0.99800    0.00000   -1.00843    0.00000   -3.62568   -1.00855   -2.31167
          2       2700 3548.61510   -0.99819    0.00000   -1.00844    0.00000   -3.62568   -1.00855   -2.31167
          2       2738 3601.81764   -0.99827    0.00000   -1.00848    0.00000   -3.62568   -1.00855   -2.31167
