          1          0    0.00000   -0.99533    0.00000   -0.99533    0.00000   -3.68738    3.68738    0.00000
          1          1    0.54389   -0.99816    0.00000   -0.99353    0.00000   -3.68738   -0.99816    0.00000
          2          0    0.54389   -0.39917    0.00000   -0.99353    0.00000   -3.68738   -0.99816   -2.34277
          2        100   91.57424   -0.96506    0.00000   -1.01080    0.00000   -3.68738   -0.99816   -2.34277
          2        200  185.76170   -0.97915    0.00000   -1.01161    0.00000   -3.68738   -0.99816   -2.34277
          2        300  282.04237   -0.98540    0.00000   -1.01252    0.00000   -3.68738   -0.99816   -2.34277
          2        400  383.50659   -0.98915    0.00000   -1.01298    0.00000   -3.68738   -0.99816   -2.34277
          2        500  484.72588   -0.99171    0.00000   -1.01308    0.00000   -3.68738   -0.99816   -2.34277
          2        600  592.33411   -0.99361    0.00000   -1.01280    0.00000   -3.68738   -0.99816   -2.34277
          2        700  693.52943   -0.99509    0.00000   -1.01288    0.00000   -3.68738   -0.99816   -2.34277
          2        800  797.16002   -0.99629    0.00000   -1.01311    0.00000   -3.68738   -0.99816   -2.34277
          2        900  897.99999   -0.99728    0.00000   -1.01322    0.00000   -3.68738   -0.99816   -2.34277
          2       1000  993.78009   -0.99812    0.00000   -1.01318    0.00000   -3.68738   -0.99816   -2.34277
          2       1100 1101.84878   -0.99884    0.00000   -1.01303    0.00000   -3.68738   -0.99816   -2.34277
          2       1200 1205.78313   -0.99947    0.00000   -1.01309    0.00000   -3.68738   -0.99816   -2.34277
          2       1300 1302.27186   -1.00003    0.00000   -1.01308    0.00000   -3.68738   -0.99816   -2.34277
          2       1400 1404.50763   -1.00053    0.00000   -1.01336    0.00000   -3.68738   -0.99816   -2.34277
          2       1500 1511.23279   -1.00097    0.00000   -1.01299    0.00000   -3.68738   -0.99816   -2.34277
          2       1600 1615.54978   -1.00138    0.00000   -1.01297    0.00000   -3.68738   -0.99816   -2.34277
          2       1700 1715.05745   -1.00174    0.00000   -1.01329    0.00000   -3.68738   -0.99816   -2.34277
          2       1800 1819.14811   -1.00208    0.00000   -1.01352    0.00000   -3.68738   -0.99816   -2.34277
          2       1900 1924.62031   -1.00239    0.00000   -1.01315    0.00000   -3.68738   -0.99816   -2.34277
          2       2000 2020.03437   -1.00268    0.00000   -1.01331    0.00000   -3.68738   -0.99816   -2.34277
          2       2100 2119.38470   -1.00294    0.00000   -1.01344    0.00000   -3.68738   -0.99816   -2.34277
          2       2200 2225.99687   -1.00319    0.00000   -1.01296    0.00000   -3.68738   -0.99816   -2.34277
          2       2300 2328.15267   -1.00342    0.00000   -1.01348    0.00000   -3.68738   -0.99816   -2.34277
          2       2400 2441.52342   -1.00364    0.00000   -1.01341    0.00000   -3.68738   -0.99816   -2.34277
          2       2500 2533.57902   -1.00384    0.00000   -1.01349    0.00000   -3.68738   -0.99816   -2.34277
          2       2600 2623.42833   -1.00403    0.00000   -1.01345    0.00000   -3.68738   -0.99816   -2.34277
          2       2700 2721.83393   -1.00421    0.00000   -1.01352    0.00000   -3.68738   -0.99816   -2.34277
          2       2800 2828.92988   -1.00439    0.00000   -1.01341    0.00000   -3.68738   -0.99816   -2.34277
          2       2900 2934.66148   -1.00455    0.00000   -1.01357    0.00000   -3.68738   -0.99816   -2.34277
          2       3000 3032.35720   -1.00470    0.00000   -1.01325    0.00000   -3.68738   -0.99816   -2.34277
          2       3100 3127.84669   -1.00485    0.00000   -1.01357    0.00000   -3.68738   -0.99816   -2.34277
          2       3200 3223.86614   -1.00499    0.00000   -1.01353    0.00000   -3.68738   -0.99816   -2.34277
          2       3300 3316.85606   -1.00512    0.00000   -1.01361    0.00000   -3.68738   -0.99816   -2.34277
          2       3400 3425.57137   -1.00525    0.00000   -1.01343    0.00000   -3.68738   -0.99816   -2.34277
          2       3500 3532.60670   -1.00537    0.00000   -1.01349    0.00000   -3.68738   -0.99816   -2.34277
          2       3567 3601.97946   -1.00545    0.00000   -1.01341    0.00000   -3.68738   -0.99816   -2.34277
