          1          0    0.00000   -0.47586    0.00000   -0.47586    0.00000   -4.36366    4.36366    0.00000
          1          1    0.00705   -0.44917    0.00000   -0.42020    0.00000   -4.36366   -0.44917    0.00000
          2          0    0.00705   -0.17946    0.00000   -0.42020    0.00000   -4.36366   -0.44917   -2.40642
          2        100    1.76338   -0.55983    0.00000   -0.57207    0.00000   -4.36366   -0.44917   -2.40642
          2        200    3.80392   -0.56674    0.00000   -0.56782    0.00000   -4.36366   -0.44917   -2.40642
          2        300    5.69387   -0.56897    0.00000   -0.57017    0.00000   -4.36366   -0.44917   -2.40642
          2        400    7.24862   -0.57011    0.00000   -0.57321    0.00000   -4.36366   -0.44917   -2.40642
          2        500    9.36691   -0.57083    0.00000   -0.57266    0.00000   -4.36366   -0.44917   -2.40642
          2        600   10.86794   -0.57132    0.00000   -0.57371    0.00000   -4.36366   -0.44917   -2.40642
          2        700   12.73359   -0.57170    0.00000   -0.57396    0.00000   -4.36366   -0.44917   -2.40642
          2        800   14.38058   -0.57198    0.00000   -0.57403    0.00000   -4.36366   -0.44917   -2.40642
          2        900   15.71375   -0.57221    0.00000   -0.57438    0.00000   -4.36366   -0.44917   -2.40642
          2       1000   17.06511   -0.57240    0.00000   -0.57442    0.00000   -4.36366   -0.44917   -2.40642
          2       1100   18.54169   -0.57257    0.00000   -0.57452    0.00000   -4.36366   -0.44917   -2.40642
          2       1200   20.06780   -0.57270    0.00000   -0.57447    0.00000   -4.36366   -0.44917   -2.40642
          2       1300   21.29856   -0.57282    0.00000   -0.57492    0.00000   -4.36366   -0.44917   -2.40642
          2       1400   22.72198   -0.57293    0.00000   -0.57461    0.00000   -4.36366   -0.44917   -2.40642
          2       1500   24.01292   -0.57302    0.00000   -0.57493    0.00000   -4.36366   -0.44917   -2.40642
          2       1600   25.39709   -0.57311    0.00000   -0.57513    0.00000   -4.36366   -0.44917   -2.40642
          2       1700   26.43069   -0.57318    0.00000   -0.57524    0.00000   -4.36366   -0.44917   -2.40642
          2       1800   27.51033   -0.57325    0.00000   -0.57509    0.00000   -4.36366   -0.44917   -2.40642
          2       1900   29.92613   -0.57331    0.00000   -0.57513    0.00000   -4.36366   -0.44917   -2.40642
          2       2000   30.63365   -0.57337    0.00000   -0.57493    0.00000   -4.36366   -0.44917   -2.40642
          2       2100   32.23781   -0.57342    0.00000   -0.57495    0.00000   -4.36366   -0.44917   -2.40642
          2       2200   34.04320   -0.57347    0.00000   -0.57521    0.00000   -4.36366   -0.44917   -2.40642
          2       2300   35.51664   -0.57352    0.00000   -0.57522    0.00000   -4.36366   -0.44917   -2.40642
          2       2400   36.93983   -0.57356    0.00000   -0.57507    0.00000   -4.36366   -0.44917   -2.40642
          2       2500   38.57744   -0.57360    0.00000   -0.57519    0.00000   -4.36366   -0.44917   -2.40642
          2       2600   41.01444   -0.57364    0.00000   -0.57527    0.00000   -4.36366   -0.44917   -2.40642
          2       2700   42.87470   -0.57367    0.00000   -0.57512    0.00000   -4.36366   -0.44917   -2.40642
          2       2800   44.35162   -0.57371    0.00000   -0.57411    0.00000   -4.36366   -0.44917   -2.40642
          2       2900   45.93241   -0.57374    0.00000   -0.57526    0.00000   -4.36366   -0.44917   -2.40642
          2       3000   47.23667   -0.57377    0.00000   -0.57376    0.00000   -4.36366   -0.44917   -2.40642
          2       3100   48.59111   -0.57379    0.00000   -0.57390    0.00000   -4.36366   -0.44917   -2.40642
          2       3200   50.33935   -0.57382    0.00000   -0.57434    0.00000   -4.36366   -0.44917   -2.40642
          2       3300   51.76508   -0.57384    0.00000   -0.57435    0.00000   -4.36366   -0.44917   -2.40642
          2       3400   53.54498   -0.57387    0.00000   -0.57398    0.00000   -4.36366   -0.44917   -2.40642
          2       3500   54.94656   -0.57389    0.00000   -0.57353    0.00000   -4.36366   -0.44917   -2.40642
          2       3600   57.17433   -0.57391    0.00000   -0.57483    0.00000   -4.36366   -0.44917   -2.40642
          2       3700   58.90324   -0.57394    0.00000   -0.57423    0.00000   -4.36366   -0.44917   -2.40642
          2       3800   60.56423   -0.57396    0.00000   -0.57358    0.00000   -4.36366   -0.44917   -2.40642
          2       3900   62.27556   -0.57397    0.00000   -0.57404    0.00000   -4.36366   -0.44917   -2.40642
          2       4000   62.72864   -0.57399    0.00000   -0.57350    0.00000   -4.36366   -0.44917   -2.40642
          2       4100   64.36808   -0.57401    0.00000   -0.57337    0.00000   -4.36366   -0.44917   -2.40642
          2       4200   66.10590   -0.57403    0.00000   -0.57417    0.00000   -4.36366   -0.44917   -2.40642
          2       4300   67.05206   -0.57404    0.00000   -0.57482    0.00000   -4.36366   -0.44917   -2.40642
          2       4400   67.79472   -0.57406    0.00000   -0.57380    0.00000   -4.36366   -0.44917   -2.40642
          2       4500   69.28465   -0.57407    0.00000   -0.57399    0.00000   -4.36366   -0.44917   -2.40642
          2       4600   71.52953   -0.57409    0.00000   -0.57444    0.00000   -4.36366   -0.44917   -2.40642
          2       4700   72.79802   -0.57410    0.00000   -0.57502    0.00000   -4.36366   -0.44917   -2.40642
          2       4800   73.98482   -0.57411    0.00000   -0.57472    0.00000   -4.36366   -0.44917   -2.40642
          2       4900   75.34056   -0.57413    0.00000   -0.57432    0.00000   -4.36366   -0.44917   -2.40642
          2       5000   76.59884   -0.57414    0.00000   -0.57384    0.00000   -4.36366   -0.44917   -2.40642
          2       5100   77.92929   -0.57416    0.00000   -0.57427    0.00000   -4.36366   -0.44917   -2.40642
          2       5200   79.57595   -0.57417    0.00000   -0.57513    0.00000   -4.36366   -0.44917   -2.40642
          2       5300   81.42095   -0.57418    0.00000   -0.57370    0.00000   -4.36366   -0.44917   -2.40642
          2       5400   83.06551   -0.57419    0.00000   -0.57489    0.00000   -4.36366   -0.44917   -2.40642
          2       5500   84.45498   -0.57420    0.00000   -0.57398    0.00000   -4.36366   -0.44917   -2.40642
          2       5600   86.89086   -0.57421    0.00000   -0.57383    0.00000   -4.36366   -0.44917   -2.40642
          2       5700   88.76572   -0.57422    0.00000   -0.57414    0.00000   -4.36366   -0.44917   -2.40642
          2       5800   90.49499   -0.57423    0.00000   -0.57381    0.00000   -4.36366   -0.44917   -2.40642
          2       5900   91.85759   -0.57424    0.00000   -0.57375    0.00000   -4.36366   -0.44917   -2.40642
          2       6000   93.31430   -0.57425    0.00000   -0.57425    0.00000   -4.36366   -0.44917   -2.40642
          2       6100   94.51125   -0.57426    0.00000   -0.57419    0.00000   -4.36366   -0.44917   -2.40642
          2       6200   96.70436   -0.57427    0.00000   -0.57391    0.00000   -4.36366   -0.44917   -2.40642
          2       6300   97.94126   -0.57428    0.00000   -0.57381    0.00000   -4.36366   -0.44917   -2.40642
          2       6400   99.00591   -0.57429    0.00000   -0.57432    0.00000   -4.36366   -0.44917   -2.40642
          2       6500  100.95790   -0.57429    0.00000   -0.57424    0.00000   -4.36366   -0.44917   -2.40642
          2       6600  103.02366   -0.57430    0.00000   -0.57400    0.00000   -4.36366   -0.44917   -2.40642
          2       6700  104.43319   -0.57431    0.00000   -0.57387    0.00000   -4.36366   -0.44917   -2.40642
          2       6800  106.16625   -0.57432    0.00000   -0.57438    0.00000   -4.36366   -0.44917   -2.40642
          2       6900  108.03655   -0.57433    0.00000   -0.57428    0.00000   -4.36366   -0.44917   -2.40642
          2       7000  109.69323   -0.57433    0.00000   -0.57408    0.00000   -4.36366   -0.44917   -2.40642
          2       7100  111.46634   -0.57434    0.00000   -0.57392    0.00000   -4.36366   -0.44917   -2.40642
          2       7200  113.05534   -0.57435    0.00000   -0.57451    0.00000   -4.36366   -0.44917   -2.40642
          2       7300  113.48576   -0.57436    0.00000   -0.57432    0.00000   -4.36366   -0.44917   -2.40642
          2       7400  114.81296   -0.57436    0.00000   -0.57419    0.00000   -4.36366   -0.44917   -2.40642
          2       7500  117.17979   -0.57437    0.00000   -0.57378    0.00000   -4.36366   -0.44917   -2.40642
          2       7600  117.98684   -0.57438    0.00000   -0.57522    0.00000   -4.36366   -0.44917   -2.40642
          2       7700  118.63954   -0.57438    0.00000   -0.57397    0.00000   -4.36366   -0.44917   -2.40642
          2       7800  119.85877   -0.57439    0.00000   -0.57445    0.00000   -4.36366   -0.44917   -2.40642
          2       7900  121.18387   -0.57440    0.00000   -0.57413    0.00000   -4.36366   -0.44917   -2.40642
          2       8000  123.13900   -0.57440    0.00000   -0.57342    0.00000   -4.36366   -0.44917   -2.40642
          2       8100  125.22602   -0.57441    0.00000   -0.57423    0.00000   -4.36366   -0.44917   -2.40642
          2       8200  126.80349   -0.57441    0.00000   -0.57514    0.00000   -4.36366   -0.44917   -2.40642
          2       8300  128.03659   -0.57442    0.00000   -0.57524    0.00000   -4.36366   -0.44917   -2.40642
          2       8400  130.25189   -0.57442    0.00000   -0.57404    0.00000   -4.36366   -0.44917   -2.40642
          2       8500  131.88432   -0.57443    0.00000   -0.57409    0.00000   -4.36366   -0.44917   -2.40642
          2       8600  133.29035   -0.57444    0.00000   -0.57405    0.00000   -4.36366   -0.44917   -2.40642
          2       8700  135.54939   -0.57444    0.00000   -0.57346    0.00000   -4.36366   -0.44917   -2.40642
          2       8800  136.95199   -0.57445    0.00000   -0.57396    0.00000   -4.36366   -0.44917   -2.40642
          2       8900  138.92634   -0.57445    0.00000   -0.57375    0.00000   -4.36366   -0.44917   -2.40642
          2       9000  140.26604   -0.57446    0.00000   -0.57444    0.00000   -4.36366   -0.44917   -2.40642
          2       9100  141.73276   -0.57446    0.00000   -0.57461    0.00000   -4.36366   -0.44917   -2.40642
          2       9200  143.79549   -0.57447    0.00000   -0.57521    0.00000   -4.36366   -0.44917   -2.40642
          2       9300  145.43907   -0.57447    0.00000   -0.57495    0.00000   -4.36366   -0.44917   -2.40642
          2       9400  146.48008   -0.57448    0.00000   -0.57421    0.00000   -4.36366   -0.44917   -2.40642
          2       9500  148.53072   -0.57448    0.00000   -0.57417    0.00000   -4.36366   -0.44917   -2.40642
          2       9600  150.20454   -0.57448    0.00000   -0.57361    0.00000   -4.36366   -0.44917   -2.40642
          2       9700  152.20555   -0.57449    0.00000   -0.57407    0.00000   -4.36366   -0.44917   -2.40642
          2       9800  153.75494   -0.57449    0.00000   -0.57385    0.00000   -4.36366   -0.44917   -2.40642
          2       9900  154.49033   -0.57450    0.00000   -0.57449    0.00000   -4.36366   -0.44917   -2.40642
          2      10000  156.09985   -0.57450    0.00000   -0.57462    0.00000   -4.36366   -0.44917   -2.40642
          2      10100  157.55029   -0.57451    0.00000   -0.57520    0.00000   -4.36366   -0.44917   -2.40642
          2      10200  158.76255   -0.57451    0.00000   -0.57501    0.00000   -4.36366   -0.44917   -2.40642
          2      10300  160.32181   -0.57451    0.00000   -0.57431    0.00000   -4.36366   -0.44917   -2.40642
          2      10400  161.94225   -0.57452    0.00000   -0.57428    0.00000   -4.36366   -0.44917   -2.40642
          2      10500  162.34044   -0.57452    0.00000   -0.57374    0.00000   -4.36366   -0.44917   -2.40642
          2      10600  164.28495   -0.57453    0.00000   -0.57417    0.00000   -4.36366   -0.44917   -2.40642
          2      10700  165.05687   -0.57453    0.00000   -0.57394    0.00000   -4.36366   -0.44917   -2.40642
          2      10800  167.42130   -0.57453    0.00000   -0.57454    0.00000   -4.36366   -0.44917   -2.40642
          2      10900  169.64718   -0.57454    0.00000   -0.57464    0.00000   -4.36366   -0.44917   -2.40642
          2      11000  171.31626   -0.57454    0.00000   -0.57519    0.00000   -4.36366   -0.44917   -2.40642
          2      11100  172.94463   -0.57455    0.00000   -0.57506    0.00000   -4.36366   -0.44917   -2.40642
          2      11200  174.46332   -0.57455    0.00000   -0.57439    0.00000   -4.36366   -0.44917   -2.40642
          2      11300  176.24261   -0.57455    0.00000   -0.57438    0.00000   -4.36366   -0.44917   -2.40642
          2      11400  177.93421   -0.57456    0.00000   -0.57381    0.00000   -4.36366   -0.44917   -2.40642
          2      11500  179.37051   -0.57456    0.00000   -0.57474    0.00000   -4.36366   -0.44917   -2.40642
          2      11600  180.61602   -0.57456    0.00000   -0.57520    0.00000   -4.36366   -0.44917   -2.40642
          2      11700  182.53192   -0.57457    0.00000   -0.57431    0.00000   -4.36366   -0.44917   -2.40642
          2      11800  184.60055   -0.57457    0.00000   -0.57441    0.00000   -4.36366   -0.44917   -2.40642
          2      11900  185.27914   -0.57457    0.00000   -0.57399    0.00000   -4.36366   -0.44917   -2.40642
          2      12000  188.01670   -0.57458    0.00000   -0.57441    0.00000   -4.36366   -0.44917   -2.40642
          2      12100  188.80031   -0.57458    0.00000   -0.57407    0.00000   -4.36366   -0.44917   -2.40642
          2      12200  191.17810   -0.57458    0.00000   -0.57421    0.00000   -4.36366   -0.44917   -2.40642
          2      12300  192.11933   -0.57459    0.00000   -0.57374    0.00000   -4.36366   -0.44917   -2.40642
          2      12400  194.56033   -0.57459    0.00000   -0.57431    0.00000   -4.36366   -0.44917   -2.40642
          2      12500  196.24249   -0.57459    0.00000   -0.57439    0.00000   -4.36366   -0.44917   -2.40642
          2      12600  197.71523   -0.57459    0.00000   -0.57484    0.00000   -4.36366   -0.44917   -2.40642
          2      12700  199.17315   -0.57460    0.00000   -0.57515    0.00000   -4.36366   -0.44917   -2.40642
          2      12800  200.49257   -0.57460    0.00000   -0.57398    0.00000   -4.36366   -0.44917   -2.40642
          2      12900  201.64279   -0.57460    0.00000   -0.57398    0.00000   -4.36366   -0.44917   -2.40642
          2      13000  203.30522   -0.57461    0.00000   -0.57399    0.00000   -4.36366   -0.44917   -2.40642
          2      13100  204.74721   -0.57461    0.00000   -0.57400    0.00000   -4.36366   -0.44917   -2.40642
          2      13200  206.13239   -0.57461    0.00000   -0.57401    0.00000   -4.36366   -0.44917   -2.40642
          2      13300  207.40155   -0.57461    0.00000   -0.57402    0.00000   -4.36366   -0.44917   -2.40642
          2      13400  209.51019   -0.57462    0.00000   -0.57403    0.00000   -4.36366   -0.44917   -2.40642
          2      13500  210.26783   -0.57462    0.00000   -0.57404    0.00000   -4.36366   -0.44917   -2.40642
          2      13600  212.42749   -0.57462    0.00000   -0.57405    0.00000   -4.36366   -0.44917   -2.40642
          2      13700  214.13826   -0.57462    0.00000   -0.57406    0.00000   -4.36366   -0.44917   -2.40642
          2      13800  215.94540   -0.57463    0.00000   -0.57407    0.00000   -4.36366   -0.44917   -2.40642
          2      13900  217.79574   -0.57463    0.00000   -0.57407    0.00000   -4.36366   -0.44917   -2.40642
          2      14000  219.82225   -0.57463    0.00000   -0.57408    0.00000   -4.36366   -0.44917   -2.40642
          2      14100  221.43511   -0.57463    0.00000   -0.57409    0.00000   -4.36366   -0.44917   -2.40642
          2      14200  223.38658   -0.57464    0.00000   -0.57410    0.00000   -4.36366   -0.44917   -2.40642
          2      14300  224.87525   -0.57464    0.00000   -0.57411    0.00000   -4.36366   -0.44917   -2.40642
          2      14400  226.54061   -0.57464    0.00000   -0.57412    0.00000   -4.36366   -0.44917   -2.40642
          2      14500  228.57701   -0.57464    0.00000   -0.57412    0.00000   -4.36366   -0.44917   -2.40642
          2      14600  230.45601   -0.57465    0.00000   -0.57413    0.00000   -4.36366   -0.44917   -2.40642
          2      14700  231.41099   -0.57465    0.00000   -0.57414    0.00000   -4.36366   -0.44917   -2.40642
          2      14800  233.11318   -0.57465    0.00000   -0.57415    0.00000   -4.36366   -0.44917   -2.40642
          2      14900  234.82987   -0.57465    0.00000   -0.57416    0.00000   -4.36366   -0.44917   -2.40642
          2      15000  236.26581   -0.57466    0.00000   -0.57416    0.00000   -4.36366   -0.44917   -2.40642
          2      15100  237.54477   -0.57466    0.00000   -0.57417    0.00000   -4.36366   -0.44917   -2.40642
          2      15200  239.33257   -0.57466    0.00000   -0.57418    0.00000   -4.36366   -0.44917   -2.40642
          2      15300  240.95326   -0.57466    0.00000   -0.57419    0.00000   -4.36366   -0.44917   -2.40642
          2      15400  242.45380   -0.57466    0.00000   -0.57419    0.00000   -4.36366   -0.44917   -2.40642
          2      15500  244.07941   -0.57467    0.00000   -0.57420    0.00000   -4.36366   -0.44917   -2.40642
          2      15600  245.61753   -0.57467    0.00000   -0.57421    0.00000   -4.36366   -0.44917   -2.40642
          2      15700  247.38996   -0.57467    0.00000   -0.57422    0.00000   -4.36366   -0.44917   -2.40642
          2      15800  249.07262   -0.57467    0.00000   -0.57422    0.00000   -4.36366   -0.44917   -2.40642
          2      15900  250.16862   -0.57467    0.00000   -0.57423    0.00000   -4.36366   -0.44917   -2.40642
          2      16000  251.56422   -0.57468    0.00000   -0.57424    0.00000   -4.36366   -0.44917   -2.40642
          2      16100  253.21685   -0.57468    0.00000   -0.57424    0.00000   -4.36366   -0.44917   -2.40642
          2      16200  254.75923   -0.57468    0.00000   -0.57425    0.00000   -4.36366   -0.44917   -2.40642
          2      16300  256.44240   -0.57468    0.00000   -0.57426    0.00000   -4.36366   -0.44917   -2.40642
          2      16400  258.26948   -0.57468    0.00000   -0.57426    0.00000   -4.36366   -0.44917   -2.40642
          2      16500  260.20464   -0.57469    0.00000   -0.57427    0.00000   -4.36366   -0.44917   -2.40642
          2      16600  261.30528   -0.57469    0.00000   -0.57428    0.00000   -4.36366   -0.44917   -2.40642
          2      16700  263.05054   -0.57469    0.00000   -0.57428    0.00000   -4.36366   -0.44917   -2.40642
          2      16800  265.01121   -0.57469    0.00000   -0.57429    0.00000   -4.36366   -0.44917   -2.40642
          2      16900  266.74094   -0.57469    0.00000   -0.57430    0.00000   -4.36366   -0.44917   -2.40642
          2      17000  268.21201   -0.57470    0.00000   -0.57430    0.00000   -4.36366   -0.44917   -2.40642
          2      17100  269.44030   -0.57470    0.00000   -0.57431    0.00000   -4.36366   -0.44917   -2.40642
          2      17200  270.86533   -0.57470    0.00000   -0.57432    0.00000   -4.36366   -0.44917   -2.40642
          2      17300  272.72274   -0.57470    0.00000   -0.57432    0.00000   -4.36366   -0.44917   -2.40642
          2      17400  274.42759   -0.57470    0.00000   -0.57433    0.00000   -4.36366   -0.44917   -2.40642
          2      17500  276.20461   -0.57471    0.00000   -0.57433    0.00000   -4.36366   -0.44917   -2.40642
          2      17600  277.66605   -0.57471    0.00000   -0.57434    0.00000   -4.36366   -0.44917   -2.40642
          2      17700  278.80407   -0.57471    0.00000   -0.57435    0.00000   -4.36366   -0.44917   -2.40642
          2      17800  280.20265   -0.57471    0.00000   -0.57435    0.00000   -4.36366   -0.44917   -2.40642
          2      17900  281.84780   -0.57471    0.00000   -0.57436    0.00000   -4.36366   -0.44917   -2.40642
          2      18000  283.37407   -0.57471    0.00000   -0.57437    0.00000   -4.36366   -0.44917   -2.40642
          2      18100  284.97576   -0.57472    0.00000   -0.57438    0.00000   -4.36366   -0.44917   -2.40642
          2      18200  286.26643   -0.57472    0.00000   -0.57440    0.00000   -4.36366   -0.44917   -2.40642
          2      18300  287.67963   -0.57472    0.00000   -0.57442    0.00000   -4.36366   -0.44917   -2.40642
          2      18400  289.46601   -0.57472    0.00000   -0.57442    0.00000   -4.36366   -0.44917   -2.40642
          2      18500  291.24075   -0.57472    0.00000   -0.57437    0.00000   -4.36366   -0.44917   -2.40642
          2      18600  292.97672   -0.57472    0.00000   -0.57459    0.00000   -4.36366   -0.44917   -2.40642
          2      18700  294.50960   -0.57473    0.00000   -0.57441    0.00000   -4.36366   -0.44917   -2.40642
          2      18800  296.08663   -0.57473    0.00000   -0.57477    0.00000   -4.36366   -0.44917   -2.40642
          2      18900  297.68901   -0.57473    0.00000   -0.57488    0.00000   -4.36366   -0.44917   -2.40642
          2      19000  299.64102   -0.57473    0.00000   -0.57525    0.00000   -4.36366   -0.44917   -2.40642
          2      19100  301.17947   -0.57473    0.00000   -0.57506    0.00000   -4.36366   -0.44917   -2.40642
          2      19200  302.95738   -0.57473    0.00000   -0.57458    0.00000   -4.36366   -0.44917   -2.40642
          2      19300  304.83572   -0.57473    0.00000   -0.57454    0.00000   -4.36366   -0.44917   -2.40642
          2      19400  306.09978   -0.57474    0.00000   -0.57410    0.00000   -4.36366   -0.44917   -2.40642
          2      19500  307.50490   -0.57474    0.00000   -0.57436    0.00000   -4.36366   -0.44917   -2.40642
          2      19600  308.23652   -0.57474    0.00000   -0.57406    0.00000   -4.36366   -0.44917   -2.40642
          2      19700  309.51996   -0.57474    0.00000   -0.57447    0.00000   -4.36366   -0.44917   -2.40642
          2      19800  311.37544   -0.57474    0.00000   -0.57436    0.00000   -4.36366   -0.44917   -2.40642
          2      19900  312.55007   -0.57474    0.00000   -0.57479    0.00000   -4.36366   -0.44917   -2.40642
          2      20000  314.64946   -0.57474    0.00000   -0.57489    0.00000   -4.36366   -0.44917   -2.40642
          2      20100  315.72363   -0.57475    0.00000   -0.57525    0.00000   -4.36366   -0.44917   -2.40642
          2      20200  317.52691   -0.57475    0.00000   -0.57509    0.00000   -4.36366   -0.44917   -2.40642
          2      20300  319.18857   -0.57475    0.00000   -0.57462    0.00000   -4.36366   -0.44917   -2.40642
          2      20400  320.69325   -0.57475    0.00000   -0.57459    0.00000   -4.36366   -0.44917   -2.40642
          2      20500  322.14340   -0.57475    0.00000   -0.57416    0.00000   -4.36366   -0.44917   -2.40642
          2      20600  323.24956   -0.57475    0.00000   -0.57441    0.00000   -4.36366   -0.44917   -2.40642
          2      20700  325.02920   -0.57475    0.00000   -0.57412    0.00000   -4.36366   -0.44917   -2.40642
          2      20800  327.01091   -0.57476    0.00000   -0.57451    0.00000   -4.36366   -0.44917   -2.40642
          2      20900  328.78707   -0.57476    0.00000   -0.57439    0.00000   -4.36366   -0.44917   -2.40642
          2      21000  329.92009   -0.57476    0.00000   -0.57481    0.00000   -4.36366   -0.44917   -2.40642
          2      21100  331.60802   -0.57476    0.00000   -0.57489    0.00000   -4.36366   -0.44917   -2.40642
          2      21200  332.55669   -0.57476    0.00000   -0.57524    0.00000   -4.36366   -0.44917   -2.40642
          2      21300  334.79167   -0.57476    0.00000   -0.57511    0.00000   -4.36366   -0.44917   -2.40642
          2      21400  336.29571   -0.57476    0.00000   -0.57466    0.00000   -4.36366   -0.44917   -2.40642
          2      21500  337.75387   -0.57477    0.00000   -0.57463    0.00000   -4.36366   -0.44917   -2.40642
          2      21600  339.92130   -0.57477    0.00000   -0.57422    0.00000   -4.36366   -0.44917   -2.40642
          2      21700  341.38177   -0.57477    0.00000   -0.57445    0.00000   -4.36366   -0.44917   -2.40642
          2      21800  342.89685   -0.57477    0.00000   -0.57417    0.00000   -4.36366   -0.44917   -2.40642
          2      21900  344.20247   -0.57477    0.00000   -0.57454    0.00000   -4.36366   -0.44917   -2.40642
          2      22000  345.50444   -0.57477    0.00000   -0.57443    0.00000   -4.36366   -0.44917   -2.40642
          2      22100  346.87782   -0.57477    0.00000   -0.57482    0.00000   -4.36366   -0.44917   -2.40642
          2      22200  348.40787   -0.57477    0.00000   -0.57490    0.00000   -4.36366   -0.44917   -2.40642
          2      22300  350.00297   -0.57478    0.00000   -0.57523    0.00000   -4.36366   -0.44917   -2.40642
          2      22400  351.91708   -0.57478    0.00000   -0.57512    0.00000   -4.36366   -0.44917   -2.40642
          2      22500  353.23722   -0.57478    0.00000   -0.57470    0.00000   -4.36366   -0.44917   -2.40642
          2      22600  355.28652   -0.57478    0.00000   -0.57467    0.00000   -4.36366   -0.44917   -2.40642
          2      22700  356.85289   -0.57478    0.00000   -0.57427    0.00000   -4.36366   -0.44917   -2.40642
          2      22800  357.30246   -0.57478    0.00000   -0.57449    0.00000   -4.36366   -0.44917   -2.40642
          2      22900  359.35589   -0.57478    0.00000   -0.57422    0.00000   -4.36366   -0.44917   -2.40642
          2      23000  359.94194   -0.57478    0.00000   -0.57457    0.00000   -4.36366   -0.44917   -2.40642
          2      23100  361.88187   -0.57478    0.00000   -0.57446    0.00000   -4.36366   -0.44917   -2.40642
          2      23200  363.93993   -0.57479    0.00000   -0.57484    0.00000   -4.36366   -0.44917   -2.40642
          2      23300  365.26329   -0.57479    0.00000   -0.57491    0.00000   -4.36366   -0.44917   -2.40642
          2      23400  366.98156   -0.57479    0.00000   -0.57523    0.00000   -4.36366   -0.44917   -2.40642
          2      23500  368.61301   -0.57479    0.00000   -0.57514    0.00000   -4.36366   -0.44917   -2.40642
          2      23600  370.01739   -0.57479    0.00000   -0.57473    0.00000   -4.36366   -0.44917   -2.40642
          2      23700  371.27347   -0.57479    0.00000   -0.57470    0.00000   -4.36366   -0.44917   -2.40642
          2      23800  372.74740   -0.57479    0.00000   -0.57432    0.00000   -4.36366   -0.44917   -2.40642
          2      23900  374.29319   -0.57479    0.00000   -0.57453    0.00000   -4.36366   -0.44917   -2.40642
          2      24000  375.81820   -0.57479    0.00000   -0.57427    0.00000   -4.36366   -0.44917   -2.40642
          2      24100  377.36815   -0.57480    0.00000   -0.57460    0.00000   -4.36366   -0.44917   -2.40642
          2      24200  378.48087   -0.57480    0.00000   -0.57449    0.00000   -4.36366   -0.44917   -2.40642
          2      24300  379.97162   -0.57480    0.00000   -0.57485    0.00000   -4.36366   -0.44917   -2.40642
          2      24400  381.44784   -0.57480    0.00000   -0.57491    0.00000   -4.36366   -0.44917   -2.40642
          2      24500  382.85321   -0.57480    0.00000   -0.57523    0.00000   -4.36366   -0.44917   -2.40642
          2      24600  384.98461   -0.57480    0.00000   -0.57515    0.00000   -4.36366   -0.44917   -2.40642
          2      24700  386.62101   -0.57480    0.00000   -0.57476    0.00000   -4.36366   -0.44917   -2.40642
          2      24800  388.55075   -0.57480    0.00000   -0.57473    0.00000   -4.36366   -0.44917   -2.40642
          2      24900  390.05418   -0.57480    0.00000   -0.57436    0.00000   -4.36366   -0.44917   -2.40642
          2      25000  391.72357   -0.57481    0.00000   -0.57457    0.00000   -4.36366   -0.44917   -2.40642
          2      25100  393.19370   -0.57481    0.00000   -0.57430    0.00000   -4.36366   -0.44917   -2.40642
          2      25200  394.42229   -0.57481    0.00000   -0.57463    0.00000   -4.36366   -0.44917   -2.40642
          2      25300  395.74010   -0.57481    0.00000   -0.57451    0.00000   -4.36366   -0.44917   -2.40642
          2      25400  397.30704   -0.57481    0.00000   -0.57487    0.00000   -4.36366   -0.44917   -2.40642
          2      25500  399.66726   -0.57481    0.00000   -0.57488    0.00000   -4.36366   -0.44917   -2.40642
          2      25600  401.25196   -0.57481    0.00000   -0.57503    0.00000   -4.36366   -0.44917   -2.40642
          2      25700  402.99465   -0.57481    0.00000   -0.57516    0.00000   -4.36366   -0.44917   -2.40642
          2      25800  404.66137   -0.57481    0.00000   -0.57487    0.00000   -4.36366   -0.44917   -2.40642
          2      25900  405.91892   -0.57481    0.00000   -0.57469    0.00000   -4.36366   -0.44917   -2.40642
          2      26000  407.71891   -0.57482    0.00000   -0.57450    0.00000   -4.36366   -0.44917   -2.40642
          2      26100  409.61039   -0.57482    0.00000   -0.57506    0.00000   -4.36366   -0.44917   -2.40642
          2      26200  411.58747   -0.57482    0.00000   -0.57445    0.00000   -4.36366   -0.44917   -2.40642
          2      26300  412.88431   -0.57482    0.00000   -0.57424    0.00000   -4.36366   -0.44917   -2.40642
          2      26400  414.17691   -0.57482    0.00000   -0.57497    0.00000   -4.36366   -0.44917   -2.40642
          2      26500  415.46608   -0.57482    0.00000   -0.57468    0.00000   -4.36366   -0.44917   -2.40642
          2      26600  417.54400   -0.57482    0.00000   -0.57452    0.00000   -4.36366   -0.44917   -2.40642
          2      26700  419.48931   -0.57482    0.00000   -0.57506    0.00000   -4.36366   -0.44917   -2.40642
          2      26800  420.61791   -0.57482    0.00000   -0.57446    0.00000   -4.36366   -0.44917   -2.40642
          2      26900  422.30585   -0.57482    0.00000   -0.57425    0.00000   -4.36366   -0.44917   -2.40642
          2      27000  423.78258   -0.57482    0.00000   -0.57497    0.00000   -4.36366   -0.44917   -2.40642
          2      27100  425.11764   -0.57483    0.00000   -0.57469    0.00000   -4.36366   -0.44917   -2.40642
          2      27200  426.53643   -0.57483    0.00000   -0.57453    0.00000   -4.36366   -0.44917   -2.40642
          2      27300  428.00688   -0.57483    0.00000   -0.57506    0.00000   -4.36366   -0.44917   -2.40642
          2      27400  429.90180   -0.57483    0.00000   -0.57448    0.00000   -4.36366   -0.44917   -2.40642
          2      27500  431.50730   -0.57483    0.00000   -0.57427    0.00000   -4.36366   -0.44917   -2.40642
          2      27600  433.20361   -0.57483    0.00000   -0.57497    0.00000   -4.36366   -0.44917   -2.40642
          2      27700  434.79088   -0.57483    0.00000   -0.57471    0.00000   -4.36366   -0.44917   -2.40642
          2      27800  435.98303   -0.57483    0.00000   -0.57455    0.00000   -4.36366   -0.44917   -2.40642
          2      27900  437.43647   -0.57483    0.00000   -0.57507    0.00000   -4.36366   -0.44917   -2.40642
          2      28000  439.18350   -0.57483    0.00000   -0.57450    0.00000   -4.36366   -0.44917   -2.40642
          2      28100  440.99344   -0.57483    0.00000   -0.57429    0.00000   -4.36366   -0.44917   -2.40642
          2      28200  442.03157   -0.57484    0.00000   -0.57497    0.00000   -4.36366   -0.44917   -2.40642
          2      28300  443.38888   -0.57484    0.00000   -0.57472    0.00000   -4.36366   -0.44917   -2.40642
          2      28400  445.51291   -0.57484    0.00000   -0.57456    0.00000   -4.36366   -0.44917   -2.40642
          2      28500  447.31003   -0.57484    0.00000   -0.57507    0.00000   -4.36366   -0.44917   -2.40642
          2      28600  448.79113   -0.57484    0.00000   -0.57452    0.00000   -4.36366   -0.44917   -2.40642
          2      28700  450.79265   -0.57484    0.00000   -0.57431    0.00000   -4.36366   -0.44917   -2.40642
          2      28800  452.31318   -0.57484    0.00000   -0.57497    0.00000   -4.36366   -0.44917   -2.40642
          2      28900  454.24442   -0.57484    0.00000   -0.57473    0.00000   -4.36366   -0.44917   -2.40642
          2      29000  456.10997   -0.57484    0.00000   -0.57458    0.00000   -4.36366   -0.44917   -2.40642
          2      29100  457.75874   -0.57484    0.00000   -0.57507    0.00000   -4.36366   -0.44917   -2.40642
          2      29200  459.29882   -0.57484    0.00000   -0.57453    0.00000   -4.36366   -0.44917   -2.40642
          2      29300  460.79421   -0.57484    0.00000   -0.57433    0.00000   -4.36366   -0.44917   -2.40642
          2      29400  461.99877   -0.57484    0.00000   -0.57497    0.00000   -4.36366   -0.44917   -2.40642
          2      29500  463.60914   -0.57485    0.00000   -0.57475    0.00000   -4.36366   -0.44917   -2.40642
          2      29600  465.33720   -0.57485    0.00000   -0.57459    0.00000   -4.36366   -0.44917   -2.40642
          2      29700  466.97970   -0.57485    0.00000   -0.57507    0.00000   -4.36366   -0.44917   -2.40642
          2      29800  468.75575   -0.57485    0.00000   -0.57455    0.00000   -4.36366   -0.44917   -2.40642
          2      29900  471.26677   -0.57485    0.00000   -0.57434    0.00000   -4.36366   -0.44917   -2.40642
          2      30000  473.02585   -0.57485    0.00000   -0.57497    0.00000   -4.36366   -0.44917   -2.40642
          2      30100  473.91944   -0.57485    0.00000   -0.57476    0.00000   -4.36366   -0.44917   -2.40642
          2      30200  475.99396   -0.57485    0.00000   -0.57460    0.00000   -4.36366   -0.44917   -2.40642
          2      30300  477.50925   -0.57485    0.00000   -0.57507    0.00000   -4.36366   -0.44917   -2.40642
          2      30400  479.02321   -0.57485    0.00000   -0.57457    0.00000   -4.36366   -0.44917   -2.40642
          2      30500  480.51319   -0.57485    0.00000   -0.57436    0.00000   -4.36366   -0.44917   -2.40642
          2      30600  481.93255   -0.57485    0.00000   -0.57498    0.00000   -4.36366   -0.44917   -2.40642
          2      30700  483.56258   -0.57485    0.00000   -0.57477    0.00000   -4.36366   -0.44917   -2.40642
          2      30800  485.29385   -0.57486    0.00000   -0.57461    0.00000   -4.36366   -0.44917   -2.40642
          2      30900  487.26849   -0.57486    0.00000   -0.57507    0.00000   -4.36366   -0.44917   -2.40642
          2      31000  488.86013   -0.57486    0.00000   -0.57458    0.00000   -4.36366   -0.44917   -2.40642
          2      31100  490.48197   -0.57486    0.00000   -0.57438    0.00000   -4.36366   -0.44917   -2.40642
          2      31200  492.28017   -0.57486    0.00000   -0.57498    0.00000   -4.36366   -0.44917   -2.40642
          2      31300  493.94919   -0.57486    0.00000   -0.57478    0.00000   -4.36366   -0.44917   -2.40642
          2      31400  495.63255   -0.57486    0.00000   -0.57463    0.00000   -4.36366   -0.44917   -2.40642
          2      31500  497.19961   -0.57486    0.00000   -0.57507    0.00000   -4.36366   -0.44917   -2.40642
          2      31600  498.79653   -0.57486    0.00000   -0.57460    0.00000   -4.36366   -0.44917   -2.40642
          2      31700  500.33348   -0.57486    0.00000   -0.57439    0.00000   -4.36366   -0.44917   -2.40642
          2      31800  502.27773   -0.57486    0.00000   -0.57498    0.00000   -4.36366   -0.44917   -2.40642
          2      31900  504.42043   -0.57486    0.00000   -0.57479    0.00000   -4.36366   -0.44917   -2.40642
          2      32000  505.95344   -0.57486    0.00000   -0.57464    0.00000   -4.36366   -0.44917   -2.40642
          2      32100  507.53423   -0.57486    0.00000   -0.57507    0.00000   -4.36366   -0.44917   -2.40642
          2      32200  509.20928   -0.57487    0.00000   -0.57461    0.00000   -4.36366   -0.44917   -2.40642
          2      32300  509.94280   -0.57487    0.00000   -0.57441    0.00000   -4.36366   -0.44917   -2.40642
          2      32400  511.24622   -0.57487    0.00000   -0.57498    0.00000   -4.36366   -0.44917   -2.40642
          2      32500  513.16628   -0.57487    0.00000   -0.57480    0.00000   -4.36366   -0.44917   -2.40642
          2      32600  515.05970   -0.57487    0.00000   -0.57465    0.00000   -4.36366   -0.44917   -2.40642
          2      32700  516.36222   -0.57487    0.00000   -0.57508    0.00000   -4.36366   -0.44917   -2.40642
          2      32800  517.95861   -0.57487    0.00000   -0.57463    0.00000   -4.36366   -0.44917   -2.40642
          2      32900  519.39727   -0.57487    0.00000   -0.57442    0.00000   -4.36366   -0.44917   -2.40642
          2      33000  521.34156   -0.57487    0.00000   -0.57499    0.00000   -4.36366   -0.44917   -2.40642
          2      33100  522.88262   -0.57487    0.00000   -0.57481    0.00000   -4.36366   -0.44917   -2.40642
          2      33200  524.25111   -0.57487    0.00000   -0.57466    0.00000   -4.36366   -0.44917   -2.40642
          2      33300  526.06989   -0.57487    0.00000   -0.57508    0.00000   -4.36366   -0.44917   -2.40642
          2      33400  527.99290   -0.57487    0.00000   -0.57464    0.00000   -4.36366   -0.44917   -2.40642
          2      33500  529.44833   -0.57487    0.00000   -0.57444    0.00000   -4.36366   -0.44917   -2.40642
          2      33600  531.39904   -0.57487    0.00000   -0.57499    0.00000   -4.36366   -0.44917   -2.40642
          2      33700  533.09931   -0.57488    0.00000   -0.57482    0.00000   -4.36366   -0.44917   -2.40642
          2      33800  534.78633   -0.57488    0.00000   -0.57467    0.00000   -4.36366   -0.44917   -2.40642
          2      33900  535.42100   -0.57488    0.00000   -0.57508    0.00000   -4.36366   -0.44917   -2.40642
          2      34000  537.22764   -0.57488    0.00000   -0.57465    0.00000   -4.36366   -0.44917   -2.40642
          2      34100  538.63680   -0.57488    0.00000   -0.57445    0.00000   -4.36366   -0.44917   -2.40642
          2      34200  540.09564   -0.57488    0.00000   -0.57499    0.00000   -4.36366   -0.44917   -2.40642
          2      34300  540.49609   -0.57488    0.00000   -0.57483    0.00000   -4.36366   -0.44917   -2.40642
          2      34400  542.09227   -0.57488    0.00000   -0.57468    0.00000   -4.36366   -0.44917   -2.40642
          2      34500  543.66034   -0.57488    0.00000   -0.57508    0.00000   -4.36366   -0.44917   -2.40642
          2      34600  544.96486   -0.57488    0.00000   -0.57467    0.00000   -4.36366   -0.44917   -2.40642
          2      34700  546.74929   -0.57488    0.00000   -0.57447    0.00000   -4.36366   -0.44917   -2.40642
          2      34800  548.08716   -0.57488    0.00000   -0.57500    0.00000   -4.36366   -0.44917   -2.40642
          2      34900  549.71971   -0.57488    0.00000   -0.57484    0.00000   -4.36366   -0.44917   -2.40642
          2      35000  552.07950   -0.57488    0.00000   -0.57469    0.00000   -4.36366   -0.44917   -2.40642
          2      35100  553.67678   -0.57488    0.00000   -0.57508    0.00000   -4.36366   -0.44917   -2.40642
          2      35200  555.31645   -0.57488    0.00000   -0.57468    0.00000   -4.36366   -0.44917   -2.40642
          2      35300  556.67623   -0.57489    0.00000   -0.57448    0.00000   -4.36366   -0.44917   -2.40642
          2      35400  558.09483   -0.57489    0.00000   -0.57500    0.00000   -4.36366   -0.44917   -2.40642
          2      35500  559.34321   -0.57489    0.00000   -0.57485    0.00000   -4.36366   -0.44917   -2.40642
          2      35600  561.16376   -0.57489    0.00000   -0.57469    0.00000   -4.36366   -0.44917   -2.40642
          2      35700  562.19386   -0.57489    0.00000   -0.57508    0.00000   -4.36366   -0.44917   -2.40642
          2      35800  564.21607   -0.57489    0.00000   -0.57469    0.00000   -4.36366   -0.44917   -2.40642
          2      35900  564.60006   -0.57489    0.00000   -0.57449    0.00000   -4.36366   -0.44917   -2.40642
          2      36000  566.18081   -0.57489    0.00000   -0.57500    0.00000   -4.36366   -0.44917   -2.40642
          2      36100  568.00002   -0.57489    0.00000   -0.57485    0.00000   -4.36366   -0.44917   -2.40642
          2      36200  569.32289   -0.57489    0.00000   -0.57470    0.00000   -4.36366   -0.44917   -2.40642
          2      36300  570.70946   -0.57489    0.00000   -0.57508    0.00000   -4.36366   -0.44917   -2.40642
          2      36400  573.00207   -0.57489    0.00000   -0.57470    0.00000   -4.36366   -0.44917   -2.40642
          2      36500  574.11446   -0.57489    0.00000   -0.57450    0.00000   -4.36366   -0.44917   -2.40642
          2      36600  575.60151   -0.57489    0.00000   -0.57500    0.00000   -4.36366   -0.44917   -2.40642
          2      36700  577.43685   -0.57489    0.00000   -0.57486    0.00000   -4.36366   -0.44917   -2.40642
          2      36800  579.11548   -0.57489    0.00000   -0.57471    0.00000   -4.36366   -0.44917   -2.40642
          2      36900  580.55786   -0.57489    0.00000   -0.57508    0.00000   -4.36366   -0.44917   -2.40642
          2      37000  582.13870   -0.57490    0.00000   -0.57471    0.00000   -4.36366   -0.44917   -2.40642
          2      37100  582.79344   -0.57490    0.00000   -0.57452    0.00000   -4.36366   -0.44917   -2.40642
          2      37200  584.47255   -0.57490    0.00000   -0.57501    0.00000   -4.36366   -0.44917   -2.40642
          2      37300  586.51857   -0.57490    0.00000   -0.57487    0.00000   -4.36366   -0.44917   -2.40642
          2      37400  588.05338   -0.57490    0.00000   -0.57472    0.00000   -4.36366   -0.44917   -2.40642
          2      37500  589.83499   -0.57490    0.00000   -0.57509    0.00000   -4.36366   -0.44917   -2.40642
          2      37600  591.77449   -0.57490    0.00000   -0.57473    0.00000   -4.36366   -0.44917   -2.40642
          2      37700  593.72615   -0.57490    0.00000   -0.57453    0.00000   -4.36366   -0.44917   -2.40642
          2      37800  594.99111   -0.57490    0.00000   -0.57501    0.00000   -4.36366   -0.44917   -2.40642
          2      37900  595.72611   -0.57490    0.00000   -0.57488    0.00000   -4.36366   -0.44917   -2.40642
          2      38000  597.11651   -0.57490    0.00000   -0.57473    0.00000   -4.36366   -0.44917   -2.40642
          2      38100  597.94817   -0.57490    0.00000   -0.57509    0.00000   -4.36366   -0.44917   -2.40642
          2      38200  598.99485   -0.57490    0.00000   -0.57474    0.00000   -4.36366   -0.44917   -2.40642
          2      38289  600.18069   -0.57490    0.00000   -0.57478    0.00000   -4.36366   -0.44917   -2.40642
