          1          0    0.00000   -0.99856    0.00000   -0.99856    0.00000   -3.63403    3.63403    0.00000
          1          1    0.31527   -0.99497    0.00000   -0.98988    0.00000   -3.63403   -0.98988    0.00000
          2          0    0.31527   -0.39802    0.00000   -0.98988    0.00000   -3.63403   -0.98988   -2.31196
          2        100   44.06756   -0.95513    0.00000   -1.00052    0.00000   -3.63403   -1.00470   -2.31196
          2        200  147.24324   -0.97099    0.00000   -1.00595    0.00000   -3.63403   -1.00781   -2.31196
          2        300  264.32408   -0.97807    0.00000   -1.00708    0.00000   -3.63403   -1.00789   -2.31196
          2        400  391.40110   -0.98231    0.00000   -1.00589    0.00000   -3.63403   -1.00811   -2.31196
          2        500  519.12475   -0.98521    0.00000   -1.00826    0.00000   -3.63403   -1.00826   -2.31196
          2        600  642.56958   -0.98736    0.00000   -1.00695    0.00000   -3.63403   -1.00834   -2.31196
          2        700  778.00374   -0.98902    0.00000   -1.00739    0.00000   -3.63403   -1.00856   -2.31196
          2        800  913.25063   -0.99037    0.00000   -1.00727    0.00000   -3.63403   -1.00889   -2.31196
          2        900 1052.89626   -0.99149    0.00000   -1.00785    0.00000   -3.63403   -1.00889   -2.31196
          2       1000 1192.93013   -0.99244    0.00000   -1.00798    0.00000   -3.63403   -1.00902   -2.31196
          2       1100 1328.84589   -0.99325    0.00000   -1.00777    0.00000   -3.63403   -1.00902   -2.31196
          2       1200 1470.26989   -0.99396    0.00000   -1.00821    0.00000   -3.63403   -1.00926   -2.31196
          2       1300 1611.67287   -0.99459    0.00000   -1.00875    0.00000   -3.63403   -1.00926   -2.31196
          2       1400 1743.78005   -0.99514    0.00000   -1.00901    0.00000   -3.63403   -1.00929   -2.31196
          2       1500 1871.36567   -0.99565    0.00000   -1.00898    0.00000   -3.63403   -1.00953   -2.31196
          2       1600 2001.66712   -0.99610    0.00000   -1.00926    0.00000   -3.63403   -1.00953   -2.31196
          2       1700 2130.60659   -0.99652    0.00000   -1.00896    0.00000   -3.63403   -1.00953   -2.31196
          2       1800 2258.71440   -0.99689    0.00000   -1.00858    0.00000   -3.63403   -1.00953   -2.31196
          2       1900 2392.56494   -0.99724    0.00000   -1.00913    0.00000   -3.63403   -1.00953   -2.31196
          2       2000 2524.10109   -0.99757    0.00000   -1.00907    0.00000   -3.63403   -1.00965   -2.31196
          2       2100 2652.26410   -0.99787    0.00000   -1.00845    0.00000   -3.63403   -1.00965   -2.31196
          2       2200 2795.61042   -0.99814    0.00000   -1.00869    0.00000   -3.63403   -1.00965   -2.31196
          2       2300 2936.33196   -0.99840    0.00000   -1.00945    0.00000   -3.63403   -1.00965   -2.31196
          2       2400 3067.67186   -0.99865    0.00000   -1.00912    0.00000   -3.63403   -1.00965   -2.31196
          2       2500 3189.27192   -0.99888    0.00000   -1.00922    0.00000   -3.63403   -1.00965   -2.31196
          2       2600 3323.34971   -0.99909    0.00000   -1.00890    0.00000   -3.63403   -1.00965   -2.31196
          2       2700 3456.80470   -0.99930    0.00000   -1.00904    0.00000   -3.63403   -1.00965   -2.31196
          2       2798 3602.56242   -0.99949    0.00000   -1.00870    0.00000   -3.63403   -1.00965   -2.31196
