          1          0    0.00000   -0.34661    0.00000   -0.34661    0.00000   -4.39041    4.39041    0.00000
          1          1    0.00328   -0.29188    0.00000   -0.24523    0.00000   -4.39041   -0.29188    0.00000
          2          0    0.00328   -0.14059    0.00000   -0.24523    0.00000   -4.39041   -0.29188   -2.34115
          2        100    1.67726   -0.43616    0.00000   -0.43427    0.00000   -4.39041   -0.29188   -2.34115
          2        200    3.94111   -0.44395    0.00000   -0.44716    0.00000   -4.39041   -0.29188   -2.34115
          2        300    5.31719   -0.44650    0.00000   -0.45106    0.00000   -4.39041   -0.29188   -2.34115
          2        400    7.44422   -0.44762    0.00000   -0.45107    0.00000   -4.39041   -0.29188   -2.34115
          2        500    9.67296   -0.44824    0.00000   -0.45107    0.00000   -4.39041   -0.29188   -2.34115
          2        600   11.01192   -0.44864    0.00000   -0.45107    0.00000   -4.39041   -0.29188   -2.34115
          2        700   12.62243   -0.44892    0.00000   -0.45107    0.00000   -4.39041   -0.29188   -2.34115
          2        800   13.87743   -0.44912    0.00000   -0.45107    0.00000   -4.39041   -0.29188   -2.34115
          2        900   15.34611   -0.44928    0.00000   -0.45107    0.00000   -4.39041   -0.29188   -2.34115
          2       1000   17.05348   -0.44941    0.00000   -0.45107    0.00000   -4.39041   -0.29188   -2.34115
          2       1100   18.44655   -0.44952    0.00000   -0.45107    0.00000   -4.39041   -0.29188   -2.34115
          2       1200   19.70466   -0.44961    0.00000   -0.45107    0.00000   -4.39041   -0.29188   -2.34115
          2       1300   21.13194   -0.44969    0.00000   -0.45107    0.00000   -4.39041   -0.29188   -2.34115
          2       1400   23.30841   -0.44976    0.00000   -0.45107    0.00000   -4.39041   -0.29188   -2.34115
          2       1500   25.30782   -0.44982    0.00000   -0.45107    0.00000   -4.39041   -0.29188   -2.34115
          2       1600   27.01831   -0.44987    0.00000   -0.45107    0.00000   -4.39041   -0.29188   -2.34115
          2       1700   28.45302   -0.44991    0.00000   -0.45107    0.00000   -4.39041   -0.29188   -2.34115
          2       1800   30.21126   -0.44996    0.00000   -0.45107    0.00000   -4.39041   -0.29188   -2.34115
          2       1900   32.05327   -0.44999    0.00000   -0.45107    0.00000   -4.39041   -0.29188   -2.34115
          2       2000   33.89880   -0.45003    0.00000   -0.45107    0.00000   -4.39041   -0.29188   -2.34115
          2       2100   35.80285   -0.45006    0.00000   -0.45107    0.00000   -4.39041   -0.29188   -2.34115
          2       2200   37.04386   -0.45009    0.00000   -0.45107    0.00000   -4.39041   -0.29188   -2.34115
          2       2300   38.99346   -0.45012    0.00000   -0.45107    0.00000   -4.39041   -0.29188   -2.34115
          2       2400   40.56381   -0.45014    0.00000   -0.45107    0.00000   -4.39041   -0.29188   -2.34115
          2       2500   42.09873   -0.45016    0.00000   -0.45107    0.00000   -4.39041   -0.29188   -2.34115
          2       2600   44.23912   -0.45019    0.00000   -0.45107    0.00000   -4.39041   -0.29188   -2.34115
          2       2700   45.60323   -0.45021    0.00000   -0.45107    0.00000   -4.39041   -0.29188   -2.34115
          2       2800   47.40563   -0.45022    0.00000   -0.45107    0.00000   -4.39041   -0.29188   -2.34115
          2       2900   49.19461   -0.45024    0.00000   -0.45107    0.00000   -4.39041   -0.29188   -2.34115
          2       3000   50.49481   -0.45026    0.00000   -0.45107    0.00000   -4.39041   -0.29188   -2.34115
          2       3100   52.28325   -0.45028    0.00000   -0.45107    0.00000   -4.39041   -0.29188   -2.34115
          2       3200   54.15526   -0.45029    0.00000   -0.45107    0.00000   -4.39041   -0.29188   -2.34115
          2       3300   56.47252   -0.45030    0.00000   -0.45107    0.00000   -4.39041   -0.29188   -2.34115
          2       3400   57.26951   -0.45032    0.00000   -0.45107    0.00000   -4.39041   -0.29188   -2.34115
          2       3500   59.14821   -0.45033    0.00000   -0.45107    0.00000   -4.39041   -0.29188   -2.34115
          2       3600   60.62805   -0.45034    0.00000   -0.45107    0.00000   -4.39041   -0.29188   -2.34115
          2       3700   62.04572   -0.45035    0.00000   -0.45107    0.00000   -4.39041   -0.29188   -2.34115
          2       3800   63.51581   -0.45037    0.00000   -0.45107    0.00000   -4.39041   -0.29188   -2.34115
          2       3900   64.70340   -0.45038    0.00000   -0.45107    0.00000   -4.39041   -0.29188   -2.34115
          2       4000   66.18343   -0.45039    0.00000   -0.45107    0.00000   -4.39041   -0.29188   -2.34115
          2       4100   67.62490   -0.45040    0.00000   -0.45107    0.00000   -4.39041   -0.29188   -2.34115
          2       4200   69.36247   -0.45041    0.00000   -0.45107    0.00000   -4.39041   -0.29188   -2.34115
          2       4300   70.29532   -0.45041    0.00000   -0.45107    0.00000   -4.39041   -0.29188   -2.34115
          2       4400   72.76606   -0.45042    0.00000   -0.45107    0.00000   -4.39041   -0.29188   -2.34115
          2       4500   74.12187   -0.45043    0.00000   -0.45107    0.00000   -4.39041   -0.29188   -2.34115
          2       4600   75.37649   -0.45044    0.00000   -0.45107    0.00000   -4.39041   -0.29188   -2.34115
          2       4700   76.77914   -0.45045    0.00000   -0.45107    0.00000   -4.39041   -0.29188   -2.34115
          2       4800   79.14957   -0.45046    0.00000   -0.45107    0.00000   -4.39041   -0.29188   -2.34115
          2       4900   80.35483   -0.45046    0.00000   -0.45107    0.00000   -4.39041   -0.29188   -2.34115
          2       5000   82.47441   -0.45047    0.00000   -0.45107    0.00000   -4.39041   -0.29188   -2.34115
          2       5100   83.75118   -0.45048    0.00000   -0.45107    0.00000   -4.39041   -0.29188   -2.34115
          2       5200   85.42630   -0.45048    0.00000   -0.45107    0.00000   -4.39041   -0.29188   -2.34115
          2       5300   86.96363   -0.45049    0.00000   -0.45107    0.00000   -4.39041   -0.29188   -2.34115
          2       5400   88.56574   -0.45050    0.00000   -0.45107    0.00000   -4.39041   -0.29188   -2.34115
          2       5500   90.29497   -0.45050    0.00000   -0.45107    0.00000   -4.39041   -0.29188   -2.34115
          2       5600   91.95190   -0.45051    0.00000   -0.45107    0.00000   -4.39041   -0.29188   -2.34115
          2       5700   93.11131   -0.45051    0.00000   -0.45107    0.00000   -4.39041   -0.29188   -2.34115
          2       5800   94.24894   -0.45052    0.00000   -0.45107    0.00000   -4.39041   -0.29188   -2.34115
          2       5900   96.26192   -0.45052    0.00000   -0.45107    0.00000   -4.39041   -0.29188   -2.34115
          2       6000   97.79284   -0.45053    0.00000   -0.45107    0.00000   -4.39041   -0.29188   -2.34115
          2       6100   99.58519   -0.45053    0.00000   -0.45107    0.00000   -4.39041   -0.29188   -2.34115
          2       6200  100.83810   -0.45054    0.00000   -0.45107    0.00000   -4.39041   -0.29188   -2.34115
          2       6300  102.30728   -0.45054    0.00000   -0.45107    0.00000   -4.39041   -0.29188   -2.34115
          2       6400  104.23333   -0.45055    0.00000   -0.45107    0.00000   -4.39041   -0.29188   -2.34115
          2       6500  105.63417   -0.45055    0.00000   -0.45107    0.00000   -4.39041   -0.29188   -2.34115
          2       6600  106.88227   -0.45056    0.00000   -0.45107    0.00000   -4.39041   -0.29188   -2.34115
          2       6700  108.51883   -0.45056    0.00000   -0.45107    0.00000   -4.39041   -0.29188   -2.34115
          2       6800  110.52576   -0.45057    0.00000   -0.45107    0.00000   -4.39041   -0.29188   -2.34115
          2       6900  112.07818   -0.45057    0.00000   -0.45107    0.00000   -4.39041   -0.29188   -2.34115
          2       7000  113.90787   -0.45057    0.00000   -0.45107    0.00000   -4.39041   -0.29188   -2.34115
          2       7100  114.48684   -0.45058    0.00000   -0.45107    0.00000   -4.39041   -0.29188   -2.34115
          2       7200  116.80764   -0.45058    0.00000   -0.45107    0.00000   -4.39041   -0.29188   -2.34115
          2       7300  118.46718   -0.45059    0.00000   -0.45107    0.00000   -4.39041   -0.29188   -2.34115
          2       7400  120.18601   -0.45059    0.00000   -0.45107    0.00000   -4.39041   -0.29188   -2.34115
          2       7500  122.15577   -0.45059    0.00000   -0.45107    0.00000   -4.39041   -0.29188   -2.34115
          2       7600  124.27713   -0.45060    0.00000   -0.45107    0.00000   -4.39041   -0.29188   -2.34115
          2       7700  126.38417   -0.45060    0.00000   -0.45107    0.00000   -4.39041   -0.29188   -2.34115
          2       7800  127.19200   -0.45060    0.00000   -0.45107    0.00000   -4.39041   -0.29188   -2.34115
          2       7900  128.82898   -0.45061    0.00000   -0.45107    0.00000   -4.39041   -0.29188   -2.34115
          2       8000  130.73739   -0.45061    0.00000   -0.45107    0.00000   -4.39041   -0.29188   -2.34115
          2       8100  132.52623   -0.45061    0.00000   -0.45107    0.00000   -4.39041   -0.29188   -2.34115
          2       8200  133.73608   -0.45062    0.00000   -0.45107    0.00000   -4.39041   -0.29188   -2.34115
          2       8300  135.47764   -0.45062    0.00000   -0.45107    0.00000   -4.39041   -0.29188   -2.34115
          2       8400  136.78654   -0.45062    0.00000   -0.45107    0.00000   -4.39041   -0.29188   -2.34115
          2       8500  138.77483   -0.45062    0.00000   -0.45107    0.00000   -4.39041   -0.29188   -2.34115
          2       8600  140.26924   -0.45063    0.00000   -0.45107    0.00000   -4.39041   -0.29188   -2.34115
          2       8700  142.10965   -0.45063    0.00000   -0.45107    0.00000   -4.39041   -0.29188   -2.34115
          2       8800  143.82112   -0.45063    0.00000   -0.45107    0.00000   -4.39041   -0.29188   -2.34115
          2       8900  145.40773   -0.45064    0.00000   -0.45107    0.00000   -4.39041   -0.29188   -2.34115
          2       9000  147.25718   -0.45064    0.00000   -0.45107    0.00000   -4.39041   -0.29188   -2.34115
          2       9100  148.87158   -0.45064    0.00000   -0.45107    0.00000   -4.39041   -0.29188   -2.34115
          2       9200  150.52477   -0.45064    0.00000   -0.45107    0.00000   -4.39041   -0.29188   -2.34115
          2       9300  152.06680   -0.45065    0.00000   -0.45107    0.00000   -4.39041   -0.29188   -2.34115
          2       9400  153.98782   -0.45065    0.00000   -0.45107    0.00000   -4.39041   -0.29188   -2.34115
          2       9500  155.71845   -0.45065    0.00000   -0.45107    0.00000   -4.39041   -0.29188   -2.34115
          2       9600  157.78031   -0.45065    0.00000   -0.45107    0.00000   -4.39041   -0.29188   -2.34115
          2       9700  159.74888   -0.45066    0.00000   -0.45107    0.00000   -4.39041   -0.29188   -2.34115
          2       9800  161.05018   -0.45066    0.00000   -0.45107    0.00000   -4.39041   -0.29188   -2.34115
          2       9900  163.41934   -0.45066    0.00000   -0.45107    0.00000   -4.39041   -0.29188   -2.34115
          2      10000  164.69875   -0.45066    0.00000   -0.45107    0.00000   -4.39041   -0.29188   -2.34115
          2      10100  166.53663   -0.45067    0.00000   -0.45107    0.00000   -4.39041   -0.29188   -2.34115
          2      10200  168.02845   -0.45067    0.00000   -0.45107    0.00000   -4.39041   -0.29188   -2.34115
          2      10300  169.71959   -0.45067    0.00000   -0.45107    0.00000   -4.39041   -0.29188   -2.34115
          2      10400  172.19493   -0.45067    0.00000   -0.45107    0.00000   -4.39041   -0.29188   -2.34115
          2      10500  173.72690   -0.45067    0.00000   -0.45107    0.00000   -4.39041   -0.29188   -2.34115
          2      10600  175.27617   -0.45068    0.00000   -0.45107    0.00000   -4.39041   -0.29188   -2.34115
          2      10700  176.84003   -0.45068    0.00000   -0.45107    0.00000   -4.39041   -0.29188   -2.34115
          2      10800  178.35482   -0.45068    0.00000   -0.45107    0.00000   -4.39041   -0.29188   -2.34115
          2      10900  179.68528   -0.45068    0.00000   -0.45107    0.00000   -4.39041   -0.29188   -2.34115
          2      11000  181.26297   -0.45068    0.00000   -0.45107    0.00000   -4.39041   -0.29188   -2.34115
          2      11100  182.55454   -0.45069    0.00000   -0.45107    0.00000   -4.39041   -0.29188   -2.34115
          2      11200  184.37538   -0.45069    0.00000   -0.45107    0.00000   -4.39041   -0.29188   -2.34115
          2      11300  186.07237   -0.45069    0.00000   -0.45107    0.00000   -4.39041   -0.29188   -2.34115
          2      11400  187.67618   -0.45069    0.00000   -0.45107    0.00000   -4.39041   -0.29188   -2.34115
          2      11500  189.34054   -0.45069    0.00000   -0.45107    0.00000   -4.39041   -0.29188   -2.34115
          2      11600  190.47707   -0.45069    0.00000   -0.45107    0.00000   -4.39041   -0.29188   -2.34115
          2      11700  191.93074   -0.45070    0.00000   -0.45107    0.00000   -4.39041   -0.29188   -2.34115
          2      11800  193.59785   -0.45070    0.00000   -0.45107    0.00000   -4.39041   -0.29188   -2.34115
          2      11900  195.23208   -0.45070    0.00000   -0.45107    0.00000   -4.39041   -0.29188   -2.34115
          2      12000  196.83810   -0.45070    0.00000   -0.45107    0.00000   -4.39041   -0.29188   -2.34115
          2      12100  198.68860   -0.45070    0.00000   -0.45107    0.00000   -4.39041   -0.29188   -2.34115
          2      12200  200.64201   -0.45070    0.00000   -0.45107    0.00000   -4.39041   -0.29188   -2.34115
          2      12300  201.95587   -0.45071    0.00000   -0.45107    0.00000   -4.39041   -0.29188   -2.34115
          2      12400  203.19227   -0.45071    0.00000   -0.45107    0.00000   -4.39041   -0.29188   -2.34115
          2      12500  204.86520   -0.45071    0.00000   -0.45107    0.00000   -4.39041   -0.29188   -2.34115
          2      12600  207.32720   -0.45071    0.00000   -0.45107    0.00000   -4.39041   -0.29188   -2.34115
          2      12700  208.64148   -0.45071    0.00000   -0.45107    0.00000   -4.39041   -0.29188   -2.34115
          2      12800  209.53733   -0.45071    0.00000   -0.45107    0.00000   -4.39041   -0.29188   -2.34115
          2      12900  211.46489   -0.45072    0.00000   -0.45107    0.00000   -4.39041   -0.29188   -2.34115
          2      13000  212.79909   -0.45072    0.00000   -0.45107    0.00000   -4.39041   -0.29188   -2.34115
          2      13100  214.95013   -0.45072    0.00000   -0.45107    0.00000   -4.39041   -0.29188   -2.34115
          2      13200  216.11887   -0.45072    0.00000   -0.45107    0.00000   -4.39041   -0.29188   -2.34115
          2      13300  217.85287   -0.45072    0.00000   -0.45107    0.00000   -4.39041   -0.29188   -2.34115
          2      13400  219.16202   -0.45072    0.00000   -0.45107    0.00000   -4.39041   -0.29188   -2.34115
          2      13500  220.18229   -0.45072    0.00000   -0.45107    0.00000   -4.39041   -0.29188   -2.34115
          2      13600  221.65679   -0.45073    0.00000   -0.45107    0.00000   -4.39041   -0.29188   -2.34115
          2      13700  222.76855   -0.45073    0.00000   -0.45107    0.00000   -4.39041   -0.29188   -2.34115
          2      13800  224.21959   -0.45073    0.00000   -0.45107    0.00000   -4.39041   -0.29188   -2.34115
          2      13900  225.92652   -0.45073    0.00000   -0.45107    0.00000   -4.39041   -0.29188   -2.34115
          2      14000  227.83920   -0.45073    0.00000   -0.45107    0.00000   -4.39041   -0.29188   -2.34115
          2      14100  228.91061   -0.45073    0.00000   -0.45107    0.00000   -4.39041   -0.29188   -2.34115
          2      14200  230.72117   -0.45073    0.00000   -0.45107    0.00000   -4.39041   -0.29188   -2.34115
          2      14300  232.31322   -0.45073    0.00000   -0.45107    0.00000   -4.39041   -0.29188   -2.34115
          2      14400  234.08044   -0.45074    0.00000   -0.45107    0.00000   -4.39041   -0.29188   -2.34115
          2      14500  234.70946   -0.45074    0.00000   -0.45107    0.00000   -4.39041   -0.29188   -2.34115
          2      14600  236.30153   -0.45074    0.00000   -0.45107    0.00000   -4.39041   -0.29188   -2.34115
          2      14700  238.33946   -0.45074    0.00000   -0.45107    0.00000   -4.39041   -0.29188   -2.34115
          2      14800  240.00733   -0.45074    0.00000   -0.45107    0.00000   -4.39041   -0.29188   -2.34115
          2      14900  241.57538   -0.45074    0.00000   -0.45107    0.00000   -4.39041   -0.29188   -2.34115
          2      15000  242.92405   -0.45074    0.00000   -0.45107    0.00000   -4.39041   -0.29188   -2.34115
          2      15100  244.60569   -0.45074    0.00000   -0.45107    0.00000   -4.39041   -0.29188   -2.34115
          2      15200  246.48904   -0.45075    0.00000   -0.45107    0.00000   -4.39041   -0.29188   -2.34115
          2      15300  248.14267   -0.45075    0.00000   -0.45107    0.00000   -4.39041   -0.29188   -2.34115
          2      15400  249.13890   -0.45075    0.00000   -0.45107    0.00000   -4.39041   -0.29188   -2.34115
          2      15500  250.90141   -0.45075    0.00000   -0.45107    0.00000   -4.39041   -0.29188   -2.34115
          2      15600  252.59358   -0.45075    0.00000   -0.45107    0.00000   -4.39041   -0.29188   -2.34115
          2      15700  254.21245   -0.45075    0.00000   -0.45107    0.00000   -4.39041   -0.29188   -2.34115
          2      15800  255.71410   -0.45075    0.00000   -0.45107    0.00000   -4.39041   -0.29188   -2.34115
          2      15900  257.53972   -0.45075    0.00000   -0.45107    0.00000   -4.39041   -0.29188   -2.34115
          2      16000  259.78687   -0.45075    0.00000   -0.45107    0.00000   -4.39041   -0.29188   -2.34115
          2      16100  261.48845   -0.45076    0.00000   -0.45107    0.00000   -4.39041   -0.29188   -2.34115
          2      16200  263.04929   -0.45076    0.00000   -0.45107    0.00000   -4.39041   -0.29188   -2.34115
          2      16300  264.51888   -0.45076    0.00000   -0.45107    0.00000   -4.39041   -0.29188   -2.34115
          2      16400  266.56642   -0.45076    0.00000   -0.45107    0.00000   -4.39041   -0.29188   -2.34115
          2      16500  268.00634   -0.45076    0.00000   -0.45107    0.00000   -4.39041   -0.29188   -2.34115
          2      16600  269.57757   -0.45076    0.00000   -0.45107    0.00000   -4.39041   -0.29188   -2.34115
          2      16700  271.94178   -0.45076    0.00000   -0.45107    0.00000   -4.39041   -0.29188   -2.34115
          2      16800  272.94899   -0.45076    0.00000   -0.45107    0.00000   -4.39041   -0.29188   -2.34115
          2      16900  274.12635   -0.45076    0.00000   -0.45107    0.00000   -4.39041   -0.29188   -2.34115
          2      17000  275.22792   -0.45076    0.00000   -0.45107    0.00000   -4.39041   -0.29188   -2.34115
          2      17100  277.07883   -0.45077    0.00000   -0.45107    0.00000   -4.39041   -0.29188   -2.34115
          2      17200  278.41172   -0.45077    0.00000   -0.45107    0.00000   -4.39041   -0.29188   -2.34115
          2      17300  280.05520   -0.45077    0.00000   -0.45107    0.00000   -4.39041   -0.29188   -2.34115
          2      17400  282.71392   -0.45077    0.00000   -0.45107    0.00000   -4.39041   -0.29188   -2.34115
          2      17500  284.07994   -0.45077    0.00000   -0.45107    0.00000   -4.39041   -0.29188   -2.34115
          2      17600  285.52037   -0.45077    0.00000   -0.45107    0.00000   -4.39041   -0.29188   -2.34115
          2      17700  286.61351   -0.45077    0.00000   -0.45107    0.00000   -4.39041   -0.29188   -2.34115
          2      17800  288.44977   -0.45077    0.00000   -0.45107    0.00000   -4.39041   -0.29188   -2.34115
          2      17900  289.73249   -0.45077    0.00000   -0.45107    0.00000   -4.39041   -0.29188   -2.34115
          2      18000  290.89759   -0.45077    0.00000   -0.45107    0.00000   -4.39041   -0.29188   -2.34115
          2      18100  293.41240   -0.45077    0.00000   -0.45107    0.00000   -4.39041   -0.29188   -2.34115
          2      18200  294.76089   -0.45078    0.00000   -0.45107    0.00000   -4.39041   -0.29188   -2.34115
          2      18300  296.05333   -0.45078    0.00000   -0.45107    0.00000   -4.39041   -0.29188   -2.34115
          2      18400  297.29512   -0.45078    0.00000   -0.45107    0.00000   -4.39041   -0.29188   -2.34115
          2      18500  298.72173   -0.45078    0.00000   -0.45107    0.00000   -4.39041   -0.29188   -2.34115
          2      18600  301.02100   -0.45078    0.00000   -0.45107    0.00000   -4.39041   -0.29188   -2.34115
          2      18700  302.87795   -0.45078    0.00000   -0.45107    0.00000   -4.39041   -0.29188   -2.34115
          2      18800  304.69917   -0.45078    0.00000   -0.45107    0.00000   -4.39041   -0.29188   -2.34115
          2      18900  306.45814   -0.45078    0.00000   -0.45107    0.00000   -4.39041   -0.29188   -2.34115
          2      19000  308.03495   -0.45078    0.00000   -0.45107    0.00000   -4.39041   -0.29188   -2.34115
          2      19100  309.72983   -0.45078    0.00000   -0.45107    0.00000   -4.39041   -0.29188   -2.34115
          2      19200  310.49806   -0.45078    0.00000   -0.45107    0.00000   -4.39041   -0.29188   -2.34115
          2      19300  312.92039   -0.45078    0.00000   -0.45107    0.00000   -4.39041   -0.29188   -2.34115
          2      19400  313.86678   -0.45079    0.00000   -0.45107    0.00000   -4.39041   -0.29188   -2.34115
          2      19500  315.13257   -0.45079    0.00000   -0.45107    0.00000   -4.39041   -0.29188   -2.34115
          2      19600  317.21248   -0.45079    0.00000   -0.45107    0.00000   -4.39041   -0.29188   -2.34115
          2      19700  318.57948   -0.45079    0.00000   -0.45107    0.00000   -4.39041   -0.29188   -2.34115
          2      19800  320.20585   -0.45079    0.00000   -0.45107    0.00000   -4.39041   -0.29188   -2.34115
          2      19900  321.58763   -0.45079    0.00000   -0.45107    0.00000   -4.39041   -0.29188   -2.34115
          2      20000  322.94224   -0.45079    0.00000   -0.45107    0.00000   -4.39041   -0.29188   -2.34115
          2      20100  324.63629   -0.45079    0.00000   -0.45107    0.00000   -4.39041   -0.29188   -2.34115
          2      20200  326.15480   -0.45079    0.00000   -0.45107    0.00000   -4.39041   -0.29188   -2.34115
          2      20300  328.46523   -0.45079    0.00000   -0.45107    0.00000   -4.39041   -0.29188   -2.34115
          2      20400  329.64368   -0.45079    0.00000   -0.45107    0.00000   -4.39041   -0.29188   -2.34115
          2      20500  330.57277   -0.45079    0.00000   -0.45107    0.00000   -4.39041   -0.29188   -2.34115
          2      20600  332.78680   -0.45079    0.00000   -0.45107    0.00000   -4.39041   -0.29188   -2.34115
          2      20700  334.72927   -0.45079    0.00000   -0.45107    0.00000   -4.39041   -0.29188   -2.34115
          2      20800  336.27298   -0.45080    0.00000   -0.45107    0.00000   -4.39041   -0.29188   -2.34115
          2      20900  338.07562   -0.45080    0.00000   -0.45107    0.00000   -4.39041   -0.29188   -2.34115
          2      21000  339.52926   -0.45080    0.00000   -0.45107    0.00000   -4.39041   -0.29188   -2.34115
          2      21100  341.09288   -0.45080    0.00000   -0.45107    0.00000   -4.39041   -0.29188   -2.34115
          2      21200  342.53353   -0.45080    0.00000   -0.45107    0.00000   -4.39041   -0.29188   -2.34115
          2      21300  344.35080   -0.45080    0.00000   -0.45107    0.00000   -4.39041   -0.29188   -2.34115
          2      21400  345.87437   -0.45080    0.00000   -0.45107    0.00000   -4.39041   -0.29188   -2.34115
          2      21500  347.20526   -0.45080    0.00000   -0.45107    0.00000   -4.39041   -0.29188   -2.34115
          2      21600  349.22976   -0.45080    0.00000   -0.45107    0.00000   -4.39041   -0.29188   -2.34115
          2      21700  350.77142   -0.45080    0.00000   -0.45107    0.00000   -4.39041   -0.29188   -2.34115
          2      21800  352.12303   -0.45080    0.00000   -0.45107    0.00000   -4.39041   -0.29188   -2.34115
          2      21900  353.82663   -0.45080    0.00000   -0.45107    0.00000   -4.39041   -0.29188   -2.34115
          2      22000  355.55206   -0.45080    0.00000   -0.45107    0.00000   -4.39041   -0.29188   -2.34115
          2      22100  357.32465   -0.45080    0.00000   -0.45107    0.00000   -4.39041   -0.29188   -2.34115
          2      22200  358.92336   -0.45080    0.00000   -0.45107    0.00000   -4.39041   -0.29188   -2.34115
          2      22300  360.64928   -0.45081    0.00000   -0.45107    0.00000   -4.39041   -0.29188   -2.34115
          2      22400  362.14405   -0.45081    0.00000   -0.45107    0.00000   -4.39041   -0.29188   -2.34115
          2      22500  363.31965   -0.45081    0.00000   -0.45107    0.00000   -4.39041   -0.29188   -2.34115
          2      22600  365.11436   -0.45081    0.00000   -0.45107    0.00000   -4.39041   -0.29188   -2.34115
          2      22700  366.90068   -0.45081    0.00000   -0.45107    0.00000   -4.39041   -0.29188   -2.34115
          2      22800  368.40183   -0.45081    0.00000   -0.45107    0.00000   -4.39041   -0.29188   -2.34115
          2      22900  369.90241   -0.45081    0.00000   -0.45107    0.00000   -4.39041   -0.29188   -2.34115
          2      23000  371.01716   -0.45081    0.00000   -0.45107    0.00000   -4.39041   -0.29188   -2.34115
          2      23100  372.34962   -0.45081    0.00000   -0.45107    0.00000   -4.39041   -0.29188   -2.34115
          2      23200  374.65679   -0.45081    0.00000   -0.45107    0.00000   -4.39041   -0.29188   -2.34115
          2      23300  376.08469   -0.45081    0.00000   -0.45107    0.00000   -4.39041   -0.29188   -2.34115
          2      23400  377.88006   -0.45081    0.00000   -0.45107    0.00000   -4.39041   -0.29188   -2.34115
          2      23500  379.04749   -0.45081    0.00000   -0.45107    0.00000   -4.39041   -0.29188   -2.34115
          2      23600  380.49275   -0.45081    0.00000   -0.45107    0.00000   -4.39041   -0.29188   -2.34115
          2      23700  381.82122   -0.45081    0.00000   -0.45107    0.00000   -4.39041   -0.29188   -2.34115
          2      23800  383.50538   -0.45081    0.00000   -0.45107    0.00000   -4.39041   -0.29188   -2.34115
          2      23900  384.95601   -0.45081    0.00000   -0.45107    0.00000   -4.39041   -0.29188   -2.34115
          2      24000  386.35215   -0.45082    0.00000   -0.45107    0.00000   -4.39041   -0.29188   -2.34115
          2      24100  387.81194   -0.45082    0.00000   -0.45107    0.00000   -4.39041   -0.29188   -2.34115
          2      24200  389.27206   -0.45082    0.00000   -0.45107    0.00000   -4.39041   -0.29188   -2.34115
          2      24300  390.71141   -0.45082    0.00000   -0.45107    0.00000   -4.39041   -0.29188   -2.34115
          2      24400  392.54161   -0.45082    0.00000   -0.45107    0.00000   -4.39041   -0.29188   -2.34115
          2      24500  394.05572   -0.45082    0.00000   -0.45107    0.00000   -4.39041   -0.29188   -2.34115
          2      24600  396.59688   -0.45082    0.00000   -0.45107    0.00000   -4.39041   -0.29188   -2.34115
          2      24700  398.40366   -0.45082    0.00000   -0.45107    0.00000   -4.39041   -0.29188   -2.34115
          2      24800  399.83588   -0.45082    0.00000   -0.45107    0.00000   -4.39041   -0.29188   -2.34115
          2      24900  402.01171   -0.45082    0.00000   -0.45107    0.00000   -4.39041   -0.29188   -2.34115
          2      25000  404.09351   -0.45082    0.00000   -0.45107    0.00000   -4.39041   -0.29188   -2.34115
          2      25100  405.52662   -0.45082    0.00000   -0.45107    0.00000   -4.39041   -0.29188   -2.34115
          2      25200  406.73807   -0.45082    0.00000   -0.45107    0.00000   -4.39041   -0.29188   -2.34115
          2      25300  408.59431   -0.45082    0.00000   -0.45107    0.00000   -4.39041   -0.29188   -2.34115
          2      25400  409.74292   -0.45082    0.00000   -0.45107    0.00000   -4.39041   -0.29188   -2.34115
          2      25500  411.34113   -0.45082    0.00000   -0.45107    0.00000   -4.39041   -0.29188   -2.34115
          2      25600  413.40023   -0.45082    0.00000   -0.45107    0.00000   -4.39041   -0.29188   -2.34115
          2      25700  414.83268   -0.45082    0.00000   -0.45107    0.00000   -4.39041   -0.29188   -2.34115
          2      25800  416.13537   -0.45082    0.00000   -0.45107    0.00000   -4.39041   -0.29188   -2.34115
          2      25900  417.79654   -0.45083    0.00000   -0.45107    0.00000   -4.39041   -0.29188   -2.34115
          2      26000  418.93626   -0.45083    0.00000   -0.45107    0.00000   -4.39041   -0.29188   -2.34115
          2      26100  420.04641   -0.45083    0.00000   -0.45107    0.00000   -4.39041   -0.29188   -2.34115
          2      26200  421.46745   -0.45083    0.00000   -0.45107    0.00000   -4.39041   -0.29188   -2.34115
          2      26300  422.42287   -0.45083    0.00000   -0.45107    0.00000   -4.39041   -0.29188   -2.34115
          2      26400  424.00856   -0.45083    0.00000   -0.45107    0.00000   -4.39041   -0.29188   -2.34115
          2      26500  426.40469   -0.45083    0.00000   -0.45107    0.00000   -4.39041   -0.29188   -2.34115
          2      26600  428.32238   -0.45083    0.00000   -0.45107    0.00000   -4.39041   -0.29188   -2.34115
          2      26700  430.82351   -0.45083    0.00000   -0.45107    0.00000   -4.39041   -0.29188   -2.34115
          2      26800  432.28765   -0.45083    0.00000   -0.45107    0.00000   -4.39041   -0.29188   -2.34115
          2      26900  434.12631   -0.45083    0.00000   -0.45107    0.00000   -4.39041   -0.29188   -2.34115
          2      27000  435.61847   -0.45083    0.00000   -0.45107    0.00000   -4.39041   -0.29188   -2.34115
          2      27100  437.73220   -0.45083    0.00000   -0.45107    0.00000   -4.39041   -0.29188   -2.34115
          2      27200  439.06327   -0.45083    0.00000   -0.45107    0.00000   -4.39041   -0.29188   -2.34115
          2      27300  440.43147   -0.45083    0.00000   -0.45107    0.00000   -4.39041   -0.29188   -2.34115
          2      27400  442.06530   -0.45083    0.00000   -0.45107    0.00000   -4.39041   -0.29188   -2.34115
          2      27500  443.57253   -0.45083    0.00000   -0.45107    0.00000   -4.39041   -0.29188   -2.34115
          2      27600  445.48414   -0.45083    0.00000   -0.45107    0.00000   -4.39041   -0.29188   -2.34115
          2      27700  447.05314   -0.45083    0.00000   -0.45107    0.00000   -4.39041   -0.29188   -2.34115
          2      27800  448.02652   -0.45083    0.00000   -0.45107    0.00000   -4.39041   -0.29188   -2.34115
          2      27900  449.53540   -0.45083    0.00000   -0.45107    0.00000   -4.39041   -0.29188   -2.34115
          2      28000  451.16302   -0.45083    0.00000   -0.45107    0.00000   -4.39041   -0.29188   -2.34115
          2      28100  452.82641   -0.45084    0.00000   -0.45107    0.00000   -4.39041   -0.29188   -2.34115
          2      28200  454.62590   -0.45084    0.00000   -0.45107    0.00000   -4.39041   -0.29188   -2.34115
          2      28300  456.35007   -0.45084    0.00000   -0.45107    0.00000   -4.39041   -0.29188   -2.34115
          2      28400  458.03409   -0.45084    0.00000   -0.45107    0.00000   -4.39041   -0.29188   -2.34115
          2      28500  459.91035   -0.45084    0.00000   -0.45107    0.00000   -4.39041   -0.29188   -2.34115
          2      28600  461.28118   -0.45084    0.00000   -0.45107    0.00000   -4.39041   -0.29188   -2.34115
          2      28700  462.67385   -0.45084    0.00000   -0.45107    0.00000   -4.39041   -0.29188   -2.34115
          2      28800  464.06277   -0.45084    0.00000   -0.45107    0.00000   -4.39041   -0.29188   -2.34115
          2      28900  465.90864   -0.45084    0.00000   -0.45107    0.00000   -4.39041   -0.29188   -2.34115
          2      29000  466.54784   -0.45084    0.00000   -0.45107    0.00000   -4.39041   -0.29188   -2.34115
          2      29100  468.25970   -0.45084    0.00000   -0.45107    0.00000   -4.39041   -0.29188   -2.34115
          2      29200  469.60342   -0.45084    0.00000   -0.45107    0.00000   -4.39041   -0.29188   -2.34115
          2      29300  472.08209   -0.45084    0.00000   -0.45107    0.00000   -4.39041   -0.29188   -2.34115
          2      29400  473.85994   -0.45084    0.00000   -0.45107    0.00000   -4.39041   -0.29188   -2.34115
          2      29500  475.84643   -0.45084    0.00000   -0.45107    0.00000   -4.39041   -0.29188   -2.34115
          2      29600  477.36933   -0.45084    0.00000   -0.45107    0.00000   -4.39041   -0.29188   -2.34115
          2      29700  479.03931   -0.45084    0.00000   -0.45107    0.00000   -4.39041   -0.29188   -2.34115
          2      29800  480.12334   -0.45084    0.00000   -0.45107    0.00000   -4.39041   -0.29188   -2.34115
          2      29900  482.10711   -0.45084    0.00000   -0.45107    0.00000   -4.39041   -0.29188   -2.34115
          2      30000  483.67222   -0.45084    0.00000   -0.45107    0.00000   -4.39041   -0.29188   -2.34115
          2      30100  485.68054   -0.45084    0.00000   -0.45107    0.00000   -4.39041   -0.29188   -2.34115
          2      30200  487.13976   -0.45084    0.00000   -0.45107    0.00000   -4.39041   -0.29188   -2.34115
          2      30300  488.64858   -0.45084    0.00000   -0.45107    0.00000   -4.39041   -0.29188   -2.34115
          2      30400  490.19162   -0.45084    0.00000   -0.45107    0.00000   -4.39041   -0.29188   -2.34115
          2      30500  491.49485   -0.45085    0.00000   -0.45107    0.00000   -4.39041   -0.29188   -2.34115
          2      30600  493.59777   -0.45085    0.00000   -0.45107    0.00000   -4.39041   -0.29188   -2.34115
          2      30700  495.25629   -0.45085    0.00000   -0.45107    0.00000   -4.39041   -0.29188   -2.34115
          2      30800  496.43341   -0.45085    0.00000   -0.45107    0.00000   -4.39041   -0.29188   -2.34115
          2      30900  497.83209   -0.45085    0.00000   -0.45107    0.00000   -4.39041   -0.29188   -2.34115
          2      31000  499.32818   -0.45085    0.00000   -0.45107    0.00000   -4.39041   -0.29188   -2.34115
          2      31100  501.31133   -0.45085    0.00000   -0.45107    0.00000   -4.39041   -0.29188   -2.34115
          2      31200  503.00482   -0.45085    0.00000   -0.45107    0.00000   -4.39041   -0.29188   -2.34115
          2      31300  505.02961   -0.45085    0.00000   -0.45107    0.00000   -4.39041   -0.29188   -2.34115
          2      31400  506.31622   -0.45085    0.00000   -0.45107    0.00000   -4.39041   -0.29188   -2.34115
          2      31500  508.02401   -0.45085    0.00000   -0.45107    0.00000   -4.39041   -0.29188   -2.34115
          2      31600  509.48590   -0.45085    0.00000   -0.45107    0.00000   -4.39041   -0.29188   -2.34115
          2      31700  511.10306   -0.45085    0.00000   -0.45107    0.00000   -4.39041   -0.29188   -2.34115
          2      31800  512.49205   -0.45085    0.00000   -0.45107    0.00000   -4.39041   -0.29188   -2.34115
          2      31900  515.16117   -0.45085    0.00000   -0.45107    0.00000   -4.39041   -0.29188   -2.34115
          2      32000  516.34526   -0.45085    0.00000   -0.45107    0.00000   -4.39041   -0.29188   -2.34115
          2      32100  518.08046   -0.45085    0.00000   -0.45107    0.00000   -4.39041   -0.29188   -2.34115
          2      32200  519.43814   -0.45085    0.00000   -0.45107    0.00000   -4.39041   -0.29188   -2.34115
          2      32300  521.57677   -0.45085    0.00000   -0.45107    0.00000   -4.39041   -0.29188   -2.34115
          2      32400  523.10220   -0.45085    0.00000   -0.45107    0.00000   -4.39041   -0.29188   -2.34115
          2      32500  524.69957   -0.45085    0.00000   -0.45107    0.00000   -4.39041   -0.29188   -2.34115
          2      32600  526.02716   -0.45085    0.00000   -0.45107    0.00000   -4.39041   -0.29188   -2.34115
          2      32700  527.64137   -0.45085    0.00000   -0.45107    0.00000   -4.39041   -0.29188   -2.34115
          2      32800  528.56858   -0.45085    0.00000   -0.45107    0.00000   -4.39041   -0.29188   -2.34115
          2      32900  530.41951   -0.45085    0.00000   -0.45107    0.00000   -4.39041   -0.29188   -2.34115
          2      33000  532.53349   -0.45085    0.00000   -0.45107    0.00000   -4.39041   -0.29188   -2.34115
          2      33100  534.21098   -0.45085    0.00000   -0.45107    0.00000   -4.39041   -0.29188   -2.34115
          2      33200  535.14076   -0.45085    0.00000   -0.45107    0.00000   -4.39041   -0.29188   -2.34115
          2      33300  536.53903   -0.45086    0.00000   -0.45107    0.00000   -4.39041   -0.29188   -2.34115
          2      33400  538.35823   -0.45086    0.00000   -0.45107    0.00000   -4.39041   -0.29188   -2.34115
          2      33500  539.39162   -0.45086    0.00000   -0.45107    0.00000   -4.39041   -0.29188   -2.34115
          2      33600  541.44271   -0.45086    0.00000   -0.45107    0.00000   -4.39041   -0.29188   -2.34115
          2      33700  543.23014   -0.45086    0.00000   -0.45107    0.00000   -4.39041   -0.29188   -2.34115
          2      33800  545.21315   -0.45086    0.00000   -0.45107    0.00000   -4.39041   -0.29188   -2.34115
          2      33900  546.53768   -0.45086    0.00000   -0.45107    0.00000   -4.39041   -0.29188   -2.34115
          2      34000  548.26302   -0.45086    0.00000   -0.45107    0.00000   -4.39041   -0.29188   -2.34115
          2      34100  549.78999   -0.45086    0.00000   -0.45107    0.00000   -4.39041   -0.29188   -2.34115
          2      34200  551.17282   -0.45086    0.00000   -0.45107    0.00000   -4.39041   -0.29188   -2.34115
          2      34300  552.72177   -0.45086    0.00000   -0.45107    0.00000   -4.39041   -0.29188   -2.34115
          2      34400  554.03342   -0.45086    0.00000   -0.45107    0.00000   -4.39041   -0.29188   -2.34115
          2      34500  555.21692   -0.45086    0.00000   -0.45107    0.00000   -4.39041   -0.29188   -2.34115
          2      34600  556.20742   -0.45086    0.00000   -0.45107    0.00000   -4.39041   -0.29188   -2.34115
          2      34700  558.18892   -0.45086    0.00000   -0.45107    0.00000   -4.39041   -0.29188   -2.34115
          2      34800  559.87378   -0.45086    0.00000   -0.45107    0.00000   -4.39041   -0.29188   -2.34115
          2      34900  561.68731   -0.45086    0.00000   -0.45107    0.00000   -4.39041   -0.29188   -2.34115
          2      35000  563.13549   -0.45086    0.00000   -0.45107    0.00000   -4.39041   -0.29188   -2.34115
          2      35100  564.60639   -0.45086    0.00000   -0.45107    0.00000   -4.39041   -0.29188   -2.34115
          2      35200  565.90499   -0.45086    0.00000   -0.45107    0.00000   -4.39041   -0.29188   -2.34115
          2      35300  567.30438   -0.45086    0.00000   -0.45107    0.00000   -4.39041   -0.29188   -2.34115
          2      35400  568.83604   -0.45086    0.00000   -0.45107    0.00000   -4.39041   -0.29188   -2.34115
          2      35500  571.01978   -0.45086    0.00000   -0.45107    0.00000   -4.39041   -0.29188   -2.34115
          2      35600  572.42024   -0.45086    0.00000   -0.45107    0.00000   -4.39041   -0.29188   -2.34115
          2      35700  573.79973   -0.45086    0.00000   -0.45107    0.00000   -4.39041   -0.29188   -2.34115
          2      35800  575.14311   -0.45086    0.00000   -0.45107    0.00000   -4.39041   -0.29188   -2.34115
          2      35900  576.61443   -0.45086    0.00000   -0.45107    0.00000   -4.39041   -0.29188   -2.34115
          2      36000  578.18146   -0.45086    0.00000   -0.45107    0.00000   -4.39041   -0.29188   -2.34115
          2      36100  579.17582   -0.45086    0.00000   -0.45107    0.00000   -4.39041   -0.29188   -2.34115
          2      36200  580.65220   -0.45086    0.00000   -0.45107    0.00000   -4.39041   -0.29188   -2.34115
          2      36300  582.42885   -0.45086    0.00000   -0.45107    0.00000   -4.39041   -0.29188   -2.34115
          2      36400  584.18862   -0.45086    0.00000   -0.45107    0.00000   -4.39041   -0.29188   -2.34115
          2      36500  586.24329   -0.45087    0.00000   -0.45107    0.00000   -4.39041   -0.29188   -2.34115
          2      36600  587.87967   -0.45087    0.00000   -0.45107    0.00000   -4.39041   -0.29188   -2.34115
          2      36700  589.63564   -0.45087    0.00000   -0.45107    0.00000   -4.39041   -0.29188   -2.34115
          2      36800  591.38391   -0.45087    0.00000   -0.45107    0.00000   -4.39041   -0.29188   -2.34115
          2      36900  592.81372   -0.45087    0.00000   -0.45107    0.00000   -4.39041   -0.29188   -2.34115
          2      37000  594.61969   -0.45087    0.00000   -0.45107    0.00000   -4.39041   -0.29188   -2.34115
          2      37100  596.35678   -0.45087    0.00000   -0.45107    0.00000   -4.39041   -0.29188   -2.34115
          2      37200  597.99404   -0.45087    0.00000   -0.45107    0.00000   -4.39041   -0.29188   -2.34115
          2      37300  599.52028   -0.45087    0.00000   -0.45107    0.00000   -4.39041   -0.29188   -2.34115
          2      37366  600.18978   -0.45087    0.00000   -0.45107    0.00000   -4.39041   -0.29188   -2.34115
