          1          0    0.00000   -1.00607    0.00000   -1.00607    0.00000   -3.66360    3.66360    0.00000
          1          1    0.63790   -1.00876    0.00000   -1.00526    0.00000   -3.66360   -1.00526    0.00000
          2          0    0.63790   -0.40211    0.00000   -1.00526    0.00000   -3.66360   -1.00526   -2.33443
          2        100   52.16926   -0.96253    0.00000   -1.01092    0.00000   -3.66360   -1.01320   -2.33443
          2        200  106.40157   -0.97906    0.00000   -1.01560    0.00000   -3.66360   -1.01630   -2.33443
          2        300  163.89726   -0.98645    0.00000   -1.01424    0.00000   -3.66360   -1.01701   -2.33443
          2        400  221.40276   -0.99087    0.00000   -1.01579    0.00000   -3.66360   -1.01719   -2.33443
          2        500  279.14481   -0.99388    0.00000   -1.01574    0.00000   -3.66360   -1.01775   -2.33443
          2        600  336.91324   -0.99610    0.00000   -1.01677    0.00000   -3.66360   -1.01787   -2.33443
          2        700  395.18447   -0.99783    0.00000   -1.01710    0.00000   -3.66360   -1.01787   -2.33443
          2        800  459.62554   -0.99923    0.00000   -1.01702    0.00000   -3.66360   -1.01810   -2.33443
          2        900  523.35657   -1.00039    0.00000   -1.01709    0.00000   -3.66360   -1.01836   -2.33443
          2       1000  589.52773   -1.00137    0.00000   -1.01693    0.00000   -3.66360   -1.01836   -2.33443
          2       1100  649.44371   -1.00222    0.00000   -1.01740    0.00000   -3.66360   -1.01836   -2.33443
          2       1200  716.31215   -1.00295    0.00000   -1.01750    0.00000   -3.66360   -1.01838   -2.33443
          2       1300  777.92658   -1.00360    0.00000   -1.01779    0.00000   -3.66360   -1.01838   -2.33443
          2       1400  841.69596   -1.00418    0.00000   -1.01777    0.00000   -3.66360   -1.01838   -2.33443
          2       1500  902.16686   -1.00470    0.00000   -1.01715    0.00000   -3.66360   -1.01838   -2.33443
          2       1600  969.42832   -1.00517    0.00000   -1.01685    0.00000   -3.66360   -1.01838   -2.33443
          2       1700 1031.19460   -1.00560    0.00000   -1.01706    0.00000   -3.66360   -1.01838   -2.33443
          2       1800 1090.77291   -1.00599    0.00000   -1.01788    0.00000   -3.66360   -1.01847   -2.33443
          2       1900 1153.02861   -1.00635    0.00000   -1.01730    0.00000   -3.66360   -1.01857   -2.33443
          2       2000 1215.45040   -1.00668    0.00000   -1.01828    0.00000   -3.66360   -1.01857   -2.33443
          2       2100 1277.75034   -1.00699    0.00000   -1.01757    0.00000   -3.66360   -1.01857   -2.33443
          2       2200 1341.59983   -1.00728    0.00000   -1.01788    0.00000   -3.66360   -1.01859   -2.33443
          2       2300 1409.74953   -1.00754    0.00000   -1.01735    0.00000   -3.66360   -1.01873   -2.33443
          2       2400 1471.54071   -1.00780    0.00000   -1.01825    0.00000   -3.66360   -1.01873   -2.33443
          2       2500 1532.26097   -1.00803    0.00000   -1.01786    0.00000   -3.66360   -1.01873   -2.33443
          2       2600 1597.23834   -1.00825    0.00000   -1.01823    0.00000   -3.66360   -1.01875   -2.33443
          2       2700 1661.50948   -1.00846    0.00000   -1.01786    0.00000   -3.66360   -1.01875   -2.33443
          2       2800 1725.54457   -1.00866    0.00000   -1.01767    0.00000   -3.66360   -1.01875   -2.33443
          2       2900 1795.95265   -1.00885    0.00000   -1.01781    0.00000   -3.66360   -1.01894   -2.33443
          2       3000 1859.27135   -1.00903    0.00000   -1.01836    0.00000   -3.66360   -1.01894   -2.33443
          2       3100 1926.26863   -1.00920    0.00000   -1.01771    0.00000   -3.66360   -1.01894   -2.33443
          2       3200 1990.65894   -1.00936    0.00000   -1.01830    0.00000   -3.66360   -1.01894   -2.33443
          2       3300 2052.95404   -1.00951    0.00000   -1.01827    0.00000   -3.66360   -1.01894   -2.33443
          2       3400 2113.76419   -1.00966    0.00000   -1.01769    0.00000   -3.66360   -1.01898   -2.33443
          2       3500 2174.71386   -1.00980    0.00000   -1.01850    0.00000   -3.66360   -1.01898   -2.33443
          2       3600 2247.23413   -1.00993    0.00000   -1.01812    0.00000   -3.66360   -1.01898   -2.33443
          2       3700 2312.56267   -1.01006    0.00000   -1.01843    0.00000   -3.66360   -1.01898   -2.33443
          2       3800 2380.65241   -1.01019    0.00000   -1.01758    0.00000   -3.66360   -1.01898   -2.33443
          2       3900 2444.62663   -1.01030    0.00000   -1.01832    0.00000   -3.66360   -1.01898   -2.33443
          2       4000 2507.12492   -1.01042    0.00000   -1.01775    0.00000   -3.66360   -1.01898   -2.33443
          2       4100 2567.69376   -1.01053    0.00000   -1.01779    0.00000   -3.66360   -1.01898   -2.33443
          2       4200 2633.64586   -1.01063    0.00000   -1.01814    0.00000   -3.66360   -1.01898   -2.33443
          2       4300 2694.87344   -1.01074    0.00000   -1.01792    0.00000   -3.66360   -1.01898   -2.33443
          2       4400 2757.35093   -1.01083    0.00000   -1.01819    0.00000   -3.66360   -1.01898   -2.33443
          2       4500 2824.45518   -1.01093    0.00000   -1.01824    0.00000   -3.66360   -1.01898   -2.33443
          2       4600 2891.92298   -1.01102    0.00000   -1.01817    0.00000   -3.66360   -1.01898   -2.33443
          2       4700 2954.37073   -1.01111    0.00000   -1.01864    0.00000   -3.66360   -1.01898   -2.33443
          2       4800 3015.81141   -1.01120    0.00000   -1.01811    0.00000   -3.66360   -1.01898   -2.33443
          2       4900 3080.69824   -1.01128    0.00000   -1.01799    0.00000   -3.66360   -1.01898   -2.33443
          2       5000 3146.40606   -1.01136    0.00000   -1.01863    0.00000   -3.66360   -1.01898   -2.33443
          2       5100 3206.69677   -1.01144    0.00000   -1.01782    0.00000   -3.66360   -1.01898   -2.33443
          2       5200 3273.38925   -1.01152    0.00000   -1.01853    0.00000   -3.66360   -1.01904   -2.33443
          2       5300 3340.78073   -1.01159    0.00000   -1.01817    0.00000   -3.66360   -1.01910   -2.33443
          2       5400 3409.53440   -1.01166    0.00000   -1.01832    0.00000   -3.66360   -1.01910   -2.33443
          2       5500 3472.76753   -1.01173    0.00000   -1.01784    0.00000   -3.66360   -1.01910   -2.33443
          2       5600 3540.26793   -1.01180    0.00000   -1.01851    0.00000   -3.66360   -1.01910   -2.33443
          2       5692 3600.38576   -1.01186    0.00000   -1.01847    0.00000   -3.66360   -1.01910   -2.33443
