          1          0    0.00000   -0.38770    0.00000   -0.38770    0.00000   -4.26723    4.26723    0.00000
          1          2    0.01352   -0.19348    0.00000    0.20026    0.00000   -4.26723   -0.19348    0.00000
          2          0    0.01352   -0.12535    0.00000    0.20026    0.00000   -4.26723   -0.19348   -2.23035
          2        100    1.52447   -0.48701    0.00000   -0.48446    0.00000   -4.26723   -0.19348   -2.23035
          2        200    2.97365   -0.49247    0.00000   -0.49435    0.00000   -4.26723   -0.19348   -2.23035
          2        300    4.62294   -0.49439    0.00000   -0.49682    0.00000   -4.26723   -0.19348   -2.23035
          2        400    6.34361   -0.49540    0.00000   -0.49817    0.00000   -4.26723   -0.19348   -2.23035
          2        500    8.31658   -0.49604    0.00000   -0.49894    0.00000   -4.26723   -0.19348   -2.23035
          2        600    9.79456   -0.49649    0.00000   -0.49940    0.00000   -4.26723   -0.19348   -2.23035
          2        700   11.36739   -0.49682    0.00000   -0.49884    0.00000   -4.26723   -0.19348   -2.23035
          2        800   12.86849   -0.49708    0.00000   -0.49942    0.00000   -4.26723   -0.19348   -2.23035
          2        900   14.25074   -0.49729    0.00000   -0.49950    0.00000   -4.26723   -0.19348   -2.23035
          2       1000   16.15307   -0.49746    0.00000   -0.49907    0.00000   -4.26723   -0.19348   -2.23035
          2       1100   17.83412   -0.49760    0.00000   -0.49793    0.00000   -4.26723   -0.19348   -2.23035
          2       1200   19.13123   -0.49773    0.00000   -0.49893    0.00000   -4.26723   -0.19348   -2.23035
          2       1300   20.39642   -0.49784    0.00000   -0.49979    0.00000   -4.26723   -0.19348   -2.23035
          2       1400   22.36257   -0.49793    0.00000   -0.49906    0.00000   -4.26723   -0.19348   -2.23035
          2       1500   23.71839   -0.49801    0.00000   -0.49969    0.00000   -4.26723   -0.19348   -2.23035
          2       1600   25.09877   -0.49809    0.00000   -0.49993    0.00000   -4.26723   -0.19348   -2.23035
          2       1700   26.63357   -0.49815    0.00000   -0.49976    0.00000   -4.26723   -0.19348   -2.23035
          2       1800   28.43845   -0.49822    0.00000   -0.49955    0.00000   -4.26723   -0.19348   -2.23035
          2       1900   30.12378   -0.49827    0.00000   -0.50000    0.00000   -4.26723   -0.19348   -2.23035
          2       2000   31.68547   -0.49832    0.00000   -0.50001    0.00000   -4.26723   -0.19348   -2.23035
          2       2100   33.79647   -0.49837    0.00000   -0.50001    0.00000   -4.26723   -0.19348   -2.23035
          2       2200   35.01570   -0.49841    0.00000   -0.50001    0.00000   -4.26723   -0.19348   -2.23035
          2       2300   36.67071   -0.49845    0.00000   -0.50001    0.00000   -4.26723   -0.19348   -2.23035
          2       2400   38.37768   -0.49849    0.00000   -0.50001    0.00000   -4.26723   -0.19348   -2.23035
          2       2500   39.50493   -0.49853    0.00000   -0.50001    0.00000   -4.26723   -0.19348   -2.23035
          2       2600   41.09493   -0.49856    0.00000   -0.50001    0.00000   -4.26723   -0.19348   -2.23035
          2       2700   42.41196   -0.49859    0.00000   -0.50001    0.00000   -4.26723   -0.19348   -2.23035
          2       2800   43.59208   -0.49862    0.00000   -0.50001    0.00000   -4.26723   -0.19348   -2.23035
          2       2900   45.28270   -0.49865    0.00000   -0.50001    0.00000   -4.26723   -0.19348   -2.23035
          2       3000   46.90934   -0.49867    0.00000   -0.50001    0.00000   -4.26723   -0.19348   -2.23035
          2       3100   48.46255   -0.49870    0.00000   -0.50001    0.00000   -4.26723   -0.19348   -2.23035
          2       3200   49.72594   -0.49872    0.00000   -0.50001    0.00000   -4.26723   -0.19348   -2.23035
          2       3300   51.18037   -0.49874    0.00000   -0.50001    0.00000   -4.26723   -0.19348   -2.23035
          2       3400   53.59919   -0.49876    0.00000   -0.50001    0.00000   -4.26723   -0.19348   -2.23035
          2       3500   55.18406   -0.49878    0.00000   -0.50001    0.00000   -4.26723   -0.19348   -2.23035
          2       3600   56.95780   -0.49880    0.00000   -0.50001    0.00000   -4.26723   -0.19348   -2.23035
          2       3700   58.61130   -0.49882    0.00000   -0.50001    0.00000   -4.26723   -0.19348   -2.23035
          2       3800   59.67683   -0.49884    0.00000   -0.50001    0.00000   -4.26723   -0.19348   -2.23035
          2       3900   61.43638   -0.49885    0.00000   -0.50001    0.00000   -4.26723   -0.19348   -2.23035
          2       4000   63.22578   -0.49887    0.00000   -0.50001    0.00000   -4.26723   -0.19348   -2.23035
          2       4100   64.55096   -0.49889    0.00000   -0.50001    0.00000   -4.26723   -0.19348   -2.23035
          2       4200   66.09258   -0.49890    0.00000   -0.50001    0.00000   -4.26723   -0.19348   -2.23035
          2       4300   67.90922   -0.49892    0.00000   -0.50001    0.00000   -4.26723   -0.19348   -2.23035
          2       4400   69.27015   -0.49893    0.00000   -0.50001    0.00000   -4.26723   -0.19348   -2.23035
          2       4500   71.13761   -0.49894    0.00000   -0.50001    0.00000   -4.26723   -0.19348   -2.23035
          2       4600   72.98171   -0.49896    0.00000   -0.50001    0.00000   -4.26723   -0.19348   -2.23035
          2       4700   74.36906   -0.49897    0.00000   -0.50001    0.00000   -4.26723   -0.19348   -2.23035
          2       4800   76.03491   -0.49898    0.00000   -0.50001    0.00000   -4.26723   -0.19348   -2.23035
          2       4900   77.90943   -0.49899    0.00000   -0.50001    0.00000   -4.26723   -0.19348   -2.23035
          2       5000   79.41069   -0.49900    0.00000   -0.50001    0.00000   -4.26723   -0.19348   -2.23035
          2       5100   81.09934   -0.49901    0.00000   -0.50001    0.00000   -4.26723   -0.19348   -2.23035
          2       5200   82.59218   -0.49902    0.00000   -0.50001    0.00000   -4.26723   -0.19348   -2.23035
          2       5300   83.69044   -0.49903    0.00000   -0.50001    0.00000   -4.26723   -0.19348   -2.23035
          2       5400   85.56437   -0.49904    0.00000   -0.50001    0.00000   -4.26723   -0.19348   -2.23035
          2       5500   87.22711   -0.49905    0.00000   -0.50001    0.00000   -4.26723   -0.19348   -2.23035
          2       5600   89.11049   -0.49906    0.00000   -0.50001    0.00000   -4.26723   -0.19348   -2.23035
          2       5700   90.79472   -0.49907    0.00000   -0.50001    0.00000   -4.26723   -0.19348   -2.23035
          2       5800   92.83959   -0.49908    0.00000   -0.50001    0.00000   -4.26723   -0.19348   -2.23035
          2       5900   94.18675   -0.49909    0.00000   -0.50001    0.00000   -4.26723   -0.19348   -2.23035
          2       6000   96.40254   -0.49910    0.00000   -0.50001    0.00000   -4.26723   -0.19348   -2.23035
          2       6100   97.56463   -0.49911    0.00000   -0.50001    0.00000   -4.26723   -0.19348   -2.23035
          2       6200   99.04513   -0.49911    0.00000   -0.50001    0.00000   -4.26723   -0.19348   -2.23035
          2       6300  100.34875   -0.49912    0.00000   -0.50001    0.00000   -4.26723   -0.19348   -2.23035
          2       6400  101.48164   -0.49913    0.00000   -0.50001    0.00000   -4.26723   -0.19348   -2.23035
          2       6500  103.65330   -0.49914    0.00000   -0.50001    0.00000   -4.26723   -0.19348   -2.23035
          2       6600  104.23721   -0.49914    0.00000   -0.50001    0.00000   -4.26723   -0.19348   -2.23035
          2       6700  105.96654   -0.49915    0.00000   -0.50001    0.00000   -4.26723   -0.19348   -2.23035
          2       6800  107.35908   -0.49916    0.00000   -0.50001    0.00000   -4.26723   -0.19348   -2.23035
          2       6900  109.07839   -0.49916    0.00000   -0.50001    0.00000   -4.26723   -0.19348   -2.23035
          2       7000  110.14910   -0.49917    0.00000   -0.50001    0.00000   -4.26723   -0.19348   -2.23035
          2       7100  111.85926   -0.49918    0.00000   -0.50001    0.00000   -4.26723   -0.19348   -2.23035
          2       7200  113.84225   -0.49918    0.00000   -0.50001    0.00000   -4.26723   -0.19348   -2.23035
          2       7300  115.64870   -0.49919    0.00000   -0.50001    0.00000   -4.26723   -0.19348   -2.23035
          2       7400  117.09950   -0.49920    0.00000   -0.50001    0.00000   -4.26723   -0.19348   -2.23035
          2       7500  118.83101   -0.49920    0.00000   -0.50001    0.00000   -4.26723   -0.19348   -2.23035
          2       7600  120.14933   -0.49921    0.00000   -0.50001    0.00000   -4.26723   -0.19348   -2.23035
          2       7700  122.18694   -0.49921    0.00000   -0.50001    0.00000   -4.26723   -0.19348   -2.23035
          2       7800  123.60133   -0.49922    0.00000   -0.50001    0.00000   -4.26723   -0.19348   -2.23035
          2       7900  125.52782   -0.49922    0.00000   -0.50001    0.00000   -4.26723   -0.19348   -2.23035
          2       8000  127.33412   -0.49923    0.00000   -0.50001    0.00000   -4.26723   -0.19348   -2.23035
          2       8100  128.92902   -0.49923    0.00000   -0.50001    0.00000   -4.26723   -0.19348   -2.23035
          2       8200  130.35124   -0.49924    0.00000   -0.50001    0.00000   -4.26723   -0.19348   -2.23035
          2       8300  131.93990   -0.49924    0.00000   -0.50001    0.00000   -4.26723   -0.19348   -2.23035
          2       8400  133.36948   -0.49925    0.00000   -0.50001    0.00000   -4.26723   -0.19348   -2.23035
          2       8500  135.19529   -0.49925    0.00000   -0.50001    0.00000   -4.26723   -0.19348   -2.23035
          2       8600  136.37964   -0.49926    0.00000   -0.50001    0.00000   -4.26723   -0.19348   -2.23035
          2       8700  137.94767   -0.49926    0.00000   -0.50001    0.00000   -4.26723   -0.19348   -2.23035
          2       8800  139.65807   -0.49927    0.00000   -0.50001    0.00000   -4.26723   -0.19348   -2.23035
          2       8900  141.33289   -0.49927    0.00000   -0.50001    0.00000   -4.26723   -0.19348   -2.23035
          2       9000  143.22452   -0.49928    0.00000   -0.50001    0.00000   -4.26723   -0.19348   -2.23035
          2       9100  144.60543   -0.49928    0.00000   -0.50001    0.00000   -4.26723   -0.19348   -2.23035
          2       9200  146.28732   -0.49929    0.00000   -0.50001    0.00000   -4.26723   -0.19348   -2.23035
          2       9300  147.77556   -0.49929    0.00000   -0.50001    0.00000   -4.26723   -0.19348   -2.23035
          2       9400  149.27840   -0.49929    0.00000   -0.50001    0.00000   -4.26723   -0.19348   -2.23035
          2       9500  150.59193   -0.49930    0.00000   -0.50001    0.00000   -4.26723   -0.19348   -2.23035
          2       9600  152.63117   -0.49930    0.00000   -0.50001    0.00000   -4.26723   -0.19348   -2.23035
          2       9700  154.31566   -0.49931    0.00000   -0.50001    0.00000   -4.26723   -0.19348   -2.23035
          2       9800  155.65090   -0.49931    0.00000   -0.50001    0.00000   -4.26723   -0.19348   -2.23035
          2       9900  156.73539   -0.49931    0.00000   -0.50001    0.00000   -4.26723   -0.19348   -2.23035
          2      10000  158.45380   -0.49932    0.00000   -0.50001    0.00000   -4.26723   -0.19348   -2.23035
          2      10100  160.38368   -0.49932    0.00000   -0.50001    0.00000   -4.26723   -0.19348   -2.23035
          2      10200  161.96992   -0.49932    0.00000   -0.50001    0.00000   -4.26723   -0.19348   -2.23035
          2      10300  163.63371   -0.49933    0.00000   -0.50001    0.00000   -4.26723   -0.19348   -2.23035
          2      10400  164.85048   -0.49933    0.00000   -0.50001    0.00000   -4.26723   -0.19348   -2.23035
          2      10500  166.36509   -0.49934    0.00000   -0.50001    0.00000   -4.26723   -0.19348   -2.23035
          2      10600  167.65746   -0.49934    0.00000   -0.50001    0.00000   -4.26723   -0.19348   -2.23035
          2      10700  169.03372   -0.49934    0.00000   -0.50001    0.00000   -4.26723   -0.19348   -2.23035
          2      10800  169.79105   -0.49935    0.00000   -0.50001    0.00000   -4.26723   -0.19348   -2.23035
          2      10900  171.26791   -0.49935    0.00000   -0.50001    0.00000   -4.26723   -0.19348   -2.23035
          2      11000  172.61178   -0.49935    0.00000   -0.50001    0.00000   -4.26723   -0.19348   -2.23035
          2      11100  173.77421   -0.49936    0.00000   -0.50001    0.00000   -4.26723   -0.19348   -2.23035
          2      11200  175.31939   -0.49936    0.00000   -0.50001    0.00000   -4.26723   -0.19348   -2.23035
          2      11300  177.12035   -0.49936    0.00000   -0.50001    0.00000   -4.26723   -0.19348   -2.23035
          2      11400  178.86853   -0.49936    0.00000   -0.50001    0.00000   -4.26723   -0.19348   -2.23035
          2      11500  180.60069   -0.49937    0.00000   -0.50001    0.00000   -4.26723   -0.19348   -2.23035
          2      11600  181.81168   -0.49937    0.00000   -0.50001    0.00000   -4.26723   -0.19348   -2.23035
          2      11700  183.36047   -0.49937    0.00000   -0.50001    0.00000   -4.26723   -0.19348   -2.23035
          2      11800  185.05191   -0.49938    0.00000   -0.50001    0.00000   -4.26723   -0.19348   -2.23035
          2      11900  186.37506   -0.49938    0.00000   -0.50001    0.00000   -4.26723   -0.19348   -2.23035
          2      12000  187.76014   -0.49938    0.00000   -0.50001    0.00000   -4.26723   -0.19348   -2.23035
          2      12100  189.63368   -0.49938    0.00000   -0.50001    0.00000   -4.26723   -0.19348   -2.23035
          2      12200  191.44541   -0.49939    0.00000   -0.50001    0.00000   -4.26723   -0.19348   -2.23035
          2      12300  192.92486   -0.49939    0.00000   -0.50001    0.00000   -4.26723   -0.19348   -2.23035
          2      12400  194.33251   -0.49939    0.00000   -0.50001    0.00000   -4.26723   -0.19348   -2.23035
          2      12500  195.91167   -0.49940    0.00000   -0.50001    0.00000   -4.26723   -0.19348   -2.23035
          2      12600  198.04381   -0.49940    0.00000   -0.50001    0.00000   -4.26723   -0.19348   -2.23035
          2      12700  199.70930   -0.49940    0.00000   -0.50001    0.00000   -4.26723   -0.19348   -2.23035
          2      12800  201.44398   -0.49940    0.00000   -0.50001    0.00000   -4.26723   -0.19348   -2.23035
          2      12900  202.67732   -0.49941    0.00000   -0.50001    0.00000   -4.26723   -0.19348   -2.23035
          2      13000  204.36301   -0.49941    0.00000   -0.50001    0.00000   -4.26723   -0.19348   -2.23035
          2      13100  206.16436   -0.49941    0.00000   -0.50001    0.00000   -4.26723   -0.19348   -2.23035
          2      13200  207.37428   -0.49941    0.00000   -0.50001    0.00000   -4.26723   -0.19348   -2.23035
          2      13300  209.16704   -0.49941    0.00000   -0.50001    0.00000   -4.26723   -0.19348   -2.23035
          2      13400  210.53140   -0.49942    0.00000   -0.50001    0.00000   -4.26723   -0.19348   -2.23035
          2      13500  211.94016   -0.49942    0.00000   -0.50001    0.00000   -4.26723   -0.19348   -2.23035
          2      13600  213.89260   -0.49942    0.00000   -0.50001    0.00000   -4.26723   -0.19348   -2.23035
          2      13700  215.57711   -0.49942    0.00000   -0.50001    0.00000   -4.26723   -0.19348   -2.23035
          2      13800  217.34278   -0.49943    0.00000   -0.50001    0.00000   -4.26723   -0.19348   -2.23035
          2      13900  218.85776   -0.49943    0.00000   -0.50001    0.00000   -4.26723   -0.19348   -2.23035
          2      14000  220.67961   -0.49943    0.00000   -0.50001    0.00000   -4.26723   -0.19348   -2.23035
          2      14100  221.59546   -0.49943    0.00000   -0.50001    0.00000   -4.26723   -0.19348   -2.23035
          2      14200  223.49574   -0.49944    0.00000   -0.50001    0.00000   -4.26723   -0.19348   -2.23035
          2      14300  225.53212   -0.49944    0.00000   -0.50001    0.00000   -4.26723   -0.19348   -2.23035
          2      14400  226.70576   -0.49944    0.00000   -0.50001    0.00000   -4.26723   -0.19348   -2.23035
          2      14500  228.39384   -0.49944    0.00000   -0.50001    0.00000   -4.26723   -0.19348   -2.23035
          2      14600  230.03391   -0.49944    0.00000   -0.50001    0.00000   -4.26723   -0.19348   -2.23035
          2      14700  232.30091   -0.49945    0.00000   -0.50001    0.00000   -4.26723   -0.19348   -2.23035
          2      14800  233.80787   -0.49945    0.00000   -0.50001    0.00000   -4.26723   -0.19348   -2.23035
          2      14900  235.55080   -0.49945    0.00000   -0.50001    0.00000   -4.26723   -0.19348   -2.23035
          2      15000  237.11287   -0.49945    0.00000   -0.50001    0.00000   -4.26723   -0.19348   -2.23035
          2      15100  238.38078   -0.49945    0.00000   -0.50001    0.00000   -4.26723   -0.19348   -2.23035
          2      15200  240.60249   -0.49946    0.00000   -0.50001    0.00000   -4.26723   -0.19348   -2.23035
          2      15300  242.38520   -0.49946    0.00000   -0.50001    0.00000   -4.26723   -0.19348   -2.23035
          2      15400  244.43619   -0.49946    0.00000   -0.50001    0.00000   -4.26723   -0.19348   -2.23035
          2      15500  246.20653   -0.49946    0.00000   -0.50001    0.00000   -4.26723   -0.19348   -2.23035
          2      15600  248.14936   -0.49946    0.00000   -0.50001    0.00000   -4.26723   -0.19348   -2.23035
          2      15700  249.46507   -0.49946    0.00000   -0.50001    0.00000   -4.26723   -0.19348   -2.23035
          2      15800  251.08191   -0.49947    0.00000   -0.50001    0.00000   -4.26723   -0.19348   -2.23035
          2      15900  252.46159   -0.49947    0.00000   -0.50001    0.00000   -4.26723   -0.19348   -2.23035
          2      16000  254.49100   -0.49947    0.00000   -0.50001    0.00000   -4.26723   -0.19348   -2.23035
          2      16100  255.63528   -0.49947    0.00000   -0.50001    0.00000   -4.26723   -0.19348   -2.23035
          2      16200  257.28929   -0.49947    0.00000   -0.50001    0.00000   -4.26723   -0.19348   -2.23035
          2      16300  258.79911   -0.49948    0.00000   -0.50001    0.00000   -4.26723   -0.19348   -2.23035
          2      16400  260.27730   -0.49948    0.00000   -0.50001    0.00000   -4.26723   -0.19348   -2.23035
          2      16500  262.01061   -0.49948    0.00000   -0.50001    0.00000   -4.26723   -0.19348   -2.23035
          2      16600  263.12585   -0.49948    0.00000   -0.50001    0.00000   -4.26723   -0.19348   -2.23035
          2      16700  265.09016   -0.49948    0.00000   -0.50001    0.00000   -4.26723   -0.19348   -2.23035
          2      16800  266.12078   -0.49948    0.00000   -0.50001    0.00000   -4.26723   -0.19348   -2.23035
          2      16900  267.56902   -0.49949    0.00000   -0.50001    0.00000   -4.26723   -0.19348   -2.23035
          2      17000  269.19412   -0.49949    0.00000   -0.50001    0.00000   -4.26723   -0.19348   -2.23035
          2      17100  271.00363   -0.49949    0.00000   -0.50001    0.00000   -4.26723   -0.19348   -2.23035
          2      17200  273.37793   -0.49949    0.00000   -0.50001    0.00000   -4.26723   -0.19348   -2.23035
          2      17300  274.87354   -0.49949    0.00000   -0.50001    0.00000   -4.26723   -0.19348   -2.23035
          2      17400  276.31706   -0.49949    0.00000   -0.50001    0.00000   -4.26723   -0.19348   -2.23035
          2      17500  277.70087   -0.49950    0.00000   -0.50001    0.00000   -4.26723   -0.19348   -2.23035
          2      17600  279.00497   -0.49950    0.00000   -0.50001    0.00000   -4.26723   -0.19348   -2.23035
          2      17700  280.22247   -0.49950    0.00000   -0.50001    0.00000   -4.26723   -0.19348   -2.23035
          2      17800  281.62135   -0.49950    0.00000   -0.50001    0.00000   -4.26723   -0.19348   -2.23035
          2      17900  283.53515   -0.49950    0.00000   -0.50001    0.00000   -4.26723   -0.19348   -2.23035
          2      18000  284.61378   -0.49950    0.00000   -0.50001    0.00000   -4.26723   -0.19348   -2.23035
          2      18100  286.21235   -0.49950    0.00000   -0.50001    0.00000   -4.26723   -0.19348   -2.23035
          2      18200  288.05904   -0.49951    0.00000   -0.50001    0.00000   -4.26723   -0.19348   -2.23035
          2      18300  289.49874   -0.49951    0.00000   -0.50001    0.00000   -4.26723   -0.19348   -2.23035
          2      18400  291.40605   -0.49951    0.00000   -0.50001    0.00000   -4.26723   -0.19348   -2.23035
          2      18500  293.76212   -0.49951    0.00000   -0.50001    0.00000   -4.26723   -0.19348   -2.23035
          2      18600  295.07050   -0.49951    0.00000   -0.50001    0.00000   -4.26723   -0.19348   -2.23035
          2      18700  295.77697   -0.49951    0.00000   -0.50001    0.00000   -4.26723   -0.19348   -2.23035
          2      18800  297.06488   -0.49951    0.00000   -0.50001    0.00000   -4.26723   -0.19348   -2.23035
          2      18900  298.54754   -0.49952    0.00000   -0.50001    0.00000   -4.26723   -0.19348   -2.23035
          2      19000  299.85853   -0.49952    0.00000   -0.50001    0.00000   -4.26723   -0.19348   -2.23035
          2      19100  301.03700   -0.49952    0.00000   -0.50001    0.00000   -4.26723   -0.19348   -2.23035
          2      19200  303.06887   -0.49952    0.00000   -0.50001    0.00000   -4.26723   -0.19348   -2.23035
          2      19300  304.95165   -0.49952    0.00000   -0.50001    0.00000   -4.26723   -0.19348   -2.23035
          2      19400  306.86990   -0.49952    0.00000   -0.50001    0.00000   -4.26723   -0.19348   -2.23035
          2      19500  308.57126   -0.49952    0.00000   -0.50001    0.00000   -4.26723   -0.19348   -2.23035
          2      19600  309.95935   -0.49952    0.00000   -0.50001    0.00000   -4.26723   -0.19348   -2.23035
          2      19700  311.42679   -0.49953    0.00000   -0.50001    0.00000   -4.26723   -0.19348   -2.23035
          2      19800  313.28463   -0.49953    0.00000   -0.50001    0.00000   -4.26723   -0.19348   -2.23035
          2      19900  314.62701   -0.49953    0.00000   -0.50001    0.00000   -4.26723   -0.19348   -2.23035
          2      20000  316.41703   -0.49953    0.00000   -0.50001    0.00000   -4.26723   -0.19348   -2.23035
          2      20100  317.77076   -0.49953    0.00000   -0.50001    0.00000   -4.26723   -0.19348   -2.23035
          2      20200  319.05272   -0.49953    0.00000   -0.50001    0.00000   -4.26723   -0.19348   -2.23035
          2      20300  320.90850   -0.49953    0.00000   -0.50001    0.00000   -4.26723   -0.19348   -2.23035
          2      20400  322.30846   -0.49953    0.00000   -0.50001    0.00000   -4.26723   -0.19348   -2.23035
          2      20500  323.78651   -0.49954    0.00000   -0.50001    0.00000   -4.26723   -0.19348   -2.23035
          2      20600  325.66105   -0.49954    0.00000   -0.50001    0.00000   -4.26723   -0.19348   -2.23035
          2      20700  326.69157   -0.49954    0.00000   -0.50001    0.00000   -4.26723   -0.19348   -2.23035
          2      20800  328.60785   -0.49954    0.00000   -0.50001    0.00000   -4.26723   -0.19348   -2.23035
          2      20900  330.44816   -0.49954    0.00000   -0.50001    0.00000   -4.26723   -0.19348   -2.23035
          2      21000  332.42400   -0.49954    0.00000   -0.50001    0.00000   -4.26723   -0.19348   -2.23035
          2      21100  333.92606   -0.49954    0.00000   -0.50001    0.00000   -4.26723   -0.19348   -2.23035
          2      21200  335.24633   -0.49954    0.00000   -0.50001    0.00000   -4.26723   -0.19348   -2.23035
          2      21300  336.52739   -0.49955    0.00000   -0.50001    0.00000   -4.26723   -0.19348   -2.23035
          2      21400  338.29243   -0.49955    0.00000   -0.50001    0.00000   -4.26723   -0.19348   -2.23035
          2      21500  340.02603   -0.49955    0.00000   -0.50001    0.00000   -4.26723   -0.19348   -2.23035
          2      21600  341.74998   -0.49955    0.00000   -0.50001    0.00000   -4.26723   -0.19348   -2.23035
          2      21700  342.77935   -0.49955    0.00000   -0.50001    0.00000   -4.26723   -0.19348   -2.23035
          2      21800  344.78764   -0.49955    0.00000   -0.50001    0.00000   -4.26723   -0.19348   -2.23035
          2      21900  346.07703   -0.49955    0.00000   -0.50001    0.00000   -4.26723   -0.19348   -2.23035
          2      22000  347.39272   -0.49955    0.00000   -0.50001    0.00000   -4.26723   -0.19348   -2.23035
          2      22100  348.60579   -0.49955    0.00000   -0.50001    0.00000   -4.26723   -0.19348   -2.23035
          2      22200  350.58549   -0.49956    0.00000   -0.50001    0.00000   -4.26723   -0.19348   -2.23035
          2      22300  352.23622   -0.49956    0.00000   -0.50001    0.00000   -4.26723   -0.19348   -2.23035
          2      22400  354.38794   -0.49956    0.00000   -0.50001    0.00000   -4.26723   -0.19348   -2.23035
          2      22500  355.95662   -0.49956    0.00000   -0.50001    0.00000   -4.26723   -0.19348   -2.23035
          2      22600  357.38722   -0.49956    0.00000   -0.50001    0.00000   -4.26723   -0.19348   -2.23035
          2      22700  358.92262   -0.49956    0.00000   -0.50001    0.00000   -4.26723   -0.19348   -2.23035
          2      22800  360.21448   -0.49956    0.00000   -0.50001    0.00000   -4.26723   -0.19348   -2.23035
          2      22900  361.93191   -0.49956    0.00000   -0.50001    0.00000   -4.26723   -0.19348   -2.23035
          2      23000  363.00726   -0.49956    0.00000   -0.50001    0.00000   -4.26723   -0.19348   -2.23035
          2      23100  364.09386   -0.49956    0.00000   -0.50001    0.00000   -4.26723   -0.19348   -2.23035
          2      23200  366.65579   -0.49957    0.00000   -0.50001    0.00000   -4.26723   -0.19348   -2.23035
          2      23300  368.34775   -0.49957    0.00000   -0.50001    0.00000   -4.26723   -0.19348   -2.23035
          2      23400  369.65918   -0.49957    0.00000   -0.50001    0.00000   -4.26723   -0.19348   -2.23035
          2      23500  370.52477   -0.49957    0.00000   -0.50001    0.00000   -4.26723   -0.19348   -2.23035
          2      23600  372.03553   -0.49957    0.00000   -0.50001    0.00000   -4.26723   -0.19348   -2.23035
          2      23700  374.02239   -0.49957    0.00000   -0.50001    0.00000   -4.26723   -0.19348   -2.23035
          2      23800  375.07512   -0.49957    0.00000   -0.50001    0.00000   -4.26723   -0.19348   -2.23035
          2      23900  376.46975   -0.49957    0.00000   -0.50001    0.00000   -4.26723   -0.19348   -2.23035
          2      24000  377.71542   -0.49957    0.00000   -0.50001    0.00000   -4.26723   -0.19348   -2.23035
          2      24100  379.08994   -0.49957    0.00000   -0.50001    0.00000   -4.26723   -0.19348   -2.23035
          2      24200  380.51402   -0.49958    0.00000   -0.50001    0.00000   -4.26723   -0.19348   -2.23035
          2      24300  382.00050   -0.49958    0.00000   -0.50001    0.00000   -4.26723   -0.19348   -2.23035
          2      24400  383.49066   -0.49958    0.00000   -0.50001    0.00000   -4.26723   -0.19348   -2.23035
          2      24500  385.22138   -0.49958    0.00000   -0.50001    0.00000   -4.26723   -0.19348   -2.23035
          2      24600  387.10339   -0.49958    0.00000   -0.50001    0.00000   -4.26723   -0.19348   -2.23035
          2      24700  388.34086   -0.49958    0.00000   -0.50001    0.00000   -4.26723   -0.19348   -2.23035
          2      24800  390.16631   -0.49958    0.00000   -0.50001    0.00000   -4.26723   -0.19348   -2.23035
          2      24900  391.30593   -0.49958    0.00000   -0.50001    0.00000   -4.26723   -0.19348   -2.23035
          2      25000  392.52969   -0.49958    0.00000   -0.50001    0.00000   -4.26723   -0.19348   -2.23035
          2      25100  394.25812   -0.49958    0.00000   -0.50001    0.00000   -4.26723   -0.19348   -2.23035
          2      25200  396.04874   -0.49958    0.00000   -0.50001    0.00000   -4.26723   -0.19348   -2.23035
          2      25300  397.62585   -0.49959    0.00000   -0.50001    0.00000   -4.26723   -0.19348   -2.23035
          2      25400  399.01175   -0.49959    0.00000   -0.50001    0.00000   -4.26723   -0.19348   -2.23035
          2      25500  400.45927   -0.49959    0.00000   -0.50001    0.00000   -4.26723   -0.19348   -2.23035
          2      25600  402.07700   -0.49959    0.00000   -0.50001    0.00000   -4.26723   -0.19348   -2.23035
          2      25700  403.79017   -0.49959    0.00000   -0.50001    0.00000   -4.26723   -0.19348   -2.23035
          2      25800  405.47394   -0.49959    0.00000   -0.50001    0.00000   -4.26723   -0.19348   -2.23035
          2      25900  406.76930   -0.49959    0.00000   -0.50001    0.00000   -4.26723   -0.19348   -2.23035
          2      26000  408.19137   -0.49959    0.00000   -0.50001    0.00000   -4.26723   -0.19348   -2.23035
          2      26100  409.72466   -0.49959    0.00000   -0.50001    0.00000   -4.26723   -0.19348   -2.23035
          2      26200  412.20975   -0.49959    0.00000   -0.50001    0.00000   -4.26723   -0.19348   -2.23035
          2      26300  413.52538   -0.49959    0.00000   -0.50001    0.00000   -4.26723   -0.19348   -2.23035
          2      26400  415.70010   -0.49959    0.00000   -0.50001    0.00000   -4.26723   -0.19348   -2.23035
          2      26500  417.22559   -0.49960    0.00000   -0.50001    0.00000   -4.26723   -0.19348   -2.23035
          2      26600  418.58325   -0.49960    0.00000   -0.50001    0.00000   -4.26723   -0.19348   -2.23035
          2      26700  419.80237   -0.49960    0.00000   -0.50001    0.00000   -4.26723   -0.19348   -2.23035
          2      26800  421.69690   -0.49960    0.00000   -0.50001    0.00000   -4.26723   -0.19348   -2.23035
          2      26900  422.92131   -0.49960    0.00000   -0.50001    0.00000   -4.26723   -0.19348   -2.23035
          2      27000  424.45269   -0.49960    0.00000   -0.50001    0.00000   -4.26723   -0.19348   -2.23035
          2      27100  426.40087   -0.49960    0.00000   -0.50001    0.00000   -4.26723   -0.19348   -2.23035
          2      27200  427.90736   -0.49960    0.00000   -0.50001    0.00000   -4.26723   -0.19348   -2.23035
          2      27300  429.49837   -0.49960    0.00000   -0.50001    0.00000   -4.26723   -0.19348   -2.23035
          2      27400  430.77455   -0.49960    0.00000   -0.50001    0.00000   -4.26723   -0.19348   -2.23035
          2      27500  432.12811   -0.49960    0.00000   -0.50001    0.00000   -4.26723   -0.19348   -2.23035
          2      27600  433.85212   -0.49960    0.00000   -0.50001    0.00000   -4.26723   -0.19348   -2.23035
          2      27700  435.22262   -0.49961    0.00000   -0.50001    0.00000   -4.26723   -0.19348   -2.23035
          2      27800  436.86776   -0.49961    0.00000   -0.50001    0.00000   -4.26723   -0.19348   -2.23035
          2      27900  438.83939   -0.49961    0.00000   -0.50001    0.00000   -4.26723   -0.19348   -2.23035
          2      28000  440.47954   -0.49961    0.00000   -0.50001    0.00000   -4.26723   -0.19348   -2.23035
          2      28100  442.20890   -0.49961    0.00000   -0.50001    0.00000   -4.26723   -0.19348   -2.23035
          2      28200  444.09300   -0.49961    0.00000   -0.50001    0.00000   -4.26723   -0.19348   -2.23035
          2      28300  445.56181   -0.49961    0.00000   -0.50001    0.00000   -4.26723   -0.19348   -2.23035
          2      28400  447.19386   -0.49961    0.00000   -0.50001    0.00000   -4.26723   -0.19348   -2.23035
          2      28500  448.71265   -0.49961    0.00000   -0.50001    0.00000   -4.26723   -0.19348   -2.23035
          2      28600  450.73498   -0.49961    0.00000   -0.50001    0.00000   -4.26723   -0.19348   -2.23035
          2      28700  452.72298   -0.49961    0.00000   -0.50001    0.00000   -4.26723   -0.19348   -2.23035
          2      28800  453.97830   -0.49961    0.00000   -0.50001    0.00000   -4.26723   -0.19348   -2.23035
          2      28900  455.50442   -0.49961    0.00000   -0.50001    0.00000   -4.26723   -0.19348   -2.23035
          2      29000  457.21872   -0.49961    0.00000   -0.50001    0.00000   -4.26723   -0.19348   -2.23035
          2      29100  458.57625   -0.49962    0.00000   -0.50001    0.00000   -4.26723   -0.19348   -2.23035
          2      29200  460.46730   -0.49962    0.00000   -0.50001    0.00000   -4.26723   -0.19348   -2.23035
          2      29300  462.26578   -0.49962    0.00000   -0.50001    0.00000   -4.26723   -0.19348   -2.23035
          2      29400  463.89676   -0.49962    0.00000   -0.50001    0.00000   -4.26723   -0.19348   -2.23035
          2      29500  464.67357   -0.49962    0.00000   -0.50001    0.00000   -4.26723   -0.19348   -2.23035
          2      29600  466.49619   -0.49962    0.00000   -0.50001    0.00000   -4.26723   -0.19348   -2.23035
          2      29700  467.90268   -0.49962    0.00000   -0.50001    0.00000   -4.26723   -0.19348   -2.23035
          2      29800  469.64070   -0.49962    0.00000   -0.50001    0.00000   -4.26723   -0.19348   -2.23035
          2      29900  471.40861   -0.49962    0.00000   -0.50001    0.00000   -4.26723   -0.19348   -2.23035
          2      30000  473.23206   -0.49962    0.00000   -0.50001    0.00000   -4.26723   -0.19348   -2.23035
          2      30100  474.77574   -0.49962    0.00000   -0.50001    0.00000   -4.26723   -0.19348   -2.23035
          2      30200  476.53180   -0.49962    0.00000   -0.50001    0.00000   -4.26723   -0.19348   -2.23035
          2      30300  477.84677   -0.49962    0.00000   -0.50001    0.00000   -4.26723   -0.19348   -2.23035
          2      30400  479.24909   -0.49962    0.00000   -0.50001    0.00000   -4.26723   -0.19348   -2.23035
          2      30500  481.12810   -0.49962    0.00000   -0.50001    0.00000   -4.26723   -0.19348   -2.23035
          2      30600  482.50691   -0.49963    0.00000   -0.50001    0.00000   -4.26723   -0.19348   -2.23035
          2      30700  483.86429   -0.49963    0.00000   -0.50001    0.00000   -4.26723   -0.19348   -2.23035
          2      30800  485.56358   -0.49963    0.00000   -0.50001    0.00000   -4.26723   -0.19348   -2.23035
          2      30900  486.79269   -0.49963    0.00000   -0.50001    0.00000   -4.26723   -0.19348   -2.23035
          2      31000  488.59122   -0.49963    0.00000   -0.50001    0.00000   -4.26723   -0.19348   -2.23035
          2      31100  489.70469   -0.49963    0.00000   -0.50001    0.00000   -4.26723   -0.19348   -2.23035
          2      31200  490.32539   -0.49963    0.00000   -0.50001    0.00000   -4.26723   -0.19348   -2.23035
          2      31300  492.01387   -0.49963    0.00000   -0.50001    0.00000   -4.26723   -0.19348   -2.23035
          2      31400  494.09019   -0.49963    0.00000   -0.50001    0.00000   -4.26723   -0.19348   -2.23035
          2      31500  495.41818   -0.49963    0.00000   -0.50001    0.00000   -4.26723   -0.19348   -2.23035
          2      31600  497.45678   -0.49963    0.00000   -0.50001    0.00000   -4.26723   -0.19348   -2.23035
          2      31700  498.91472   -0.49963    0.00000   -0.50001    0.00000   -4.26723   -0.19348   -2.23035
          2      31800  500.59645   -0.49963    0.00000   -0.50001    0.00000   -4.26723   -0.19348   -2.23035
          2      31900  502.29733   -0.49963    0.00000   -0.50001    0.00000   -4.26723   -0.19348   -2.23035
          2      32000  504.07625   -0.49963    0.00000   -0.50001    0.00000   -4.26723   -0.19348   -2.23035
          2      32100  505.65124   -0.49964    0.00000   -0.50001    0.00000   -4.26723   -0.19348   -2.23035
          2      32200  507.28368   -0.49964    0.00000   -0.50001    0.00000   -4.26723   -0.19348   -2.23035
          2      32300  509.73969   -0.49964    0.00000   -0.50001    0.00000   -4.26723   -0.19348   -2.23035
          2      32400  511.05716   -0.49964    0.00000   -0.50001    0.00000   -4.26723   -0.19348   -2.23035
          2      32500  512.22743   -0.49964    0.00000   -0.50001    0.00000   -4.26723   -0.19348   -2.23035
          2      32600  513.69149   -0.49964    0.00000   -0.50001    0.00000   -4.26723   -0.19348   -2.23035
          2      32700  515.68095   -0.49964    0.00000   -0.50001    0.00000   -4.26723   -0.19348   -2.23035
          2      32800  517.50114   -0.49964    0.00000   -0.50001    0.00000   -4.26723   -0.19348   -2.23035
          2      32900  519.08180   -0.49964    0.00000   -0.50001    0.00000   -4.26723   -0.19348   -2.23035
          2      33000  520.39817   -0.49964    0.00000   -0.50001    0.00000   -4.26723   -0.19348   -2.23035
          2      33100  521.91442   -0.49964    0.00000   -0.50001    0.00000   -4.26723   -0.19348   -2.23035
          2      33200  523.30360   -0.49964    0.00000   -0.50001    0.00000   -4.26723   -0.19348   -2.23035
          2      33300  524.92015   -0.49964    0.00000   -0.50001    0.00000   -4.26723   -0.19348   -2.23035
          2      33400  526.72760   -0.49964    0.00000   -0.50001    0.00000   -4.26723   -0.19348   -2.23035
          2      33500  528.52998   -0.49964    0.00000   -0.50001    0.00000   -4.26723   -0.19348   -2.23035
          2      33600  530.11517   -0.49964    0.00000   -0.50001    0.00000   -4.26723   -0.19348   -2.23035
          2      33700  531.97241   -0.49964    0.00000   -0.50001    0.00000   -4.26723   -0.19348   -2.23035
          2      33800  533.59402   -0.49964    0.00000   -0.50001    0.00000   -4.26723   -0.19348   -2.23035
          2      33900  534.99989   -0.49965    0.00000   -0.50001    0.00000   -4.26723   -0.19348   -2.23035
          2      34000  536.84414   -0.49965    0.00000   -0.50001    0.00000   -4.26723   -0.19348   -2.23035
          2      34100  537.93042   -0.49965    0.00000   -0.50001    0.00000   -4.26723   -0.19348   -2.23035
          2      34200  539.37842   -0.49965    0.00000   -0.50001    0.00000   -4.26723   -0.19348   -2.23035
          2      34300  541.02273   -0.49965    0.00000   -0.50001    0.00000   -4.26723   -0.19348   -2.23035
          2      34400  543.26396   -0.49965    0.00000   -0.50001    0.00000   -4.26723   -0.19348   -2.23035
          2      34500  544.87146   -0.49965    0.00000   -0.50001    0.00000   -4.26723   -0.19348   -2.23035
          2      34600  546.52557   -0.49965    0.00000   -0.50001    0.00000   -4.26723   -0.19348   -2.23035
          2      34700  548.14623   -0.49965    0.00000   -0.50001    0.00000   -4.26723   -0.19348   -2.23035
          2      34800  549.90111   -0.49965    0.00000   -0.50001    0.00000   -4.26723   -0.19348   -2.23035
          2      34900  550.80916   -0.49965    0.00000   -0.50001    0.00000   -4.26723   -0.19348   -2.23035
          2      35000  552.66067   -0.49965    0.00000   -0.50001    0.00000   -4.26723   -0.19348   -2.23035
          2      35100  553.97513   -0.49965    0.00000   -0.50001    0.00000   -4.26723   -0.19348   -2.23035
          2      35200  555.72362   -0.49965    0.00000   -0.50001    0.00000   -4.26723   -0.19348   -2.23035
          2      35300  558.00479   -0.49965    0.00000   -0.50001    0.00000   -4.26723   -0.19348   -2.23035
          2      35400  558.97640   -0.49965    0.00000   -0.50001    0.00000   -4.26723   -0.19348   -2.23035
          2      35500  560.66396   -0.49965    0.00000   -0.50001    0.00000   -4.26723   -0.19348   -2.23035
          2      35600  561.51628   -0.49965    0.00000   -0.50001    0.00000   -4.26723   -0.19348   -2.23035
          2      35700  563.51252   -0.49966    0.00000   -0.50001    0.00000   -4.26723   -0.19348   -2.23035
          2      35800  565.61181   -0.49966    0.00000   -0.50001    0.00000   -4.26723   -0.19348   -2.23035
          2      35900  567.56754   -0.49966    0.00000   -0.50001    0.00000   -4.26723   -0.19348   -2.23035
          2      36000  568.84044   -0.49966    0.00000   -0.50001    0.00000   -4.26723   -0.19348   -2.23035
          2      36100  570.52576   -0.49966    0.00000   -0.50001    0.00000   -4.26723   -0.19348   -2.23035
          2      36200  572.16434   -0.49966    0.00000   -0.50001    0.00000   -4.26723   -0.19348   -2.23035
          2      36300  573.85966   -0.49966    0.00000   -0.50001    0.00000   -4.26723   -0.19348   -2.23035
          2      36400  575.48737   -0.49966    0.00000   -0.50001    0.00000   -4.26723   -0.19348   -2.23035
          2      36500  577.12583   -0.49966    0.00000   -0.50001    0.00000   -4.26723   -0.19348   -2.23035
          2      36600  578.93228   -0.49966    0.00000   -0.50001    0.00000   -4.26723   -0.19348   -2.23035
          2      36700  580.17795   -0.49966    0.00000   -0.50001    0.00000   -4.26723   -0.19348   -2.23035
          2      36800  581.83814   -0.49966    0.00000   -0.50001    0.00000   -4.26723   -0.19348   -2.23035
          2      36900  583.63685   -0.49966    0.00000   -0.50001    0.00000   -4.26723   -0.19348   -2.23035
          2      37000  585.11012   -0.49966    0.00000   -0.50001    0.00000   -4.26723   -0.19348   -2.23035
          2      37100  586.26214   -0.49966    0.00000   -0.50001    0.00000   -4.26723   -0.19348   -2.23035
          2      37200  587.74046   -0.49966    0.00000   -0.50001    0.00000   -4.26723   -0.19348   -2.23035
          2      37300  588.97353   -0.49966    0.00000   -0.50001    0.00000   -4.26723   -0.19348   -2.23035
          2      37400  591.25004   -0.49966    0.00000   -0.50001    0.00000   -4.26723   -0.19348   -2.23035
          2      37500  593.29707   -0.49966    0.00000   -0.50001    0.00000   -4.26723   -0.19348   -2.23035
          2      37600  595.26006   -0.49966    0.00000   -0.50001    0.00000   -4.26723   -0.19348   -2.23035
          2      37700  596.67687   -0.49967    0.00000   -0.50001    0.00000   -4.26723   -0.19348   -2.23035
          2      37800  597.86541   -0.49967    0.00000   -0.50001    0.00000   -4.26723   -0.19348   -2.23035
          2      37900  599.26726   -0.49967    0.00000   -0.50001    0.00000   -4.26723   -0.19348   -2.23035
          2      37984  600.00047   -0.49967    0.00000   -0.50001    0.00000   -4.26723   -0.19348   -2.23035
