          1          0    0.21907   -0.99533    0.00000   -0.99533    0.00000
          1        100   93.32245   -1.01152    0.00000   -1.01188    0.00000
          1        200  182.37342   -1.01209    0.00000   -1.01245    0.00000
          1        300  275.74829   -1.01234    0.00000   -1.01310    0.00000
          1        400  384.90151   -1.01250    0.00000   -1.01322    0.00000
          1        500  484.91408   -1.01261    0.00000   -1.01328    0.00000
          1        600  573.13832   -1.01270    0.00000   -1.01334    0.00000
          1        700  658.89352   -1.01276    0.00000   -1.01336    0.00000
          1        800  756.70118   -1.01282    0.00000   -1.01342    0.00000
          1        900  853.66137   -1.01286    0.00000   -1.01354    0.00000
          1       1000  943.78752   -1.01291    0.00000   -1.01338    0.00000
          1       1100 1040.20487   -1.01294    0.00000   -1.01359    0.00000
          1       1200 1145.89388   -1.01298    0.00000   -1.01342    0.00000
          1       1300 1246.00673   -1.01301    0.00000   -1.01321    0.00000
          1       1400 1338.48761   -1.01303    0.00000   -1.01337    0.00000
          1       1500 1437.46301   -1.01305    0.00000   -1.01342    0.00000
          1       1600 1540.51475   -1.01307    0.00000   -1.01357    0.00000
          1       1700 1627.43733   -1.01309    0.00000   -1.01337    0.00000
          1       1800 1723.57816   -1.01311    0.00000   -1.01348    0.00000
          1       1900 1820.29584   -1.01313    0.00000   -1.01363    0.00000
          1       2000 1906.18833   -1.01314    0.00000   -1.01331    0.00000
          1       2100 2005.85554   -1.01316    0.00000   -1.01359    0.00000
          1       2200 2091.15196   -1.01317    0.00000   -1.01370    0.00000
          1       2300 2190.02950   -1.01318    0.00000   -1.01356    0.00000
          1       2400 2281.87721   -1.01319    0.00000   -1.01363    0.00000
          1       2500 2375.85674   -1.01320    0.00000   -1.01346    0.00000
          1       2600 2475.65943   -1.01321    0.00000   -1.01366    0.00000
          1       2700 2561.34510   -1.01322    0.00000   -1.01352    0.00000
          1       2800 2661.15346   -1.01323    0.00000   -1.01356    0.00000
          1       2900 2755.50410   -1.01324    0.00000   -1.01356    0.00000
          1       3000 2859.10096   -1.01325    0.00000   -1.01363    0.00000
          1       3100 2958.55523   -1.01326    0.00000   -1.01362    0.00000
          1       3200 3058.26617   -1.01327    0.00000   -1.01350    0.00000
          1       3300 3145.83526   -1.01327    0.00000   -1.01357    0.00000
          1       3400 3235.65576   -1.01328    0.00000   -1.01352    0.00000
          1       3500 3336.87349   -1.01329    0.00000   -1.01363    0.00000
          1       3600 3424.73883   -1.01329    0.00000   -1.01367    0.00000
          1       3700 3511.46070   -1.01330    0.00000   -1.01370    0.00000
          1       3800 3589.21794   -1.01331    0.00000   -1.01358    0.00000
          1       3823 3600.14552   -1.01331    0.00000   -1.01370    0.00000
