 445898544458901
       2778
 3601.63239
   -1.00589
    0.00000
   -1.01565
    0.00000

    0.04076
    0.00013
   -0.00108
    0.00360
    0.00759
    0.02395
    0.00447
    0.06408
   -0.04548
    0.04229
   -0.06462
    0.04637
    0.03170
    0.05113
   -0.07666
   -0.04476
    0.05117
    0.00139
   -0.02770
   -0.05174
    0.06415
    0.00793
   -0.05398
    0.04447
    0.05059
    0.05183
    0.00171
    0.01613
    0.07542
    0.03606
   -0.03257
   -0.00296
    0.03911
   -0.01548
   -0.02402
    0.05065
   -0.04360
   -0.07240
   -0.03714
   -0.05411
    0.02621
    0.06399
    0.07030
    0.00163
    0.01461
   -0.05917
   -0.04899
   -0.06744
   -0.01655
   -0.06100
   -0.00105
   -0.00794
   -0.03838
    0.01537
   -0.03544
   -0.03257
    0.06670
    0.03915
    0.03611
   -0.05542
   -0.01832
    0.05547
   -0.04049
    0.00190
   -0.04834
   -0.06232
   -0.00202
   -0.03673
    0.02587
   -0.06690
    0.02424
   -0.02468
   -0.00221
   -0.06258
   -0.04209
   -0.00918
    0.03670
    0.02902
   -0.00863
   -0.00236
   -0.01702
    0.06985
   -0.05563
    0.05042
    0.04818
   -0.06711
    0.06892
   -0.06919
   -0.04010
    0.04400
    0.06114
   -0.02364
   -0.00156
   -0.05532
    0.00806
   -0.01718
    0.02125
    0.01133
    0.03024
   -0.06653
    0.06372
    0.04964
    0.00819
   -0.04908
    0.00408
   -0.03617
    0.04568
   -0.04846
    0.04332
    0.04612
   -0.00706
    0.03795
    0.03444
   -0.01762
    0.03966
   -0.04925
   -0.01056
    0.02861
   -0.03679
   -0.05278
   -0.01690
    0.05220
   -0.00531
   -0.06984
   -0.05767
   -0.05547
   -0.01766
   -0.00940
   -0.01200
   -0.02842
    0.00063
    0.00243
    0.03318
   -0.04514
    0.00974
   -0.01883
    0.02953
    0.05678
    0.02284
    0.00275
    0.06289
   -0.02471
    0.01531
    0.05110
    0.02408
    0.04248
   -0.01106
   -0.00551
    0.05830
    0.03676
   -0.04846
    0.00364
    0.02304
    0.03267
    0.00888
    0.00593
   -0.04933
   -0.03909
    0.03757
   -0.03402
    0.07070
   -0.04553
    0.01609
   -0.05938
    0.03333
    0.03534
    0.05442
    0.06114
   -0.02295
    0.01937
    0.02065
    0.02444
   -0.04810
   -0.05363
    0.01731
   -0.05389
    0.05156
   -0.03262
    0.05358
   -0.03466
    0.05988
   -0.06542
    0.02252
    0.00048
    0.06123
    0.02894
    0.06294
    0.01321
    0.05301
   -0.06431
    0.06732
   -0.05935
   -0.00350
   -0.04407
    0.05676
    0.03293
   -0.04563
   -0.02809
    0.00919
   -0.03271
    0.03788
    0.03161
   -0.06507
    0.04234
   -0.04982
   -0.04793
   -0.02977
   -0.04399
   -0.03646
    0.01850
    0.06495
   -0.01742
   -0.04666
    0.04855
   -0.00901
    0.02649
    0.02156
   -0.00705
   -0.05680
   -0.02082
    0.05568
   -0.02301
    0.06678
   -0.00696
    0.04604
    0.03740
   -0.01733
   -0.00005
   -0.03560
   -0.05959
    0.00769
   -0.06564
   -0.02577
   -0.00991
    0.05292
    0.00896
   -0.03777
   -0.06787
   -0.01368
   -0.03715
   -0.05015
   -0.04850
    0.02890
    0.05012
   -0.04183
    0.06726
   -0.02437
   -0.00041
    0.04542
   -0.03401
   -0.06804
    0.05509
    0.04119
   -0.01762
   -0.06917
    0.00788
   -0.04983
   -0.04205
    0.04259
   -0.02110
    0.07849
    0.01562
    0.01334
    0.07602
   -0.05418
    0.04482
   -0.02677
    0.01334
    0.06310
    0.00374
    0.03006
    0.01643
    0.03612
   -0.03099
    0.05871
    0.01244
    0.06394
    0.05322
    0.03133
    0.00884
    0.00364
    0.02744
   -0.05256
    0.05455
   -0.02453
   -0.01432
   -0.00308
    0.00968
    0.04423
   -0.02858
   -0.01604
   -0.05584
    0.03260
   -0.02412
   -0.02939
   -0.01188
   -0.01489
    0.06456
    0.00676
    0.01649
   -0.00957
   -0.05242
    0.02425
   -0.04046
    0.05643
    0.02245
    0.00610
    0.01297
   -0.04118
    0.02026
    0.04567
    0.00368
    0.05925
   -0.05711
    0.03226
   -0.01439
    0.01383
   -0.06549
    0.04674
   -0.01331
   -0.01120
    0.01102
    0.06967
    0.03864
    0.05518
   -0.04669
   -0.03252
    0.03465
   -0.05462
    0.02946
    0.05374
    0.00085
    0.05247
   -0.06454
    0.01794
   -0.04367
    0.01485
    0.03056
    0.01027
   -0.04277
    0.05541
   -0.03628
   -0.03613
    0.04547
   -0.01157
    0.02748
    0.05125
   -0.03915
    0.00535
   -0.01126
   -0.04891
    0.00671
   -0.00019
    0.03372
   -0.04243
   -0.03995
    0.05355
    0.06457
    0.04844
    0.01182
   -0.00840
   -0.03238
    0.01165
    0.03896
    0.00755
    0.02829
   -0.04982
   -0.02994
   -0.03145
   -0.07103
    0.05910
    0.06734
   -0.01528
   -0.07451
   -0.04268
   -0.05925
   -0.02802
    0.06668
    0.00575
   -0.06471
   -0.02609
   -0.04563
   -0.06283
    0.06251
   -0.02656
   -0.04600
    0.05147
    0.05582
    0.03399
    0.04820
    0.00595
   -0.02271
   -0.02931
    0.01545
   -0.01151
   -0.05378
   -0.00374
    0.01454
   -0.02142
    0.03812
   -0.00980
    0.06567
    0.03763
    0.01487
   -0.03697
   -0.04881
   -0.03237
    0.02200
   -0.06351
   -0.02616
    0.07152
   -0.02411
   -0.03450
    0.04969
   -0.02413
    0.01708
   -0.03898
   -0.06654
   -0.02077
    0.02218
   -0.04689
    0.04460
    0.02657
    0.01978
    0.03520
    0.00068
    0.02100
    0.04002
   -0.03059
   -0.05967
    0.05334
   -0.01451
    0.06779
    0.02110
   -0.02383
    0.02607
   -0.03315
   -0.03922
   -0.04550
    0.05325
   -0.05151
    0.02788
    0.04010
   -0.02067
    0.00347
   -0.01613
   -0.04465
    0.02339
   -0.01507
    0.04537
   -0.00566
    0.06148
   -0.07066
    0.03328
    0.05826
   -0.01812
   -0.04958
    0.06068
   -0.01823
   -0.02869
   -0.01142
    0.05104
   -0.04103
   -0.05041
    0.06249
   -0.07005
    0.00947
   -0.02100
    0.04331
   -0.04076
    0.03683
   -0.04677
   -0.04200
    0.01116
    0.04309
   -0.01087
    0.06475
    0.03942
   -0.00501
    0.01383
    0.05378
    0.04741
    0.00948
    0.00282
    0.01490
    0.00135
   -0.04527
   -0.02113
    0.01952
    0.03152
    0.05644
    0.04805
    0.03371
   -0.01608
   -0.03561
    0.00976
    0.02577
    0.04165
   -0.06266
    0.06138
    0.06653
    0.06135
   -0.02926
    0.01680
    0.06908
    0.00563
   -0.02180
    0.00432
   -0.01850
   -0.06102
    0.00921
    0.03156
   -0.05433
   -0.00437
   -0.06205
    0.00968
    0.03286
    0.01227
    0.00616
   -0.01913
    0.03657
   -0.00394
   -0.01909
    0.01258
    0.00458
   -0.04430
    0.03634
    0.03227
    0.01917
   -0.07278
    0.03828
    0.03623
   -0.05043
   -0.00131
    0.00732
    0.02956
    0.05922
   -0.05030
   -0.05194
    0.05858
   -0.02184
    0.01434
   -0.04121
   -0.06395
    0.00114
    0.04058
   -0.03367
    0.06880
   -0.05341
    0.03492
    0.01496
   -0.01927
    0.06222
    0.05440
   -0.01675
    0.03322
    0.06784
   -0.00859
   -0.04202
   -0.01846
    0.01458
    0.05126
   -0.05766
   -0.02385
    0.01078
    0.04928
    0.01330
    0.01238
    0.06593
   -0.02867
    0.02154
    0.02539
   -0.03346
    0.01511
    0.05387
   -0.01650
    0.03377
   -0.00453
    0.01742
    0.04980
   -0.01231
   -0.04635
   -0.06438
    0.01437
    0.04043
    0.01407
    0.01885
   -0.02507
    0.06689
   -0.05949
    0.06492
   -0.00944
   -0.06430
    0.00579
   -0.03546
    0.06145
   -0.03669
    0.04407
    0.06703
   -0.01843

    0.04123
    0.00042
   -0.00049
    0.00399
    0.00754
    0.02429
    0.00501
    0.06520
   -0.04586
    0.04256
   -0.06566
    0.04644
    0.03191
    0.05184
   -0.07783
   -0.04454
    0.05151
    0.00119
   -0.02774
   -0.05234
    0.06490
    0.00796
   -0.05410
    0.04482
    0.05175
    0.05245
    0.00138
    0.01609
    0.07656
    0.03657
   -0.03256
   -0.00275
    0.03957
   -0.01543
   -0.02436
    0.05103
   -0.04382
   -0.07266
   -0.03753
   -0.05482
    0.02619
    0.06454
    0.07054
    0.00138
    0.01539
   -0.05969
   -0.04936
   -0.06847
   -0.01682
   -0.06218
   -0.00129
   -0.00788
   -0.03959
    0.01535
   -0.03620
   -0.03323
    0.06797
    0.03932
    0.03655
   -0.05612
   -0.01833
    0.05599
   -0.04137
    0.00182
   -0.04854
   -0.06267
   -0.00229
   -0.03717
    0.02680
   -0.06748
    0.02429
   -0.02504
   -0.00255
   -0.06322
   -0.04286
   -0.00925
    0.03754
    0.02906
   -0.00863
   -0.00230
   -0.01731
    0.07043
   -0.05658
    0.05113
    0.04842
   -0.06829
    0.07009
   -0.06994
   -0.04040
    0.04517
    0.06144
   -0.02337
   -0.00178
   -0.05602
    0.00832
   -0.01748
    0.02127
    0.01058
    0.02992
   -0.06758
    0.06415
    0.04976
    0.00815
   -0.04919
    0.00417
   -0.03731
    0.04670
   -0.04896
    0.04344
    0.04616
   -0.00737
    0.03934
    0.03494
   -0.01702
    0.03979
   -0.04963
   -0.01104
    0.02845
   -0.03682
   -0.05346
   -0.01713
    0.05298
   -0.00542
   -0.07065
   -0.05804
   -0.05662
   -0.01814
   -0.00941
   -0.01169
   -0.02884
    0.00074
    0.00262
    0.03327
   -0.04595
    0.00953
   -0.01853
    0.02993
    0.05668
    0.02306
    0.00283
    0.06383
   -0.02546
    0.01555
    0.05215
    0.02450
    0.04323
   -0.01093
   -0.00564
    0.05918
    0.03714
   -0.04888
    0.00377
    0.02268
    0.03286
    0.00880
    0.00618
   -0.04956
   -0.03995
    0.03709
   -0.03426
    0.07151
   -0.04636
    0.01622
   -0.05984
    0.03399
    0.03608
    0.05431
    0.06163
   -0.02273
    0.01953
    0.02032
    0.02477
   -0.04864
   -0.05383
    0.01695
   -0.05437
    0.05163
   -0.03304
    0.05424
   -0.03535
    0.06089
   -0.06619
    0.02270
    0.00049
    0.06234
    0.02870
    0.06328
    0.01343
    0.05317
   -0.06438
    0.06807
   -0.06034
   -0.00273
   -0.04414
    0.05743
    0.03340
   -0.04637
   -0.02824
    0.00967
   -0.03268
    0.03876
    0.03229
   -0.06565
    0.04299
   -0.05047
   -0.04779
   -0.03020
   -0.04475
   -0.03691
    0.01885
    0.06574
   -0.01745
   -0.04667
    0.04857
   -0.00918
    0.02689
    0.02179
   -0.00696
   -0.05688
   -0.02069
    0.05610
   -0.02368
    0.06750
   -0.00737
    0.04675
    0.03764
   -0.01710
   -0.00029
   -0.03627
   -0.05984
    0.00775
   -0.06542
   -0.02604
   -0.01065
    0.05292
    0.00910
   -0.03824
   -0.06807
   -0.01357
   -0.03773
   -0.05127
   -0.04965
    0.02928
    0.05030
   -0.04253
    0.06799
   -0.02448
   -0.00006
    0.04633
   -0.03448
   -0.06839
    0.05562
    0.04163
   -0.01802
   -0.06933
    0.00798
   -0.05071
   -0.04284
    0.04271
   -0.02082
    0.07877
    0.01551
    0.01420
    0.07734
   -0.05520
    0.04516
   -0.02694
    0.01308
    0.06417
    0.00388
    0.03075
    0.01733
    0.03660
   -0.03061
    0.05976
    0.01270
    0.06477
    0.05353
    0.03166
    0.00911
    0.00316
    0.02783
   -0.05302
    0.05529
   -0.02480
   -0.01437
   -0.00387
    0.00954
    0.04517
   -0.02873
   -0.01656
   -0.05649
    0.03257
   -0.02423
   -0.02956
   -0.01188
   -0.01556
    0.06495
    0.00675
    0.01645
   -0.00966
   -0.05334
    0.02499
   -0.04045
    0.05675
    0.02260
    0.00623
    0.01362
   -0.04120
    0.02055
    0.04632
    0.00397
    0.05986
   -0.05813
    0.03281
   -0.01488
    0.01454
   -0.06597
    0.04746
   -0.01340
   -0.01103
    0.01104
    0.07023
    0.03840
    0.05620
   -0.04747
   -0.03272
    0.03534
   -0.05506
    0.03009
    0.05386
    0.00088
    0.05284
   -0.06490
    0.01782
   -0.04388
    0.01514
    0.03185
    0.01051
   -0.04327
    0.05640
   -0.03644
   -0.03634
    0.04572
   -0.01153
    0.02791
    0.05138
   -0.03973
    0.00491
   -0.01134
   -0.04941
    0.00704
    0.00025
    0.03394
   -0.04333
   -0.04085
    0.05358
    0.06598
    0.04864
    0.01183
   -0.00838
   -0.03252
    0.01157
    0.03973
    0.00767
    0.02891
   -0.05040
   -0.03149
   -0.03167
   -0.07161
    0.05937
    0.06794
   -0.01582
   -0.07572
   -0.04293
   -0.06012
   -0.02848
    0.06739
    0.00618
   -0.06510
   -0.02620
   -0.04589
   -0.06336
    0.06279
   -0.02719
   -0.04687
    0.05203
    0.05624
    0.03427
    0.04805
    0.00609
   -0.02205
   -0.02898
    0.01557
   -0.01191
   -0.05442
   -0.00331
    0.01458
   -0.02163
    0.03807
   -0.00979
    0.06684
    0.03779
    0.01447
   -0.03748
   -0.04953
   -0.03260
    0.02203
   -0.06446
   -0.02616
    0.07196
   -0.02446
   -0.03515
    0.05025
   -0.02507
    0.01739
   -0.03920
   -0.06767
   -0.02138
    0.02271
   -0.04783
    0.04550
    0.02631
    0.01973
    0.03559
    0.00107
    0.02120
    0.04089
   -0.03115
   -0.06013
    0.05413
   -0.01416
    0.06835
    0.02073
   -0.02403
    0.02689
   -0.03374
   -0.03938
   -0.04601
    0.05414
   -0.05212
    0.02882
    0.04077
   -0.02083
    0.00329
   -0.01592
   -0.04489
    0.02329
   -0.01483
    0.04537
   -0.00599
    0.06282
   -0.07167
    0.03356
    0.05846
   -0.01852
   -0.04963
    0.06180
   -0.01851
   -0.02853
   -0.01160
    0.05245
   -0.04147
   -0.05133
    0.06395
   -0.07083
    0.00906
   -0.02164
    0.04374
   -0.04112
    0.03749
   -0.04744
   -0.04274
    0.01126
    0.04394
   -0.01102
    0.06496
    0.03995
   -0.00524
    0.01388
    0.05424
    0.04799
    0.00955
    0.00317
    0.01513
    0.00151
   -0.04565
   -0.02139
    0.01981
    0.03189
    0.05669
    0.04847
    0.03461
   -0.01652
   -0.03608
    0.00979
    0.02634
    0.04178
   -0.06333
    0.06196
    0.06731
    0.06238
   -0.02999
    0.01707
    0.06984
    0.00524
   -0.02188
    0.00473
   -0.01861
   -0.06213
    0.00953
    0.03237
   -0.05499
   -0.00514
   -0.06278
    0.00991
    0.03343
    0.01259
    0.00665
   -0.01886
    0.03715
   -0.00423
   -0.01925
    0.01274
    0.00449
   -0.04521
    0.03681
    0.03255
    0.02033
   -0.07322
    0.03885
    0.03657
   -0.05113
   -0.00100
    0.00771
    0.03046
    0.05967
   -0.05102
   -0.05225
    0.05879
   -0.02234
    0.01455
   -0.04178
   -0.06416
    0.00118
    0.04127
   -0.03462
    0.07008
   -0.05389
    0.03569
    0.01506
   -0.02004
    0.06289
    0.05472
   -0.01645
    0.03356
    0.06886
   -0.00837
   -0.04279
   -0.01894
    0.01440
    0.05167
   -0.05781
   -0.02412
    0.01161
    0.05013
    0.01356
    0.01168
    0.06616
   -0.02953
    0.02124
    0.02561
   -0.03428
    0.01521
    0.05447
   -0.01655
    0.03447
   -0.00453
    0.01794
    0.05085
   -0.01223
   -0.04669
   -0.06531
    0.01423
    0.04075
    0.01421
    0.01919
   -0.02490
    0.06734
   -0.06052
    0.06594
   -0.00969
   -0.06505
    0.00526
   -0.03594
    0.06230
   -0.03672
    0.04500
    0.06827
   -0.01856
