 419857661332725
       2701
 3600.54202
   -1.00245
    0.00000
   -1.01225
    0.00000

   -0.03751
    0.04022
   -0.00105
   -0.00502
   -0.00829
   -0.02547
    0.03504
    0.05891
   -0.01981
    0.02504
    0.03197
   -0.05775
   -0.00172
   -0.00951
    0.04316
    0.05820
    0.05101
   -0.06176
   -0.03171
    0.03629
    0.04722
    0.06977
   -0.05636
   -0.00516
    0.02781
   -0.00618
    0.05587
   -0.05757
    0.05097
   -0.04078
    0.04992
    0.01991
    0.06530
    0.05761
    0.06389
   -0.00165
   -0.00933
    0.05969
    0.04987
   -0.05650
    0.04991
   -0.03401
   -0.02951
   -0.06382
   -0.04798
   -0.01712
   -0.00668
   -0.03898
   -0.03155
   -0.02832
   -0.03711
    0.02290
    0.05214
   -0.00082
   -0.04145
   -0.01910
   -0.04357
   -0.02983
   -0.00431
    0.01154
   -0.07700
    0.05219
    0.04607
   -0.03236
    0.00501
    0.05536
   -0.00561
   -0.06064
   -0.05792
   -0.00467
    0.04220
   -0.01756
   -0.01037
    0.03732
    0.01271
   -0.00939
   -0.05809
    0.03605
   -0.01802
    0.04778
   -0.03389
   -0.03742
   -0.05059
    0.04759
   -0.00423
    0.02973
    0.02264
   -0.05363
    0.03735
   -0.01309
   -0.05298
    0.04661
   -0.06053
   -0.07406
    0.00503
   -0.02453
   -0.05886
   -0.05180
    0.01710
   -0.02360
    0.03874
   -0.01287
   -0.00683
    0.06900
    0.06729
    0.01579
   -0.01259
   -0.01311
   -0.06814
   -0.01181
   -0.03813
    0.03712
   -0.02794
    0.00746
    0.01624
   -0.04620
   -0.02641
    0.04058
    0.05386
    0.07089
   -0.01405
    0.01166
   -0.00056
   -0.01155
    0.02723
   -0.00706
   -0.03801
    0.06484
    0.00925
    0.03331
   -0.01532
    0.04458
    0.05226
   -0.00358
    0.04134
   -0.06199
   -0.03423
    0.00714
   -0.06310
   -0.01235
   -0.02413
   -0.06423
   -0.01092
   -0.02131
    0.00041
    0.05676
   -0.07106
    0.06250
    0.06027
    0.00915
    0.00883
   -0.00111
   -0.04228
    0.05354
    0.01709
   -0.02867
    0.04775
    0.04356
   -0.00800
   -0.06391
    0.06191
    0.00752
    0.05129
    0.01129
   -0.00682
    0.07482
    0.04733
   -0.00059
   -0.00909
    0.03873
    0.00700
    0.04345
   -0.03850
   -0.00638
    0.02772
    0.06544
   -0.05487
    0.01386
   -0.02871
   -0.05011
    0.02754
   -0.02494
    0.02115
    0.01164
   -0.01022
   -0.01802
   -0.03469
   -0.06949
   -0.04268
   -0.02577
   -0.04763
   -0.04772
    0.04261
   -0.04156
    0.00393
   -0.04906
    0.03087
    0.04739
    0.05485
    0.01551
   -0.04434
    0.03844
    0.01576
   -0.03302
   -0.04808
   -0.03254
    0.06768
    0.03790
   -0.03816
   -0.04126
    0.02402
    0.03682
   -0.04010
   -0.02198
   -0.02833
   -0.00789
   -0.00369
    0.02617
    0.01268
    0.04530
   -0.03942
   -0.05138
   -0.00002
    0.02729
    0.01074
    0.03736
    0.03573
   -0.00701
   -0.01144
    0.06240
   -0.04904
   -0.06285
    0.06793
    0.03633
   -0.01634
   -0.04365
   -0.07363
    0.01429
    0.06207
    0.01189
   -0.01700
    0.01891
    0.04351
   -0.04920
    0.06223
   -0.02127
    0.03397
   -0.03006
   -0.05460
    0.00270
   -0.05878
    0.00101
   -0.05746
    0.00099
   -0.00136
    0.01911
   -0.03328
    0.03062
   -0.01342
   -0.01144
   -0.05958
    0.06481
   -0.04856
    0.05608
   -0.00679
   -0.03771
    0.02162
    0.02526
   -0.01043
   -0.02711
   -0.02923
   -0.06646
    0.02834
    0.01706
    0.04719
   -0.01597
    0.03464
    0.03830
    0.00900
    0.03327
    0.02606
   -0.03128
    0.06319
    0.04776
    0.00350
   -0.05145
   -0.02791
    0.00463
   -0.07121
    0.01408
    0.07245
    0.06016
    0.00339
    0.02680
    0.02175
    0.03627
    0.00372
    0.02629
    0.04726
    0.04522
    0.06029
   -0.00939
    0.00709
    0.06000
    0.01652
   -0.02731
    0.00009
    0.06314
    0.05553
   -0.03418
   -0.02967
    0.05118
   -0.01782
    0.03534
    0.07291
    0.00490
   -0.04835
    0.03711
    0.01002
    0.01273
   -0.02162
    0.03893
   -0.07335
    0.05140
   -0.05571
   -0.07238
    0.04050
    0.06064
   -0.04165
    0.07569
    0.00559
    0.02902
    0.02799
    0.00631
   -0.01517
    0.06124
    0.05473
    0.04870
   -0.06446
    0.06855
   -0.05496
   -0.02258
    0.05824
    0.03662
    0.05469
    0.02756
   -0.03614
    0.04813
    0.00226
   -0.03132
    0.03485
    0.03414
    0.00196
    0.03245
    0.05127
   -0.01531
   -0.06106
   -0.02874
   -0.03061
    0.04193
   -0.00922
   -0.03427
    0.02880
    0.06279
    0.01006
    0.06193
   -0.03661
    0.04195
   -0.01454
   -0.02506
    0.07069
   -0.03035
    0.06755
    0.05904
    0.01682
   -0.05279
    0.06987
    0.01006
   -0.00622
   -0.07279
   -0.03137
    0.01031
   -0.04755
   -0.06186
    0.05581
    0.06494
    0.00353
    0.07453
    0.00429
   -0.00891
    0.01138
    0.02774
    0.00398
   -0.03294
   -0.01158
   -0.06111
   -0.03617
    0.02186
   -0.04317
   -0.03795
   -0.05260
   -0.04393
    0.05796
    0.03356
    0.06053
    0.04594
    0.08073
    0.05220
    0.01259
    0.04385
    0.00939
   -0.04469
   -0.07752
   -0.02777
    0.07126
   -0.06556
    0.03143
   -0.03837
   -0.05348
   -0.03678
    0.01300
    0.00048
   -0.02214
    0.04515
   -0.04261
    0.02262
   -0.01482
   -0.05770
    0.01932
    0.01931
   -0.01941
    0.02543
   -0.04847
   -0.00227
   -0.06037
    0.02775
    0.06418
   -0.05292
   -0.01600
    0.00461
   -0.02264
   -0.03283
   -0.06116
   -0.02885
   -0.05146
   -0.03212
    0.04093
    0.06581
    0.06911
   -0.04184
    0.03498
    0.00859
    0.06251
    0.06256
   -0.02847
    0.00388
    0.00845
   -0.03177
   -0.06966
    0.01425
    0.02487
   -0.02514
   -0.02862
    0.04297
    0.01389
    0.06857
    0.03860
   -0.00132
   -0.05928
   -0.08194
    0.03383
   -0.00784
   -0.02205
   -0.02126
    0.00329
    0.06887
   -0.05447
   -0.01239
    0.04322
   -0.05337
   -0.02847
    0.04993
    0.00212
   -0.05085
    0.00789
    0.00982
   -0.06628
   -0.04343
   -0.01560
   -0.00453
    0.01590
   -0.01014
   -0.05144
   -0.01395
    0.01574
   -0.03367
   -0.02801
   -0.04762
    0.05019
    0.04072
    0.07400
    0.00818
    0.06105
    0.05003
    0.02206
    0.05367
   -0.07301
    0.05218
    0.02448
   -0.02111
    0.00918
   -0.01030
   -0.05269
   -0.04633
    0.07612
    0.03666
    0.03247
    0.01299
    0.00014
    0.04816
   -0.02254
   -0.06089
    0.04147
   -0.00326
    0.02363
   -0.01084
    0.04128
    0.02902
    0.02720
    0.04477
    0.04627
    0.06499
   -0.05446
   -0.06404
   -0.02359
    0.04180
    0.03333
    0.00301
    0.01350
   -0.01772
   -0.03898
   -0.06070
   -0.02707
   -0.05334
   -0.03183
    0.00856
    0.00795
    0.00199
    0.04563
   -0.01590
    0.00016
    0.05253
    0.03007
    0.02230
    0.00800
    0.05097
    0.05625
   -0.00160
   -0.01525
    0.03603
    0.05169
    0.04264
    0.00897
    0.04961
    0.05055
    0.03677
   -0.03564
   -0.05630
   -0.01617
   -0.07914
   -0.02436
    0.04076
    0.07039
    0.01223
    0.05732
   -0.04569
    0.06304
    0.02848
   -0.01604
   -0.01352
   -0.05357
   -0.01651
    0.00603
    0.02988
   -0.00078
    0.00531
   -0.00799
   -0.05087
    0.02027
    0.00289
    0.01258
   -0.02138
    0.05688
    0.00152
    0.03242
    0.03546
    0.06246
    0.01427
    0.06817
   -0.02055

   -0.03791
    0.04031
   -0.00076
   -0.00501
   -0.00831
   -0.02577
    0.03541
    0.05919
   -0.01992
    0.02496
    0.03284
   -0.05811
   -0.00190
   -0.00967
    0.04363
    0.05934
    0.05137
   -0.06212
   -0.03223
    0.03609
    0.04794
    0.07039
   -0.05712
   -0.00536
    0.02861
   -0.00648
    0.05614
   -0.05880
    0.05184
   -0.04142
    0.05029
    0.02001
    0.06580
    0.05820
    0.06517
   -0.00156
   -0.00959
    0.06061
    0.05018
   -0.05760
    0.05048
   -0.03382
   -0.03011
   -0.06460
   -0.04934
   -0.01795
   -0.00706
   -0.03911
   -0.03216
   -0.02880
   -0.03758
    0.02363
    0.05312
   -0.00112
   -0.04210
   -0.01949
   -0.04427
   -0.03008
   -0.00443
    0.01141
   -0.07766
    0.05278
    0.04671
   -0.03207
    0.00469
    0.05554
   -0.00565
   -0.06102
   -0.05839
   -0.00471
    0.04309
   -0.01789
   -0.01050
    0.03754
    0.01251
   -0.00966
   -0.05877
    0.03642
   -0.01830
    0.04746
   -0.03449
   -0.03790
   -0.05153
    0.04756
   -0.00357
    0.03009
    0.02352
   -0.05455
    0.03752
   -0.01303
   -0.05330
    0.04679
   -0.06148
   -0.07538
    0.00509
   -0.02528
   -0.05955
   -0.05241
    0.01776
   -0.02442
    0.03934
   -0.01363
   -0.00651
    0.07000
    0.06770
    0.01553
   -0.01222
   -0.01344
   -0.06902
   -0.01136
   -0.03815
    0.03756
   -0.02823
    0.00755
    0.01673
   -0.04703
   -0.02686
    0.04090
    0.05428
    0.07161
   -0.01406
    0.01176
   -0.00051
   -0.01150
    0.02737
   -0.00736
   -0.03919
    0.06560
    0.00948
    0.03394
   -0.01508
    0.04510
    0.05310
   -0.00365
    0.04191
   -0.06300
   -0.03442
    0.00750
   -0.06401
   -0.01288
   -0.02455
   -0.06538
   -0.01114
   -0.02156
   -0.00001
    0.05742
   -0.07141
    0.06290
    0.06152
    0.00931
    0.00882
   -0.00110
   -0.04243
    0.05451
    0.01734
   -0.02885
    0.04858
    0.04413
   -0.00788
   -0.06419
    0.06284
    0.00700
    0.05136
    0.01133
   -0.00716
    0.07530
    0.04707
   -0.00108
   -0.00901
    0.03877
    0.00679
    0.04418
   -0.03931
   -0.00631
    0.02799
    0.06656
   -0.05612
    0.01384
   -0.02895
   -0.05094
    0.02794
   -0.02549
    0.02151
    0.01177
   -0.01018
   -0.01820
   -0.03568
   -0.06999
   -0.04320
   -0.02611
   -0.04845
   -0.04824
    0.04337
   -0.04179
    0.00395
   -0.04991
    0.03072
    0.04808
    0.05528
    0.01602
   -0.04491
    0.03880
    0.01564
   -0.03323
   -0.04827
   -0.03222
    0.06858
    0.03763
   -0.03813
   -0.04179
    0.02428
    0.03712
   -0.04052
   -0.02193
   -0.02888
   -0.00845
   -0.00393
    0.02680
    0.01325
    0.04581
   -0.03984
   -0.05207
    0.00001
    0.02741
    0.01099
    0.03779
    0.03598
   -0.00724
   -0.01148
    0.06306
   -0.04951
   -0.06367
    0.06849
    0.03733
   -0.01641
   -0.04421
   -0.07429
    0.01454
    0.06266
    0.01192
   -0.01711
    0.01900
    0.04421
   -0.04992
    0.06291
   -0.02210
    0.03476
   -0.03091
   -0.05553
    0.00266
   -0.05924
    0.00103
   -0.05832
    0.00110
   -0.00118
    0.01883
   -0.03378
    0.03101
   -0.01360
   -0.01177
   -0.05978
    0.06557
   -0.04908
    0.05709
   -0.00701
   -0.03804
    0.02189
    0.02557
   -0.01072
   -0.02708
   -0.02961
   -0.06712
    0.02844
    0.01721
    0.04773
   -0.01602
    0.03545
    0.03930
    0.00921
    0.03342
    0.02634
   -0.03121
    0.06367
    0.04852
    0.00328
   -0.05270
   -0.02910
    0.00468
   -0.07200
    0.01444
    0.07281
    0.06043
    0.00349
    0.02715
    0.02151
    0.03630
    0.00377
    0.02675
    0.04785
    0.04550
    0.06095
   -0.00922
    0.00753
    0.06160
    0.01691
   -0.02785
    0.00020
    0.06373
    0.05623
   -0.03397
   -0.03082
    0.05186
   -0.01798
    0.03574
    0.07383
    0.00453
   -0.04899
    0.03732
    0.01029
    0.01325
   -0.02197
    0.03940
   -0.07387
    0.05204
   -0.05617
   -0.07280
    0.04124
    0.06133
   -0.04241
    0.07648
    0.00591
    0.02933
    0.02832
    0.00664
   -0.01476
    0.06177
    0.05568
    0.04939
   -0.06493
    0.06941
   -0.05572
   -0.02303
    0.05830
    0.03691
    0.05538
    0.02792
   -0.03691
    0.04810
    0.00175
   -0.03149
    0.03519
    0.03441
    0.00232
    0.03260
    0.05146
   -0.01499
   -0.06180
   -0.02924
   -0.03079
    0.04220
   -0.00919
   -0.03475
    0.02945
    0.06383
    0.01060
    0.06264
   -0.03722
    0.04258
   -0.01500
   -0.02542
    0.07129
   -0.03056
    0.06868
    0.06012
    0.01678
   -0.05331
    0.07064
    0.00985
   -0.00603
   -0.07347
   -0.03182
    0.00993
   -0.04853
   -0.06247
    0.05617
    0.06613
    0.00313
    0.07548
    0.00440
   -0.00966
    0.01162
    0.02788
    0.00367
   -0.03319
   -0.01239
   -0.06207
   -0.03659
    0.02315
   -0.04364
   -0.03866
   -0.05305
   -0.04411
    0.05838
    0.03397
    0.06111
    0.04657
    0.08174
    0.05240
    0.01255
    0.04456
    0.00980
   -0.04562
   -0.07816
   -0.02827
    0.07191
   -0.06658
    0.03174
   -0.03814
   -0.05433
   -0.03753
    0.01304
    0.00048
   -0.02257
    0.04612
   -0.04290
    0.02319
   -0.01432
   -0.05815
    0.01960
    0.01937
   -0.02003
    0.02543
   -0.04922
   -0.00271
   -0.06079
    0.02776
    0.06432
   -0.05348
   -0.01585
    0.00496
   -0.02279
   -0.03262
   -0.06178
   -0.02974
   -0.05141
   -0.03241
    0.04122
    0.06674
    0.06907
   -0.04205
    0.03534
    0.00884
    0.06296
    0.06367
   -0.02896
    0.00453
    0.00865
   -0.03164
   -0.07016
    0.01458
    0.02494
   -0.02533
   -0.02878
    0.04366
    0.01387
    0.06991
    0.03858
   -0.00160
   -0.06071
   -0.08221
    0.03416
   -0.00756
   -0.02220
   -0.02143
    0.00313
    0.06953
   -0.05473
   -0.01225
    0.04370
   -0.05454
   -0.02957
    0.05022
    0.00182
   -0.05124
    0.00838
    0.01020
   -0.06701
   -0.04413
   -0.01527
   -0.00505
    0.01596
   -0.01055
   -0.05221
   -0.01447
    0.01554
   -0.03379
   -0.02781
   -0.04790
    0.05074
    0.04112
    0.07446
    0.00828
    0.06170
    0.05052
    0.02265
    0.05442
   -0.07385
    0.05286
    0.02431
   -0.02102
    0.00902
   -0.01026
   -0.05313
   -0.04718
    0.07645
    0.03753
    0.03293
    0.01327
   -0.00002
    0.04886
   -0.02264
   -0.06172
    0.04186
   -0.00389
    0.02434
   -0.01087
    0.04147
    0.02947
    0.02786
    0.04552
    0.04686
    0.06613
   -0.05533
   -0.06429
   -0.02401
    0.04229
    0.03366
    0.00308
    0.01320
   -0.01769
   -0.03929
   -0.06125
   -0.02734
   -0.05433
   -0.03237
    0.00895
    0.00783
    0.00221
    0.04605
   -0.01594
    0.00044
    0.05313
    0.03063
    0.02259
    0.00780
    0.05129
    0.05702
   -0.00214
   -0.01559
    0.03648
    0.05242
    0.04331
    0.00909
    0.05039
    0.05061
    0.03700
   -0.03616
   -0.05701
   -0.01631
   -0.07929
   -0.02486
    0.04091
    0.07129
    0.01228
    0.05782
   -0.04623
    0.06374
    0.02908
   -0.01588
   -0.01391
   -0.05468
   -0.01653
    0.00607
    0.03036
   -0.00118
    0.00589
   -0.00777
   -0.05158
    0.02030
    0.00291
    0.01358
   -0.02144
    0.05768
    0.00121
    0.03295
    0.03561
    0.06273
    0.01429
    0.06901
   -0.02047
