          1          0    0.00000   -0.56708    0.00000   -0.56708    0.00000   -4.37579    4.37579    0.00000
          1          1    0.01785   -0.43121    0.00000   -0.37243    0.00000   -4.37579   -0.37243    0.00000
          2          0    0.01785   -0.16439    0.00000   -0.37243    0.00000   -4.37579   -0.37243   -2.37411
          2        100    6.53264   -0.57839    0.00000   -0.58738    0.00000   -4.37579   -0.58738   -2.37411
          2        200   12.61271   -0.59571    0.00000   -0.59946    0.00000   -4.37579   -0.59946   -2.37411
          2        300   18.28057   -0.60308    0.00000   -0.60436    0.00000   -4.37579   -0.60533   -2.37411
          2        400   23.94705   -0.60738    0.00000   -0.60715    0.00000   -4.37579   -0.60942   -2.37411
          2        500   29.67214   -0.61026    0.00000   -0.60901    0.00000   -4.37579   -0.61218   -2.37411
          2        600   37.18713   -0.61236    0.00000   -0.61035    0.00000   -4.37579   -0.61419   -2.37411
          2        700   43.42895   -0.61397    0.00000   -0.61138    0.00000   -4.37579   -0.61575   -2.37411
          2        800   51.02922   -0.61527    0.00000   -0.61220    0.00000   -4.37579   -0.61699   -2.37411
          2        900   57.41374   -0.61634    0.00000   -0.61287    0.00000   -4.37579   -0.61802   -2.37411
          2       1000   64.09891   -0.61724    0.00000   -0.61343    0.00000   -4.37579   -0.61888   -2.37411
          2       1100   70.87780   -0.61797    0.00000   -0.61392    0.00000   -4.37579   -0.61962   -2.37411
          2       1200   76.96272   -0.61836    0.00000   -0.61433    0.00000   -4.37579   -0.62027   -2.37411
          2       1300   83.27716   -0.61870    0.00000   -0.61470    0.00000   -4.37579   -0.62083   -2.37411
          2       1400   88.97807   -0.61900    0.00000   -0.61502    0.00000   -4.37579   -0.62133   -2.37411
          2       1500   95.09307   -0.61926    0.00000   -0.61531    0.00000   -4.37579   -0.62179   -2.37411
          2       1600  101.19636   -0.61949    0.00000   -0.61558    0.00000   -4.37579   -0.62219   -2.37411
          2       1700  108.13510   -0.61969    0.00000   -0.61581    0.00000   -4.37579   -0.62256   -2.37411
          2       1800  114.92572   -0.61988    0.00000   -0.61603    0.00000   -4.37579   -0.62290   -2.37411
          2       1900  120.60448   -0.62005    0.00000   -0.61623    0.00000   -4.37579   -0.62321   -2.37411
          2       2000  127.11803   -0.62020    0.00000   -0.61641    0.00000   -4.37579   -0.62350   -2.37411
          2       2100  133.31539   -0.62034    0.00000   -0.61658    0.00000   -4.37579   -0.62376   -2.37411
          2       2200  139.61803   -0.62046    0.00000   -0.61674    0.00000   -4.37579   -0.62401   -2.37411
          2       2300  144.65090   -0.62058    0.00000   -0.61689    0.00000   -4.37579   -0.62424   -2.37411
          2       2400  151.47093   -0.62069    0.00000   -0.61702    0.00000   -4.37579   -0.62445   -2.37411
          2       2500  157.86063   -0.62079    0.00000   -0.61715    0.00000   -4.37579   -0.62466   -2.37411
          2       2600  165.05008   -0.62088    0.00000   -0.61727    0.00000   -4.37579   -0.62485   -2.37411
          2       2700  170.26480   -0.62097    0.00000   -0.61739    0.00000   -4.37579   -0.62502   -2.37411
          2       2800  176.04860   -0.62105    0.00000   -0.61749    0.00000   -4.37579   -0.62519   -2.37411
          2       2900  182.07936   -0.62113    0.00000   -0.61760    0.00000   -4.37579   -0.62535   -2.37411
          2       3000  187.94994   -0.62120    0.00000   -0.61769    0.00000   -4.37579   -0.62551   -2.37411
          2       3100  194.23920   -0.62126    0.00000   -0.61778    0.00000   -4.37579   -0.62565   -2.37411
          2       3200  200.50279   -0.62133    0.00000   -0.61787    0.00000   -4.37579   -0.62579   -2.37411
          2       3300  208.09659   -0.62139    0.00000   -0.61795    0.00000   -4.37579   -0.62592   -2.37411
          2       3400  215.15742   -0.62144    0.00000   -0.61803    0.00000   -4.37579   -0.62605   -2.37411
          2       3500  221.89129   -0.62150    0.00000   -0.61811    0.00000   -4.37579   -0.62617   -2.37411
          2       3600  228.25451   -0.62155    0.00000   -0.61818    0.00000   -4.37579   -0.62628   -2.37411
          2       3700  234.78190   -0.62160    0.00000   -0.61825    0.00000   -4.37579   -0.62639   -2.37411
          2       3800  242.08254   -0.62164    0.00000   -0.61832    0.00000   -4.37579   -0.62650   -2.37411
          2       3900  248.60739   -0.62169    0.00000   -0.61838    0.00000   -4.37579   -0.62660   -2.37411
          2       4000  255.98126   -0.62173    0.00000   -0.61844    0.00000   -4.37579   -0.62669   -2.37411
          2       4100  262.41414   -0.62177    0.00000   -0.61850    0.00000   -4.37579   -0.62679   -2.37411
          2       4200  269.64880   -0.62180    0.00000   -0.61856    0.00000   -4.37579   -0.62688   -2.37411
          2       4300  276.83358   -0.62184    0.00000   -0.61862    0.00000   -4.37579   -0.62697   -2.37411
          2       4400  283.17418   -0.62188    0.00000   -0.61867    0.00000   -4.37579   -0.62705   -2.37411
          2       4500  288.47604   -0.62191    0.00000   -0.61872    0.00000   -4.37579   -0.62713   -2.37411
          2       4600  295.07875   -0.62194    0.00000   -0.61877    0.00000   -4.37579   -0.62721   -2.37411
          2       4700  301.46067   -0.62197    0.00000   -0.61882    0.00000   -4.37579   -0.62729   -2.37411
          2       4800  307.34877   -0.62200    0.00000   -0.61886    0.00000   -4.37579   -0.62736   -2.37411
          2       4900  314.29612   -0.62203    0.00000   -0.61891    0.00000   -4.37579   -0.62743   -2.37411
          2       5000  320.92177   -0.62206    0.00000   -0.61895    0.00000   -4.37579   -0.62750   -2.37411
          2       5100  327.76023   -0.62208    0.00000   -0.61900    0.00000   -4.37579   -0.62757   -2.37411
          2       5200  333.96228   -0.62211    0.00000   -0.61904    0.00000   -4.37579   -0.62763   -2.37411
          2       5300  339.96899   -0.62213    0.00000   -0.61908    0.00000   -4.37579   -0.62770   -2.37411
          2       5400  346.62079   -0.62216    0.00000   -0.61912    0.00000   -4.37579   -0.62776   -2.37411
          2       5500  354.28675   -0.62218    0.00000   -0.61915    0.00000   -4.37579   -0.62782   -2.37411
          2       5600  360.62335   -0.62220    0.00000   -0.61919    0.00000   -4.37579   -0.62788   -2.37411
          2       5700  367.58937   -0.62222    0.00000   -0.61923    0.00000   -4.37579   -0.62793   -2.37411
          2       5800  373.01198   -0.62224    0.00000   -0.61926    0.00000   -4.37579   -0.62799   -2.37411
          2       5900  379.75048   -0.62226    0.00000   -0.61929    0.00000   -4.37579   -0.62804   -2.37411
          2       6000  386.38509   -0.62228    0.00000   -0.61933    0.00000   -4.37579   -0.62809   -2.37411
          2       6100  393.05006   -0.62230    0.00000   -0.61936    0.00000   -4.37579   -0.62814   -2.37411
          2       6200  399.13081   -0.62232    0.00000   -0.61939    0.00000   -4.37579   -0.62819   -2.37411
          2       6300  406.06251   -0.62234    0.00000   -0.61946    0.00000   -4.37579   -0.62820   -2.37411
          2       6400  412.88534   -0.62238    0.00000   -0.62706    0.00000   -4.37579   -0.62820   -2.37411
          2       6500  419.09720   -0.62240    0.00000   -0.62579    0.00000   -4.37579   -0.62820   -2.37411
          2       6600  425.56561   -0.62244    0.00000   -0.61997    0.00000   -4.37579   -0.62820   -2.37411
          2       6700  431.78017   -0.62247    0.00000   -0.62648    0.00000   -4.37579   -0.62820   -2.37411
          2       6800  438.27039   -0.62250    0.00000   -0.62467    0.00000   -4.37579   -0.62820   -2.37411
          2       6900  444.60581   -0.62253    0.00000   -0.61999    0.00000   -4.37579   -0.62820   -2.37411
          2       7000  450.93783   -0.62256    0.00000   -0.62747    0.00000   -4.37579   -0.62820   -2.37411
          2       7100  457.09835   -0.62260    0.00000   -0.62170    0.00000   -4.37579   -0.62820   -2.37411
          2       7200  462.78456   -0.62263    0.00000   -0.62426    0.00000   -4.37579   -0.62820   -2.37411
          2       7300  470.20477   -0.62266    0.00000   -0.62629    0.00000   -4.37579   -0.62820   -2.37411
          2       7400  476.84215   -0.62268    0.00000   -0.62027    0.00000   -4.37579   -0.62820   -2.37411
          2       7500  482.97358   -0.62272    0.00000   -0.62776    0.00000   -4.37579   -0.62820   -2.37411
          2       7600  489.82133   -0.62275    0.00000   -0.62113    0.00000   -4.37579   -0.62821   -2.37411
          2       7700  497.11338   -0.62278    0.00000   -0.62672    0.00000   -4.37579   -0.62821   -2.37411
          2       7800  503.12891   -0.62281    0.00000   -0.62229    0.00000   -4.37579   -0.62821   -2.37411
          2       7900  510.67145   -0.62284    0.00000   -0.62525    0.00000   -4.37579   -0.62821   -2.37411
          2       8000  516.28259   -0.62286    0.00000   -0.62388    0.00000   -4.37579   -0.62821   -2.37411
          2       8100  524.01995   -0.62289    0.00000   -0.62351    0.00000   -4.37579   -0.62821   -2.37411
          2       8200  530.45408   -0.62292    0.00000   -0.62528    0.00000   -4.37579   -0.62821   -2.37411
          2       8300  536.97752   -0.62294    0.00000   -0.62203    0.00000   -4.37579   -0.62821   -2.37411
          2       8400  543.75222   -0.62297    0.00000   -0.62644    0.00000   -4.37579   -0.62821   -2.37411
          2       8500  550.43798   -0.62299    0.00000   -0.62097    0.00000   -4.37579   -0.62821   -2.37411
          2       8600  557.27332   -0.62302    0.00000   -0.62711    0.00000   -4.37579   -0.62821   -2.37411
          2       8700  564.84647   -0.62305    0.00000   -0.62063    0.00000   -4.37579   -0.62821   -2.37411
          2       8800  570.82025   -0.62307    0.00000   -0.62712    0.00000   -4.37579   -0.62821   -2.37411
          2       8900  577.90252   -0.62310    0.00000   -0.62113    0.00000   -4.37579   -0.62821   -2.37411
          2       9000  584.22528   -0.62312    0.00000   -0.62652    0.00000   -4.37579   -0.62821   -2.37411
          2       9100  590.48162   -0.62315    0.00000   -0.62229    0.00000   -4.37579   -0.62821   -2.37411
          2       9200  596.44034   -0.62317    0.00000   -0.62570    0.00000   -4.37579   -0.62821   -2.37411
          2       9255  600.07482   -0.62318    0.00000   -0.62746    0.00000   -4.37579   -0.62821   -2.37411
