          1          0    0.30911   -0.99631    0.00000   -0.99631    0.00000
          1        100   52.76548   -1.01228    0.00000   -1.01255    0.00000
          1        200  107.75353   -1.01275    0.00000   -1.01324    0.00000
          1        300  162.26095   -1.01294    0.00000   -1.01301    0.00000
          1        400  213.96494   -1.01305    0.00000   -1.01304    0.00000
          1        500  267.62399   -1.01312    0.00000   -1.01326    0.00000
          1        600  324.97849   -1.01318    0.00000   -1.01336    0.00000
          1        700  383.58427   -1.01322    0.00000   -1.01326    0.00000
          1        800  436.02475   -1.01325    0.00000   -1.01347    0.00000
          1        900  494.31400   -1.01328    0.00000   -1.01351    0.00000
          1       1000  553.22836   -1.01331    0.00000   -1.01362    0.00000
          1       1100  603.62881   -1.01333    0.00000   -1.01358    0.00000
          1       1200  653.05895   -1.01335    0.00000   -1.01355    0.00000
          1       1300  706.53284   -1.01336    0.00000   -1.01358    0.00000
          1       1400  766.02769   -1.01338    0.00000   -1.01361    0.00000
          1       1500  819.47582   -1.01339    0.00000   -1.01362    0.00000
          1       1600  876.30771   -1.01341    0.00000   -1.01353    0.00000
          1       1700  927.70271   -1.01342    0.00000   -1.01362    0.00000
          1       1800  978.84385   -1.01343    0.00000   -1.01364    0.00000
          1       1900 1032.22743   -1.01344    0.00000   -1.01362    0.00000
          1       2000 1083.53095   -1.01345    0.00000   -1.01365    0.00000
          1       2100 1133.69601   -1.01346    0.00000   -1.01365    0.00000
          1       2200 1184.50195   -1.01346    0.00000   -1.01366    0.00000
          1       2300 1236.21836   -1.01347    0.00000   -1.01366    0.00000
          1       2400 1289.08288   -1.01348    0.00000   -1.01367    0.00000
          1       2500 1339.59744   -1.01348    0.00000   -1.01367    0.00000
          1       2600 1390.05760   -1.01349    0.00000   -1.01367    0.00000
          1       2700 1443.09375   -1.01350    0.00000   -1.01368    0.00000
          1       2800 1491.30219   -1.01350    0.00000   -1.01368    0.00000
          1       2900 1543.45159   -1.01351    0.00000   -1.01368    0.00000
          1       3000 1595.57330   -1.01351    0.00000   -1.01368    0.00000
          1       3100 1649.29138   -1.01352    0.00000   -1.01369    0.00000
          1       3200 1707.91159   -1.01352    0.00000   -1.01369    0.00000
          1       3300 1759.11405   -1.01352    0.00000   -1.01369    0.00000
          1       3400 1811.98838   -1.01353    0.00000   -1.01369    0.00000
          1       3500 1869.15388   -1.01353    0.00000   -1.01370    0.00000
          1       3600 1923.68364   -1.01354    0.00000   -1.01370    0.00000
          1       3700 1974.44986   -1.01354    0.00000   -1.01370    0.00000
          1       3800 2025.05595   -1.01354    0.00000   -1.01370    0.00000
          1       3900 2079.65835   -1.01355    0.00000   -1.01370    0.00000
          1       4000 2135.78530   -1.01355    0.00000   -1.01371    0.00000
          1       4100 2190.63911   -1.01355    0.00000   -1.01371    0.00000
          1       4200 2243.54164   -1.01356    0.00000   -1.01371    0.00000
          1       4300 2300.56211   -1.01356    0.00000   -1.01371    0.00000
          1       4400 2354.87045   -1.01356    0.00000   -1.01371    0.00000
          1       4500 2410.56341   -1.01356    0.00000   -1.01371    0.00000
          1       4600 2461.61292   -1.01357    0.00000   -1.01372    0.00000
          1       4700 2520.41663   -1.01357    0.00000   -1.01372    0.00000
          1       4800 2573.63215   -1.01357    0.00000   -1.01372    0.00000
          1       4900 2624.50516   -1.01357    0.00000   -1.01372    0.00000
          1       5000 2677.16803   -1.01358    0.00000   -1.01372    0.00000
          1       5100 2726.24061   -1.01358    0.00000   -1.01372    0.00000
          1       5200 2784.19705   -1.01358    0.00000   -1.01372    0.00000
          1       5300 2842.56876   -1.01358    0.00000   -1.01372    0.00000
          1       5400 2896.12765   -1.01359    0.00000   -1.01373    0.00000
          1       5500 2948.78996   -1.01359    0.00000   -1.01373    0.00000
          1       5600 3004.87468   -1.01359    0.00000   -1.01373    0.00000
          1       5700 3060.10447   -1.01359    0.00000   -1.01373    0.00000
          1       5800 3111.11719   -1.01359    0.00000   -1.01373    0.00000
          1       5900 3169.63187   -1.01360    0.00000   -1.01373    0.00000
          1       6000 3221.73802   -1.01360    0.00000   -1.01373    0.00000
          1       6100 3272.56946   -1.01360    0.00000   -1.01373    0.00000
          1       6200 3322.56314   -1.01360    0.00000   -1.01373    0.00000
          1       6300 3375.86270   -1.01360    0.00000   -1.01373    0.00000
          1       6400 3429.90256   -1.01360    0.00000   -1.01374    0.00000
          1       6500 3483.02889   -1.01361    0.00000   -1.01374    0.00000
          1       6600 3534.28150   -1.01361    0.00000   -1.01374    0.00000
          1       6700 3579.72059   -1.01361    0.00000   -1.01374    0.00000
          1       6758 3600.13911   -1.01361    0.00000   -1.01374    0.00000
