          1          0    0.00000   -0.59057    0.00000   -0.59057    0.00000   -4.46545    4.46545    0.00000
          1          1    0.01116   -0.59057    0.00000   -0.59057    0.00000   -0.83720   -0.59057    0.00000
          2          0    0.01116   -0.42151    0.00000   -0.59057    0.00000   -0.83720   -0.59057   -0.71388
          2          1    0.02355   -0.45967    0.00000   -0.35495    0.00000   -0.67506   -0.59057   -0.71388
          2          2    0.03648   -0.50296    0.00000   -0.52749    0.00000   -0.63554   -0.59057   -0.71388
          2          3    0.06053   -0.52619    0.00000   -0.60094    0.00000   -0.62652   -0.60094   -0.71388
          2          4    0.08723   -0.54343    0.00000   -0.59974    0.00000   -0.61993   -0.60094   -0.71388
          2          5    0.11686   -0.55524    0.00000   -0.60963    0.00000   -0.61552   -0.60963   -0.71388
          2          6    0.14237   -0.56347    0.00000   -0.61000    0.00000   -0.61417   -0.61000   -0.71388
          2          7    0.16542   -0.56964    0.00000   -0.61199    0.00000   -0.61378   -0.61199   -0.71388
          2          8    0.19221   -0.57463    0.00000   -0.61242    0.00000   -0.61337   -0.61242   -0.71388
