          1          0    0.00000   -0.99482    0.00000   -0.99482    0.00000   -3.74781    3.74781    0.00000
          1          1    0.69796   -0.98709    0.00000   -0.98218    0.00000   -3.74781   -0.98709    0.00000
          2          0    0.69796   -0.39644    0.00000   -0.98218    0.00000   -3.74781   -0.98709   -2.36745
          2        100   57.57224   -0.95951    0.00000   -1.00519    0.00000   -3.74781   -0.98709   -2.36745
          2        200  115.74769   -0.97361    0.00000   -1.00602    0.00000   -3.74781   -0.98709   -2.36745
          2        300  172.97315   -0.97990    0.00000   -1.00672    0.00000   -3.74781   -0.98709   -2.36745
          2        400  229.77099   -0.98365    0.00000   -1.00671    0.00000   -3.74781   -0.98709   -2.36745
          2        500  286.94363   -0.98622    0.00000   -1.00653    0.00000   -3.74781   -0.98709   -2.36745
          2        600  342.04638   -0.98812    0.00000   -1.00735    0.00000   -3.74781   -0.98709   -2.36745
          2        700  401.72090   -0.98960    0.00000   -1.00699    0.00000   -3.74781   -0.98709   -2.36745
          2        800  456.43297   -0.99079    0.00000   -1.00670    0.00000   -3.74781   -0.98709   -2.36745
          2        900  512.34185   -0.99178    0.00000   -1.00755    0.00000   -3.74781   -0.98709   -2.36745
          2       1000  570.79700   -0.99261    0.00000   -1.00709    0.00000   -3.74781   -0.98709   -2.36745
          2       1100  625.73057   -0.99333    0.00000   -1.00734    0.00000   -3.74781   -0.98709   -2.36745
          2       1200  678.94588   -0.99396    0.00000   -1.00725    0.00000   -3.74781   -0.98709   -2.36745
          2       1300  734.59856   -0.99452    0.00000   -1.00745    0.00000   -3.74781   -0.98709   -2.36745
          2       1400  794.96972   -0.99501    0.00000   -1.00761    0.00000   -3.74781   -0.98709   -2.36745
          2       1500  851.54973   -0.99546    0.00000   -1.00753    0.00000   -3.74781   -0.98709   -2.36745
          2       1600  909.19378   -0.99586    0.00000   -1.00798    0.00000   -3.74781   -0.98709   -2.36745
          2       1700  965.51210   -0.99622    0.00000   -1.00762    0.00000   -3.74781   -0.98709   -2.36745
          2       1800 1022.31446   -0.99656    0.00000   -1.00753    0.00000   -3.74781   -0.98709   -2.36745
          2       1900 1077.31768   -0.99687    0.00000   -1.00774    0.00000   -3.74781   -0.98709   -2.36745
          2       2000 1131.50869   -0.99715    0.00000   -1.00777    0.00000   -3.74781   -0.98709   -2.36745
          2       2100 1184.55307   -0.99742    0.00000   -1.00771    0.00000   -3.74781   -0.98709   -2.36745
          2       2200 1243.23118   -0.99766    0.00000   -1.00794    0.00000   -3.74781   -0.98709   -2.36745
          2       2300 1299.77446   -0.99790    0.00000   -1.00742    0.00000   -3.74781   -0.98709   -2.36745
          2       2400 1352.69329   -0.99811    0.00000   -1.00759    0.00000   -3.74781   -0.98709   -2.36745
          2       2500 1403.55235   -0.99831    0.00000   -1.00768    0.00000   -3.74781   -0.98709   -2.36745
          2       2600 1457.38487   -0.99850    0.00000   -1.00791    0.00000   -3.74781   -0.98709   -2.36745
          2       2700 1512.94979   -0.99868    0.00000   -1.00798    0.00000   -3.74781   -0.98709   -2.36745
          2       2800 1564.01902   -0.99886    0.00000   -1.00737    0.00000   -3.74781   -0.98709   -2.36745
          2       2900 1617.72831   -0.99902    0.00000   -1.00761    0.00000   -3.74781   -0.98709   -2.36745
          2       3000 1677.48668   -0.99917    0.00000   -1.00762    0.00000   -3.74781   -0.98709   -2.36745
          2       3100 1741.19152   -0.99932    0.00000   -1.00764    0.00000   -3.74781   -0.98709   -2.36745
          2       3200 1798.33918   -0.99946    0.00000   -1.00773    0.00000   -3.74781   -0.98709   -2.36745
          2       3300 1853.04487   -0.99959    0.00000   -1.00775    0.00000   -3.74781   -0.98709   -2.36745
          2       3400 1909.23020   -0.99972    0.00000   -1.00770    0.00000   -3.74781   -0.98709   -2.36745
          2       3500 1963.59291   -0.99984    0.00000   -1.00793    0.00000   -3.74781   -0.98709   -2.36745
          2       3600 2016.09664   -0.99995    0.00000   -1.00760    0.00000   -3.74781   -0.98709   -2.36745
          2       3700 2066.86312   -1.00007    0.00000   -1.00772    0.00000   -3.74781   -0.98709   -2.36745
          2       3800 2124.41351   -1.00017    0.00000   -1.00795    0.00000   -3.74781   -0.98709   -2.36745
          2       3900 2178.49592   -1.00028    0.00000   -1.00794    0.00000   -3.74781   -0.98709   -2.36745
          2       4000 2233.24732   -1.00038    0.00000   -1.00796    0.00000   -3.74781   -0.98709   -2.36745
          2       4100 2288.90541   -1.00047    0.00000   -1.00768    0.00000   -3.74781   -0.98709   -2.36745
          2       4200 2344.75194   -1.00056    0.00000   -1.00782    0.00000   -3.74781   -0.98709   -2.36745
          2       4300 2405.05411   -1.00065    0.00000   -1.00769    0.00000   -3.74781   -0.98709   -2.36745
          2       4400 2463.02044   -1.00074    0.00000   -1.00775    0.00000   -3.74781   -0.98709   -2.36745
          2       4500 2518.27097   -1.00082    0.00000   -1.00783    0.00000   -3.74781   -0.98709   -2.36745
          2       4600 2577.93301   -1.00090    0.00000   -1.00752    0.00000   -3.74781   -0.98709   -2.36745
          2       4700 2635.95109   -1.00098    0.00000   -1.00769    0.00000   -3.74781   -0.98709   -2.36745
          2       4800 2693.10760   -1.00105    0.00000   -1.00773    0.00000   -3.74781   -0.98709   -2.36745
          2       4900 2747.05746   -1.00113    0.00000   -1.00795    0.00000   -3.74781   -0.98709   -2.36745
          2       5000 2801.10668   -1.00120    0.00000   -1.00801    0.00000   -3.74781   -0.98709   -2.36745
          2       5100 2862.80089   -1.00127    0.00000   -1.00764    0.00000   -3.74781   -0.98709   -2.36745
          2       5200 2916.96471   -1.00133    0.00000   -1.00779    0.00000   -3.74781   -0.98709   -2.36745
          2       5300 2972.05266   -1.00140    0.00000   -1.00796    0.00000   -3.74781   -0.98709   -2.36745
          2       5400 3030.50260   -1.00146    0.00000   -1.00781    0.00000   -3.74781   -0.98709   -2.36745
          2       5500 3086.19502   -1.00152    0.00000   -1.00789    0.00000   -3.74781   -0.98709   -2.36745
          2       5600 3144.87123   -1.00158    0.00000   -1.00802    0.00000   -3.74781   -0.98709   -2.36745
          2       5700 3201.61241   -1.00164    0.00000   -1.00777    0.00000   -3.74781   -0.98709   -2.36745
          2       5800 3260.80859   -1.00170    0.00000   -1.00777    0.00000   -3.74781   -0.98709   -2.36745
          2       5900 3324.00170   -1.00175    0.00000   -1.00796    0.00000   -3.74781   -0.98709   -2.36745
          2       6000 3381.06402   -1.00181    0.00000   -1.00776    0.00000   -3.74781   -0.98709   -2.36745
          2       6100 3444.54490   -1.00186    0.00000   -1.00804    0.00000   -3.74781   -0.98709   -2.36745
          2       6200 3505.57601   -1.00191    0.00000   -1.00785    0.00000   -3.74781   -0.98709   -2.36745
          2       6300 3562.63037   -1.00196    0.00000   -1.00781    0.00000   -3.74781   -0.98709   -2.36745
          2       6363 3600.58811   -1.00199    0.00000   -1.00792    0.00000   -3.74781   -0.98709   -2.36745
