          1          0    0.00000   -1.00155    0.00000   -1.00155    0.00000   -3.69976    3.69976    0.00000
          1          1    0.91980   -1.00010    0.00000   -0.99500    0.00000   -3.69976   -1.00010    0.00000
          2          0    0.91980   -0.39977    0.00000   -0.99500    0.00000   -3.69976   -1.00010   -2.34993
          2        100   56.98228   -0.96500    0.00000   -1.01074    0.00000   -3.69976   -1.00010   -2.34993
          2        200  111.44788   -0.97922    0.00000   -1.01199    0.00000   -3.69976   -1.00010   -2.34993
          2        300  168.91288   -0.98554    0.00000   -1.01242    0.00000   -3.69976   -1.00010   -2.34993
          2        400  227.14302   -0.98930    0.00000   -1.01271    0.00000   -3.69976   -1.00010   -2.34993
          2        500  286.43358   -0.99188    0.00000   -1.01256    0.00000   -3.69976   -1.00010   -2.34993
          2        600  339.58898   -0.99378    0.00000   -1.01287    0.00000   -3.69976   -1.00010   -2.34993
          2        700  399.61396   -0.99525    0.00000   -1.01278    0.00000   -3.69976   -1.00010   -2.34993
          2        800  459.37005   -0.99645    0.00000   -1.01281    0.00000   -3.69976   -1.00010   -2.34993
          2        900  514.32565   -0.99743    0.00000   -1.01307    0.00000   -3.69976   -1.00010   -2.34993
          2       1000  567.61721   -0.99827    0.00000   -1.01307    0.00000   -3.69976   -1.00010   -2.34993
          2       1100  622.61202   -0.99899    0.00000   -1.01329    0.00000   -3.69976   -1.00010   -2.34993
          2       1200  675.57620   -0.99961    0.00000   -1.01272    0.00000   -3.69976   -1.00010   -2.34993
          2       1300  732.99021   -1.00017    0.00000   -1.01294    0.00000   -3.69976   -1.00010   -2.34993
          2       1400  787.40739   -1.00066    0.00000   -1.01323    0.00000   -3.69976   -1.00010   -2.34993
          2       1500  839.57073   -1.00110    0.00000   -1.01330    0.00000   -3.69976   -1.00010   -2.34993
          2       1600  897.22220   -1.00150    0.00000   -1.01293    0.00000   -3.69976   -1.00010   -2.34993
          2       1700  954.72497   -1.00186    0.00000   -1.01318    0.00000   -3.69976   -1.00010   -2.34993
          2       1800 1009.65080   -1.00220    0.00000   -1.01331    0.00000   -3.69976   -1.00010   -2.34993
          2       1900 1066.05294   -1.00250    0.00000   -1.01329    0.00000   -3.69976   -1.00010   -2.34993
          2       2000 1121.65769   -1.00279    0.00000   -1.01325    0.00000   -3.69976   -1.00010   -2.34993
          2       2100 1179.09914   -1.00305    0.00000   -1.01314    0.00000   -3.69976   -1.00010   -2.34993
          2       2200 1235.90640   -1.00330    0.00000   -1.01329    0.00000   -3.69976   -1.00010   -2.34993
          2       2300 1290.78769   -1.00352    0.00000   -1.01322    0.00000   -3.69976   -1.00010   -2.34993
          2       2400 1349.77780   -1.00374    0.00000   -1.01332    0.00000   -3.69976   -1.00010   -2.34993
          2       2500 1402.49422   -1.00394    0.00000   -1.01347    0.00000   -3.69976   -1.00010   -2.34993
          2       2600 1458.94422   -1.00413    0.00000   -1.01324    0.00000   -3.69976   -1.00010   -2.34993
          2       2700 1513.66214   -1.00431    0.00000   -1.01331    0.00000   -3.69976   -1.00010   -2.34993
          2       2800 1569.31407   -1.00448    0.00000   -1.01334    0.00000   -3.69976   -1.00010   -2.34993
          2       2900 1622.70874   -1.00464    0.00000   -1.01307    0.00000   -3.69976   -1.00010   -2.34993
          2       3000 1677.85214   -1.00479    0.00000   -1.01326    0.00000   -3.69976   -1.00010   -2.34993
          2       3100 1734.64358   -1.00493    0.00000   -1.01352    0.00000   -3.69976   -1.00010   -2.34993
          2       3200 1790.79159   -1.00507    0.00000   -1.01336    0.00000   -3.69976   -1.00010   -2.34993
          2       3300 1848.85513   -1.00520    0.00000   -1.01357    0.00000   -3.69976   -1.00010   -2.34993
          2       3400 1905.74554   -1.00533    0.00000   -1.01320    0.00000   -3.69976   -1.00010   -2.34993
          2       3500 1960.74613   -1.00545    0.00000   -1.01329    0.00000   -3.69976   -1.00010   -2.34993
          2       3600 2018.37578   -1.00557    0.00000   -1.01326    0.00000   -3.69976   -1.00010   -2.34993
          2       3700 2074.99453   -1.00568    0.00000   -1.01346    0.00000   -3.69976   -1.00010   -2.34993
          2       3800 2127.36526   -1.00578    0.00000   -1.01321    0.00000   -3.69976   -1.00010   -2.34993
          2       3900 2178.56103   -1.00589    0.00000   -1.01334    0.00000   -3.69976   -1.00010   -2.34993
          2       4000 2236.37107   -1.00598    0.00000   -1.01342    0.00000   -3.69976   -1.00010   -2.34993
          2       4100 2289.52761   -1.00608    0.00000   -1.01353    0.00000   -3.69976   -1.00010   -2.34993
          2       4200 2340.50322   -1.00617    0.00000   -1.01328    0.00000   -3.69976   -1.00010   -2.34993
          2       4300 2393.15787   -1.00626    0.00000   -1.01341    0.00000   -3.69976   -1.00010   -2.34993
          2       4400 2446.42255   -1.00634    0.00000   -1.01322    0.00000   -3.69976   -1.00010   -2.34993
          2       4500 2504.69485   -1.00643    0.00000   -1.01340    0.00000   -3.69976   -1.00010   -2.34993
          2       4600 2563.29683   -1.00651    0.00000   -1.01340    0.00000   -3.69976   -1.00010   -2.34993
          2       4700 2619.01516   -1.00658    0.00000   -1.01334    0.00000   -3.69976   -1.00010   -2.34993
          2       4800 2671.60327   -1.00666    0.00000   -1.01334    0.00000   -3.69976   -1.00010   -2.34993
          2       4900 2732.99755   -1.00673    0.00000   -1.01338    0.00000   -3.69976   -1.00010   -2.34993
          2       5000 2793.57399   -1.00680    0.00000   -1.01334    0.00000   -3.69976   -1.00010   -2.34993
          2       5100 2852.50319   -1.00687    0.00000   -1.01324    0.00000   -3.69976   -1.00010   -2.34993
          2       5200 2911.97299   -1.00694    0.00000   -1.01332    0.00000   -3.69976   -1.00010   -2.34993
          2       5300 2968.17204   -1.00700    0.00000   -1.01352    0.00000   -3.69976   -1.00010   -2.34993
          2       5400 3025.21858   -1.00706    0.00000   -1.01323    0.00000   -3.69976   -1.00010   -2.34993
          2       5500 3082.38159   -1.00712    0.00000   -1.01347    0.00000   -3.69976   -1.00010   -2.34993
          2       5600 3139.70197   -1.00718    0.00000   -1.01322    0.00000   -3.69976   -1.00010   -2.34993
          2       5700 3196.60728   -1.00724    0.00000   -1.01314    0.00000   -3.69976   -1.00010   -2.34993
          2       5800 3253.43688   -1.00730    0.00000   -1.01342    0.00000   -3.69976   -1.00010   -2.34993
          2       5900 3307.95047   -1.00735    0.00000   -1.01322    0.00000   -3.69976   -1.00010   -2.34993
          2       6000 3362.44815   -1.00740    0.00000   -1.01316    0.00000   -3.69976   -1.00010   -2.34993
          2       6100 3425.03538   -1.00746    0.00000   -1.01345    0.00000   -3.69976   -1.00010   -2.34993
          2       6200 3481.16822   -1.00751    0.00000   -1.01358    0.00000   -3.69976   -1.00010   -2.34993
          2       6300 3539.53902   -1.00756    0.00000   -1.01349    0.00000   -3.69976   -1.00010   -2.34993
          2       6400 3600.25781   -1.00761    0.00000   -1.01339    0.00000   -3.69976   -1.00010   -2.34993
