          1          0    0.00000   -0.59360    0.00000   -0.59360    0.00000   -4.44449    4.44449    0.00000
          1          1    0.00893   -0.55460    0.00000   -0.53862    0.00000   -4.44449   -0.53862    0.00000
          2          0    0.00893   -0.20651    0.00000   -0.53862    0.00000   -4.44449   -0.53862   -2.49156
          2        100    4.95396   -0.59445    0.00000   -0.61123    0.00000   -4.44449   -0.61123   -2.49156
          2        200   10.33491   -0.60689    0.00000   -0.62118    0.00000   -4.44449   -0.62118   -2.49156
          2        300   16.17395   -0.61219    0.00000   -0.62512    0.00000   -4.44449   -0.62512   -2.49156
          2        400   22.66316   -0.61526    0.00000   -0.62734    0.00000   -4.44449   -0.62734   -2.49156
          2        500   29.60976   -0.61730    0.00000   -0.62879    0.00000   -4.44449   -0.62879   -2.49156
          2        600   36.48019   -0.61878    0.00000   -0.62984    0.00000   -4.44449   -0.62984   -2.49156
          2        700   43.35934   -0.61992    0.00000   -0.63063    0.00000   -4.44449   -0.63063   -2.49156
          2        800   49.91204   -0.62082    0.00000   -0.63126    0.00000   -4.44449   -0.63126   -2.49156
          2        900   56.95608   -0.62156    0.00000   -0.63177    0.00000   -4.44449   -0.63177   -2.49156
          2       1000   62.63937   -0.62219    0.00000   -0.63220    0.00000   -4.44449   -0.63220   -2.49156
          2       1100   68.55823   -0.62272    0.00000   -0.63257    0.00000   -4.44449   -0.63257   -2.49156
          2       1200   74.82940   -0.62318    0.00000   -0.63288    0.00000   -4.44449   -0.63288   -2.49156
          2       1300   82.61356   -0.62358    0.00000   -0.63316    0.00000   -4.44449   -0.63316   -2.49156
          2       1400   88.79812   -0.62394    0.00000   -0.63340    0.00000   -4.44449   -0.63340   -2.49156
          2       1500   96.81229   -0.62425    0.00000   -0.63362    0.00000   -4.44449   -0.63362   -2.49156
          2       1600  105.37026   -0.62454    0.00000   -0.63382    0.00000   -4.44449   -0.63382   -2.49156
          2       1700  111.12497   -0.62480    0.00000   -0.63399    0.00000   -4.44449   -0.63399   -2.49156
          2       1800  116.37846   -0.62504    0.00000   -0.63415    0.00000   -4.44449   -0.63415   -2.49156
          2       1900  123.22895   -0.62525    0.00000   -0.63430    0.00000   -4.44449   -0.63430   -2.49156
          2       2000  129.55046   -0.62546    0.00000   -0.63444    0.00000   -4.44449   -0.63444   -2.49156
          2       2100  136.25702   -0.62564    0.00000   -0.63456    0.00000   -4.44449   -0.63456   -2.49156
          2       2200  143.32818   -0.62581    0.00000   -0.63468    0.00000   -4.44449   -0.63468   -2.49156
          2       2300  149.82676   -0.62597    0.00000   -0.63479    0.00000   -4.44449   -0.63479   -2.49156
          2       2400  156.17646   -0.62612    0.00000   -0.63489    0.00000   -4.44449   -0.63489   -2.49156
          2       2500  163.09113   -0.62626    0.00000   -0.63499    0.00000   -4.44449   -0.63499   -2.49156
          2       2600  169.17873   -0.62639    0.00000   -0.63508    0.00000   -4.44449   -0.63508   -2.49156
          2       2700  174.86857   -0.62652    0.00000   -0.63516    0.00000   -4.44449   -0.63516   -2.49156
          2       2800  180.82585   -0.62663    0.00000   -0.63524    0.00000   -4.44449   -0.63524   -2.49156
          2       2900  187.63875   -0.62674    0.00000   -0.63531    0.00000   -4.44449   -0.63531   -2.49156
          2       3000  193.42967   -0.62685    0.00000   -0.63539    0.00000   -4.44449   -0.63539   -2.49156
          2       3100  199.69726   -0.62695    0.00000   -0.63545    0.00000   -4.44449   -0.63545   -2.49156
          2       3200  205.07311   -0.62704    0.00000   -0.63552    0.00000   -4.44449   -0.63552   -2.49156
          2       3300  211.35303   -0.62713    0.00000   -0.63557    0.00000   -4.44449   -0.63557   -2.49156
          2       3400  218.51878   -0.62724    0.00000   -0.63398    0.00000   -4.44449   -0.63558   -2.49156
          2       3500  225.17928   -0.62734    0.00000   -0.63498    0.00000   -4.44449   -0.63558   -2.49156
          2       3600  231.63250   -0.62744    0.00000   -0.63558    0.00000   -4.44449   -0.63558   -2.49156
          2       3700  237.10799   -0.62754    0.00000   -0.62897    0.00000   -4.44449   -0.63558   -2.49156
          2       3800  243.80453   -0.62763    0.00000   -0.63411    0.00000   -4.44449   -0.63559   -2.49156
          2       3900  250.72457   -0.62773    0.00000   -0.63106    0.00000   -4.44449   -0.63559   -2.49156
          2       4000  255.83334   -0.62782    0.00000   -0.63324    0.00000   -4.44449   -0.63559   -2.49156
          2       4100  263.22681   -0.62791    0.00000   -0.63034    0.00000   -4.44449   -0.63560   -2.49156
          2       4200  269.06209   -0.62799    0.00000   -0.63503    0.00000   -4.44449   -0.63560   -2.49156
          2       4300  274.62462   -0.62807    0.00000   -0.62916    0.00000   -4.44449   -0.63560   -2.49156
          2       4400  281.05039   -0.62815    0.00000   -0.63194    0.00000   -4.44449   -0.63560   -2.49156
          2       4500  287.60644   -0.62823    0.00000   -0.63510    0.00000   -4.44449   -0.63560   -2.49156
          2       4600  293.24693   -0.62831    0.00000   -0.63100    0.00000   -4.44449   -0.63560   -2.49156
          2       4700  299.47224   -0.62838    0.00000   -0.63012    0.00000   -4.44449   -0.63560   -2.49156
          2       4800  306.69946   -0.62845    0.00000   -0.63277    0.00000   -4.44449   -0.63561   -2.49156
          2       4900  313.88668   -0.62852    0.00000   -0.63551    0.00000   -4.44449   -0.63561   -2.49156
          2       5000  319.55185   -0.62859    0.00000   -0.63472    0.00000   -4.44449   -0.63561   -2.49156
          2       5100  325.89721   -0.62866    0.00000   -0.63291    0.00000   -4.44449   -0.63561   -2.49156
          2       5200  332.62081   -0.62872    0.00000   -0.62864    0.00000   -4.44449   -0.63561   -2.49156
          2       5300  339.65771   -0.62878    0.00000   -0.63021    0.00000   -4.44449   -0.63561   -2.49156
          2       5400  346.63329   -0.62884    0.00000   -0.63138    0.00000   -4.44449   -0.63561   -2.49156
          2       5500  353.82357   -0.62890    0.00000   -0.63189    0.00000   -4.44449   -0.63562   -2.49156
          2       5600  360.15521   -0.62896    0.00000   -0.63193    0.00000   -4.44449   -0.63562   -2.49156
          2       5700  365.15823   -0.62902    0.00000   -0.63196    0.00000   -4.44449   -0.63562   -2.49156
          2       5800  371.85433   -0.62907    0.00000   -0.63199    0.00000   -4.44449   -0.63562   -2.49156
          2       5900  378.06666   -0.62913    0.00000   -0.63202    0.00000   -4.44449   -0.63562   -2.49156
          2       6000  383.92136   -0.62918    0.00000   -0.63205    0.00000   -4.44449   -0.63562   -2.49156
          2       6100  390.51984   -0.62923    0.00000   -0.63207    0.00000   -4.44449   -0.63562   -2.49156
          2       6200  396.66944   -0.62928    0.00000   -0.63210    0.00000   -4.44449   -0.63562   -2.49156
          2       6300  402.16338   -0.62933    0.00000   -0.63213    0.00000   -4.44449   -0.63562   -2.49156
          2       6400  408.00305   -0.62937    0.00000   -0.63215    0.00000   -4.44449   -0.63562   -2.49156
          2       6500  414.85542   -0.62942    0.00000   -0.63218    0.00000   -4.44449   -0.63562   -2.49156
          2       6600  421.57172   -0.62947    0.00000   -0.63181    0.00000   -4.44449   -0.63563   -2.49156
          2       6700  429.37341   -0.62951    0.00000   -0.63121    0.00000   -4.44449   -0.63563   -2.49156
          2       6800  435.34676   -0.62955    0.00000   -0.63078    0.00000   -4.44449   -0.63563   -2.49156
          2       6900  441.87276   -0.62960    0.00000   -0.63174    0.00000   -4.44449   -0.63563   -2.49156
          2       7000  448.11002   -0.62964    0.00000   -0.63426    0.00000   -4.44449   -0.63563   -2.49156
          2       7100  454.92431   -0.62968    0.00000   -0.63547    0.00000   -4.44449   -0.63563   -2.49156
          2       7200  461.16728   -0.62972    0.00000   -0.63342    0.00000   -4.44449   -0.63563   -2.49156
          2       7300  467.37043   -0.62976    0.00000   -0.63170    0.00000   -4.44449   -0.63563   -2.49156
          2       7400  473.75762   -0.62980    0.00000   -0.63080    0.00000   -4.44449   -0.63563   -2.49156
          2       7500  479.99396   -0.62984    0.00000   -0.63270    0.00000   -4.44449   -0.63563   -2.49156
          2       7600  485.69128   -0.62988    0.00000   -0.63471    0.00000   -4.44449   -0.63563   -2.49156
          2       7700  492.05227   -0.62992    0.00000   -0.63557    0.00000   -4.44449   -0.63563   -2.49156
          2       7800  498.68912   -0.62995    0.00000   -0.63298    0.00000   -4.44449   -0.63563   -2.49156
          2       7900  505.43713   -0.62999    0.00000   -0.63156    0.00000   -4.44449   -0.63563   -2.49156
          2       8000  511.35253   -0.63002    0.00000   -0.63010    0.00000   -4.44449   -0.63563   -2.49156
          2       8100  518.28110   -0.63006    0.00000   -0.63345    0.00000   -4.44449   -0.63563   -2.49156
          2       8200  523.82756   -0.63009    0.00000   -0.63509    0.00000   -4.44449   -0.63563   -2.49156
          2       8300  530.91803   -0.63012    0.00000   -0.63479    0.00000   -4.44449   -0.63563   -2.49156
          2       8400  537.14877   -0.63015    0.00000   -0.63264    0.00000   -4.44449   -0.63563   -2.49156
          2       8500  544.45831   -0.63019    0.00000   -0.63146    0.00000   -4.44449   -0.63563   -2.49156
          2       8600  550.58492   -0.63022    0.00000   -0.63138    0.00000   -4.44449   -0.63563   -2.49156
          2       8700  557.20832   -0.63025    0.00000   -0.63405    0.00000   -4.44449   -0.63563   -2.49156
          2       8800  564.04399   -0.63028    0.00000   -0.63540    0.00000   -4.44449   -0.63563   -2.49156
          2       8900  570.50038   -0.63031    0.00000   -0.63417    0.00000   -4.44449   -0.63563   -2.49156
          2       9000  576.01632   -0.63033    0.00000   -0.63238    0.00000   -4.44449   -0.63564   -2.49156
          2       9100  582.78967   -0.63036    0.00000   -0.63122    0.00000   -4.44449   -0.63564   -2.49156
          2       9200  589.56139   -0.63039    0.00000   -0.63361    0.00000   -4.44449   -0.63564   -2.49156
          2       9300  595.89760   -0.63042    0.00000   -0.63564    0.00000   -4.44449   -0.63564   -2.49156
          2       9355  600.45162   -0.63043    0.00000   -0.63403    0.00000   -4.44449   -0.63564   -2.49156
