          1          0    0.00000   -1.00831    0.00000   -1.00831    0.00000   -3.64292    3.64292    0.00000
          1          1    0.84080   -1.00608    0.00000   -1.00088    0.00000   -3.64292   -1.00608    0.00000
          2          0    0.84080   -0.40308    0.00000   -1.00088    0.00000   -3.64292   -1.00608   -2.32450
          2        100   55.33161   -0.97037    0.00000   -1.01625    0.00000   -3.64292   -1.00608   -2.32450
          2        200  111.14163   -0.98475    0.00000   -1.01748    0.00000   -3.64292   -1.00608   -2.32450
          2        300  164.23653   -0.99112    0.00000   -1.01836    0.00000   -3.64292   -1.00608   -2.32450
          2        400  219.16260   -0.99493    0.00000   -1.01861    0.00000   -3.64292   -1.00608   -2.32450
          2        500  273.51782   -0.99753    0.00000   -1.01834    0.00000   -3.64292   -1.00608   -2.32450
          2        600  328.05339   -0.99945    0.00000   -1.01817    0.00000   -3.64292   -1.00608   -2.32450
          2        700  384.69512   -1.00094    0.00000   -1.01868    0.00000   -3.64292   -1.00608   -2.32450
          2        800  441.54051   -1.00215    0.00000   -1.01886    0.00000   -3.64292   -1.00608   -2.32450
          2        900  494.42611   -1.00314    0.00000   -1.01871    0.00000   -3.64292   -1.00608   -2.32450
          2       1000  544.59669   -1.00398    0.00000   -1.01877    0.00000   -3.64292   -1.00608   -2.32450
          2       1100  602.30215   -1.00471    0.00000   -1.01870    0.00000   -3.64292   -1.00608   -2.32450
          2       1200  655.70685   -1.00534    0.00000   -1.01855    0.00000   -3.64292   -1.00608   -2.32450
          2       1300  710.31414   -1.00590    0.00000   -1.01881    0.00000   -3.64292   -1.00608   -2.32450
          2       1400  773.12498   -1.00640    0.00000   -1.01924    0.00000   -3.64292   -1.00608   -2.32450
          2       1500  831.48816   -1.00684    0.00000   -1.01908    0.00000   -3.64292   -1.00608   -2.32450
          2       1600  891.79908   -1.00725    0.00000   -1.01902    0.00000   -3.64292   -1.00608   -2.32450
          2       1700  948.35334   -1.00762    0.00000   -1.01897    0.00000   -3.64292   -1.00608   -2.32450
          2       1800 1007.90798   -1.00795    0.00000   -1.01927    0.00000   -3.64292   -1.00608   -2.32450
          2       1900 1065.87951   -1.00826    0.00000   -1.01892    0.00000   -3.64292   -1.00608   -2.32450
          2       2000 1118.51978   -1.00855    0.00000   -1.01914    0.00000   -3.64292   -1.00608   -2.32450
          2       2100 1178.37110   -1.00881    0.00000   -1.01896    0.00000   -3.64292   -1.00608   -2.32450
          2       2200 1230.94973   -1.00906    0.00000   -1.01931    0.00000   -3.64292   -1.00608   -2.32450
          2       2300 1290.19828   -1.00929    0.00000   -1.01919    0.00000   -3.64292   -1.00608   -2.32450
          2       2400 1345.33242   -1.00951    0.00000   -1.01889    0.00000   -3.64292   -1.00608   -2.32450
          2       2500 1400.81078   -1.00971    0.00000   -1.01914    0.00000   -3.64292   -1.00608   -2.32450
          2       2600 1452.86014   -1.00990    0.00000   -1.01901    0.00000   -3.64292   -1.00608   -2.32450
          2       2700 1506.31093   -1.01008    0.00000   -1.01920    0.00000   -3.64292   -1.00608   -2.32450
          2       2800 1561.41162   -1.01025    0.00000   -1.01920    0.00000   -3.64292   -1.00608   -2.32450
          2       2900 1620.30789   -1.01041    0.00000   -1.01901    0.00000   -3.64292   -1.00608   -2.32450
          2       3000 1677.84144   -1.01057    0.00000   -1.01894    0.00000   -3.64292   -1.00608   -2.32450
          2       3100 1732.62324   -1.01071    0.00000   -1.01910    0.00000   -3.64292   -1.00608   -2.32450
          2       3200 1789.26646   -1.01085    0.00000   -1.01914    0.00000   -3.64292   -1.00608   -2.32450
          2       3300 1846.83365   -1.01099    0.00000   -1.01933    0.00000   -3.64292   -1.00608   -2.32450
          2       3400 1902.59860   -1.01111    0.00000   -1.01914    0.00000   -3.64292   -1.00608   -2.32450
          2       3500 1956.43755   -1.01124    0.00000   -1.01922    0.00000   -3.64292   -1.00608   -2.32450
          2       3600 2012.80378   -1.01135    0.00000   -1.01918    0.00000   -3.64292   -1.00608   -2.32450
          2       3700 2068.41192   -1.01146    0.00000   -1.01914    0.00000   -3.64292   -1.00608   -2.32450
          2       3800 2122.34678   -1.01157    0.00000   -1.01931    0.00000   -3.64292   -1.00608   -2.32450
          2       3900 2179.77087   -1.01167    0.00000   -1.01909    0.00000   -3.64292   -1.00608   -2.32450
          2       4000 2239.13185   -1.01177    0.00000   -1.01926    0.00000   -3.64292   -1.00608   -2.32450
          2       4100 2294.51479   -1.01187    0.00000   -1.01908    0.00000   -3.64292   -1.00608   -2.32450
          2       4200 2351.58059   -1.01196    0.00000   -1.01905    0.00000   -3.64292   -1.00608   -2.32450
          2       4300 2410.35293   -1.01205    0.00000   -1.01924    0.00000   -3.64292   -1.00608   -2.32450
          2       4400 2463.70128   -1.01214    0.00000   -1.01932    0.00000   -3.64292   -1.00608   -2.32450
          2       4500 2516.65275   -1.01222    0.00000   -1.01935    0.00000   -3.64292   -1.00608   -2.32450
          2       4600 2572.73723   -1.01230    0.00000   -1.01937    0.00000   -3.64292   -1.00608   -2.32450
          2       4700 2629.51069   -1.01238    0.00000   -1.01915    0.00000   -3.64292   -1.00608   -2.32450
          2       4800 2686.59956   -1.01245    0.00000   -1.01908    0.00000   -3.64292   -1.00608   -2.32450
          2       4900 2744.74754   -1.01252    0.00000   -1.01902    0.00000   -3.64292   -1.00608   -2.32450
          2       5000 2802.69715   -1.01260    0.00000   -1.01931    0.00000   -3.64292   -1.00608   -2.32450
          2       5100 2861.44352   -1.01266    0.00000   -1.01937    0.00000   -3.64292   -1.00608   -2.32450
          2       5200 2917.99776   -1.01273    0.00000   -1.01932    0.00000   -3.64292   -1.00608   -2.32450
          2       5300 2972.86606   -1.01280    0.00000   -1.01923    0.00000   -3.64292   -1.00608   -2.32450
          2       5400 3030.90576   -1.01286    0.00000   -1.01930    0.00000   -3.64292   -1.00608   -2.32450
          2       5500 3096.69389   -1.01292    0.00000   -1.01927    0.00000   -3.64292   -1.00608   -2.32450
          2       5600 3154.32125   -1.01298    0.00000   -1.01916    0.00000   -3.64292   -1.00608   -2.32450
          2       5700 3211.34861   -1.01304    0.00000   -1.01938    0.00000   -3.64292   -1.00608   -2.32450
          2       5800 3269.71723   -1.01309    0.00000   -1.01918    0.00000   -3.64292   -1.00608   -2.32450
          2       5900 3325.23783   -1.01315    0.00000   -1.01940    0.00000   -3.64292   -1.00608   -2.32450
          2       6000 3386.75832   -1.01320    0.00000   -1.01921    0.00000   -3.64292   -1.00608   -2.32450
          2       6100 3441.16768   -1.01325    0.00000   -1.01922    0.00000   -3.64292   -1.00608   -2.32450
          2       6200 3495.75481   -1.01331    0.00000   -1.01946    0.00000   -3.64292   -1.00608   -2.32450
          2       6300 3551.32041   -1.01336    0.00000   -1.01925    0.00000   -3.64292   -1.00608   -2.32450
          2       6388 3600.08824   -1.01340    0.00000   -1.01919    0.00000   -3.64292   -1.00608   -2.32450
