          1          0    0.00000   -0.99965    0.00000   -0.99965    0.00000   -3.67402    3.67402    0.00000
          1          1    0.49708   -0.99575    0.00000   -0.99122    0.00000   -3.67402   -0.99122    0.00000
          2          0    0.49708   -0.39919    0.00000   -0.99122    0.00000   -3.67402   -0.99122   -2.33262
          2        100   47.48884   -0.95957    0.00000   -1.00664    0.00000   -3.67402   -1.00998   -2.33262
          2        200  100.29186   -0.97545    0.00000   -1.00967    0.00000   -3.67402   -1.01171   -2.33262
          2        300  154.71528   -0.98253    0.00000   -1.01065    0.00000   -3.67402   -1.01273   -2.33262
          2        400  216.44941   -0.98680    0.00000   -1.01061    0.00000   -3.67402   -1.01299   -2.33262
          2        500  275.92865   -0.98969    0.00000   -1.01300    0.00000   -3.67402   -1.01313   -2.33262
          2        600  337.13309   -0.99184    0.00000   -1.01294    0.00000   -3.67402   -1.01365   -2.33262
          2        700  399.34598   -0.99351    0.00000   -1.01189    0.00000   -3.67402   -1.01365   -2.33262
          2        800  456.78046   -0.99485    0.00000   -1.01128    0.00000   -3.67402   -1.01383   -2.33262
          2        900  518.14863   -0.99597    0.00000   -1.01251    0.00000   -3.67402   -1.01383   -2.33262
          2       1000  581.20931   -0.99691    0.00000   -1.01245    0.00000   -3.67402   -1.01401   -2.33262
          2       1100  650.35261   -0.99772    0.00000   -1.01273    0.00000   -3.67402   -1.01401   -2.33262
          2       1200  714.85622   -0.99843    0.00000   -1.01369    0.00000   -3.67402   -1.01401   -2.33262
          2       1300  776.37305   -0.99906    0.00000   -1.01256    0.00000   -3.67402   -1.01412   -2.33262
          2       1400  837.26522   -0.99961    0.00000   -1.01217    0.00000   -3.67402   -1.01419   -2.33262
          2       1500  900.13540   -1.00011    0.00000   -1.01280    0.00000   -3.67402   -1.01419   -2.33262
          2       1600  963.23608   -1.00057    0.00000   -1.01293    0.00000   -3.67402   -1.01436   -2.33262
          2       1700 1029.81260   -1.00098    0.00000   -1.01289    0.00000   -3.67402   -1.01436   -2.33262
          2       1800 1093.14591   -1.00136    0.00000   -1.01269    0.00000   -3.67402   -1.01436   -2.33262
          2       1900 1154.91423   -1.00171    0.00000   -1.01238    0.00000   -3.67402   -1.01436   -2.33262
          2       2000 1221.74447   -1.00203    0.00000   -1.01292    0.00000   -3.67402   -1.01436   -2.33262
          2       2100 1283.82231   -1.00233    0.00000   -1.01350    0.00000   -3.67402   -1.01436   -2.33262
          2       2200 1346.46897   -1.00261    0.00000   -1.01274    0.00000   -3.67402   -1.01436   -2.33262
          2       2300 1411.07996   -1.00287    0.00000   -1.01259    0.00000   -3.67402   -1.01440   -2.33262
          2       2400 1474.79770   -1.00311    0.00000   -1.01371    0.00000   -3.67402   -1.01440   -2.33262
          2       2500 1536.53181   -1.00334    0.00000   -1.01287    0.00000   -3.67402   -1.01440   -2.33262
          2       2600 1607.90226   -1.00355    0.00000   -1.01334    0.00000   -3.67402   -1.01440   -2.33262
          2       2700 1669.88125   -1.00376    0.00000   -1.01435    0.00000   -3.67402   -1.01440   -2.33262
          2       2800 1729.84392   -1.00395    0.00000   -1.01336    0.00000   -3.67402   -1.01440   -2.33262
          2       2900 1794.65993   -1.00414    0.00000   -1.01303    0.00000   -3.67402   -1.01440   -2.33262
          2       3000 1860.14789   -1.00431    0.00000   -1.01414    0.00000   -3.67402   -1.01447   -2.33262
          2       3100 1924.73275   -1.00448    0.00000   -1.01280    0.00000   -3.67402   -1.01447   -2.33262
          2       3200 1990.42355   -1.00463    0.00000   -1.01319    0.00000   -3.67402   -1.01447   -2.33262
          2       3300 2053.50009   -1.00478    0.00000   -1.01311    0.00000   -3.67402   -1.01447   -2.33262
          2       3400 2119.36373   -1.00493    0.00000   -1.01384    0.00000   -3.67402   -1.01447   -2.33262
          2       3500 2185.12756   -1.00507    0.00000   -1.01338    0.00000   -3.67402   -1.01447   -2.33262
          2       3600 2248.05017   -1.00520    0.00000   -1.01359    0.00000   -3.67402   -1.01447   -2.33262
          2       3700 2313.69017   -1.00533    0.00000   -1.01368    0.00000   -3.67402   -1.01447   -2.33262
          2       3800 2382.49514   -1.00545    0.00000   -1.01293    0.00000   -3.67402   -1.01447   -2.33262
          2       3900 2448.12268   -1.00556    0.00000   -1.01354    0.00000   -3.67402   -1.01449   -2.33262
          2       4000 2517.52769   -1.00568    0.00000   -1.01424    0.00000   -3.67402   -1.01449   -2.33262
          2       4100 2585.70698   -1.00578    0.00000   -1.01419    0.00000   -3.67402   -1.01451   -2.33262
          2       4200 2651.18068   -1.00589    0.00000   -1.01344    0.00000   -3.67402   -1.01451   -2.33262
          2       4300 2717.67588   -1.00599    0.00000   -1.01349    0.00000   -3.67402   -1.01451   -2.33262
          2       4400 2785.53665   -1.00609    0.00000   -1.01422    0.00000   -3.67402   -1.01451   -2.33262
          2       4500 2850.45499   -1.00618    0.00000   -1.01414    0.00000   -3.67402   -1.01451   -2.33262
          2       4600 2914.16841   -1.00627    0.00000   -1.01346    0.00000   -3.67402   -1.01451   -2.33262
          2       4700 2983.62709   -1.00636    0.00000   -1.01358    0.00000   -3.67402   -1.01451   -2.33262
          2       4800 3044.76747   -1.00645    0.00000   -1.01318    0.00000   -3.67402   -1.01451   -2.33262
          2       4900 3110.06081   -1.00653    0.00000   -1.01429    0.00000   -3.67402   -1.01451   -2.33262
          2       5000 3172.53933   -1.00661    0.00000   -1.01415    0.00000   -3.67402   -1.01451   -2.33262
          2       5100 3240.41648   -1.00669    0.00000   -1.01385    0.00000   -3.67402   -1.01451   -2.33262
          2       5200 3302.90446   -1.00676    0.00000   -1.01373    0.00000   -3.67402   -1.01451   -2.33262
          2       5300 3365.81504   -1.00684    0.00000   -1.01383    0.00000   -3.67402   -1.01451   -2.33262
          2       5400 3425.37913   -1.00691    0.00000   -1.01341    0.00000   -3.67402   -1.01451   -2.33262
          2       5500 3493.22206   -1.00698    0.00000   -1.01397    0.00000   -3.67402   -1.01451   -2.33262
          2       5600 3559.13758   -1.00705    0.00000   -1.01426    0.00000   -3.67402   -1.01451   -2.33262
          2       5664 3600.35185   -1.00709    0.00000   -1.01355    0.00000   -3.67402   -1.01451   -2.33262
