 325505062845426
       7100
 3600.19132
    0.16140
   -1.01355
    0.00000
   -1.01364
    0.00000

   -0.01259
   -0.05239
    0.04868
   -0.04912
    0.03627
   -0.07107
    0.05682
   -0.00558
    0.05926
    0.06711
   -0.06628
    0.02349
   -0.04042
   -0.00533
   -0.00158
    0.05933
    0.07763
   -0.06354
   -0.05871
   -0.01319
   -0.03742
   -0.05295
    0.05542
   -0.06377
    0.02898
    0.04724
    0.06103
    0.02564
   -0.01460
    0.02923
    0.02222
   -0.04416
   -0.00254
   -0.05698
   -0.03567
   -0.03541
   -0.00268
   -0.06045
   -0.05531
   -0.02249
   -0.00967
   -0.05292
   -0.05408
    0.06613
   -0.04829
   -0.03635
   -0.05173
   -0.00185
   -0.06308
   -0.01018
   -0.03362
   -0.05545
    0.03307
   -0.03483
    0.05627
   -0.02635
    0.00583
    0.00575
    0.02694
    0.05762
   -0.06328
    0.01134
   -0.06087
   -0.04167
   -0.00142
    0.02253
    0.03711
    0.06199
   -0.03628
   -0.03749
   -0.06990
   -0.01912
    0.04426
    0.02763
   -0.03930
   -0.02280
    0.03111
   -0.03211
   -0.06942
    0.05867
   -0.05482
    0.03041
   -0.03780
    0.04259
   -0.00965
    0.06916
   -0.04816
    0.05665
   -0.00333
   -0.05116
   -0.03761
    0.04560
   -0.02575
    0.00587
   -0.02359
   -0.05959
   -0.00944
   -0.00614
   -0.05749
   -0.00636
   -0.03442
    0.03729
    0.02064
   -0.02036
   -0.04709
    0.06221
    0.00299
   -0.02419
   -0.03865
   -0.04750
   -0.01370
    0.03015
    0.03165
   -0.06519
   -0.05466
   -0.08131
   -0.01188
   -0.07425
   -0.04747
    0.00826
    0.01062
    0.06354
   -0.06418
    0.00539
    0.06512
   -0.03277
   -0.03490
   -0.02134
    0.06048
   -0.00106
   -0.02878
    0.02920
    0.05996
   -0.06535
   -0.03382
    0.00443
    0.00005
   -0.00820
   -0.06749
    0.05443
    0.04370
   -0.01745
   -0.05217
    0.00538
   -0.06778
    0.02985
   -0.02424
    0.03283
    0.03536
   -0.02852
   -0.06007
    0.04733
    0.02023
   -0.01972
    0.01743
    0.01076
    0.01319
   -0.00411
   -0.01936
    0.02244
   -0.00061
    0.02767
    0.02062
    0.06063
   -0.05146
   -0.04720
    0.04692
   -0.04885
   -0.01749
   -0.00383
   -0.01000
   -0.02462
   -0.03270
    0.05300
    0.03403
    0.04106
   -0.02162
   -0.00767
    0.02019
    0.04031
   -0.07085
   -0.01936
   -0.02008
   -0.04938
   -0.00018
   -0.05614
   -0.04252
    0.06354
    0.07537
   -0.06579
   -0.05205
    0.05572
   -0.06417
    0.01374
    0.06153
    0.05692
    0.03971
    0.00891
   -0.05682
   -0.04852
   -0.05138
    0.04899
   -0.02637
    0.01331
   -0.03203
    0.01517
    0.05894
    0.05042
    0.05083
    0.03374
    0.04738
    0.01320
    0.05439
   -0.06318
    0.02407
    0.02947
   -0.03183
   -0.04536
   -0.02225
   -0.03593
   -0.05122
   -0.01726
    0.05462
   -0.02537
    0.07115
   -0.02070
    0.02296
   -0.06286
   -0.03001
   -0.01854
    0.01836
   -0.01174
    0.02344
    0.06732
   -0.06764
    0.06398
   -0.00971
   -0.03717
   -0.03450
   -0.00798
    0.00507
    0.02086
   -0.03428
   -0.02873
    0.00225
   -0.06085
   -0.01556
   -0.05640
    0.02453
   -0.01518
   -0.02835
   -0.03418
    0.00516
    0.00052
   -0.00595
   -0.03623
    0.05055
    0.05574
    0.05397
   -0.02609
    0.02453
   -0.04029
   -0.00686
   -0.05809
    0.05440
   -0.00672
    0.00800
    0.05052
   -0.05298
   -0.03299
    0.00594
    0.01021
    0.02435
    0.00035
   -0.03197
   -0.00236
   -0.06298
   -0.06335
    0.02454
   -0.04253
    0.06590
    0.01382
    0.04026
    0.04156
    0.00187
    0.03216
    0.00264
    0.04512
    0.01480
    0.05353
    0.01307
    0.04071
   -0.06085
    0.06852
    0.03254
    0.01698
   -0.05712
    0.01102
    0.04886
   -0.01403
   -0.06215
   -0.00442
    0.03069
   -0.01107
    0.03525
    0.05434
   -0.05590
    0.04793
    0.00666
    0.04939
    0.00963
   -0.04524
    0.07214
   -0.04051
   -0.00867
   -0.05453
   -0.01824
    0.02701
    0.05337
    0.05917
   -0.00670
   -0.02540
   -0.01707
    0.01642
   -0.04946
   -0.05922
    0.02622
   -0.06732
   -0.04683
   -0.00265
    0.02347
   -0.02671
    0.01300
   -0.02740
   -0.01942
    0.03256
   -0.05106
   -0.02884
   -0.00544
   -0.03350
    0.01316
    0.05813
   -0.02735
    0.06651
    0.02653
    0.05550
    0.01382
   -0.00252
    0.03052
   -0.05520
    0.06143
    0.06550
    0.06699
   -0.02356
   -0.02175
   -0.00142
   -0.00540
    0.01451
   -0.05396
    0.04187
    0.04242
   -0.06184
   -0.05656
   -0.04470
   -0.07349
   -0.02776
    0.04805
   -0.04809
    0.03345
   -0.03427
   -0.05074
   -0.05797
    0.03919
    0.01231
   -0.00196
    0.01552
    0.01684
   -0.03564
   -0.02969
    0.01243
    0.00973
   -0.05237
    0.01889
    0.03326
    0.06037
   -0.04663
   -0.02587
    0.01443
   -0.06033
    0.03946
   -0.00673
    0.05651
    0.00675
    0.05458
    0.01909
   -0.03876
    0.04623
    0.03646
    0.04938
   -0.05435
    0.06661
   -0.00725
    0.06850
    0.02558
   -0.02209
   -0.05531
   -0.02452
   -0.01620
    0.00402
   -0.05433
   -0.00094
    0.04090
    0.05418
   -0.04615
    0.02133
   -0.02722
   -0.01660
    0.07585
   -0.04104
    0.01107
    0.03944
   -0.00360
    0.05488
   -0.04825
   -0.02388
   -0.05882
    0.03892
    0.05395
   -0.00696
   -0.06199
    0.02299
    0.02040
   -0.04952
   -0.02094
   -0.02550
   -0.06812
   -0.00767
   -0.06206
   -0.06275
   -0.06338
    0.06036
    0.05787
   -0.04872
   -0.02065
   -0.00199
    0.02173
    0.00173
    0.05253
    0.02530
    0.00354
   -0.02290
   -0.05084
   -0.02617
   -0.00616
   -0.01123
    0.01147
   -0.05062
   -0.04336
    0.05289
    0.02601
   -0.04728
   -0.03857
    0.01177
    0.00846
    0.05391
   -0.04333
   -0.05442
    0.00991
   -0.05445
    0.05616
   -0.05471
    0.05532
    0.03150
    0.04914
    0.01624
    0.02372
   -0.00271
   -0.03142
   -0.00028
   -0.01670
    0.06046
    0.00935
    0.03856
    0.05457
   -0.01826
   -0.07391
    0.01286
    0.05826
   -0.01795
   -0.02982
   -0.05990
   -0.01082
    0.02529
    0.04630
    0.01300
   -0.05383
   -0.00423
    0.05150
   -0.02158
    0.02348
    0.02611
    0.03506
    0.05187
    0.04401
   -0.00452
   -0.03030
   -0.01176
    0.03535
   -0.06491
   -0.00382
   -0.05439
   -0.05372
    0.06779
   -0.00619
    0.05640
    0.04669
   -0.05731
    0.01567
    0.05069
    0.05398
   -0.01034
   -0.03077
   -0.06729
    0.00902
    0.05411
   -0.00495
    0.03198
    0.01511
    0.04399
    0.02960
   -0.04506
   -0.07102
    0.04281
    0.04017
   -0.05193
    0.00096
    0.05910
   -0.00275
   -0.02620
    0.05270
    0.06249
   -0.06524
   -0.04807
   -0.05287
   -0.03052
   -0.05330
   -0.04306
    0.01185
    0.01663
    0.02411
   -0.03099
    0.04144
    0.02903
   -0.03185
    0.03383
   -0.05623
   -0.03050
    0.01384
    0.07642
    0.00848
   -0.00989
   -0.05840
   -0.03076
   -0.03372
   -0.06166
    0.05670
   -0.01844
   -0.06239
    0.01509
   -0.05608
   -0.00050
   -0.04492
   -0.01644
    0.00476
    0.05060
    0.03982
   -0.00554
   -0.06712
    0.00614
    0.01044
    0.02437
   -0.04674
    0.04890
   -0.01269
   -0.03183
   -0.00900
   -0.02734
    0.06274
   -0.00820
    0.03123
   -0.00880
    0.02433
    0.01816
   -0.05628
    0.05918
    0.05519
    0.02408
    0.03930
   -0.03680
    0.01630

   -0.01261
   -0.05232
    0.04865
   -0.04915
    0.03632
   -0.07111
    0.05689
   -0.00557
    0.05933
    0.06714
   -0.06627
    0.02360
   -0.04045
   -0.00528
   -0.00166
    0.05923
    0.07756
   -0.06363
   -0.05870
   -0.01317
   -0.03734
   -0.05292
    0.05536
   -0.06380
    0.02902
    0.04733
    0.06097
    0.02559
   -0.01469
    0.02929
    0.02227
   -0.04427
   -0.00246
   -0.05688
   -0.03572
   -0.03531
   -0.00269
   -0.06050
   -0.05526
   -0.02246
   -0.00967
   -0.05306
   -0.05415
    0.06609
   -0.04836
   -0.03636
   -0.05174
   -0.00187
   -0.06309
   -0.01014
   -0.03361
   -0.05535
    0.03306
   -0.03481
    0.05632
   -0.02637
    0.00570
    0.00573
    0.02693
    0.05766
   -0.06334
    0.01134
   -0.06087
   -0.04163
   -0.00138
    0.02249
    0.03717
    0.06212
   -0.03631
   -0.03753
   -0.06979
   -0.01916
    0.04427
    0.02749
   -0.03936
   -0.02277
    0.03114
   -0.03216
   -0.06960
    0.05885
   -0.05481
    0.03038
   -0.03785
    0.04267
   -0.00973
    0.06914
   -0.04803
    0.05670
   -0.00329
   -0.05109
   -0.03764
    0.04568
   -0.02581
    0.00573
   -0.02359
   -0.05964
   -0.00945
   -0.00614
   -0.05753
   -0.00640
   -0.03427
    0.03730
    0.02067
   -0.02036
   -0.04706
    0.06225
    0.00287
   -0.02417
   -0.03868
   -0.04747
   -0.01371
    0.03026
    0.03148
   -0.06518
   -0.05483
   -0.08142
   -0.01182
   -0.07433
   -0.04744
    0.00817
    0.01057
    0.06364
   -0.06418
    0.00550
    0.06501
   -0.03283
   -0.03481
   -0.02145
    0.06053
   -0.00103
   -0.02880
    0.02920
    0.05999
   -0.06529
   -0.03374
    0.00441
    0.00013
   -0.00816
   -0.06752
    0.05443
    0.04383
   -0.01752
   -0.05214
    0.00536
   -0.06795
    0.02988
   -0.02426
    0.03293
    0.03538
   -0.02855
   -0.06012
    0.04730
    0.02020
   -0.01965
    0.01752
    0.01072
    0.01323
   -0.00412
   -0.01935
    0.02253
   -0.00067
    0.02763
    0.02060
    0.06063
   -0.05144
   -0.04716
    0.04697
   -0.04880
   -0.01756
   -0.00382
   -0.01004
   -0.02475
   -0.03271
    0.05304
    0.03402
    0.04118
   -0.02166
   -0.00771
    0.02028
    0.04040
   -0.07081
   -0.01926
   -0.02006
   -0.04925
   -0.00016
   -0.05611
   -0.04256
    0.06357
    0.07536
   -0.06570
   -0.05194
    0.05574
   -0.06424
    0.01365
    0.06168
    0.05691
    0.03971
    0.00891
   -0.05684
   -0.04848
   -0.05143
    0.04907
   -0.02640
    0.01325
   -0.03194
    0.01521
    0.05890
    0.05043
    0.05090
    0.03381
    0.04732
    0.01322
    0.05443
   -0.06323
    0.02399
    0.02957
   -0.03191
   -0.04529
   -0.02232
   -0.03594
   -0.05128
   -0.01737
    0.05462
   -0.02531
    0.07109
   -0.02071
    0.02314
   -0.06299
   -0.03008
   -0.01854
    0.01836
   -0.01166
    0.02342
    0.06737
   -0.06771
    0.06410
   -0.00965
   -0.03725
   -0.03454
   -0.00778
    0.00496
    0.02085
   -0.03427
   -0.02885
    0.00225
   -0.06076
   -0.01546
   -0.05637
    0.02456
   -0.01518
   -0.02838
   -0.03419
    0.00503
    0.00041
   -0.00597
   -0.03625
    0.05050
    0.05583
    0.05398
   -0.02612
    0.02435
   -0.04018
   -0.00686
   -0.05807
    0.05450
   -0.00682
    0.00798
    0.05054
   -0.05292
   -0.03309
    0.00583
    0.01033
    0.02447
    0.00040
   -0.03191
   -0.00234
   -0.06301
   -0.06323
    0.02452
   -0.04253
    0.06593
    0.01381
    0.04024
    0.04155
    0.00180
    0.03220
    0.00265
    0.04528
    0.01472
    0.05345
    0.01310
    0.04085
   -0.06084
    0.06849
    0.03253
    0.01698
   -0.05712
    0.01107
    0.04883
   -0.01397
   -0.06218
   -0.00436
    0.03069
   -0.01095
    0.03528
    0.05424
   -0.05585
    0.04796
    0.00674
    0.04939
    0.00956
   -0.04521
    0.07226
   -0.04050
   -0.00854
   -0.05455
   -0.01829
    0.02704
    0.05335
    0.05912
   -0.00674
   -0.02546
   -0.01705
    0.01647
   -0.04961
   -0.05923
    0.02618
   -0.06732
   -0.04688
   -0.00267
    0.02344
   -0.02683
    0.01307
   -0.02757
   -0.01929
    0.03253
   -0.05111
   -0.02868
   -0.00528
   -0.03337
    0.01317
    0.05811
   -0.02741
    0.06649
    0.02650
    0.05557
    0.01379
   -0.00247
    0.03057
   -0.05528
    0.06138
    0.06545
    0.06696
   -0.02354
   -0.02159
   -0.00133
   -0.00534
    0.01444
   -0.05405
    0.04196
    0.04241
   -0.06195
   -0.05658
   -0.04475
   -0.07348
   -0.02770
    0.04802
   -0.04791
    0.03349
   -0.03446
   -0.05073
   -0.05816
    0.03920
    0.01236
   -0.00195
    0.01552
    0.01686
   -0.03576
   -0.02961
    0.01237
    0.00967
   -0.05241
    0.01884
    0.03321
    0.06033
   -0.04661
   -0.02590
    0.01437
   -0.06038
    0.03946
   -0.00682
    0.05648
    0.00664
    0.05447
    0.01909
   -0.03877
    0.04629
    0.03651
    0.04939
   -0.05425
    0.06662
   -0.00714
    0.06843
    0.02557
   -0.02205
   -0.05531
   -0.02445
   -0.01611
    0.00382
   -0.05427
   -0.00094
    0.04089
    0.05408
   -0.04606
    0.02139
   -0.02725
   -0.01662
    0.07580
   -0.04098
    0.01115
    0.03951
   -0.00370
    0.05487
   -0.04827
   -0.02383
   -0.05890
    0.03889
    0.05405
   -0.00695
   -0.06201
    0.02313
    0.02037
   -0.04940
   -0.02097
   -0.02545
   -0.06802
   -0.00758
   -0.06203
   -0.06273
   -0.06332
    0.06027
    0.05791
   -0.04869
   -0.02078
   -0.00192
    0.02178
    0.00177
    0.05247
    0.02520
    0.00350
   -0.02292
   -0.05087
   -0.02620
   -0.00614
   -0.01131
    0.01153
   -0.05063
   -0.04350
    0.05286
    0.02607
   -0.04720
   -0.03851
    0.01175
    0.00844
    0.05393
   -0.04326
   -0.05435
    0.00997
   -0.05442
    0.05607
   -0.05472
    0.05532
    0.03149
    0.04896
    0.01632
    0.02373
   -0.00279
   -0.03132
   -0.00040
   -0.01668
    0.06055
    0.00945
    0.03863
    0.05457
   -0.01828
   -0.07391
    0.01286
    0.05823
   -0.01793
   -0.02991
   -0.05992
   -0.01083
    0.02527
    0.04632
    0.01284
   -0.05385
   -0.00412
    0.05164
   -0.02155
    0.02349
    0.02616
    0.03518
    0.05189
    0.04397
   -0.00445
   -0.03023
   -0.01163
    0.03533
   -0.06487
   -0.00377
   -0.05444
   -0.05379
    0.06766
   -0.00620
    0.05645
    0.04681
   -0.05736
    0.01564
    0.05066
    0.05403
   -0.01039
   -0.03077
   -0.06732
    0.00907
    0.05412
   -0.00489
    0.03208
    0.01513
    0.04397
    0.02960
   -0.04509
   -0.07106
    0.04278
    0.04009
   -0.05185
    0.00098
    0.05915
   -0.00274
   -0.02627
    0.05266
    0.06251
   -0.06523
   -0.04806
   -0.05286
   -0.03052
   -0.05342
   -0.04307
    0.01192
    0.01661
    0.02415
   -0.03104
    0.04145
    0.02906
   -0.03179
    0.03380
   -0.05617
   -0.03047
    0.01401
    0.07649
    0.00846
   -0.00992
   -0.05839
   -0.03081
   -0.03383
   -0.06161
    0.05667
   -0.01847
   -0.06242
    0.01509
   -0.05615
   -0.00046
   -0.04496
   -0.01636
    0.00481
    0.05053
    0.03994
   -0.00558
   -0.06722
    0.00617
    0.01049
    0.02439
   -0.04685
    0.04897
   -0.01265
   -0.03174
   -0.00899
   -0.02736
    0.06279
   -0.00815
    0.03117
   -0.00877
    0.02427
    0.01808
   -0.05626
    0.05923
    0.05534
    0.02408
    0.03928
   -0.03688
    0.01634

   -0.01357
   -0.05701
    0.04804
   -0.04474
    0.04112
   -0.06590
    0.05895
   -0.00766
    0.06376
    0.06716
   -0.06465
    0.02416
   -0.04506
   -0.00728
   -0.00676
    0.06293
    0.07092
   -0.05304
   -0.06044
   -0.01170
   -0.03137
   -0.05513
    0.05984
   -0.06235
    0.02292
    0.05086
    0.05484
    0.02355
   -0.01556
    0.03083
    0.01629
   -0.05150
    0.00103
   -0.06487
   -0.03742
   -0.03251
   -0.00663
   -0.06325
   -0.05612
   -0.02199
   -0.01176
   -0.06080
   -0.05868
    0.06580
   -0.04779
   -0.03024
   -0.04860
    0.00073
   -0.06915
   -0.01304
   -0.03781
   -0.05382
    0.03253
   -0.03585
    0.06135
   -0.02184
    0.00442
    0.00519
    0.02769
    0.06326
   -0.06069
    0.01128
   -0.05718
   -0.04503
    0.00216
    0.02458
    0.03739
    0.06031
   -0.03924
   -0.04136
   -0.07024
   -0.02054
    0.04101
    0.03265
   -0.04456
   -0.02895
    0.02696
   -0.03439
   -0.07378
    0.06053
   -0.05860
    0.02891
   -0.03675
    0.03478
   -0.01262
    0.06797
   -0.04098
    0.06216
   -0.00095
   -0.05656
   -0.03888
    0.04949
   -0.01994
    0.00972
   -0.02755
   -0.06096
   -0.00838
   -0.00409
   -0.05835
    0.00017
   -0.03607
    0.04850
    0.01980
   -0.01575
   -0.05501
    0.05945
    0.00153
   -0.02485
   -0.03791
   -0.05055
   -0.01062
    0.03605
    0.02100
   -0.05998
   -0.05076
   -0.07271
   -0.01043
   -0.07189
   -0.04978
    0.01102
    0.01096
    0.06149
   -0.05558
    0.00672
    0.06235
   -0.03596
   -0.03250
   -0.02341
    0.05952
   -0.00493
   -0.02482
    0.03349
    0.06168
   -0.05983
   -0.03433
    0.00715
   -0.00301
   -0.00697
   -0.06594
    0.05292
    0.04273
   -0.02438
   -0.04849
   -0.00019
   -0.07297
    0.03250
   -0.02513
    0.03031
    0.03450
   -0.03249
   -0.05493
    0.04899
    0.01755
   -0.01989
    0.02181
    0.01293
    0.01250
   -0.00314
   -0.02597
    0.01908
    0.00019
    0.02875
    0.01836
    0.05696
   -0.04654
   -0.04000
    0.04871
   -0.04647
   -0.02607
   -0.00621
   -0.01281
   -0.02475
   -0.03221
    0.05132
    0.03479
    0.03892
   -0.02298
   -0.01006
    0.02053
    0.04471
   -0.06255
   -0.02440
   -0.01752
   -0.04699
   -0.00178
   -0.05397
   -0.04428
    0.06185
    0.07107
   -0.06083
   -0.05587
    0.05563
   -0.05392
    0.01734
    0.06541
    0.06130
    0.04222
    0.00989
   -0.06469
   -0.05519
   -0.05196
    0.05233
   -0.02438
    0.01260
   -0.03061
    0.01421
    0.06047
    0.04902
    0.05370
    0.03057
    0.05143
    0.00899
    0.04967
   -0.06613
    0.02454
    0.02894
   -0.03110
   -0.04589
   -0.02286
   -0.03419
   -0.05229
   -0.02108
    0.05724
   -0.02792
    0.06447
   -0.01761
    0.02555
   -0.06394
   -0.02780
   -0.01519
    0.01739
   -0.01580
    0.02109
    0.06966
   -0.06583
    0.06272
   -0.01167
   -0.04179
   -0.03555
    0.00386
    0.01070
    0.02150
   -0.04091
   -0.02771
    0.00714
   -0.05875
   -0.01422
   -0.05873
    0.03174
   -0.01474
   -0.02223
   -0.03531
   -0.00103
    0.00038
   -0.00859
   -0.03472
    0.04644
    0.06395
    0.05732
   -0.02132
    0.02542
   -0.04047
   -0.00917
   -0.05865
    0.05605
   -0.01168
    0.00386
    0.04412
   -0.05038
   -0.03461
    0.00965
    0.01328
    0.02147
    0.00497
   -0.02917
   -0.00617
   -0.06512
   -0.06589
    0.02159
   -0.03888
    0.06514
    0.00608
    0.04025
    0.03564
   -0.00348
    0.03244
    0.00069
    0.04876
    0.02134
    0.05420
    0.01562
    0.04071
   -0.06371
    0.06055
    0.03185
    0.01278
   -0.05250
    0.01780
    0.05203
   -0.00911
   -0.06189
   -0.00648
    0.02703
   -0.01098
    0.03018
    0.04933
   -0.05254
    0.04682
    0.00940
    0.04473
    0.00371
   -0.04538
    0.06809
   -0.03971
   -0.00832
   -0.05371
   -0.02339
    0.02655
    0.05406
    0.05569
   -0.01446
   -0.02490
   -0.01753
    0.01104
   -0.05020
   -0.05993
    0.02320
   -0.06900
   -0.05360
    0.00329
    0.01531
   -0.02751
    0.01182
   -0.02596
   -0.02042
    0.03321
   -0.05206
   -0.03641
    0.00000
   -0.03162
    0.01744
    0.06226
   -0.02722
    0.05931
    0.02796
    0.05848
    0.01340
    0.00429
    0.02907
   -0.05338
    0.05429
    0.06105
    0.06519
   -0.01696
   -0.01996
   -0.00396
   -0.00507
    0.01788
   -0.05821
    0.04683
    0.04791
   -0.06454
   -0.05461
   -0.04116
   -0.07043
   -0.03059
    0.04398
   -0.04336
    0.03137
   -0.03866
   -0.05427
   -0.06207
    0.04328
    0.01302
    0.00147
    0.02175
    0.01637
   -0.03609
   -0.02604
    0.01470
    0.00320
   -0.04892
    0.01766
    0.03537
    0.05857
   -0.04579
   -0.03120
    0.01553
   -0.06064
    0.03891
   -0.00815
    0.05479
    0.00605
    0.05892
    0.01778
   -0.04170
    0.05312
    0.03806
    0.05390
   -0.04816
    0.06526
   -0.00348
    0.06405
    0.02609
   -0.02765
   -0.05846
   -0.01948
   -0.01602
    0.00529
   -0.04905
    0.00283
    0.04373
    0.05791
   -0.04677
    0.01924
   -0.02804
   -0.01714
    0.07434
   -0.03971
    0.01014
    0.04174
    0.00080
    0.05465
   -0.04895
   -0.02096
   -0.06212
    0.04121
    0.04435
   -0.00678
   -0.06730
    0.02595
    0.02299
   -0.05041
   -0.02564
   -0.01890
   -0.06254
   -0.01260
   -0.05291
   -0.06397
   -0.06006
    0.05959
    0.05927
   -0.05060
   -0.02817
    0.00676
    0.01965
   -0.00032
    0.05319
    0.02625
    0.00142
   -0.02647
   -0.05294
   -0.02547
   -0.00970
   -0.00709
    0.00966
   -0.05212
   -0.03625
    0.05279
    0.02365
   -0.03904
   -0.04317
    0.01421
    0.01191
    0.05981
   -0.05093
   -0.05131
    0.00947
   -0.05330
    0.05357
   -0.05179
    0.05612
    0.03568
    0.05096
    0.01649
    0.02536
   -0.00520
   -0.03592
    0.00415
   -0.01307
    0.05874
    0.00908
    0.04015
    0.05404
   -0.01784
   -0.06792
    0.00897
    0.05780
   -0.00989
   -0.03191
   -0.06009
   -0.01291
    0.02592
    0.04330
    0.00717
   -0.04504
    0.00021
    0.05454
   -0.01978
    0.02472
    0.02466
    0.03198
    0.05222
    0.04172
   -0.00254
   -0.03797
   -0.01095
    0.03682
   -0.06478
   -0.00290
   -0.05824
   -0.05754
    0.06611
   -0.00499
    0.05105
    0.04938
   -0.06074
    0.01004
    0.05138
    0.05977
   -0.00722
   -0.03129
   -0.06234
    0.00438
    0.05468
   -0.00108
    0.02907
    0.01937
    0.03680
    0.03789
   -0.04677
   -0.06905
    0.04468
    0.04252
   -0.05116
    0.00468
    0.05488
   -0.00371
   -0.02949
    0.04805
    0.06829
   -0.06460
   -0.04705
   -0.05738
   -0.02809
   -0.04946
   -0.04198
    0.00236
    0.01521
    0.02742
   -0.03849
    0.04134
    0.02948
   -0.03089
    0.04019
   -0.05435
   -0.03316
    0.01732
    0.07175
    0.01108
   -0.01136
   -0.06245
   -0.02998
   -0.02899
   -0.06256
    0.05676
   -0.02139
   -0.06275
    0.01899
   -0.05510
   -0.00010
   -0.04291
   -0.01661
    0.00563
    0.05292
    0.03603
   -0.01019
   -0.06927
    0.00243
    0.00847
    0.02000
   -0.04502
    0.04744
   -0.01286
   -0.03153
   -0.00031
   -0.02376
    0.06962
   -0.00990
    0.03189
   -0.00661
    0.02709
    0.01524
   -0.05608
    0.06050
    0.06437
    0.02312
    0.03044
   -0.03866
    0.00923
