 427527077513446
       6446
 3600.04671
   -1.00748
    0.00000
   -1.01340
    0.00000

   -0.05920
    0.04844
   -0.01569
   -0.01214
    0.05109
   -0.01345
    0.03700
    0.01892
    0.01438
    0.03730
   -0.03721
   -0.02637
   -0.03431
    0.02938
   -0.05994
    0.06876
    0.06586
    0.02401
    0.03079
   -0.05237
   -0.07094
   -0.05662
   -0.00117
   -0.03878
    0.01588
    0.01978
    0.06351
    0.06798
    0.04828
    0.02080
   -0.05607
    0.02914
   -0.07175
   -0.00762
   -0.06325
   -0.02927
   -0.03915
    0.04257
   -0.01027
    0.05055
    0.04804
    0.01897
   -0.02012
    0.06590
   -0.06402
    0.00317
    0.03981
    0.04140
    0.00956
   -0.00873
    0.02147
    0.01177
    0.00432
   -0.00608
    0.00705
    0.03950
   -0.07190
    0.00597
   -0.05968
    0.01857
   -0.01608
    0.03285
   -0.04821
   -0.04639
   -0.01873
   -0.00488
    0.05115
   -0.05731
    0.04518
   -0.05404
   -0.03134
    0.06969
    0.02851
    0.00488
    0.04064
   -0.06721
    0.05626
   -0.02751
   -0.06054
   -0.02000
   -0.04656
   -0.04513
    0.02645
    0.05106
   -0.02949
    0.01074
   -0.02512
   -0.01726
   -0.01116
    0.01219
   -0.02008
   -0.06232
    0.03864
    0.05364
   -0.00919
    0.03540
   -0.03299
    0.04145
   -0.02743
   -0.06366
    0.00906
   -0.06908
   -0.00640
    0.03609
   -0.03035
    0.03685
   -0.02621
    0.02756
   -0.06022
   -0.02901
   -0.04762
    0.04133
   -0.04371
    0.04875
    0.02171
   -0.04739
    0.06458
   -0.02312
   -0.04705
    0.01548
    0.00468
   -0.06002
    0.01629
    0.00199
   -0.03932
    0.02969
   -0.00880
   -0.05218
   -0.02210
   -0.06057
   -0.02663
    0.04673
    0.01915
   -0.02574
    0.05404
   -0.04146
   -0.03390
   -0.03905
    0.06752
    0.01043
   -0.06524
    0.05728
    0.04081
    0.00715
    0.02402
   -0.04040
    0.05677
    0.04812
   -0.05858
   -0.01733
   -0.07042
   -0.03564
   -0.04187
   -0.04643
    0.05600
   -0.05102
   -0.02008
    0.00313
    0.03892
    0.03219
    0.05680
   -0.06808
    0.00115
   -0.02812
    0.01412
   -0.02856
   -0.00558
   -0.00033
    0.01067
    0.03987
    0.01856
    0.02203
   -0.04882
   -0.03895
   -0.05227
   -0.02921
    0.06450
    0.04243
    0.05878
    0.05041
    0.01133
   -0.00482
    0.00037
    0.06562
   -0.00913
    0.04759
    0.03727
    0.03143
    0.05501
    0.00208
   -0.05657
    0.03921
    0.05078
    0.02685
   -0.06767
   -0.00004
    0.00111
    0.05120
    0.01108
    0.05165
   -0.00740
    0.02263
    0.03201
   -0.06662
    0.06002
    0.03697
    0.05808
    0.03742
   -0.00132
    0.05434
    0.05860
    0.00275
    0.06098
   -0.05347
   -0.01559
   -0.00540
    0.05132
    0.05241
   -0.04771
   -0.01642
    0.00023
   -0.02347
    0.02285
   -0.01841
    0.00803
    0.04880
    0.00571
    0.05647
    0.01832
   -0.01415
    0.02957
    0.06004
    0.00721
    0.00760
    0.02565
   -0.02194
    0.01007
    0.00135
    0.04821
   -0.02778
   -0.05653
   -0.01582
   -0.06320
    0.02901
    0.01107
   -0.07067
   -0.05268
   -0.02876
   -0.06458
    0.06597
   -0.05377
   -0.07375
   -0.04990
    0.01729
    0.05593
   -0.04842
   -0.03374
    0.00885
   -0.03488
   -0.04218
   -0.03432
    0.02250
   -0.04216
   -0.04359
    0.02345
   -0.00479
   -0.05743
   -0.06059
    0.02993
    0.02562
    0.02862
    0.02642
   -0.06521
   -0.04218
   -0.05064
    0.02193
    0.02446
    0.06901
    0.02129
   -0.00343
    0.01219
    0.03499
   -0.03514
   -0.02131
   -0.01957
    0.00796
   -0.01817
   -0.07188
    0.06759
   -0.02660
   -0.03036
   -0.06319
    0.00408
    0.05142
   -0.01218
   -0.04241
    0.04166
    0.06509
    0.01380
   -0.03655
   -0.01217
    0.03894
   -0.02646
    0.03357
    0.05904
    0.01592
    0.04018
    0.00802
   -0.01311
   -0.00304
   -0.05594
   -0.03986
   -0.02661
   -0.00706
    0.01053
   -0.02597
    0.06268
   -0.01578
   -0.02023
   -0.00682
   -0.02450
    0.02911
   -0.07168
    0.05049
    0.02155
   -0.05286
    0.00381
    0.03015
    0.06757
    0.03730
    0.01237
   -0.04048
   -0.00807
    0.04767
   -0.01151
   -0.04327
    0.02612
   -0.06108
   -0.06465
   -0.05806
    0.06211
   -0.03580
    0.02404
   -0.01782
    0.05275
   -0.01052
   -0.03653
    0.05797
   -0.03859
    0.05856
   -0.02598
   -0.03184
   -0.06331
    0.00138
    0.03289
    0.06602
   -0.02128
   -0.04899
    0.01623
    0.02419
    0.03364
    0.02783
    0.00101
   -0.03215
   -0.03631
   -0.03920
   -0.01457
   -0.04934
    0.06800
   -0.02001
    0.06331
    0.05525
   -0.00359
    0.04196
    0.06615
    0.03423
    0.04355
    0.03164
    0.01497
    0.00802
   -0.03464
   -0.06079
    0.03559
    0.00634
   -0.06209
    0.01421
    0.05519
    0.05527
    0.02642
    0.05730
    0.03089
    0.06140
   -0.01790
    0.01287
    0.00576
    0.05567
   -0.03482
    0.01512
    0.03470
   -0.05844
    0.04581
    0.00421
    0.01815
    0.00696
    0.06090
    0.01371
    0.03251
   -0.05260
    0.03561
    0.04333
   -0.03845
   -0.04807
   -0.06434
   -0.03220
    0.06605
    0.01107
   -0.02178
    0.04494
   -0.03545
   -0.02447
    0.05690
    0.02096
   -0.06630
   -0.05851
    0.05777
   -0.02639
    0.06201
    0.00620
   -0.02724
    0.06199
    0.00185
   -0.02603
   -0.06831
   -0.06657
   -0.00973
    0.02660
   -0.03864
    0.06885
    0.06487
   -0.01621
   -0.04194
    0.03505
    0.01463
   -0.01368
    0.00270
   -0.06161
    0.03443
   -0.05821
    0.02227
   -0.01501
   -0.04337
    0.02913
   -0.04840
   -0.01228
    0.03873
    0.02199
    0.00724
   -0.03028
   -0.05901
   -0.05992
   -0.03539
    0.02191
   -0.05250
   -0.00752
    0.05554
    0.00467
   -0.00716
   -0.05592
    0.07263
   -0.06287
    0.03827
   -0.05408
    0.03308
    0.06190
   -0.06647
    0.05318
    0.00766
   -0.03042
    0.00372
    0.03682
    0.04771
    0.05901
    0.03939
   -0.05850
   -0.01586
    0.05059
    0.03511
   -0.04544
   -0.02046
   -0.05675
    0.04953
    0.06516
   -0.04239
   -0.06552
   -0.02931
    0.05993
   -0.05933
   -0.07205
    0.00696
   -0.00579
   -0.06913
   -0.03495
    0.03211
    0.02251
    0.04761
    0.01204
    0.02430
    0.06047
   -0.05065
    0.04595
   -0.01174
    0.06093
    0.03080
   -0.03268
   -0.00705
   -0.01750
   -0.01420
    0.00932
    0.05318
    0.03482
   -0.03369
    0.03665
    0.04418
   -0.05707
    0.05626
   -0.02525
   -0.03374
   -0.02972
   -0.04744
   -0.00174
    0.00309
   -0.04373
   -0.02191
    0.07133
    0.01720
    0.03096
   -0.03290
   -0.01644
   -0.04293
    0.04215
    0.01991
    0.03212
   -0.04209
    0.00452
   -0.06005
   -0.01412
    0.01858
    0.01936
   -0.04991
   -0.01160
    0.03044
   -0.01109
   -0.05173
   -0.00211
    0.02237
    0.00414
    0.02837
   -0.04638
    0.03992
    0.01236
    0.03576
   -0.01268
   -0.06062
    0.03310
    0.07361
    0.04333
    0.01551
   -0.05663
   -0.04804
    0.02538
   -0.01426
    0.02577
    0.00414
   -0.01285
    0.04564
   -0.01795
   -0.03047
    0.03187
    0.03006
   -0.07457
    0.01337
    0.07319
    0.05594
   -0.00993
   -0.07107
   -0.00218
    0.02566
   -0.02102
    0.01423
    0.04586
   -0.06907
    0.06313
   -0.04173
   -0.04534
   -0.05017
    0.05889
    0.03770
   -0.02212
    0.03349
    0.01459

   -0.05965
    0.04880
   -0.01576
   -0.01237
    0.05135
   -0.01347
    0.03723
    0.01911
    0.01428
    0.03760
   -0.03745
   -0.02663
   -0.03457
    0.02946
   -0.06026
    0.06927
    0.06625
    0.02418
    0.03083
   -0.05298
   -0.07150
   -0.05693
   -0.00127
   -0.03900
    0.01591
    0.01992
    0.06402
    0.06834
    0.04848
    0.02085
   -0.05645
    0.02933
   -0.07221
   -0.00760
   -0.06369
   -0.02945
   -0.03939
    0.04287
   -0.01051
    0.05081
    0.04830
    0.01911
   -0.02035
    0.06635
   -0.06437
    0.00318
    0.04019
    0.04171
    0.00960
   -0.00892
    0.02167
    0.01199
    0.00426
   -0.00607
    0.00699
    0.03971
   -0.07248
    0.00609
   -0.06005
    0.01868
   -0.01610
    0.03317
   -0.04867
   -0.04690
   -0.01906
   -0.00495
    0.05155
   -0.05792
    0.04549
   -0.05443
   -0.03146
    0.07014
    0.02858
    0.00474
    0.04083
   -0.06773
    0.05696
   -0.02762
   -0.06092
   -0.02006
   -0.04678
   -0.04546
    0.02656
    0.05128
   -0.02953
    0.01082
   -0.02539
   -0.01730
   -0.01119
    0.01228
   -0.02036
   -0.06283
    0.03896
    0.05391
   -0.00921
    0.03565
   -0.03313
    0.04151
   -0.02755
   -0.06398
    0.00900
   -0.06954
   -0.00631
    0.03631
   -0.03061
    0.03703
   -0.02644
    0.02763
   -0.06055
   -0.02917
   -0.04772
    0.04158
   -0.04406
    0.04909
    0.02184
   -0.04756
    0.06517
   -0.02317
   -0.04728
    0.01550
    0.00478
   -0.06030
    0.01627
    0.00203
   -0.03967
    0.02975
   -0.00886
   -0.05256
   -0.02215
   -0.06097
   -0.02691
    0.04690
    0.01909
   -0.02587
    0.05441
   -0.04170
   -0.03388
   -0.03936
    0.06805
    0.01041
   -0.06565
    0.05782
    0.04113
    0.00735
    0.02422
   -0.04080
    0.05724
    0.04835
   -0.05888
   -0.01749
   -0.07106
   -0.03583
   -0.04216
   -0.04659
    0.05661
   -0.05125
   -0.02014
    0.00299
    0.03935
    0.03234
    0.05722
   -0.06856
    0.00119
   -0.02840
    0.01423
   -0.02875
   -0.00547
   -0.00036
    0.01055
    0.04004
    0.01861
    0.02212
   -0.04912
   -0.03931
   -0.05256
   -0.02951
    0.06498
    0.04267
    0.05922
    0.05076
    0.01124
   -0.00482
    0.00059
    0.06600
   -0.00918
    0.04787
    0.03758
    0.03156
    0.05545
    0.00212
   -0.05692
    0.03923
    0.05118
    0.02695
   -0.06816
   -0.00003
    0.00115
    0.05132
    0.01093
    0.05201
   -0.00728
    0.02279
    0.03207
   -0.06715
    0.06035
    0.03722
    0.05837
    0.03760
   -0.00136
    0.05449
    0.05869
    0.00266
    0.06135
   -0.05389
   -0.01569
   -0.00541
    0.05154
    0.05265
   -0.04796
   -0.01659
    0.00011
   -0.02358
    0.02302
   -0.01842
    0.00802
    0.04918
    0.00585
    0.05680
    0.01845
   -0.01408
    0.02967
    0.06031
    0.00707
    0.00763
    0.02592
   -0.02206
    0.00999
    0.00144
    0.04859
   -0.02768
   -0.05692
   -0.01627
   -0.06345
    0.02930
    0.01112
   -0.07128
   -0.05300
   -0.02898
   -0.06497
    0.06644
   -0.05408
   -0.07419
   -0.05031
    0.01753
    0.05617
   -0.04886
   -0.03395
    0.00903
   -0.03521
   -0.04259
   -0.03454
    0.02264
   -0.04232
   -0.04394
    0.02361
   -0.00491
   -0.05778
   -0.06098
    0.03003
    0.02575
    0.02886
    0.02651
   -0.06570
   -0.04240
   -0.05110
    0.02225
    0.02466
    0.06939
    0.02137
   -0.00343
    0.01225
    0.03531
   -0.03552
   -0.02139
   -0.01976
    0.00789
   -0.01836
   -0.07236
    0.06818
   -0.02679
   -0.03064
   -0.06374
    0.00403
    0.05163
   -0.01238
   -0.04258
    0.04186
    0.06533
    0.01378
   -0.03685
   -0.01229
    0.03925
   -0.02663
    0.03370
    0.05941
    0.01617
    0.04024
    0.00808
   -0.01309
   -0.00314
   -0.05625
   -0.04014
   -0.02676
   -0.00703
    0.01062
   -0.02608
    0.06309
   -0.01589
   -0.02044
   -0.00679
   -0.02464
    0.02950
   -0.07222
    0.05068
    0.02168
   -0.05330
    0.00374
    0.03039
    0.06803
    0.03762
    0.01253
   -0.04063
   -0.00830
    0.04777
   -0.01144
   -0.04352
    0.02626
   -0.06141
   -0.06511
   -0.05833
    0.06245
   -0.03609
    0.02415
   -0.01793
    0.05300
   -0.01063
   -0.03688
    0.05825
   -0.03898
    0.05880
   -0.02611
   -0.03208
   -0.06376
    0.00145
    0.03302
    0.06658
   -0.02140
   -0.04917
    0.01637
    0.02443
    0.03365
    0.02784
    0.00101
   -0.03246
   -0.03655
   -0.03951
   -0.01449
   -0.04968
    0.06848
   -0.02031
    0.06377
    0.05579
   -0.00371
    0.04225
    0.06663
    0.03449
    0.04377
    0.03175
    0.01519
    0.00806
   -0.03488
   -0.06114
    0.03590
    0.00630
   -0.06254
    0.01421
    0.05561
    0.05569
    0.02663
    0.05763
    0.03104
    0.06175
   -0.01802
    0.01304
    0.00571
    0.05584
   -0.03520
    0.01531
    0.03488
   -0.05886
    0.04598
    0.00425
    0.01832
    0.00690
    0.06115
    0.01369
    0.03277
   -0.05286
    0.03584
    0.04351
   -0.03863
   -0.04835
   -0.06486
   -0.03227
    0.06639
    0.01102
   -0.02189
    0.04522
   -0.03576
   -0.02454
    0.05724
    0.02103
   -0.06679
   -0.05903
    0.05817
   -0.02652
    0.06242
    0.00654
   -0.02748
    0.06244
    0.00187
   -0.02614
   -0.06864
   -0.06675
   -0.00969
    0.02666
   -0.03897
    0.06926
    0.06532
   -0.01647
   -0.04235
    0.03529
    0.01471
   -0.01384
    0.00265
   -0.06193
    0.03478
   -0.05848
    0.02238
   -0.01506
   -0.04369
    0.02929
   -0.04897
   -0.01243
    0.03899
    0.02232
    0.00729
   -0.03039
   -0.05952
   -0.06034
   -0.03563
    0.02213
   -0.05282
   -0.00741
    0.05584
    0.00461
   -0.00714
   -0.05636
    0.07309
   -0.06321
    0.03848
   -0.05437
    0.03313
    0.06222
   -0.06697
    0.05340
    0.00769
   -0.03062
    0.00357
    0.03689
    0.04809
    0.05923
    0.03961
   -0.05869
   -0.01595
    0.05088
    0.03544
   -0.04578
   -0.02049
   -0.05722
    0.04982
    0.06578
   -0.04271
   -0.06602
   -0.02948
    0.06046
   -0.05958
   -0.07258
    0.00703
   -0.00603
   -0.06980
   -0.03505
    0.03241
    0.02268
    0.04782
    0.01217
    0.02432
    0.06099
   -0.05087
    0.04627
   -0.01180
    0.06136
    0.03094
   -0.03302
   -0.00719
   -0.01749
   -0.01416
    0.00945
    0.05338
    0.03504
   -0.03400
    0.03698
    0.04456
   -0.05739
    0.05667
   -0.02533
   -0.03390
   -0.02987
   -0.04770
   -0.00181
    0.00306
   -0.04410
   -0.02208
    0.07186
    0.01731
    0.03121
   -0.03337
   -0.01650
   -0.04310
    0.04239
    0.02009
    0.03242
   -0.04243
    0.00453
   -0.06043
   -0.01427
    0.01875
    0.01969
   -0.05028
   -0.01167
    0.03046
   -0.01108
   -0.05203
   -0.00228
    0.02263
    0.00419
    0.02852
   -0.04667
    0.04021
    0.01233
    0.03614
   -0.01280
   -0.06092
    0.03318
    0.07402
    0.04366
    0.01565
   -0.05697
   -0.04838
    0.02546
   -0.01434
    0.02585
    0.00420
   -0.01296
    0.04585
   -0.01798
   -0.03072
    0.03199
    0.03018
   -0.07514
    0.01358
    0.07373
    0.05624
   -0.01001
   -0.07165
   -0.00232
    0.02575
   -0.02114
    0.01425
    0.04596
   -0.06957
    0.06360
   -0.04197
   -0.04543
   -0.05042
    0.05935
    0.03797
   -0.02226
    0.03366
    0.01469
