          1          0    0.00000   -0.37607    0.00000   -0.37607    0.00000   -4.50648    4.50648    0.00000
          1          1    0.02394   -0.37607    0.00000   -0.37607    0.00000   -0.75025   -0.37607    0.00000
          2          0    0.02394   -0.36377    0.00000   -0.37607    0.00000   -0.75025   -0.37607   -0.56316
          2          1    0.05277   -0.41525    0.00000   -0.37700    0.00000   -0.51173   -0.37700   -0.56316
          2          2    0.09902   -0.43459    0.00000   -0.38375    0.00000   -0.49791   -0.38375   -0.56316
          2          3    0.13898   -0.44430    0.00000   -0.46248    0.00000   -0.49060   -0.46248   -0.56316
          2          4    0.18242   -0.45202    0.00000   -0.45003    0.00000   -0.48136   -0.46248   -0.56316
          2          5    0.21690   -0.45627    0.00000   -0.46220    0.00000   -0.47717   -0.46248   -0.56316
          2          6    0.31188   -0.45915    0.00000   -0.46789    0.00000   -0.47659   -0.46789   -0.56316
          2          7    0.37307   -0.46113    0.00000   -0.46994    0.00000   -0.47420   -0.46994   -0.56316
          2          8    0.43178   -0.46264    0.00000   -0.47139    0.00000   -0.47369   -0.47139   -0.56316
          2          9    0.50199   -0.46377    0.00000   -0.47042    0.00000   -0.47264   -0.47139   -0.56316
          2         10    0.56317   -0.46462    0.00000   -0.47125    0.00000   -0.47228   -0.47139   -0.56316
