          1          0    0.00000   -1.03588    0.00000   -1.03588    0.00000   -3.39677    3.39677    0.00000
          1          1    0.03139   -1.03630    0.00000   -1.03447    0.00000   -3.39677   -1.03447    0.00000
          2          0    0.03139   -0.41717    0.00000   -1.03447    0.00000   -3.39677   -1.03447   -2.21562
          2        100    5.90513   -0.98971    0.00000   -1.03965    0.00000   -3.39677   -1.03979   -2.21562
          2        200   11.72892   -1.00483    0.00000   -1.04038    0.00000   -3.39677   -1.04071   -2.21562
          2        300   17.09530   -1.01157    0.00000   -1.04060    0.00000   -3.39677   -1.04080   -2.21562
          2        400   22.90016   -1.01560    0.00000   -1.04073    0.00000   -3.39677   -1.04121   -2.21562
          2        500   28.35827   -1.01836    0.00000   -1.04027    0.00000   -3.39677   -1.04121   -2.21562
          2        600   34.04950   -1.02039    0.00000   -1.04098    0.00000   -3.39677   -1.04121   -2.21562
          2        700   39.95079   -1.02197    0.00000   -1.04091    0.00000   -3.39677   -1.04124   -2.21562
          2        800   45.73046   -1.02324    0.00000   -1.04116    0.00000   -3.39677   -1.04130   -2.21562
          2        900   51.14762   -1.02430    0.00000   -1.04081    0.00000   -3.39677   -1.04130   -2.21562
          2       1000   56.79017   -1.02519    0.00000   -1.04101    0.00000   -3.39677   -1.04139   -2.21562
          2       1100   62.51714   -1.02596    0.00000   -1.04095    0.00000   -3.39677   -1.04139   -2.21562
          2       1200   68.13161   -1.02663    0.00000   -1.04121    0.00000   -3.39677   -1.04147   -2.21562
          2       1300   73.94758   -1.02722    0.00000   -1.04111    0.00000   -3.39677   -1.04147   -2.21562
          2       1400   79.38540   -1.02774    0.00000   -1.04107    0.00000   -3.39677   -1.04147   -2.21562
          2       1500   85.11358   -1.02822    0.00000   -1.04112    0.00000   -3.39677   -1.04147   -2.21562
          2       1600   90.63395   -1.02865    0.00000   -1.04124    0.00000   -3.39677   -1.04147   -2.21562
          2       1700   95.90050   -1.02904    0.00000   -1.04104    0.00000   -3.39677   -1.04147   -2.21562
          2       1800  101.09452   -1.02939    0.00000   -1.04105    0.00000   -3.39677   -1.04147   -2.21562
          2       1900  106.74573   -1.02972    0.00000   -1.04114    0.00000   -3.39677   -1.04153   -2.21562
          2       2000  112.49905   -1.03002    0.00000   -1.04127    0.00000   -3.39677   -1.04153   -2.21562
          2       2100  117.81349   -1.03030    0.00000   -1.04099    0.00000   -3.39677   -1.04158   -2.21562
          2       2200  123.27313   -1.03056    0.00000   -1.04129    0.00000   -3.39677   -1.04158   -2.21562
          2       2300  128.86585   -1.03081    0.00000   -1.04126    0.00000   -3.39677   -1.04158   -2.21562
          2       2400  135.07240   -1.03104    0.00000   -1.04134    0.00000   -3.39677   -1.04158   -2.21562
          2       2500  140.34990   -1.03125    0.00000   -1.04114    0.00000   -3.39677   -1.04158   -2.21562
          2       2600  145.72853   -1.03145    0.00000   -1.04139    0.00000   -3.39677   -1.04158   -2.21562
          2       2700  150.83573   -1.03165    0.00000   -1.04121    0.00000   -3.39677   -1.04162   -2.21562
          2       2800  156.29204   -1.03183    0.00000   -1.04137    0.00000   -3.39677   -1.04162   -2.21562
          2       2900  161.79046   -1.03200    0.00000   -1.04125    0.00000   -3.39677   -1.04162   -2.21562
          2       3000  167.92237   -1.03216    0.00000   -1.04140    0.00000   -3.39677   -1.04162   -2.21562
          2       3100  173.53208   -1.03231    0.00000   -1.04144    0.00000   -3.39677   -1.04162   -2.21562
          2       3200  179.30516   -1.03246    0.00000   -1.04117    0.00000   -3.39677   -1.04162   -2.21562
          2       3300  185.26104   -1.03260    0.00000   -1.04137    0.00000   -3.39677   -1.04162   -2.21562
          2       3400  190.92285   -1.03274    0.00000   -1.04140    0.00000   -3.39677   -1.04162   -2.21562
          2       3500  196.78632   -1.03287    0.00000   -1.04142    0.00000   -3.39677   -1.04162   -2.21562
          2       3600  202.86000   -1.03299    0.00000   -1.04140    0.00000   -3.39677   -1.04162   -2.21562
          2       3700  208.89369   -1.03311    0.00000   -1.04143    0.00000   -3.39677   -1.04162   -2.21562
          2       3800  214.80963   -1.03322    0.00000   -1.04135    0.00000   -3.39677   -1.04162   -2.21562
          2       3900  220.47813   -1.03333    0.00000   -1.04138    0.00000   -3.39677   -1.04162   -2.21562
          2       4000  226.48102   -1.03343    0.00000   -1.04133    0.00000   -3.39677   -1.04162   -2.21562
          2       4100  232.06628   -1.03353    0.00000   -1.04131    0.00000   -3.39677   -1.04162   -2.21562
          2       4200  238.04703   -1.03363    0.00000   -1.04129    0.00000   -3.39677   -1.04162   -2.21562
          2       4300  243.96895   -1.03373    0.00000   -1.04137    0.00000   -3.39677   -1.04162   -2.21562
          2       4400  249.81859   -1.03382    0.00000   -1.04142    0.00000   -3.39677   -1.04162   -2.21562
          2       4500  255.86911   -1.03390    0.00000   -1.04144    0.00000   -3.39677   -1.04162   -2.21562
          2       4600  261.30963   -1.03399    0.00000   -1.04129    0.00000   -3.39677   -1.04162   -2.21562
          2       4700  267.31169   -1.03407    0.00000   -1.04147    0.00000   -3.39677   -1.04162   -2.21562
          2       4800  273.04015   -1.03415    0.00000   -1.04128    0.00000   -3.39677   -1.04162   -2.21562
          2       4900  279.02064   -1.03423    0.00000   -1.04142    0.00000   -3.39677   -1.04162   -2.21562
          2       5000  284.57079   -1.03430    0.00000   -1.04133    0.00000   -3.39677   -1.04162   -2.21562
          2       5100  290.62176   -1.03438    0.00000   -1.04131    0.00000   -3.39677   -1.04162   -2.21562
          2       5200  296.38601   -1.03445    0.00000   -1.04147    0.00000   -3.39677   -1.04162   -2.21562
          2       5300  301.48955   -1.03451    0.00000   -1.04134    0.00000   -3.39677   -1.04162   -2.21562
          2       5400  307.62644   -1.03458    0.00000   -1.04147    0.00000   -3.39677   -1.04162   -2.21562
          2       5500  313.13047   -1.03465    0.00000   -1.04140    0.00000   -3.39677   -1.04162   -2.21562
          2       5600  319.01120   -1.03471    0.00000   -1.04130    0.00000   -3.39677   -1.04162   -2.21562
          2       5700  324.91093   -1.03477    0.00000   -1.04150    0.00000   -3.39677   -1.04162   -2.21562
          2       5800  330.74918   -1.03483    0.00000   -1.04143    0.00000   -3.39677   -1.04162   -2.21562
          2       5900  336.39673   -1.03489    0.00000   -1.04146    0.00000   -3.39677   -1.04162   -2.21562
          2       6000  342.47038   -1.03494    0.00000   -1.04147    0.00000   -3.39677   -1.04162   -2.21562
          2       6100  348.36075   -1.03500    0.00000   -1.04151    0.00000   -3.39677   -1.04162   -2.21562
          2       6200  354.43841   -1.03505    0.00000   -1.04146    0.00000   -3.39677   -1.04162   -2.21562
          2       6300  360.56850   -1.03511    0.00000   -1.04148    0.00000   -3.39677   -1.04162   -2.21562
          2       6400  366.18961   -1.03516    0.00000   -1.04146    0.00000   -3.39677   -1.04162   -2.21562
          2       6500  372.17499   -1.03521    0.00000   -1.04139    0.00000   -3.39677   -1.04162   -2.21562
          2       6600  377.91697   -1.03526    0.00000   -1.04150    0.00000   -3.39677   -1.04162   -2.21562
          2       6700  383.72180   -1.03530    0.00000   -1.04151    0.00000   -3.39677   -1.04164   -2.21562
          2       6800  389.59435   -1.03535    0.00000   -1.04146    0.00000   -3.39677   -1.04164   -2.21562
          2       6900  395.26589   -1.03540    0.00000   -1.04141    0.00000   -3.39677   -1.04164   -2.21562
          2       7000  400.46755   -1.03544    0.00000   -1.04152    0.00000   -3.39677   -1.04164   -2.21562
          2       7100  406.13866   -1.03549    0.00000   -1.04160    0.00000   -3.39677   -1.04164   -2.21562
          2       7200  411.72179   -1.03553    0.00000   -1.04132    0.00000   -3.39677   -1.04164   -2.21562
          2       7300  417.34864   -1.03557    0.00000   -1.04156    0.00000   -3.39677   -1.04164   -2.21562
          2       7400  422.53064   -1.03561    0.00000   -1.04140    0.00000   -3.39677   -1.04164   -2.21562
          2       7500  428.27033   -1.03565    0.00000   -1.04153    0.00000   -3.39677   -1.04164   -2.21562
          2       7600  433.58403   -1.03569    0.00000   -1.04144    0.00000   -3.39677   -1.04164   -2.21562
          2       7700  439.14915   -1.03573    0.00000   -1.04134    0.00000   -3.39677   -1.04164   -2.21562
          2       7800  445.37190   -1.03577    0.00000   -1.04147    0.00000   -3.39677   -1.04164   -2.21562
          2       7900  451.55448   -1.03581    0.00000   -1.04146    0.00000   -3.39677   -1.04164   -2.21562
          2       8000  457.49860   -1.03584    0.00000   -1.04145    0.00000   -3.39677   -1.04164   -2.21562
          2       8100  462.92251   -1.03588    0.00000   -1.04150    0.00000   -3.39677   -1.04164   -2.21562
          2       8200  468.52499   -1.03592    0.00000   -1.04151    0.00000   -3.39677   -1.04164   -2.21562
          2       8300  474.26648   -1.03595    0.00000   -1.04146    0.00000   -3.39677   -1.04164   -2.21562
          2       8400  480.16572   -1.03598    0.00000   -1.04149    0.00000   -3.39677   -1.04164   -2.21562
          2       8500  486.14775   -1.03602    0.00000   -1.04157    0.00000   -3.39677   -1.04164   -2.21562
          2       8600  491.70269   -1.03605    0.00000   -1.04146    0.00000   -3.39677   -1.04164   -2.21562
          2       8700  497.22340   -1.03608    0.00000   -1.04149    0.00000   -3.39677   -1.04164   -2.21562
          2       8800  502.77987   -1.03612    0.00000   -1.04141    0.00000   -3.39677   -1.04164   -2.21562
          2       8900  508.39622   -1.03615    0.00000   -1.04147    0.00000   -3.39677   -1.04164   -2.21562
          2       9000  514.21413   -1.03618    0.00000   -1.04156    0.00000   -3.39677   -1.04164   -2.21562
          2       9100  520.08470   -1.03621    0.00000   -1.04147    0.00000   -3.39677   -1.04164   -2.21562
          2       9200  526.50793   -1.03624    0.00000   -1.04153    0.00000   -3.39677   -1.04164   -2.21562
          2       9300  531.90409   -1.03627    0.00000   -1.04152    0.00000   -3.39677   -1.04164   -2.21562
          2       9400  538.34101   -1.03630    0.00000   -1.04148    0.00000   -3.39677   -1.04164   -2.21562
          2       9500  544.11096   -1.03632    0.00000   -1.04153    0.00000   -3.39677   -1.04164   -2.21562
          2       9600  550.16437   -1.03635    0.00000   -1.04155    0.00000   -3.39677   -1.04164   -2.21562
          2       9700  556.04034   -1.03638    0.00000   -1.04156    0.00000   -3.39677   -1.04164   -2.21562
          2       9800  562.30081   -1.03641    0.00000   -1.04143    0.00000   -3.39677   -1.04164   -2.21562
          2       9900  568.06647   -1.03643    0.00000   -1.04147    0.00000   -3.39677   -1.04164   -2.21562
          2      10000  573.56654   -1.03646    0.00000   -1.04150    0.00000   -3.39677   -1.04164   -2.21562
          2      10100  579.45761   -1.03648    0.00000   -1.04139    0.00000   -3.39677   -1.04164   -2.21562
          2      10200  585.21876   -1.03651    0.00000   -1.04154    0.00000   -3.39677   -1.04164   -2.21562
          2      10300  590.68313   -1.03654    0.00000   -1.04150    0.00000   -3.39677   -1.04164   -2.21562
          2      10400  596.72156   -1.03656    0.00000   -1.04144    0.00000   -3.39677   -1.04164   -2.21562
          2      10500  602.24494   -1.03658    0.00000   -1.04151    0.00000   -3.39677   -1.04164   -2.21562
          2      10600  608.00602   -1.03661    0.00000   -1.04148    0.00000   -3.39677   -1.04164   -2.21562
          2      10700  613.58683   -1.03663    0.00000   -1.04149    0.00000   -3.39677   -1.04164   -2.21562
          2      10800  619.41544   -1.03666    0.00000   -1.04155    0.00000   -3.39677   -1.04166   -2.21562
          2      10900  625.48048   -1.03668    0.00000   -1.04151    0.00000   -3.39677   -1.04166   -2.21562
          2      11000  631.28549   -1.03670    0.00000   -1.04148    0.00000   -3.39677   -1.04166   -2.21562
          2      11100  636.96393   -1.03672    0.00000   -1.04159    0.00000   -3.39677   -1.04166   -2.21562
          2      11200  642.80830   -1.03675    0.00000   -1.04163    0.00000   -3.39677   -1.04166   -2.21562
          2      11300  649.03141   -1.03677    0.00000   -1.04156    0.00000   -3.39677   -1.04166   -2.21562
          2      11400  654.94615   -1.03679    0.00000   -1.04154    0.00000   -3.39677   -1.04166   -2.21562
          2      11500  660.91717   -1.03681    0.00000   -1.04154    0.00000   -3.39677   -1.04166   -2.21562
          2      11600  666.65857   -1.03683    0.00000   -1.04148    0.00000   -3.39677   -1.04166   -2.21562
          2      11700  672.08808   -1.03685    0.00000   -1.04149    0.00000   -3.39677   -1.04166   -2.21562
          2      11800  678.10827   -1.03687    0.00000   -1.04151    0.00000   -3.39677   -1.04166   -2.21562
          2      11900  684.35283   -1.03689    0.00000   -1.04151    0.00000   -3.39677   -1.04166   -2.21562
          2      12000  690.10854   -1.03691    0.00000   -1.04146    0.00000   -3.39677   -1.04166   -2.21562
          2      12100  696.22484   -1.03693    0.00000   -1.04148    0.00000   -3.39677   -1.04166   -2.21562
          2      12200  702.71903   -1.03695    0.00000   -1.04158    0.00000   -3.39677   -1.04166   -2.21562
          2      12300  709.73384   -1.03697    0.00000   -1.04158    0.00000   -3.39677   -1.04166   -2.21562
          2      12400  715.69932   -1.03699    0.00000   -1.04146    0.00000   -3.39677   -1.04166   -2.21562
          2      12500  721.61734   -1.03701    0.00000   -1.04152    0.00000   -3.39677   -1.04166   -2.21562
          2      12600  727.31186   -1.03703    0.00000   -1.04144    0.00000   -3.39677   -1.04166   -2.21562
          2      12700  733.25873   -1.03705    0.00000   -1.04143    0.00000   -3.39677   -1.04166   -2.21562
          2      12800  739.14891   -1.03706    0.00000   -1.04152    0.00000   -3.39677   -1.04166   -2.21562
          2      12900  745.63903   -1.03708    0.00000   -1.04149    0.00000   -3.39677   -1.04166   -2.21562
          2      13000  751.48954   -1.03710    0.00000   -1.04150    0.00000   -3.39677   -1.04166   -2.21562
          2      13100  757.50524   -1.03712    0.00000   -1.04156    0.00000   -3.39677   -1.04166   -2.21562
          2      13200  763.05622   -1.03713    0.00000   -1.04157    0.00000   -3.39677   -1.04166   -2.21562
          2      13300  769.31118   -1.03715    0.00000   -1.04159    0.00000   -3.39677   -1.04166   -2.21562
          2      13400  775.67884   -1.03717    0.00000   -1.04148    0.00000   -3.39677   -1.04166   -2.21562
          2      13500  782.12013   -1.03719    0.00000   -1.04146    0.00000   -3.39677   -1.04166   -2.21562
          2      13600  787.58690   -1.03720    0.00000   -1.04151    0.00000   -3.39677   -1.04166   -2.21562
          2      13700  792.51223   -1.03722    0.00000   -1.04156    0.00000   -3.39677   -1.04166   -2.21562
          2      13800  798.36382   -1.03723    0.00000   -1.04150    0.00000   -3.39677   -1.04166   -2.21562
          2      13900  804.41314   -1.03725    0.00000   -1.04152    0.00000   -3.39677   -1.04166   -2.21562
          2      14000  810.46493   -1.03727    0.00000   -1.04157    0.00000   -3.39677   -1.04166   -2.21562
          2      14100  816.39628   -1.03728    0.00000   -1.04161    0.00000   -3.39677   -1.04166   -2.21562
          2      14200  822.09949   -1.03730    0.00000   -1.04161    0.00000   -3.39677   -1.04166   -2.21562
          2      14300  828.08756   -1.03731    0.00000   -1.04155    0.00000   -3.39677   -1.04166   -2.21562
          2      14400  833.84957   -1.03733    0.00000   -1.04157    0.00000   -3.39677   -1.04166   -2.21562
          2      14500  839.84507   -1.03734    0.00000   -1.04153    0.00000   -3.39677   -1.04166   -2.21562
          2      14600  845.91516   -1.03736    0.00000   -1.04152    0.00000   -3.39677   -1.04166   -2.21562
          2      14700  852.42545   -1.03737    0.00000   -1.04155    0.00000   -3.39677   -1.04166   -2.21562
          2      14800  858.84659   -1.03739    0.00000   -1.04148    0.00000   -3.39677   -1.04166   -2.21562
          2      14900  864.73546   -1.03740    0.00000   -1.04150    0.00000   -3.39677   -1.04166   -2.21562
          2      15000  871.24895   -1.03742    0.00000   -1.04147    0.00000   -3.39677   -1.04166   -2.21562
          2      15100  877.22837   -1.03743    0.00000   -1.04156    0.00000   -3.39677   -1.04166   -2.21562
          2      15200  883.79818   -1.03744    0.00000   -1.04153    0.00000   -3.39677   -1.04166   -2.21562
          2      15300  889.70606   -1.03746    0.00000   -1.04158    0.00000   -3.39677   -1.04166   -2.21562
          2      15400  895.47424   -1.03747    0.00000   -1.04157    0.00000   -3.39677   -1.04166   -2.21562
          2      15500  901.02453   -1.03749    0.00000   -1.04153    0.00000   -3.39677   -1.04166   -2.21562
          2      15600  906.93265   -1.03750    0.00000   -1.04144    0.00000   -3.39677   -1.04166   -2.21562
          2      15700  913.05319   -1.03751    0.00000   -1.04161    0.00000   -3.39677   -1.04166   -2.21562
          2      15800  919.37901   -1.03753    0.00000   -1.04153    0.00000   -3.39677   -1.04166   -2.21562
          2      15900  925.63117   -1.03754    0.00000   -1.04156    0.00000   -3.39677   -1.04166   -2.21562
          2      16000  931.72602   -1.03755    0.00000   -1.04152    0.00000   -3.39677   -1.04166   -2.21562
          2      16100  937.91440   -1.03756    0.00000   -1.04151    0.00000   -3.39677   -1.04166   -2.21562
          2      16200  943.96477   -1.03758    0.00000   -1.04155    0.00000   -3.39677   -1.04166   -2.21562
          2      16300  950.11279   -1.03759    0.00000   -1.04159    0.00000   -3.39677   -1.04166   -2.21562
          2      16400  955.70416   -1.03760    0.00000   -1.04145    0.00000   -3.39677   -1.04166   -2.21562
          2      16500  961.62601   -1.03761    0.00000   -1.04154    0.00000   -3.39677   -1.04166   -2.21562
          2      16600  967.71189   -1.03763    0.00000   -1.04149    0.00000   -3.39677   -1.04166   -2.21562
          2      16700  973.65683   -1.03764    0.00000   -1.04154    0.00000   -3.39677   -1.04166   -2.21562
          2      16800  979.67235   -1.03765    0.00000   -1.04158    0.00000   -3.39677   -1.04166   -2.21562
          2      16900  986.24411   -1.03766    0.00000   -1.04152    0.00000   -3.39677   -1.04166   -2.21562
          2      17000  992.03954   -1.03767    0.00000   -1.04151    0.00000   -3.39677   -1.04166   -2.21562
          2      17100  997.67711   -1.03769    0.00000   -1.04158    0.00000   -3.39677   -1.04166   -2.21562
          2      17200 1003.93056   -1.03770    0.00000   -1.04152    0.00000   -3.39677   -1.04166   -2.21562
          2      17300 1009.74103   -1.03771    0.00000   -1.04153    0.00000   -3.39677   -1.04166   -2.21562
          2      17400 1014.98897   -1.03772    0.00000   -1.04152    0.00000   -3.39677   -1.04166   -2.21562
          2      17500 1021.34278   -1.03773    0.00000   -1.04156    0.00000   -3.39677   -1.04166   -2.21562
          2      17600 1027.60640   -1.03774    0.00000   -1.04158    0.00000   -3.39677   -1.04166   -2.21562
          2      17700 1033.72577   -1.03775    0.00000   -1.04157    0.00000   -3.39677   -1.04166   -2.21562
          2      17800 1039.64599   -1.03777    0.00000   -1.04158    0.00000   -3.39677   -1.04167   -2.21562
          2      17900 1045.60399   -1.03778    0.00000   -1.04150    0.00000   -3.39677   -1.04167   -2.21562
          2      18000 1051.43079   -1.03779    0.00000   -1.04156    0.00000   -3.39677   -1.04167   -2.21562
          2      18100 1057.40261   -1.03780    0.00000   -1.04150    0.00000   -3.39677   -1.04167   -2.21562
          2      18200 1063.37602   -1.03781    0.00000   -1.04159    0.00000   -3.39677   -1.04167   -2.21562
          2      18300 1069.85331   -1.03782    0.00000   -1.04153    0.00000   -3.39677   -1.04167   -2.21562
          2      18400 1075.55614   -1.03783    0.00000   -1.04157    0.00000   -3.39677   -1.04167   -2.21562
          2      18500 1081.52668   -1.03784    0.00000   -1.04154    0.00000   -3.39677   -1.04167   -2.21562
          2      18600 1087.58097   -1.03785    0.00000   -1.04149    0.00000   -3.39677   -1.04167   -2.21562
          2      18700 1093.45318   -1.03786    0.00000   -1.04151    0.00000   -3.39677   -1.04167   -2.21562
          2      18800 1099.45716   -1.03787    0.00000   -1.04163    0.00000   -3.39677   -1.04167   -2.21562
          2      18900 1105.34154   -1.03788    0.00000   -1.04153    0.00000   -3.39677   -1.04167   -2.21562
          2      19000 1111.46128   -1.03789    0.00000   -1.04160    0.00000   -3.39677   -1.04167   -2.21562
          2      19100 1117.55128   -1.03790    0.00000   -1.04157    0.00000   -3.39677   -1.04167   -2.21562
          2      19200 1123.30328   -1.03791    0.00000   -1.04152    0.00000   -3.39677   -1.04167   -2.21562
          2      19300 1128.71207   -1.03792    0.00000   -1.04157    0.00000   -3.39677   -1.04167   -2.21562
          2      19400 1135.17219   -1.03793    0.00000   -1.04156    0.00000   -3.39677   -1.04167   -2.21562
          2      19500 1140.90445   -1.03794    0.00000   -1.04154    0.00000   -3.39677   -1.04167   -2.21562
          2      19600 1146.83744   -1.03795    0.00000   -1.04162    0.00000   -3.39677   -1.04167   -2.21562
          2      19700 1152.01737   -1.03796    0.00000   -1.04156    0.00000   -3.39677   -1.04167   -2.21562
          2      19800 1158.07611   -1.03797    0.00000   -1.04148    0.00000   -3.39677   -1.04167   -2.21562
          2      19900 1164.04145   -1.03798    0.00000   -1.04162    0.00000   -3.39677   -1.04167   -2.21562
          2      20000 1170.69685   -1.03799    0.00000   -1.04154    0.00000   -3.39677   -1.04167   -2.21562
          2      20100 1176.89351   -1.03800    0.00000   -1.04157    0.00000   -3.39677   -1.04167   -2.21562
          2      20200 1183.00602   -1.03800    0.00000   -1.04155    0.00000   -3.39677   -1.04167   -2.21562
          2      20300 1189.29675   -1.03801    0.00000   -1.04153    0.00000   -3.39677   -1.04167   -2.21562
          2      20400 1195.32480   -1.03802    0.00000   -1.04160    0.00000   -3.39677   -1.04167   -2.21562
          2      20500 1200.70245   -1.03803    0.00000   -1.04152    0.00000   -3.39677   -1.04167   -2.21562
          2      20600 1206.59748   -1.03804    0.00000   -1.04158    0.00000   -3.39677   -1.04167   -2.21562
          2      20700 1212.23895   -1.03805    0.00000   -1.04154    0.00000   -3.39677   -1.04167   -2.21562
          2      20800 1218.21970   -1.03806    0.00000   -1.04157    0.00000   -3.39677   -1.04167   -2.21562
          2      20900 1224.42720   -1.03807    0.00000   -1.04161    0.00000   -3.39677   -1.04167   -2.21562
          2      21000 1230.61639   -1.03808    0.00000   -1.04156    0.00000   -3.39677   -1.04167   -2.21562
          2      21100 1236.75945   -1.03808    0.00000   -1.04152    0.00000   -3.39677   -1.04167   -2.21562
          2      21200 1242.22818   -1.03809    0.00000   -1.04154    0.00000   -3.39677   -1.04167   -2.21562
          2      21300 1247.93830   -1.03810    0.00000   -1.04156    0.00000   -3.39677   -1.04167   -2.21562
          2      21400 1254.26205   -1.03811    0.00000   -1.04162    0.00000   -3.39677   -1.04167   -2.21562
          2      21500 1260.43838   -1.03812    0.00000   -1.04155    0.00000   -3.39677   -1.04167   -2.21562
          2      21600 1266.27304   -1.03813    0.00000   -1.04153    0.00000   -3.39677   -1.04167   -2.21562
          2      21700 1272.24663   -1.03813    0.00000   -1.04156    0.00000   -3.39677   -1.04167   -2.21562
          2      21800 1278.05132   -1.03814    0.00000   -1.04150    0.00000   -3.39677   -1.04167   -2.21562
          2      21900 1283.96766   -1.03815    0.00000   -1.04163    0.00000   -3.39677   -1.04167   -2.21562
          2      22000 1290.03267   -1.03816    0.00000   -1.04163    0.00000   -3.39677   -1.04167   -2.21562
          2      22100 1295.64405   -1.03817    0.00000   -1.04157    0.00000   -3.39677   -1.04167   -2.21562
          2      22200 1301.54006   -1.03817    0.00000   -1.04160    0.00000   -3.39677   -1.04167   -2.21562
          2      22300 1307.88307   -1.03818    0.00000   -1.04157    0.00000   -3.39677   -1.04167   -2.21562
          2      22400 1314.20079   -1.03819    0.00000   -1.04160    0.00000   -3.39677   -1.04167   -2.21562
          2      22500 1320.48650   -1.03820    0.00000   -1.04156    0.00000   -3.39677   -1.04167   -2.21562
          2      22600 1326.05970   -1.03821    0.00000   -1.04155    0.00000   -3.39677   -1.04167   -2.21562
          2      22700 1331.95696   -1.03821    0.00000   -1.04159    0.00000   -3.39677   -1.04167   -2.21562
          2      22800 1337.90396   -1.03822    0.00000   -1.04151    0.00000   -3.39677   -1.04167   -2.21562
          2      22900 1344.00737   -1.03823    0.00000   -1.04152    0.00000   -3.39677   -1.04167   -2.21562
          2      23000 1350.02185   -1.03824    0.00000   -1.04165    0.00000   -3.39677   -1.04167   -2.21562
          2      23100 1355.83061   -1.03824    0.00000   -1.04153    0.00000   -3.39677   -1.04167   -2.21562
          2      23200 1361.71178   -1.03825    0.00000   -1.04153    0.00000   -3.39677   -1.04167   -2.21562
          2      23300 1367.87526   -1.03826    0.00000   -1.04163    0.00000   -3.39677   -1.04167   -2.21562
          2      23400 1374.23168   -1.03827    0.00000   -1.04160    0.00000   -3.39677   -1.04167   -2.21562
          2      23500 1380.10164   -1.03827    0.00000   -1.04156    0.00000   -3.39677   -1.04167   -2.21562
          2      23600 1385.56986   -1.03828    0.00000   -1.04154    0.00000   -3.39677   -1.04167   -2.21562
          2      23700 1391.62353   -1.03829    0.00000   -1.04159    0.00000   -3.39677   -1.04167   -2.21562
          2      23800 1397.42868   -1.03829    0.00000   -1.04161    0.00000   -3.39677   -1.04167   -2.21562
          2      23900 1403.46271   -1.03830    0.00000   -1.04160    0.00000   -3.39677   -1.04167   -2.21562
          2      24000 1409.65852   -1.03831    0.00000   -1.04157    0.00000   -3.39677   -1.04167   -2.21562
          2      24100 1415.90041   -1.03832    0.00000   -1.04154    0.00000   -3.39677   -1.04167   -2.21562
          2      24200 1421.81475   -1.03832    0.00000   -1.04160    0.00000   -3.39677   -1.04167   -2.21562
          2      24300 1427.86820   -1.03833    0.00000   -1.04155    0.00000   -3.39677   -1.04167   -2.21562
          2      24400 1433.49950   -1.03834    0.00000   -1.04153    0.00000   -3.39677   -1.04167   -2.21562
          2      24500 1439.58020   -1.03834    0.00000   -1.04163    0.00000   -3.39677   -1.04167   -2.21562
          2      24600 1445.26529   -1.03835    0.00000   -1.04158    0.00000   -3.39677   -1.04167   -2.21562
          2      24700 1450.92327   -1.03836    0.00000   -1.04154    0.00000   -3.39677   -1.04167   -2.21562
          2      24800 1456.84434   -1.03836    0.00000   -1.04156    0.00000   -3.39677   -1.04167   -2.21562
          2      24900 1462.75194   -1.03837    0.00000   -1.04155    0.00000   -3.39677   -1.04167   -2.21562
          2      25000 1468.96851   -1.03838    0.00000   -1.04157    0.00000   -3.39677   -1.04167   -2.21562
          2      25100 1475.16710   -1.03838    0.00000   -1.04149    0.00000   -3.39677   -1.04167   -2.21562
          2      25200 1481.09792   -1.03839    0.00000   -1.04159    0.00000   -3.39677   -1.04167   -2.21562
          2      25300 1486.78541   -1.03840    0.00000   -1.04160    0.00000   -3.39677   -1.04167   -2.21562
          2      25400 1492.96463   -1.03840    0.00000   -1.04158    0.00000   -3.39677   -1.04167   -2.21562
          2      25500 1498.96899   -1.03841    0.00000   -1.04157    0.00000   -3.39677   -1.04167   -2.21562
          2      25600 1504.94839   -1.03842    0.00000   -1.04150    0.00000   -3.39677   -1.04167   -2.21562
          2      25700 1510.76015   -1.03842    0.00000   -1.04157    0.00000   -3.39677   -1.04167   -2.21562
          2      25800 1516.62527   -1.03843    0.00000   -1.04153    0.00000   -3.39677   -1.04167   -2.21562
          2      25900 1522.49749   -1.03843    0.00000   -1.04159    0.00000   -3.39677   -1.04167   -2.21562
          2      26000 1528.39197   -1.03844    0.00000   -1.04154    0.00000   -3.39677   -1.04167   -2.21562
          2      26100 1534.34213   -1.03845    0.00000   -1.04162    0.00000   -3.39677   -1.04167   -2.21562
          2      26200 1540.03093   -1.03845    0.00000   -1.04152    0.00000   -3.39677   -1.04168   -2.21562
          2      26300 1546.08967   -1.03846    0.00000   -1.04151    0.00000   -3.39677   -1.04168   -2.21562
          2      26400 1551.95616   -1.03847    0.00000   -1.04157    0.00000   -3.39677   -1.04168   -2.21562
          2      26500 1557.75184   -1.03847    0.00000   -1.04161    0.00000   -3.39677   -1.04168   -2.21562
          2      26600 1563.97592   -1.03848    0.00000   -1.04161    0.00000   -3.39677   -1.04168   -2.21562
          2      26700 1570.09093   -1.03848    0.00000   -1.04154    0.00000   -3.39677   -1.04168   -2.21562
          2      26800 1575.97823   -1.03849    0.00000   -1.04157    0.00000   -3.39677   -1.04168   -2.21562
          2      26900 1582.04651   -1.03850    0.00000   -1.04161    0.00000   -3.39677   -1.04168   -2.21562
          2      27000 1588.04632   -1.03850    0.00000   -1.04160    0.00000   -3.39677   -1.04168   -2.21562
          2      27100 1594.60722   -1.03851    0.00000   -1.04154    0.00000   -3.39677   -1.04168   -2.21562
          2      27200 1599.82973   -1.03851    0.00000   -1.04160    0.00000   -3.39677   -1.04168   -2.21562
          2      27300 1605.72107   -1.03852    0.00000   -1.04155    0.00000   -3.39677   -1.04168   -2.21562
          2      27400 1611.61902   -1.03852    0.00000   -1.04152    0.00000   -3.39677   -1.04168   -2.21562
          2      27500 1617.47569   -1.03853    0.00000   -1.04150    0.00000   -3.39677   -1.04168   -2.21562
          2      27600 1623.44793   -1.03854    0.00000   -1.04159    0.00000   -3.39677   -1.04168   -2.21562
          2      27700 1629.63844   -1.03854    0.00000   -1.04162    0.00000   -3.39677   -1.04168   -2.21562
          2      27800 1635.99840   -1.03855    0.00000   -1.04158    0.00000   -3.39677   -1.04168   -2.21562
          2      27900 1641.73435   -1.03855    0.00000   -1.04157    0.00000   -3.39677   -1.04168   -2.21562
          2      28000 1647.52347   -1.03856    0.00000   -1.04153    0.00000   -3.39677   -1.04168   -2.21562
          2      28100 1653.76973   -1.03856    0.00000   -1.04162    0.00000   -3.39677   -1.04168   -2.21562
          2      28200 1660.08552   -1.03857    0.00000   -1.04154    0.00000   -3.39677   -1.04168   -2.21562
          2      28300 1665.65658   -1.03858    0.00000   -1.04154    0.00000   -3.39677   -1.04168   -2.21562
          2      28400 1671.61468   -1.03858    0.00000   -1.04157    0.00000   -3.39677   -1.04168   -2.21562
          2      28500 1677.73014   -1.03859    0.00000   -1.04161    0.00000   -3.39677   -1.04168   -2.21562
          2      28600 1684.01793   -1.03859    0.00000   -1.04155    0.00000   -3.39677   -1.04168   -2.21562
          2      28700 1689.81386   -1.03860    0.00000   -1.04157    0.00000   -3.39677   -1.04168   -2.21562
          2      28800 1696.03319   -1.03860    0.00000   -1.04158    0.00000   -3.39677   -1.04168   -2.21562
          2      28900 1702.17018   -1.03861    0.00000   -1.04161    0.00000   -3.39677   -1.04168   -2.21562
          2      29000 1708.37175   -1.03861    0.00000   -1.04155    0.00000   -3.39677   -1.04168   -2.21562
          2      29100 1714.33060   -1.03862    0.00000   -1.04156    0.00000   -3.39677   -1.04168   -2.21562
          2      29200 1719.69207   -1.03862    0.00000   -1.04164    0.00000   -3.39677   -1.04168   -2.21562
          2      29300 1725.88797   -1.03863    0.00000   -1.04159    0.00000   -3.39677   -1.04168   -2.21562
          2      29400 1731.83721   -1.03863    0.00000   -1.04160    0.00000   -3.39677   -1.04168   -2.21562
          2      29500 1737.63127   -1.03864    0.00000   -1.04155    0.00000   -3.39677   -1.04168   -2.21562
          2      29600 1743.57695   -1.03864    0.00000   -1.04153    0.00000   -3.39677   -1.04168   -2.21562
          2      29700 1749.87701   -1.03865    0.00000   -1.04164    0.00000   -3.39677   -1.04168   -2.21562
          2      29800 1756.25759   -1.03865    0.00000   -1.04157    0.00000   -3.39677   -1.04168   -2.21562
          2      29900 1762.65526   -1.03866    0.00000   -1.04160    0.00000   -3.39677   -1.04168   -2.21562
          2      30000 1769.07964   -1.03866    0.00000   -1.04157    0.00000   -3.39677   -1.04168   -2.21562
          2      30100 1774.71565   -1.03867    0.00000   -1.04160    0.00000   -3.39677   -1.04168   -2.21562
          2      30200 1780.21967   -1.03867    0.00000   -1.04160    0.00000   -3.39677   -1.04168   -2.21562
          2      30300 1786.14284   -1.03868    0.00000   -1.04157    0.00000   -3.39677   -1.04168   -2.21562
          2      30400 1792.25769   -1.03868    0.00000   -1.04159    0.00000   -3.39677   -1.04168   -2.21562
          2      30500 1798.11320   -1.03869    0.00000   -1.04157    0.00000   -3.39677   -1.04168   -2.21562
          2      30600 1803.93972   -1.03869    0.00000   -1.04158    0.00000   -3.39677   -1.04168   -2.21562
          2      30700 1809.89413   -1.03870    0.00000   -1.04154    0.00000   -3.39677   -1.04168   -2.21562
          2      30800 1815.32840   -1.03870    0.00000   -1.04153    0.00000   -3.39677   -1.04168   -2.21562
          2      30900 1821.29482   -1.03871    0.00000   -1.04155    0.00000   -3.39677   -1.04168   -2.21562
          2      31000 1827.36838   -1.03871    0.00000   -1.04161    0.00000   -3.39677   -1.04168   -2.21562
          2      31100 1833.12223   -1.03872    0.00000   -1.04162    0.00000   -3.39677   -1.04168   -2.21562
          2      31200 1838.88881   -1.03872    0.00000   -1.04157    0.00000   -3.39677   -1.04168   -2.21562
          2      31300 1845.12622   -1.03873    0.00000   -1.04156    0.00000   -3.39677   -1.04168   -2.21562
          2      31400 1851.29126   -1.03873    0.00000   -1.04160    0.00000   -3.39677   -1.04168   -2.21562
          2      31500 1857.42844   -1.03874    0.00000   -1.04157    0.00000   -3.39677   -1.04168   -2.21562
          2      31600 1863.53529   -1.03874    0.00000   -1.04157    0.00000   -3.39677   -1.04168   -2.21562
          2      31700 1869.22363   -1.03875    0.00000   -1.04159    0.00000   -3.39677   -1.04168   -2.21562
          2      31800 1875.55823   -1.03875    0.00000   -1.04153    0.00000   -3.39677   -1.04168   -2.21562
          2      31900 1881.66082   -1.03876    0.00000   -1.04160    0.00000   -3.39677   -1.04168   -2.21562
          2      32000 1887.63545   -1.03876    0.00000   -1.04160    0.00000   -3.39677   -1.04168   -2.21562
          2      32100 1893.59616   -1.03876    0.00000   -1.04159    0.00000   -3.39677   -1.04168   -2.21562
          2      32200 1899.68828   -1.03877    0.00000   -1.04159    0.00000   -3.39677   -1.04168   -2.21562
          2      32300 1905.36617   -1.03877    0.00000   -1.04158    0.00000   -3.39677   -1.04168   -2.21562
          2      32400 1910.97991   -1.03878    0.00000   -1.04157    0.00000   -3.39677   -1.04168   -2.21562
          2      32500 1917.06881   -1.03878    0.00000   -1.04165    0.00000   -3.39677   -1.04168   -2.21562
          2      32600 1922.68370   -1.03879    0.00000   -1.04160    0.00000   -3.39677   -1.04168   -2.21562
          2      32700 1928.47648   -1.03879    0.00000   -1.04165    0.00000   -3.39677   -1.04168   -2.21562
          2      32800 1934.72307   -1.03880    0.00000   -1.04161    0.00000   -3.39677   -1.04168   -2.21562
          2      32900 1940.73647   -1.03880    0.00000   -1.04156    0.00000   -3.39677   -1.04168   -2.21562
          2      33000 1947.20872   -1.03881    0.00000   -1.04162    0.00000   -3.39677   -1.04168   -2.21562
          2      33100 1953.15931   -1.03881    0.00000   -1.04162    0.00000   -3.39677   -1.04168   -2.21562
          2      33200 1958.66400   -1.03881    0.00000   -1.04157    0.00000   -3.39677   -1.04168   -2.21562
          2      33300 1964.96507   -1.03882    0.00000   -1.04165    0.00000   -3.39677   -1.04168   -2.21562
          2      33400 1971.39642   -1.03882    0.00000   -1.04164    0.00000   -3.39677   -1.04168   -2.21562
          2      33500 1977.47071   -1.03883    0.00000   -1.04160    0.00000   -3.39677   -1.04168   -2.21562
          2      33600 1983.23564   -1.03883    0.00000   -1.04165    0.00000   -3.39677   -1.04168   -2.21562
          2      33700 1989.00464   -1.03884    0.00000   -1.04162    0.00000   -3.39677   -1.04168   -2.21562
          2      33800 1995.10599   -1.03884    0.00000   -1.04162    0.00000   -3.39677   -1.04168   -2.21562
          2      33900 2001.08588   -1.03884    0.00000   -1.04156    0.00000   -3.39677   -1.04168   -2.21562
          2      34000 2006.82690   -1.03885    0.00000   -1.04159    0.00000   -3.39677   -1.04168   -2.21562
          2      34100 2012.72849   -1.03885    0.00000   -1.04161    0.00000   -3.39677   -1.04168   -2.21562
          2      34200 2018.48621   -1.03886    0.00000   -1.04161    0.00000   -3.39677   -1.04168   -2.21562
          2      34300 2023.92432   -1.03886    0.00000   -1.04156    0.00000   -3.39677   -1.04168   -2.21562
          2      34400 2029.58091   -1.03886    0.00000   -1.04158    0.00000   -3.39677   -1.04168   -2.21562
          2      34500 2035.54380   -1.03887    0.00000   -1.04159    0.00000   -3.39677   -1.04168   -2.21562
          2      34600 2041.65191   -1.03887    0.00000   -1.04158    0.00000   -3.39677   -1.04168   -2.21562
          2      34700 2047.48106   -1.03888    0.00000   -1.04155    0.00000   -3.39677   -1.04168   -2.21562
          2      34800 2053.71769   -1.03888    0.00000   -1.04159    0.00000   -3.39677   -1.04168   -2.21562
          2      34900 2059.53473   -1.03888    0.00000   -1.04161    0.00000   -3.39677   -1.04168   -2.21562
          2      35000 2065.23485   -1.03889    0.00000   -1.04152    0.00000   -3.39677   -1.04168   -2.21562
          2      35100 2071.26230   -1.03889    0.00000   -1.04162    0.00000   -3.39677   -1.04168   -2.21562
          2      35200 2077.15913   -1.03890    0.00000   -1.04161    0.00000   -3.39677   -1.04168   -2.21562
          2      35300 2083.04260   -1.03890    0.00000   -1.04155    0.00000   -3.39677   -1.04168   -2.21562
          2      35400 2089.29814   -1.03890    0.00000   -1.04162    0.00000   -3.39677   -1.04168   -2.21562
          2      35500 2095.05773   -1.03891    0.00000   -1.04158    0.00000   -3.39677   -1.04168   -2.21562
          2      35600 2101.15546   -1.03891    0.00000   -1.04158    0.00000   -3.39677   -1.04168   -2.21562
          2      35700 2107.07245   -1.03892    0.00000   -1.04163    0.00000   -3.39677   -1.04168   -2.21562
          2      35800 2112.59191   -1.03892    0.00000   -1.04165    0.00000   -3.39677   -1.04168   -2.21562
          2      35900 2118.72044   -1.03892    0.00000   -1.04161    0.00000   -3.39677   -1.04168   -2.21562
          2      36000 2124.62516   -1.03893    0.00000   -1.04160    0.00000   -3.39677   -1.04168   -2.21562
          2      36100 2130.57065   -1.03893    0.00000   -1.04167    0.00000   -3.39677   -1.04168   -2.21562
          2      36200 2136.45189   -1.03894    0.00000   -1.04154    0.00000   -3.39677   -1.04168   -2.21562
          2      36300 2142.05934   -1.03894    0.00000   -1.04158    0.00000   -3.39677   -1.04168   -2.21562
          2      36400 2147.89441   -1.03894    0.00000   -1.04160    0.00000   -3.39677   -1.04168   -2.21562
          2      36500 2153.81772   -1.03895    0.00000   -1.04167    0.00000   -3.39677   -1.04168   -2.21562
          2      36600 2160.01541   -1.03895    0.00000   -1.04163    0.00000   -3.39677   -1.04168   -2.21562
          2      36700 2165.94718   -1.03895    0.00000   -1.04163    0.00000   -3.39677   -1.04168   -2.21562
          2      36800 2172.14528   -1.03896    0.00000   -1.04163    0.00000   -3.39677   -1.04168   -2.21562
          2      36900 2178.17066   -1.03896    0.00000   -1.04157    0.00000   -3.39677   -1.04168   -2.21562
          2      37000 2184.29226   -1.03897    0.00000   -1.04163    0.00000   -3.39677   -1.04168   -2.21562
          2      37100 2189.97332   -1.03897    0.00000   -1.04161    0.00000   -3.39677   -1.04168   -2.21562
          2      37200 2196.26961   -1.03897    0.00000   -1.04159    0.00000   -3.39677   -1.04168   -2.21562
          2      37300 2202.45295   -1.03898    0.00000   -1.04160    0.00000   -3.39677   -1.04168   -2.21562
          2      37400 2208.38189   -1.03898    0.00000   -1.04157    0.00000   -3.39677   -1.04168   -2.21562
          2      37500 2214.37180   -1.03898    0.00000   -1.04159    0.00000   -3.39677   -1.04168   -2.21562
          2      37600 2220.30546   -1.03899    0.00000   -1.04162    0.00000   -3.39677   -1.04168   -2.21562
          2      37700 2226.53529   -1.03899    0.00000   -1.04165    0.00000   -3.39677   -1.04168   -2.21562
          2      37800 2232.25525   -1.03899    0.00000   -1.04161    0.00000   -3.39677   -1.04168   -2.21562
          2      37900 2238.12448   -1.03900    0.00000   -1.04157    0.00000   -3.39677   -1.04168   -2.21562
          2      38000 2244.20663   -1.03900    0.00000   -1.04161    0.00000   -3.39677   -1.04168   -2.21562
          2      38100 2250.22248   -1.03900    0.00000   -1.04160    0.00000   -3.39677   -1.04168   -2.21562
          2      38200 2256.23760   -1.03901    0.00000   -1.04157    0.00000   -3.39677   -1.04168   -2.21562
          2      38300 2262.44636   -1.03901    0.00000   -1.04161    0.00000   -3.39677   -1.04168   -2.21562
          2      38400 2268.60664   -1.03902    0.00000   -1.04159    0.00000   -3.39677   -1.04168   -2.21562
          2      38500 2274.51198   -1.03902    0.00000   -1.04158    0.00000   -3.39677   -1.04168   -2.21562
          2      38600 2280.55372   -1.03902    0.00000   -1.04157    0.00000   -3.39677   -1.04168   -2.21562
          2      38700 2286.35918   -1.03903    0.00000   -1.04163    0.00000   -3.39677   -1.04168   -2.21562
          2      38800 2292.36756   -1.03903    0.00000   -1.04165    0.00000   -3.39677   -1.04168   -2.21562
          2      38900 2298.38204   -1.03903    0.00000   -1.04160    0.00000   -3.39677   -1.04168   -2.21562
          2      39000 2304.47969   -1.03904    0.00000   -1.04159    0.00000   -3.39677   -1.04168   -2.21562
          2      39100 2310.65316   -1.03904    0.00000   -1.04165    0.00000   -3.39677   -1.04168   -2.21562
          2      39200 2316.72540   -1.03904    0.00000   -1.04158    0.00000   -3.39677   -1.04168   -2.21562
          2      39300 2322.75011   -1.03905    0.00000   -1.04159    0.00000   -3.39677   -1.04168   -2.21562
          2      39400 2328.47922   -1.03905    0.00000   -1.04157    0.00000   -3.39677   -1.04168   -2.21562
          2      39500 2334.93798   -1.03905    0.00000   -1.04164    0.00000   -3.39677   -1.04168   -2.21562
          2      39600 2340.75418   -1.03906    0.00000   -1.04161    0.00000   -3.39677   -1.04168   -2.21562
          2      39700 2346.73119   -1.03906    0.00000   -1.04157    0.00000   -3.39677   -1.04168   -2.21562
          2      39800 2352.44234   -1.03906    0.00000   -1.04158    0.00000   -3.39677   -1.04168   -2.21562
          2      39900 2358.79008   -1.03907    0.00000   -1.04159    0.00000   -3.39677   -1.04168   -2.21562
          2      40000 2365.21780   -1.03907    0.00000   -1.04158    0.00000   -3.39677   -1.04168   -2.21562
          2      40100 2370.89559   -1.03907    0.00000   -1.04159    0.00000   -3.39677   -1.04168   -2.21562
          2      40200 2376.95237   -1.03908    0.00000   -1.04163    0.00000   -3.39677   -1.04168   -2.21562
          2      40300 2382.98960   -1.03908    0.00000   -1.04163    0.00000   -3.39677   -1.04168   -2.21562
          2      40400 2388.99505   -1.03908    0.00000   -1.04164    0.00000   -3.39677   -1.04168   -2.21562
          2      40500 2395.20749   -1.03909    0.00000   -1.04162    0.00000   -3.39677   -1.04168   -2.21562
          2      40600 2401.40577   -1.03909    0.00000   -1.04155    0.00000   -3.39677   -1.04168   -2.21562
          2      40700 2407.26334   -1.03909    0.00000   -1.04158    0.00000   -3.39677   -1.04168   -2.21562
          2      40800 2412.97187   -1.03910    0.00000   -1.04159    0.00000   -3.39677   -1.04168   -2.21562
          2      40900 2419.03749   -1.03910    0.00000   -1.04160    0.00000   -3.39677   -1.04168   -2.21562
          2      41000 2424.98694   -1.03910    0.00000   -1.04160    0.00000   -3.39677   -1.04168   -2.21562
          2      41100 2430.92577   -1.03910    0.00000   -1.04164    0.00000   -3.39677   -1.04168   -2.21562
          2      41200 2436.29899   -1.03911    0.00000   -1.04163    0.00000   -3.39677   -1.04168   -2.21562
          2      41300 2442.15343   -1.03911    0.00000   -1.04167    0.00000   -3.39677   -1.04168   -2.21562
          2      41400 2448.13248   -1.03911    0.00000   -1.04156    0.00000   -3.39677   -1.04168   -2.21562
          2      41500 2454.13902   -1.03912    0.00000   -1.04159    0.00000   -3.39677   -1.04168   -2.21562
          2      41600 2459.92533   -1.03912    0.00000   -1.04159    0.00000   -3.39677   -1.04168   -2.21562
          2      41700 2466.16483   -1.03912    0.00000   -1.04160    0.00000   -3.39677   -1.04168   -2.21562
          2      41800 2472.07413   -1.03913    0.00000   -1.04164    0.00000   -3.39677   -1.04168   -2.21562
          2      41900 2477.75034   -1.03913    0.00000   -1.04160    0.00000   -3.39677   -1.04168   -2.21562
          2      42000 2483.75759   -1.03913    0.00000   -1.04163    0.00000   -3.39677   -1.04168   -2.21562
          2      42100 2489.36863   -1.03914    0.00000   -1.04159    0.00000   -3.39677   -1.04168   -2.21562
          2      42200 2495.39622   -1.03914    0.00000   -1.04159    0.00000   -3.39677   -1.04168   -2.21562
          2      42300 2500.59995   -1.03914    0.00000   -1.04161    0.00000   -3.39677   -1.04168   -2.21562
          2      42400 2506.52362   -1.03914    0.00000   -1.04160    0.00000   -3.39677   -1.04168   -2.21562
          2      42500 2512.64518   -1.03915    0.00000   -1.04158    0.00000   -3.39677   -1.04168   -2.21562
          2      42600 2518.51204   -1.03915    0.00000   -1.04163    0.00000   -3.39677   -1.04168   -2.21562
          2      42700 2524.65334   -1.03915    0.00000   -1.04159    0.00000   -3.39677   -1.04168   -2.21562
          2      42800 2530.76474   -1.03916    0.00000   -1.04159    0.00000   -3.39677   -1.04168   -2.21562
          2      42900 2536.81991   -1.03916    0.00000   -1.04161    0.00000   -3.39677   -1.04168   -2.21562
          2      43000 2542.57160   -1.03916    0.00000   -1.04163    0.00000   -3.39677   -1.04168   -2.21562
          2      43100 2548.32625   -1.03917    0.00000   -1.04155    0.00000   -3.39677   -1.04168   -2.21562
          2      43200 2553.82132   -1.03917    0.00000   -1.04157    0.00000   -3.39677   -1.04168   -2.21562
          2      43300 2559.66134   -1.03917    0.00000   -1.04162    0.00000   -3.39677   -1.04168   -2.21562
          2      43400 2565.48558   -1.03917    0.00000   -1.04159    0.00000   -3.39677   -1.04168   -2.21562
          2      43500 2571.19670   -1.03918    0.00000   -1.04165    0.00000   -3.39677   -1.04168   -2.21562
          2      43600 2577.24068   -1.03918    0.00000   -1.04164    0.00000   -3.39677   -1.04168   -2.21562
          2      43700 2583.37672   -1.03918    0.00000   -1.04162    0.00000   -3.39677   -1.04168   -2.21562
          2      43800 2589.23953   -1.03919    0.00000   -1.04158    0.00000   -3.39677   -1.04168   -2.21562
          2      43900 2595.17007   -1.03919    0.00000   -1.04165    0.00000   -3.39677   -1.04168   -2.21562
          2      44000 2601.77741   -1.03919    0.00000   -1.04160    0.00000   -3.39677   -1.04168   -2.21562
          2      44100 2607.69526   -1.03919    0.00000   -1.04161    0.00000   -3.39677   -1.04168   -2.21562
          2      44200 2613.64688   -1.03920    0.00000   -1.04158    0.00000   -3.39677   -1.04168   -2.21562
          2      44300 2619.42890   -1.03920    0.00000   -1.04165    0.00000   -3.39677   -1.04168   -2.21562
          2      44400 2625.25849   -1.03920    0.00000   -1.04159    0.00000   -3.39677   -1.04168   -2.21562
          2      44500 2631.35228   -1.03921    0.00000   -1.04167    0.00000   -3.39677   -1.04168   -2.21562
          2      44600 2637.21803   -1.03921    0.00000   -1.04165    0.00000   -3.39677   -1.04168   -2.21562
          2      44700 2643.50787   -1.03921    0.00000   -1.04158    0.00000   -3.39677   -1.04168   -2.21562
          2      44800 2649.47904   -1.03921    0.00000   -1.04162    0.00000   -3.39677   -1.04168   -2.21562
          2      44900 2655.28750   -1.03922    0.00000   -1.04161    0.00000   -3.39677   -1.04168   -2.21562
          2      45000 2660.93511   -1.03922    0.00000   -1.04161    0.00000   -3.39677   -1.04168   -2.21562
          2      45100 2666.26568   -1.03922    0.00000   -1.04160    0.00000   -3.39677   -1.04168   -2.21562
          2      45200 2672.14985   -1.03922    0.00000   -1.04156    0.00000   -3.39677   -1.04168   -2.21562
          2      45300 2678.28744   -1.03923    0.00000   -1.04157    0.00000   -3.39677   -1.04168   -2.21562
          2      45400 2684.26878   -1.03923    0.00000   -1.04155    0.00000   -3.39677   -1.04168   -2.21562
          2      45500 2689.83703   -1.03923    0.00000   -1.04158    0.00000   -3.39677   -1.04168   -2.21562
          2      45600 2695.43452   -1.03924    0.00000   -1.04161    0.00000   -3.39677   -1.04168   -2.21562
          2      45700 2701.70665   -1.03924    0.00000   -1.04160    0.00000   -3.39677   -1.04168   -2.21562
          2      45800 2707.55898   -1.03924    0.00000   -1.04157    0.00000   -3.39677   -1.04168   -2.21562
          2      45900 2713.48683   -1.03924    0.00000   -1.04158    0.00000   -3.39677   -1.04168   -2.21562
          2      46000 2719.21679   -1.03925    0.00000   -1.04156    0.00000   -3.39677   -1.04168   -2.21562
          2      46100 2725.22931   -1.03925    0.00000   -1.04166    0.00000   -3.39677   -1.04168   -2.21562
          2      46200 2731.12734   -1.03925    0.00000   -1.04163    0.00000   -3.39677   -1.04168   -2.21562
          2      46300 2737.31828   -1.03925    0.00000   -1.04165    0.00000   -3.39677   -1.04168   -2.21562
          2      46400 2743.70609   -1.03926    0.00000   -1.04163    0.00000   -3.39677   -1.04168   -2.21562
          2      46500 2750.10802   -1.03926    0.00000   -1.04163    0.00000   -3.39677   -1.04168   -2.21562
          2      46600 2756.12588   -1.03926    0.00000   -1.04162    0.00000   -3.39677   -1.04168   -2.21562
          2      46700 2762.17283   -1.03926    0.00000   -1.04163    0.00000   -3.39677   -1.04168   -2.21562
          2      46800 2768.16780   -1.03927    0.00000   -1.04165    0.00000   -3.39677   -1.04168   -2.21562
          2      46900 2774.03035   -1.03927    0.00000   -1.04162    0.00000   -3.39677   -1.04168   -2.21562
          2      47000 2779.86633   -1.03927    0.00000   -1.04161    0.00000   -3.39677   -1.04168   -2.21562
          2      47100 2785.76272   -1.03927    0.00000   -1.04162    0.00000   -3.39677   -1.04168   -2.21562
          2      47200 2791.73400   -1.03928    0.00000   -1.04162    0.00000   -3.39677   -1.04168   -2.21562
          2      47300 2797.76221   -1.03928    0.00000   -1.04155    0.00000   -3.39677   -1.04168   -2.21562
          2      47400 2803.60505   -1.03928    0.00000   -1.04163    0.00000   -3.39677   -1.04168   -2.21562
          2      47500 2810.18274   -1.03928    0.00000   -1.04163    0.00000   -3.39677   -1.04168   -2.21562
          2      47600 2816.22660   -1.03929    0.00000   -1.04165    0.00000   -3.39677   -1.04168   -2.21562
          2      47700 2822.32267   -1.03929    0.00000   -1.04159    0.00000   -3.39677   -1.04168   -2.21562
          2      47800 2827.95713   -1.03929    0.00000   -1.04158    0.00000   -3.39677   -1.04169   -2.21562
          2      47900 2834.08251   -1.03929    0.00000   -1.04165    0.00000   -3.39677   -1.04169   -2.21562
          2      48000 2840.39752   -1.03930    0.00000   -1.04159    0.00000   -3.39677   -1.04169   -2.21562
          2      48100 2846.38100   -1.03930    0.00000   -1.04165    0.00000   -3.39677   -1.04169   -2.21562
          2      48200 2852.21332   -1.03930    0.00000   -1.04156    0.00000   -3.39677   -1.04169   -2.21562
          2      48300 2857.83845   -1.03930    0.00000   -1.04158    0.00000   -3.39677   -1.04169   -2.21562
          2      48400 2863.31647   -1.03931    0.00000   -1.04161    0.00000   -3.39677   -1.04169   -2.21562
          2      48500 2869.40402   -1.03931    0.00000   -1.04164    0.00000   -3.39677   -1.04169   -2.21562
          2      48600 2875.35750   -1.03931    0.00000   -1.04164    0.00000   -3.39677   -1.04169   -2.21562
          2      48700 2881.18007   -1.03931    0.00000   -1.04163    0.00000   -3.39677   -1.04169   -2.21562
          2      48800 2886.94138   -1.03932    0.00000   -1.04161    0.00000   -3.39677   -1.04169   -2.21562
          2      48900 2893.06622   -1.03932    0.00000   -1.04161    0.00000   -3.39677   -1.04169   -2.21562
          2      49000 2899.19600   -1.03932    0.00000   -1.04160    0.00000   -3.39677   -1.04169   -2.21562
          2      49100 2904.98410   -1.03932    0.00000   -1.04160    0.00000   -3.39677   -1.04169   -2.21562
          2      49200 2910.35675   -1.03933    0.00000   -1.04158    0.00000   -3.39677   -1.04169   -2.21562
          2      49300 2916.09920   -1.03933    0.00000   -1.04158    0.00000   -3.39677   -1.04169   -2.21562
          2      49400 2922.40420   -1.03933    0.00000   -1.04159    0.00000   -3.39677   -1.04169   -2.21562
          2      49500 2929.03133   -1.03933    0.00000   -1.04164    0.00000   -3.39677   -1.04169   -2.21562
          2      49600 2934.74880   -1.03934    0.00000   -1.04167    0.00000   -3.39677   -1.04169   -2.21562
          2      49700 2940.68887   -1.03934    0.00000   -1.04161    0.00000   -3.39677   -1.04169   -2.21562
          2      49800 2946.61882   -1.03934    0.00000   -1.04159    0.00000   -3.39677   -1.04169   -2.21562
          2      49900 2952.40004   -1.03934    0.00000   -1.04161    0.00000   -3.39677   -1.04169   -2.21562
          2      50000 2958.38534   -1.03935    0.00000   -1.04162    0.00000   -3.39677   -1.04169   -2.21562
          2      50100 2964.46065   -1.03935    0.00000   -1.04156    0.00000   -3.39677   -1.04169   -2.21562
          2      50200 2970.38562   -1.03935    0.00000   -1.04166    0.00000   -3.39677   -1.04169   -2.21562
          2      50300 2976.23682   -1.03935    0.00000   -1.04163    0.00000   -3.39677   -1.04169   -2.21562
          2      50400 2982.01276   -1.03935    0.00000   -1.04162    0.00000   -3.39677   -1.04169   -2.21562
          2      50500 2988.01739   -1.03936    0.00000   -1.04157    0.00000   -3.39677   -1.04169   -2.21562
          2      50600 2994.01339   -1.03936    0.00000   -1.04165    0.00000   -3.39677   -1.04169   -2.21562
          2      50700 2999.90995   -1.03936    0.00000   -1.04163    0.00000   -3.39677   -1.04169   -2.21562
          2      50800 3006.10359   -1.03936    0.00000   -1.04160    0.00000   -3.39677   -1.04169   -2.21562
          2      50900 3012.08972   -1.03937    0.00000   -1.04157    0.00000   -3.39677   -1.04169   -2.21562
          2      51000 3017.54886   -1.03937    0.00000   -1.04159    0.00000   -3.39677   -1.04169   -2.21562
          2      51100 3023.43672   -1.03937    0.00000   -1.04163    0.00000   -3.39677   -1.04169   -2.21562
          2      51200 3029.34479   -1.03937    0.00000   -1.04160    0.00000   -3.39677   -1.04169   -2.21562
          2      51300 3035.05135   -1.03938    0.00000   -1.04160    0.00000   -3.39677   -1.04169   -2.21562
          2      51400 3041.42412   -1.03938    0.00000   -1.04161    0.00000   -3.39677   -1.04169   -2.21562
          2      51500 3047.49246   -1.03938    0.00000   -1.04163    0.00000   -3.39677   -1.04169   -2.21562
          2      51600 3053.18571   -1.03938    0.00000   -1.04160    0.00000   -3.39677   -1.04169   -2.21562
          2      51700 3059.27755   -1.03938    0.00000   -1.04161    0.00000   -3.39677   -1.04169   -2.21562
          2      51800 3065.20152   -1.03939    0.00000   -1.04161    0.00000   -3.39677   -1.04169   -2.21562
          2      51900 3071.12443   -1.03939    0.00000   -1.04158    0.00000   -3.39677   -1.04169   -2.21562
          2      52000 3077.15429   -1.03939    0.00000   -1.04161    0.00000   -3.39677   -1.04169   -2.21562
          2      52100 3083.02655   -1.03939    0.00000   -1.04163    0.00000   -3.39677   -1.04169   -2.21562
          2      52200 3088.69043   -1.03940    0.00000   -1.04164    0.00000   -3.39677   -1.04169   -2.21562
          2      52300 3094.40746   -1.03940    0.00000   -1.04161    0.00000   -3.39677   -1.04169   -2.21562
          2      52400 3100.49251   -1.03940    0.00000   -1.04163    0.00000   -3.39677   -1.04169   -2.21562
          2      52500 3106.56567   -1.03940    0.00000   -1.04159    0.00000   -3.39677   -1.04169   -2.21562
          2      52600 3112.63214   -1.03940    0.00000   -1.04160    0.00000   -3.39677   -1.04169   -2.21562
          2      52700 3118.56207   -1.03941    0.00000   -1.04160    0.00000   -3.39677   -1.04169   -2.21562
          2      52800 3124.55088   -1.03941    0.00000   -1.04159    0.00000   -3.39677   -1.04169   -2.21562
          2      52900 3129.94575   -1.03941    0.00000   -1.04160    0.00000   -3.39677   -1.04169   -2.21562
          2      53000 3135.68811   -1.03941    0.00000   -1.04162    0.00000   -3.39677   -1.04169   -2.21562
          2      53100 3141.88511   -1.03942    0.00000   -1.04165    0.00000   -3.39677   -1.04169   -2.21562
          2      53200 3147.96919   -1.03942    0.00000   -1.04162    0.00000   -3.39677   -1.04169   -2.21562
          2      53300 3154.18579   -1.03942    0.00000   -1.04164    0.00000   -3.39677   -1.04169   -2.21562
          2      53400 3160.14157   -1.03942    0.00000   -1.04164    0.00000   -3.39677   -1.04169   -2.21562
          2      53500 3165.81719   -1.03942    0.00000   -1.04161    0.00000   -3.39677   -1.04169   -2.21562
          2      53600 3171.99513   -1.03943    0.00000   -1.04163    0.00000   -3.39677   -1.04169   -2.21562
          2      53700 3178.75304   -1.03943    0.00000   -1.04166    0.00000   -3.39677   -1.04169   -2.21562
          2      53800 3185.13415   -1.03943    0.00000   -1.04157    0.00000   -3.39677   -1.04169   -2.21562
          2      53900 3191.34473   -1.03943    0.00000   -1.04163    0.00000   -3.39677   -1.04169   -2.21562
          2      54000 3197.11109   -1.03943    0.00000   -1.04158    0.00000   -3.39677   -1.04169   -2.21562
          2      54100 3203.79667   -1.03944    0.00000   -1.04162    0.00000   -3.39677   -1.04169   -2.21562
          2      54200 3209.85574   -1.03944    0.00000   -1.04162    0.00000   -3.39677   -1.04169   -2.21562
          2      54300 3215.69256   -1.03944    0.00000   -1.04164    0.00000   -3.39677   -1.04169   -2.21562
          2      54400 3221.64355   -1.03944    0.00000   -1.04162    0.00000   -3.39677   -1.04169   -2.21562
          2      54500 3227.53637   -1.03944    0.00000   -1.04163    0.00000   -3.39677   -1.04169   -2.21562
          2      54600 3233.25530   -1.03945    0.00000   -1.04165    0.00000   -3.39677   -1.04169   -2.21562
          2      54700 3239.40572   -1.03945    0.00000   -1.04164    0.00000   -3.39677   -1.04169   -2.21562
          2      54800 3245.09449   -1.03945    0.00000   -1.04164    0.00000   -3.39677   -1.04169   -2.21562
          2      54900 3250.93031   -1.03945    0.00000   -1.04159    0.00000   -3.39677   -1.04169   -2.21562
          2      55000 3256.63980   -1.03945    0.00000   -1.04159    0.00000   -3.39677   -1.04169   -2.21562
          2      55100 3262.59051   -1.03946    0.00000   -1.04160    0.00000   -3.39677   -1.04169   -2.21562
          2      55200 3268.06697   -1.03946    0.00000   -1.04160    0.00000   -3.39677   -1.04169   -2.21562
          2      55300 3274.32076   -1.03946    0.00000   -1.04158    0.00000   -3.39677   -1.04169   -2.21562
          2      55400 3280.05434   -1.03946    0.00000   -1.04161    0.00000   -3.39677   -1.04169   -2.21562
          2      55500 3285.90066   -1.03946    0.00000   -1.04159    0.00000   -3.39677   -1.04169   -2.21562
          2      55600 3292.84996   -1.03947    0.00000   -1.04163    0.00000   -3.39677   -1.04169   -2.21562
          2      55700 3298.74561   -1.03947    0.00000   -1.04164    0.00000   -3.39677   -1.04169   -2.21562
          2      55800 3304.99409   -1.03947    0.00000   -1.04163    0.00000   -3.39677   -1.04169   -2.21562
          2      55900 3311.12874   -1.03947    0.00000   -1.04160    0.00000   -3.39677   -1.04169   -2.21562
          2      56000 3316.87868   -1.03947    0.00000   -1.04158    0.00000   -3.39677   -1.04169   -2.21562
          2      56100 3322.70525   -1.03948    0.00000   -1.04159    0.00000   -3.39677   -1.04169   -2.21562
          2      56200 3328.62607   -1.03948    0.00000   -1.04162    0.00000   -3.39677   -1.04169   -2.21562
          2      56300 3334.46903   -1.03948    0.00000   -1.04164    0.00000   -3.39677   -1.04169   -2.21562
          2      56400 3340.03389   -1.03948    0.00000   -1.04166    0.00000   -3.39677   -1.04169   -2.21562
          2      56500 3345.64941   -1.03948    0.00000   -1.04160    0.00000   -3.39677   -1.04169   -2.21562
          2      56600 3351.37735   -1.03949    0.00000   -1.04159    0.00000   -3.39677   -1.04169   -2.21562
          2      56700 3356.80570   -1.03949    0.00000   -1.04163    0.00000   -3.39677   -1.04169   -2.21562
          2      56800 3362.72199   -1.03949    0.00000   -1.04161    0.00000   -3.39677   -1.04169   -2.21562
          2      56900 3368.23775   -1.03949    0.00000   -1.04164    0.00000   -3.39677   -1.04169   -2.21562
          2      57000 3374.30507   -1.03949    0.00000   -1.04161    0.00000   -3.39677   -1.04169   -2.21562
          2      57100 3380.10693   -1.03950    0.00000   -1.04163    0.00000   -3.39677   -1.04169   -2.21562
          2      57200 3386.36283   -1.03950    0.00000   -1.04156    0.00000   -3.39677   -1.04169   -2.21562
          2      57300 3392.18550   -1.03950    0.00000   -1.04167    0.00000   -3.39677   -1.04169   -2.21562
          2      57400 3398.15453   -1.03950    0.00000   -1.04162    0.00000   -3.39677   -1.04169   -2.21562
          2      57500 3403.91992   -1.03950    0.00000   -1.04161    0.00000   -3.39677   -1.04169   -2.21562
          2      57600 3409.80900   -1.03951    0.00000   -1.04168    0.00000   -3.39677   -1.04169   -2.21562
          2      57700 3415.61773   -1.03951    0.00000   -1.04165    0.00000   -3.39677   -1.04169   -2.21562
          2      57800 3421.43270   -1.03951    0.00000   -1.04160    0.00000   -3.39677   -1.04169   -2.21562
          2      57900 3427.17683   -1.03951    0.00000   -1.04162    0.00000   -3.39677   -1.04169   -2.21562
          2      58000 3433.16796   -1.03951    0.00000   -1.04163    0.00000   -3.39677   -1.04169   -2.21562
          2      58100 3439.00883   -1.03952    0.00000   -1.04162    0.00000   -3.39677   -1.04169   -2.21562
          2      58200 3445.19615   -1.03952    0.00000   -1.04166    0.00000   -3.39677   -1.04169   -2.21562
          2      58300 3451.07492   -1.03952    0.00000   -1.04160    0.00000   -3.39677   -1.04169   -2.21562
          2      58400 3456.86554   -1.03952    0.00000   -1.04166    0.00000   -3.39677   -1.04169   -2.21562
          2      58500 3462.62340   -1.03952    0.00000   -1.04167    0.00000   -3.39677   -1.04169   -2.21562
          2      58600 3468.24054   -1.03952    0.00000   -1.04164    0.00000   -3.39677   -1.04169   -2.21562
          2      58700 3473.93039   -1.03953    0.00000   -1.04160    0.00000   -3.39677   -1.04169   -2.21562
          2      58800 3479.67663   -1.03953    0.00000   -1.04159    0.00000   -3.39677   -1.04169   -2.21562
          2      58900 3485.84381   -1.03953    0.00000   -1.04162    0.00000   -3.39677   -1.04169   -2.21562
          2      59000 3491.71220   -1.03953    0.00000   -1.04164    0.00000   -3.39677   -1.04169   -2.21562
          2      59100 3497.77131   -1.03953    0.00000   -1.04158    0.00000   -3.39677   -1.04169   -2.21562
          2      59200 3503.59308   -1.03954    0.00000   -1.04161    0.00000   -3.39677   -1.04169   -2.21562
          2      59300 3509.36227   -1.03954    0.00000   -1.04160    0.00000   -3.39677   -1.04169   -2.21562
          2      59400 3514.92952   -1.03954    0.00000   -1.04158    0.00000   -3.39677   -1.04169   -2.21562
          2      59500 3521.54440   -1.03954    0.00000   -1.04157    0.00000   -3.39677   -1.04169   -2.21562
          2      59600 3527.66327   -1.03954    0.00000   -1.04166    0.00000   -3.39677   -1.04169   -2.21562
          2      59700 3533.85697   -1.03954    0.00000   -1.04161    0.00000   -3.39677   -1.04169   -2.21562
          2      59800 3540.03659   -1.03955    0.00000   -1.04161    0.00000   -3.39677   -1.04169   -2.21562
          2      59900 3545.90868   -1.03955    0.00000   -1.04162    0.00000   -3.39677   -1.04169   -2.21562
          2      60000 3552.05319   -1.03955    0.00000   -1.04164    0.00000   -3.39677   -1.04169   -2.21562
          2      60100 3558.07734   -1.03955    0.00000   -1.04164    0.00000   -3.39677   -1.04169   -2.21562
          2      60200 3563.86443   -1.03955    0.00000   -1.04163    0.00000   -3.39677   -1.04169   -2.21562
          2      60300 3569.57287   -1.03956    0.00000   -1.04163    0.00000   -3.39677   -1.04169   -2.21562
          2      60400 3575.58672   -1.03956    0.00000   -1.04161    0.00000   -3.39677   -1.04169   -2.21562
          2      60500 3581.89608   -1.03956    0.00000   -1.04163    0.00000   -3.39677   -1.04169   -2.21562
          2      60600 3587.64810   -1.03956    0.00000   -1.04165    0.00000   -3.39677   -1.04169   -2.21562
          2      60700 3593.54177   -1.03956    0.00000   -1.04163    0.00000   -3.39677   -1.04169   -2.21562
          2      60800 3599.51937   -1.03956    0.00000   -1.04162    0.00000   -3.39677   -1.04169   -2.21562
          2      60810 3600.11827   -1.03956    0.00000   -1.04164    0.00000   -3.39677   -1.04169   -2.21562
