 431705570423881
       5713
 3600.52332
   -1.00663
    0.00000
   -1.01318
    0.00000

   -0.06985
   -0.00299
   -0.05853
   -0.05590
   -0.03092
    0.05246
    0.05749
   -0.02799
    0.01148
   -0.05779
    0.04658
   -0.04512
    0.05779
   -0.03421
   -0.01792
   -0.04918
    0.04850
   -0.00940
   -0.04397
   -0.07217
    0.01824
   -0.06530
    0.04385
    0.02466
    0.01850
    0.04651
   -0.02242
   -0.04881
    0.00046
    0.07447
   -0.01517
    0.07711
   -0.00456
   -0.04010
    0.05861
   -0.00265
   -0.02666
    0.00710
    0.02892
   -0.01393
   -0.01521
   -0.06867
   -0.01237
   -0.03618
   -0.02794
    0.00486
    0.00427
    0.02721
   -0.05789
    0.05825
   -0.06274
    0.00484
    0.00372
   -0.05459
    0.02408
    0.06560
   -0.02878
   -0.00300
   -0.02266
    0.05372
    0.03335
    0.05431
   -0.01380
   -0.06173
    0.06316
   -0.07044
    0.03643
   -0.04728
    0.06669
   -0.05550
   -0.00065
    0.01112
    0.04248
    0.00890
    0.04383
   -0.01196
    0.06145
    0.02116
    0.06124
   -0.03830
    0.00836
   -0.06361
    0.01156
    0.05900
   -0.03360
   -0.01282
    0.06751
   -0.02427
   -0.01678
   -0.05525
    0.03145
    0.05515
    0.00860
   -0.05995
   -0.05103
    0.01649
   -0.04832
    0.04386
   -0.00680
    0.03652
    0.02471
   -0.01894
   -0.00666
   -0.02242
    0.05098
    0.03336
    0.04300
    0.01407
   -0.02044
    0.03943
   -0.00330
    0.01664
    0.03951
    0.03203
    0.02215
   -0.05034
   -0.04569
   -0.05197
    0.05243
    0.04056
    0.03580
   -0.05256
    0.03476
    0.04589
   -0.01445
    0.03424
    0.01708
   -0.03807
   -0.07308
   -0.05749
   -0.06017
   -0.01035
    0.07892
   -0.02925
   -0.02130
    0.00519
   -0.05496
   -0.05211
    0.00720
   -0.04786
    0.05112
    0.01756
   -0.03681
   -0.02990
   -0.06581
   -0.01735
    0.00549
    0.08044
   -0.04045
   -0.03810
    0.06095
   -0.03247
   -0.03675
    0.03146
    0.06017
   -0.07147
    0.03898
    0.06551
    0.03339
    0.03323
   -0.01970
    0.00404
    0.00956
    0.00937
    0.03961
   -0.01319
    0.06428
   -0.00030
    0.05285
    0.00559
    0.02347
   -0.03142
   -0.02042
    0.07353
   -0.00975
   -0.04874
    0.01818
    0.00889
   -0.01035
    0.02703
   -0.06280
   -0.00183
   -0.01366
    0.02352
    0.01353
    0.04824
    0.00018
    0.03357
   -0.02784
    0.00801
   -0.04066
   -0.02259
   -0.06439
   -0.06683
    0.03690
   -0.03495
   -0.04597
    0.07266
   -0.03243
    0.02709
    0.01442
    0.04116
    0.02331
    0.01073
    0.04644
    0.05219
   -0.00495
    0.05976
    0.00621
   -0.02042
    0.01682
    0.02875
    0.01743
   -0.01261
    0.00860
   -0.03272
    0.05363
   -0.02797
   -0.00160
   -0.02738
   -0.06655
    0.04604
   -0.01690
   -0.05695
   -0.03834
   -0.05881
   -0.03668
    0.02081
   -0.01391
    0.03502
   -0.05715
    0.01348
   -0.00719
    0.01835
   -0.02961
    0.04190
    0.05156
    0.01723
   -0.06720
    0.02672
   -0.04587
    0.04507
    0.04673
    0.00466
    0.05808
   -0.03041
   -0.05990
    0.05096
    0.03990
    0.01554
    0.02485
   -0.04139
   -0.01981
    0.00726
   -0.04073
    0.06421
   -0.02702
    0.02876
    0.03624
    0.06554
    0.07198
    0.07019
   -0.04546
    0.05723
    0.04723
   -0.02655
   -0.05428
    0.01859
   -0.01215
    0.03064
    0.03389
   -0.04595
    0.04200
    0.04445
    0.03487
    0.02850
   -0.01071
    0.01728
    0.01883
    0.02107
   -0.02360
    0.02188
   -0.01578
   -0.03563
   -0.00271
   -0.05729
   -0.01536
    0.03556
    0.01740
    0.07184
   -0.05341
   -0.05736
   -0.00082
    0.02822
    0.04737
   -0.05628
    0.05540
    0.01833
    0.02330
   -0.01114
    0.01367
    0.06219
   -0.04154
   -0.05208
    0.01665
    0.05071
   -0.05095
   -0.03572
   -0.01115
   -0.07062
    0.01236
   -0.01818
   -0.01180
   -0.01224
   -0.02524
    0.00830
    0.02314
   -0.07047
    0.07852
   -0.03236
    0.01906
   -0.02514
    0.07184
    0.00962
    0.00871
   -0.04119
    0.00762
   -0.03716
   -0.01343
    0.01306
   -0.03690
   -0.01342
    0.02399
    0.06212
    0.03504
    0.01256
    0.02673
   -0.02492
   -0.02281
   -0.04042
    0.02098
   -0.07229
    0.07227
   -0.00272
    0.00780
    0.04854
    0.00012
   -0.00645
    0.02440
    0.04110
    0.02077
    0.00247
   -0.02799
   -0.02209
    0.01859
   -0.01088
   -0.04244
    0.00915
    0.04638
   -0.05397
    0.01342
    0.04115
   -0.06679
   -0.04578
    0.00913
    0.05209
    0.06111
    0.06437
    0.03768
   -0.00428
    0.02675
   -0.07058
   -0.05847
   -0.05121
    0.05442
   -0.03364
    0.04780
    0.04251
   -0.05678
    0.01284
    0.03218
    0.01369
    0.03982
   -0.05557
   -0.04818
   -0.03217
   -0.05562
   -0.00865
    0.03742
    0.05777
   -0.03226
    0.06274
   -0.06556
   -0.07296
   -0.01616
    0.00730
   -0.00819
   -0.05696
   -0.03871
   -0.06647
   -0.01474
   -0.01482
   -0.03520
    0.02730
   -0.04803
    0.04179
    0.00611
   -0.02160
    0.04999
    0.01965
   -0.04935
    0.00731
   -0.06770
    0.01297
    0.00021
    0.06859
   -0.06228
    0.01144
   -0.03715
    0.01614
    0.07397
   -0.02247
   -0.05840
   -0.01701
   -0.03495
    0.05232
   -0.00491
   -0.05407
   -0.00467
    0.06213
   -0.05957
   -0.02163
    0.03239
    0.01356
   -0.00858
    0.05833
    0.02572
    0.02802
   -0.05442
   -0.02808
    0.02460
   -0.07113
   -0.02763
   -0.06323
   -0.00793
   -0.03833
   -0.04679
    0.01631
   -0.04759
   -0.00830
   -0.05367
    0.05692
   -0.05383
   -0.00972
   -0.02677
   -0.06210
    0.03309
    0.03961
   -0.06311
   -0.00742
    0.05360
   -0.03516
   -0.07394
    0.01655
   -0.05095
    0.00108
    0.02069
   -0.06793
    0.03499
   -0.05227
    0.05586
    0.02853
   -0.05299
    0.02052
    0.06034
    0.03395
   -0.01355
   -0.01896
   -0.03562
    0.03025
    0.03432
   -0.01347
    0.00413
   -0.04844
   -0.06305
    0.02083
   -0.05788
   -0.07393
   -0.04087
   -0.01701
   -0.07737
    0.01413
    0.03586
    0.06007
   -0.03821
    0.06171
    0.02012
   -0.04086
    0.01951
   -0.02872
    0.01429
    0.05325
    0.06205
   -0.01949
   -0.00463
    0.02882
    0.03036
   -0.05675
   -0.00134
   -0.05642
    0.04406
    0.01920
   -0.02350
   -0.02241
   -0.00195
   -0.02251
    0.00723
   -0.01666
   -0.02631
    0.04285
    0.06225
   -0.03982
    0.05607
    0.02364
   -0.07421
    0.04992
    0.00346
    0.04272
   -0.01952
   -0.03318
    0.01504
    0.05745
    0.04018
   -0.01318
    0.01552
    0.02867
    0.00580
    0.01797
    0.03803
   -0.01538
   -0.01595
    0.00179
    0.02558
   -0.03129
    0.03318
   -0.00331
   -0.01044
    0.05303
   -0.02049
   -0.05920
    0.06208
    0.02759
   -0.02158
    0.02711
   -0.02108
    0.04805
    0.02988
    0.03777
   -0.03169
    0.04710
   -0.01302
   -0.05853
    0.07944
   -0.00780
    0.04783
   -0.03825
    0.05123
   -0.02839
    0.05644
    0.00247
   -0.03227
    0.00686
    0.00964
   -0.06543
   -0.01032
   -0.06454
   -0.00310
   -0.05655
   -0.03727
    0.04536
    0.05726
   -0.01019
    0.03590
    0.00063
    0.01833
   -0.05751
    0.06534
    0.04728
    0.03404
    0.02324
    0.03305
   -0.04282
    0.07242
    0.04774
    0.07274
    0.06219
    0.07451
    0.03948
   -0.04649
   -0.04243

   -0.07017
   -0.00338
   -0.05873
   -0.05646
   -0.03157
    0.05304
    0.05823
   -0.02840
    0.01117
   -0.05820
    0.04713
   -0.04523
    0.05774
   -0.03471
   -0.01825
   -0.04973
    0.04902
   -0.00903
   -0.04411
   -0.07285
    0.01850
   -0.06602
    0.04484
    0.02513
    0.01844
    0.04694
   -0.02269
   -0.04930
    0.00074
    0.07516
   -0.01534
    0.07754
   -0.00469
   -0.04037
    0.05932
   -0.00245
   -0.02724
    0.00763
    0.02908
   -0.01401
   -0.01546
   -0.06941
   -0.01235
   -0.03643
   -0.02751
    0.00461
    0.00432
    0.02743
   -0.05830
    0.05888
   -0.06300
    0.00487
    0.00380
   -0.05517
    0.02446
    0.06599
   -0.02927
   -0.00310
   -0.02244
    0.05429
    0.03338
    0.05519
   -0.01389
   -0.06221
    0.06368
   -0.07104
    0.03661
   -0.04790
    0.06691
   -0.05574
   -0.00104
    0.01126
    0.04287
    0.00889
    0.04447
   -0.01214
    0.06215
    0.02163
    0.06153
   -0.03867
    0.00829
   -0.06415
    0.01155
    0.05977
   -0.03368
   -0.01338
    0.06763
   -0.02440
   -0.01691
   -0.05565
    0.03210
    0.05558
    0.00893
   -0.06005
   -0.05183
    0.01656
   -0.04921
    0.04451
   -0.00730
    0.03660
    0.02494
   -0.01917
   -0.00708
   -0.02286
    0.05168
    0.03358
    0.04359
    0.01440
   -0.02079
    0.03959
   -0.00389
    0.01681
    0.03957
    0.03239
    0.02214
   -0.05091
   -0.04571
   -0.05209
    0.05295
    0.04104
    0.03621
   -0.05316
    0.03473
    0.04605
   -0.01430
    0.03503
    0.01710
   -0.03817
   -0.07382
   -0.05833
   -0.06066
   -0.01045
    0.07895
   -0.02917
   -0.02180
    0.00517
   -0.05506
   -0.05229
    0.00696
   -0.04791
    0.05148
    0.01806
   -0.03722
   -0.03064
   -0.06654
   -0.01718
    0.00499
    0.08070
   -0.04080
   -0.03848
    0.06111
   -0.03232
   -0.03711
    0.03174
    0.06056
   -0.07226
    0.03973
    0.06589
    0.03361
    0.03352
   -0.01988
    0.00385
    0.00994
    0.00966
    0.03933
   -0.01290
    0.06474
    0.00001
    0.05322
    0.00563
    0.02359
   -0.03161
   -0.02095
    0.07446
   -0.00965
   -0.04956
    0.01828
    0.00905
   -0.01059
    0.02705
   -0.06347
   -0.00158
   -0.01407
    0.02410
    0.01344
    0.04858
    0.00009
    0.03347
   -0.02768
    0.00802
   -0.04094
   -0.02276
   -0.06549
   -0.06712
    0.03713
   -0.03533
   -0.04660
    0.07226
   -0.03265
    0.02731
    0.01482
    0.04194
    0.02317
    0.01059
    0.04639
    0.05276
   -0.00460
    0.06029
    0.00625
   -0.02040
    0.01696
    0.02907
    0.01751
   -0.01298
    0.00862
   -0.03306
    0.05403
   -0.02797
   -0.00180
   -0.02759
   -0.06696
    0.04674
   -0.01746
   -0.05754
   -0.03897
   -0.05936
   -0.03690
    0.02087
   -0.01443
    0.03541
   -0.05782
    0.01386
   -0.00706
    0.01854
   -0.02953
    0.04217
    0.05194
    0.01767
   -0.06788
    0.02678
   -0.04628
    0.04541
    0.04682
    0.00512
    0.05888
   -0.03067
   -0.06030
    0.05147
    0.04025
    0.01586
    0.02460
   -0.04150
   -0.01994
    0.00756
   -0.04092
    0.06480
   -0.02733
    0.02921
    0.03650
    0.06603
    0.07269
    0.07067
   -0.04559
    0.05764
    0.04781
   -0.02694
   -0.05487
    0.01880
   -0.01189
    0.03072
    0.03419
   -0.04621
    0.04211
    0.04498
    0.03539
    0.02908
   -0.01078
    0.01734
    0.01864
    0.02118
   -0.02383
    0.02211
   -0.01587
   -0.03611
   -0.00318
   -0.05807
   -0.01566
    0.03567
    0.01719
    0.07242
   -0.05392
   -0.05742
   -0.00068
    0.02838
    0.04779
   -0.05678
    0.05580
    0.01784
    0.02367
   -0.01180
    0.01364
    0.06257
   -0.04217
   -0.05226
    0.01643
    0.05138
   -0.05138
   -0.03544
   -0.01126
   -0.07093
    0.01245
   -0.01859
   -0.01202
   -0.01230
   -0.02544
    0.00883
    0.02330
   -0.07056
    0.07927
   -0.03250
    0.01890
   -0.02512
    0.07260
    0.00961
    0.00859
   -0.04160
    0.00747
   -0.03727
   -0.01302
    0.01274
   -0.03725
   -0.01354
    0.02406
    0.06245
    0.03529
    0.01296
    0.02673
   -0.02527
   -0.02288
   -0.04063
    0.02129
   -0.07262
    0.07275
   -0.00304
    0.00797
    0.04894
    0.00005
   -0.00658
    0.02446
    0.04153
    0.02081
    0.00269
   -0.02824
   -0.02241
    0.01898
   -0.01057
   -0.04283
    0.00922
    0.04641
   -0.05471
    0.01363
    0.04108
   -0.06683
   -0.04646
    0.00917
    0.05226
    0.06162
    0.06496
    0.03794
   -0.00423
    0.02708
   -0.07140
   -0.05921
   -0.05155
    0.05497
   -0.03411
    0.04802
    0.04288
   -0.05715
    0.01299
    0.03239
    0.01377
    0.04016
   -0.05581
   -0.04889
   -0.03248
   -0.05621
   -0.00844
    0.03726
    0.05798
   -0.03275
    0.06319
   -0.06544
   -0.07327
   -0.01642
    0.00734
   -0.00828
   -0.05774
   -0.03933
   -0.06727
   -0.01460
   -0.01526
   -0.03545
    0.02766
   -0.04823
    0.04220
    0.00604
   -0.02188
    0.05026
    0.01986
   -0.04981
    0.00718
   -0.06799
    0.01282
   -0.00027
    0.06889
   -0.06287
    0.01159
   -0.03717
    0.01668
    0.07450
   -0.02273
   -0.05894
   -0.01759
   -0.03457
    0.05300
   -0.00493
   -0.05416
   -0.00440
    0.06159
   -0.06008
   -0.02137
    0.03247
    0.01351
   -0.00854
    0.05877
    0.02618
    0.02830
   -0.05481
   -0.02867
    0.02454
   -0.07189
   -0.02781
   -0.06394
   -0.00782
   -0.03843
   -0.04705
    0.01632
   -0.04815
   -0.00839
   -0.05437
    0.05701
   -0.05430
   -0.00961
   -0.02720
   -0.06233
    0.03365
    0.03938
   -0.06373
   -0.00735
    0.05419
   -0.03528
   -0.07480
    0.01613
   -0.05143
    0.00114
    0.02061
   -0.06841
    0.03552
   -0.05272
    0.05573
    0.02869
   -0.05332
    0.02034
    0.06034
    0.03392
   -0.01397
   -0.01902
   -0.03580
    0.03018
    0.03457
   -0.01345
    0.00434
   -0.04830
   -0.06323
    0.02061
   -0.05835
   -0.07451
   -0.04119
   -0.01698
   -0.07850
    0.01435
    0.03611
    0.06073
   -0.03858
    0.06253
    0.02067
   -0.04097
    0.01947
   -0.02931
    0.01423
    0.05340
    0.06227
   -0.01987
   -0.00436
    0.02924
    0.03029
   -0.05698
   -0.00139
   -0.05702
    0.04446
    0.01951
   -0.02357
   -0.02246
   -0.00205
   -0.02259
    0.00741
   -0.01662
   -0.02647
    0.04288
    0.06329
   -0.04046
    0.05667
    0.02379
   -0.07464
    0.05010
    0.00310
    0.04330
   -0.01969
   -0.03344
    0.01531
    0.05796
    0.04028
   -0.01316
    0.01559
    0.02863
    0.00611
    0.01759
    0.03839
   -0.01551
   -0.01602
    0.00174
    0.02558
   -0.03146
    0.03343
   -0.00336
   -0.01051
    0.05342
   -0.02051
   -0.06004
    0.06275
    0.02782
   -0.02210
    0.02741
   -0.02078
    0.04837
    0.02982
    0.03808
   -0.03187
    0.04683
   -0.01298
   -0.05939
    0.07998
   -0.00789
    0.04807
   -0.03854
    0.05190
   -0.02867
    0.05664
    0.00273
   -0.03274
    0.00687
    0.00949
   -0.06554
   -0.01032
   -0.06502
   -0.00343
   -0.05720
   -0.03730
    0.04565
    0.05780
   -0.00988
    0.03565
    0.00053
    0.01828
   -0.05826
    0.06588
    0.04758
    0.03388
    0.02296
    0.03352
   -0.04311
    0.07275
    0.04821
    0.07369
    0.06271
    0.07513
    0.03984
   -0.04633
   -0.04268
