          1          0    0.00000   -1.03557    0.00000   -1.03557    0.00000   -3.35740    3.35740    0.00000
          1          1    0.04395   -1.03486    0.00000   -1.03268    0.00000   -3.35740   -1.03268    0.00000
          2          0    0.04395   -0.41706    0.00000   -1.03268    0.00000   -3.35740   -1.03268   -2.19504
          2        100    5.88377   -0.98828    0.00000   -1.03822    0.00000   -3.35740   -1.03868   -2.19504
          2        200   12.14090   -1.00358    0.00000   -1.03876    0.00000   -3.35740   -1.03944   -2.19504
          2        300   18.51157   -1.01040    0.00000   -1.03978    0.00000   -3.35740   -1.04002   -2.19504
          2        400   24.68845   -1.01448    0.00000   -1.03958    0.00000   -3.35740   -1.04011   -2.19504
          2        500   30.86597   -1.01725    0.00000   -1.03970    0.00000   -3.35740   -1.04024   -2.19504
          2        600   37.35574   -1.01930    0.00000   -1.04005    0.00000   -3.35740   -1.04024   -2.19504
          2        700   43.07927   -1.02090    0.00000   -1.03977    0.00000   -3.35740   -1.04030   -2.19504
          2        800   49.17096   -1.02219    0.00000   -1.03999    0.00000   -3.35740   -1.04031   -2.19504
          2        900   55.67124   -1.02325    0.00000   -1.04006    0.00000   -3.35740   -1.04036   -2.19504
          2       1000   61.43043   -1.02415    0.00000   -1.03987    0.00000   -3.35740   -1.04049   -2.19504
          2       1100   67.03077   -1.02493    0.00000   -1.03987    0.00000   -3.35740   -1.04049   -2.19504
          2       1200   73.10845   -1.02561    0.00000   -1.04007    0.00000   -3.35740   -1.04049   -2.19504
          2       1300   78.68858   -1.02621    0.00000   -1.03997    0.00000   -3.35740   -1.04049   -2.19504
          2       1400   84.56591   -1.02674    0.00000   -1.04006    0.00000   -3.35740   -1.04049   -2.19504
          2       1500   90.39850   -1.02722    0.00000   -1.04016    0.00000   -3.35740   -1.04052   -2.19504
          2       1600   95.80708   -1.02765    0.00000   -1.04044    0.00000   -3.35740   -1.04052   -2.19504
          2       1700  101.81666   -1.02804    0.00000   -1.04036    0.00000   -3.35740   -1.04057   -2.19504
          2       1800  107.33721   -1.02840    0.00000   -1.04011    0.00000   -3.35740   -1.04057   -2.19504
          2       1900  112.89125   -1.02874    0.00000   -1.04032    0.00000   -3.35740   -1.04057   -2.19504
          2       2000  118.74872   -1.02904    0.00000   -1.04050    0.00000   -3.35740   -1.04057   -2.19504
          2       2100  124.17898   -1.02933    0.00000   -1.04038    0.00000   -3.35740   -1.04057   -2.19504
          2       2200  129.93055   -1.02959    0.00000   -1.04039    0.00000   -3.35740   -1.04058   -2.19504
          2       2300  135.28390   -1.02984    0.00000   -1.04034    0.00000   -3.35740   -1.04062   -2.19504
          2       2400  140.99569   -1.03007    0.00000   -1.04019    0.00000   -3.35740   -1.04062   -2.19504
          2       2500  146.30072   -1.03029    0.00000   -1.04048    0.00000   -3.35740   -1.04062   -2.19504
          2       2600  151.90531   -1.03049    0.00000   -1.04037    0.00000   -3.35740   -1.04062   -2.19504
          2       2700  157.73584   -1.03069    0.00000   -1.04037    0.00000   -3.35740   -1.04062   -2.19504
          2       2800  162.84821   -1.03087    0.00000   -1.04062    0.00000   -3.35740   -1.04064   -2.19504
          2       2900  168.48077   -1.03104    0.00000   -1.04022    0.00000   -3.35740   -1.04065   -2.19504
          2       3000  173.71224   -1.03121    0.00000   -1.04050    0.00000   -3.35740   -1.04065   -2.19504
          2       3100  179.21457   -1.03137    0.00000   -1.04037    0.00000   -3.35740   -1.04065   -2.19504
          2       3200  184.69412   -1.03152    0.00000   -1.04041    0.00000   -3.35740   -1.04066   -2.19504
          2       3300  190.92261   -1.03166    0.00000   -1.04030    0.00000   -3.35740   -1.04067   -2.19504
          2       3400  197.63911   -1.03179    0.00000   -1.04046    0.00000   -3.35740   -1.04067   -2.19504
          2       3500  203.77061   -1.03193    0.00000   -1.04051    0.00000   -3.35740   -1.04068   -2.19504
          2       3600  209.37711   -1.03205    0.00000   -1.04040    0.00000   -3.35740   -1.04068   -2.19504
          2       3700  215.14885   -1.03217    0.00000   -1.04052    0.00000   -3.35740   -1.04068   -2.19504
          2       3800  220.86992   -1.03228    0.00000   -1.04042    0.00000   -3.35740   -1.04068   -2.19504
          2       3900  226.54213   -1.03240    0.00000   -1.04044    0.00000   -3.35740   -1.04068   -2.19504
          2       4000  232.41924   -1.03250    0.00000   -1.04062    0.00000   -3.35740   -1.04070   -2.19504
          2       4100  237.91785   -1.03260    0.00000   -1.04044    0.00000   -3.35740   -1.04070   -2.19504
          2       4200  243.90923   -1.03270    0.00000   -1.04061    0.00000   -3.35740   -1.04070   -2.19504
          2       4300  249.55509   -1.03280    0.00000   -1.04059    0.00000   -3.35740   -1.04071   -2.19504
          2       4400  256.14195   -1.03289    0.00000   -1.04054    0.00000   -3.35740   -1.04071   -2.19504
          2       4500  261.98565   -1.03298    0.00000   -1.04055    0.00000   -3.35740   -1.04071   -2.19504
          2       4600  267.57307   -1.03307    0.00000   -1.04064    0.00000   -3.35740   -1.04071   -2.19504
          2       4700  273.51314   -1.03315    0.00000   -1.04047    0.00000   -3.35740   -1.04071   -2.19504
          2       4800  279.32421   -1.03323    0.00000   -1.04051    0.00000   -3.35740   -1.04071   -2.19504
          2       4900  284.96817   -1.03331    0.00000   -1.04059    0.00000   -3.35740   -1.04071   -2.19504
          2       5000  290.57202   -1.03338    0.00000   -1.04057    0.00000   -3.35740   -1.04071   -2.19504
          2       5100  296.12619   -1.03346    0.00000   -1.04048    0.00000   -3.35740   -1.04071   -2.19504
          2       5200  301.67217   -1.03353    0.00000   -1.04049    0.00000   -3.35740   -1.04071   -2.19504
          2       5300  307.61614   -1.03360    0.00000   -1.04039    0.00000   -3.35740   -1.04071   -2.19504
          2       5400  313.20991   -1.03367    0.00000   -1.04060    0.00000   -3.35740   -1.04071   -2.19504
          2       5500  318.95457   -1.03373    0.00000   -1.04056    0.00000   -3.35740   -1.04074   -2.19504
          2       5600  325.00127   -1.03380    0.00000   -1.04056    0.00000   -3.35740   -1.04074   -2.19504
          2       5700  331.19286   -1.03386    0.00000   -1.04046    0.00000   -3.35740   -1.04074   -2.19504
          2       5800  336.95351   -1.03392    0.00000   -1.04053    0.00000   -3.35740   -1.04074   -2.19504
          2       5900  343.19501   -1.03398    0.00000   -1.04044    0.00000   -3.35740   -1.04076   -2.19504
          2       6000  348.79112   -1.03404    0.00000   -1.04051    0.00000   -3.35740   -1.04076   -2.19504
          2       6100  354.46861   -1.03409    0.00000   -1.04058    0.00000   -3.35740   -1.04076   -2.19504
          2       6200  360.05693   -1.03415    0.00000   -1.04072    0.00000   -3.35740   -1.04076   -2.19504
          2       6300  366.33400   -1.03420    0.00000   -1.04058    0.00000   -3.35740   -1.04076   -2.19504
          2       6400  372.36547   -1.03425    0.00000   -1.04065    0.00000   -3.35740   -1.04076   -2.19504
          2       6500  377.93476   -1.03430    0.00000   -1.04071    0.00000   -3.35740   -1.04076   -2.19504
          2       6600  383.66569   -1.03435    0.00000   -1.04052    0.00000   -3.35740   -1.04076   -2.19504
          2       6700  389.45046   -1.03440    0.00000   -1.04065    0.00000   -3.35740   -1.04076   -2.19504
          2       6800  395.36579   -1.03445    0.00000   -1.04057    0.00000   -3.35740   -1.04076   -2.19504
          2       6900  400.98004   -1.03450    0.00000   -1.04064    0.00000   -3.35740   -1.04076   -2.19504
          2       7000  406.40701   -1.03454    0.00000   -1.04063    0.00000   -3.35740   -1.04076   -2.19504
          2       7100  412.27492   -1.03459    0.00000   -1.04063    0.00000   -3.35740   -1.04076   -2.19504
          2       7200  418.03453   -1.03463    0.00000   -1.04056    0.00000   -3.35740   -1.04076   -2.19504
          2       7300  424.13157   -1.03467    0.00000   -1.04058    0.00000   -3.35740   -1.04076   -2.19504
          2       7400  429.80293   -1.03471    0.00000   -1.04061    0.00000   -3.35740   -1.04076   -2.19504
          2       7500  435.68597   -1.03476    0.00000   -1.04056    0.00000   -3.35740   -1.04076   -2.19504
          2       7600  441.34973   -1.03480    0.00000   -1.04051    0.00000   -3.35740   -1.04076   -2.19504
          2       7700  447.27708   -1.03484    0.00000   -1.04047    0.00000   -3.35740   -1.04076   -2.19504
          2       7800  452.76417   -1.03487    0.00000   -1.04063    0.00000   -3.35740   -1.04076   -2.19504
          2       7900  458.55944   -1.03491    0.00000   -1.04053    0.00000   -3.35740   -1.04076   -2.19504
          2       8000  463.81904   -1.03495    0.00000   -1.04069    0.00000   -3.35740   -1.04076   -2.19504
          2       8100  469.28292   -1.03499    0.00000   -1.04063    0.00000   -3.35740   -1.04076   -2.19504
          2       8200  475.07489   -1.03502    0.00000   -1.04060    0.00000   -3.35740   -1.04079   -2.19504
          2       8300  480.37312   -1.03506    0.00000   -1.04054    0.00000   -3.35740   -1.04079   -2.19504
          2       8400  486.19398   -1.03509    0.00000   -1.04069    0.00000   -3.35740   -1.04079   -2.19504
          2       8500  491.90430   -1.03513    0.00000   -1.04062    0.00000   -3.35740   -1.04079   -2.19504
          2       8600  497.27489   -1.03516    0.00000   -1.04049    0.00000   -3.35740   -1.04079   -2.19504
          2       8700  503.28381   -1.03519    0.00000   -1.04068    0.00000   -3.35740   -1.04079   -2.19504
          2       8800  508.86433   -1.03522    0.00000   -1.04060    0.00000   -3.35740   -1.04079   -2.19504
          2       8900  514.03600   -1.03526    0.00000   -1.04065    0.00000   -3.35740   -1.04079   -2.19504
          2       9000  519.41911   -1.03529    0.00000   -1.04062    0.00000   -3.35740   -1.04079   -2.19504
          2       9100  525.52185   -1.03532    0.00000   -1.04073    0.00000   -3.35740   -1.04079   -2.19504
          2       9200  531.64119   -1.03535    0.00000   -1.04073    0.00000   -3.35740   -1.04079   -2.19504
          2       9300  537.44982   -1.03538    0.00000   -1.04065    0.00000   -3.35740   -1.04079   -2.19504
          2       9400  542.99353   -1.03541    0.00000   -1.04059    0.00000   -3.35740   -1.04079   -2.19504
          2       9500  548.45931   -1.03544    0.00000   -1.04058    0.00000   -3.35740   -1.04079   -2.19504
          2       9600  554.24143   -1.03546    0.00000   -1.04064    0.00000   -3.35740   -1.04079   -2.19504
          2       9700  559.86963   -1.03549    0.00000   -1.04062    0.00000   -3.35740   -1.04079   -2.19504
          2       9800  565.60849   -1.03552    0.00000   -1.04056    0.00000   -3.35740   -1.04079   -2.19504
          2       9900  571.30190   -1.03555    0.00000   -1.04059    0.00000   -3.35740   -1.04079   -2.19504
          2      10000  577.04012   -1.03557    0.00000   -1.04066    0.00000   -3.35740   -1.04079   -2.19504
          2      10100  583.03588   -1.03560    0.00000   -1.04056    0.00000   -3.35740   -1.04079   -2.19504
          2      10200  588.68829   -1.03563    0.00000   -1.04053    0.00000   -3.35740   -1.04079   -2.19504
          2      10300  594.49421   -1.03565    0.00000   -1.04063    0.00000   -3.35740   -1.04079   -2.19504
          2      10400  600.55667   -1.03568    0.00000   -1.04063    0.00000   -3.35740   -1.04079   -2.19504
          2      10500  606.33644   -1.03570    0.00000   -1.04065    0.00000   -3.35740   -1.04079   -2.19504
          2      10600  612.13536   -1.03573    0.00000   -1.04060    0.00000   -3.35740   -1.04079   -2.19504
          2      10700  617.60196   -1.03575    0.00000   -1.04068    0.00000   -3.35740   -1.04079   -2.19504
          2      10800  623.52883   -1.03577    0.00000   -1.04063    0.00000   -3.35740   -1.04079   -2.19504
          2      10900  628.97896   -1.03580    0.00000   -1.04056    0.00000   -3.35740   -1.04079   -2.19504
          2      11000  634.76404   -1.03582    0.00000   -1.04058    0.00000   -3.35740   -1.04079   -2.19504
          2      11100  640.73120   -1.03584    0.00000   -1.04059    0.00000   -3.35740   -1.04079   -2.19504
          2      11200  646.56017   -1.03586    0.00000   -1.04065    0.00000   -3.35740   -1.04079   -2.19504
          2      11300  652.33057   -1.03589    0.00000   -1.04063    0.00000   -3.35740   -1.04079   -2.19504
          2      11400  658.10596   -1.03591    0.00000   -1.04066    0.00000   -3.35740   -1.04079   -2.19504
          2      11500  663.85825   -1.03593    0.00000   -1.04062    0.00000   -3.35740   -1.04079   -2.19504
          2      11600  669.81891   -1.03595    0.00000   -1.04067    0.00000   -3.35740   -1.04079   -2.19504
          2      11700  675.85702   -1.03597    0.00000   -1.04057    0.00000   -3.35740   -1.04079   -2.19504
          2      11800  681.48841   -1.03599    0.00000   -1.04072    0.00000   -3.35740   -1.04079   -2.19504
          2      11900  687.08535   -1.03601    0.00000   -1.04061    0.00000   -3.35740   -1.04079   -2.19504
          2      12000  693.15938   -1.03603    0.00000   -1.04060    0.00000   -3.35740   -1.04079   -2.19504
          2      12100  699.22722   -1.03605    0.00000   -1.04068    0.00000   -3.35740   -1.04079   -2.19504
          2      12200  705.00374   -1.03607    0.00000   -1.04061    0.00000   -3.35740   -1.04079   -2.19504
          2      12300  710.53316   -1.03609    0.00000   -1.04062    0.00000   -3.35740   -1.04079   -2.19504
          2      12400  716.27170   -1.03611    0.00000   -1.04062    0.00000   -3.35740   -1.04079   -2.19504
          2      12500  721.95755   -1.03613    0.00000   -1.04066    0.00000   -3.35740   -1.04079   -2.19504
          2      12600  727.38919   -1.03615    0.00000   -1.04064    0.00000   -3.35740   -1.04079   -2.19504
          2      12700  733.39438   -1.03617    0.00000   -1.04062    0.00000   -3.35740   -1.04079   -2.19504
          2      12800  739.15021   -1.03619    0.00000   -1.04075    0.00000   -3.35740   -1.04079   -2.19504
          2      12900  744.66186   -1.03621    0.00000   -1.04070    0.00000   -3.35740   -1.04079   -2.19504
          2      13000  750.22256   -1.03622    0.00000   -1.04072    0.00000   -3.35740   -1.04079   -2.19504
          2      13100  756.16283   -1.03624    0.00000   -1.04062    0.00000   -3.35740   -1.04079   -2.19504
          2      13200  761.78674   -1.03626    0.00000   -1.04072    0.00000   -3.35740   -1.04079   -2.19504
          2      13300  768.62673   -1.03628    0.00000   -1.04073    0.00000   -3.35740   -1.04079   -2.19504
          2      13400  774.06057   -1.03629    0.00000   -1.04072    0.00000   -3.35740   -1.04079   -2.19504
          2      13500  779.44958   -1.03631    0.00000   -1.04059    0.00000   -3.35740   -1.04079   -2.19504
          2      13600  785.20777   -1.03633    0.00000   -1.04058    0.00000   -3.35740   -1.04079   -2.19504
          2      13700  790.92481   -1.03634    0.00000   -1.04070    0.00000   -3.35740   -1.04079   -2.19504
          2      13800  796.74633   -1.03636    0.00000   -1.04070    0.00000   -3.35740   -1.04079   -2.19504
          2      13900  802.42477   -1.03638    0.00000   -1.04063    0.00000   -3.35740   -1.04079   -2.19504
          2      14000  808.33653   -1.03639    0.00000   -1.04067    0.00000   -3.35740   -1.04079   -2.19504
          2      14100  814.44363   -1.03641    0.00000   -1.04066    0.00000   -3.35740   -1.04079   -2.19504
          2      14200  819.99322   -1.03642    0.00000   -1.04071    0.00000   -3.35740   -1.04079   -2.19504
          2      14300  825.87998   -1.03644    0.00000   -1.04070    0.00000   -3.35740   -1.04079   -2.19504
          2      14400  831.64252   -1.03645    0.00000   -1.04067    0.00000   -3.35740   -1.04079   -2.19504
          2      14500  836.98796   -1.03647    0.00000   -1.04062    0.00000   -3.35740   -1.04081   -2.19504
          2      14600  842.37907   -1.03649    0.00000   -1.04073    0.00000   -3.35740   -1.04081   -2.19504
          2      14700  848.04412   -1.03650    0.00000   -1.04069    0.00000   -3.35740   -1.04081   -2.19504
          2      14800  853.96325   -1.03651    0.00000   -1.04064    0.00000   -3.35740   -1.04081   -2.19504
          2      14900  859.45708   -1.03653    0.00000   -1.04066    0.00000   -3.35740   -1.04081   -2.19504
          2      15000  865.45177   -1.03654    0.00000   -1.04073    0.00000   -3.35740   -1.04081   -2.19504
          2      15100  871.15560   -1.03656    0.00000   -1.04066    0.00000   -3.35740   -1.04081   -2.19504
          2      15200  876.81777   -1.03657    0.00000   -1.04071    0.00000   -3.35740   -1.04081   -2.19504
          2      15300  882.56153   -1.03659    0.00000   -1.04077    0.00000   -3.35740   -1.04081   -2.19504
          2      15400  888.10909   -1.03660    0.00000   -1.04067    0.00000   -3.35740   -1.04081   -2.19504
          2      15500  893.45456   -1.03661    0.00000   -1.04066    0.00000   -3.35740   -1.04081   -2.19504
          2      15600  899.09077   -1.03663    0.00000   -1.04070    0.00000   -3.35740   -1.04081   -2.19504
          2      15700  904.54663   -1.03664    0.00000   -1.04073    0.00000   -3.35740   -1.04081   -2.19504
          2      15800  910.59039   -1.03665    0.00000   -1.04060    0.00000   -3.35740   -1.04081   -2.19504
          2      15900  916.51583   -1.03667    0.00000   -1.04071    0.00000   -3.35740   -1.04081   -2.19504
          2      16000  922.07200   -1.03668    0.00000   -1.04062    0.00000   -3.35740   -1.04081   -2.19504
          2      16100  927.63076   -1.03669    0.00000   -1.04074    0.00000   -3.35740   -1.04081   -2.19504
          2      16200  933.45136   -1.03671    0.00000   -1.04077    0.00000   -3.35740   -1.04081   -2.19504
          2      16300  939.22419   -1.03672    0.00000   -1.04068    0.00000   -3.35740   -1.04081   -2.19504
          2      16400  944.97207   -1.03673    0.00000   -1.04070    0.00000   -3.35740   -1.04081   -2.19504
          2      16500  950.42801   -1.03674    0.00000   -1.04066    0.00000   -3.35740   -1.04081   -2.19504
          2      16600  956.37332   -1.03676    0.00000   -1.04070    0.00000   -3.35740   -1.04081   -2.19504
          2      16700  961.94517   -1.03677    0.00000   -1.04069    0.00000   -3.35740   -1.04081   -2.19504
          2      16800  967.25200   -1.03678    0.00000   -1.04076    0.00000   -3.35740   -1.04081   -2.19504
          2      16900  972.89600   -1.03679    0.00000   -1.04071    0.00000   -3.35740   -1.04081   -2.19504
          2      17000  978.76966   -1.03681    0.00000   -1.04070    0.00000   -3.35740   -1.04081   -2.19504
          2      17100  984.26119   -1.03682    0.00000   -1.04077    0.00000   -3.35740   -1.04081   -2.19504
          2      17200  989.90210   -1.03683    0.00000   -1.04072    0.00000   -3.35740   -1.04081   -2.19504
          2      17300  995.89073   -1.03684    0.00000   -1.04059    0.00000   -3.35740   -1.04081   -2.19504
          2      17400 1001.81189   -1.03685    0.00000   -1.04070    0.00000   -3.35740   -1.04081   -2.19504
          2      17500 1007.62657   -1.03686    0.00000   -1.04068    0.00000   -3.35740   -1.04081   -2.19504
          2      17600 1012.98422   -1.03688    0.00000   -1.04059    0.00000   -3.35740   -1.04081   -2.19504
          2      17700 1018.97134   -1.03689    0.00000   -1.04065    0.00000   -3.35740   -1.04081   -2.19504
          2      17800 1024.60142   -1.03690    0.00000   -1.04072    0.00000   -3.35740   -1.04081   -2.19504
          2      17900 1030.85746   -1.03691    0.00000   -1.04063    0.00000   -3.35740   -1.04081   -2.19504
          2      18000 1036.60430   -1.03692    0.00000   -1.04067    0.00000   -3.35740   -1.04081   -2.19504
          2      18100 1042.52882   -1.03693    0.00000   -1.04073    0.00000   -3.35740   -1.04081   -2.19504
          2      18200 1048.29273   -1.03694    0.00000   -1.04064    0.00000   -3.35740   -1.04081   -2.19504
          2      18300 1053.97308   -1.03695    0.00000   -1.04067    0.00000   -3.35740   -1.04081   -2.19504
          2      18400 1059.80113   -1.03696    0.00000   -1.04075    0.00000   -3.35740   -1.04081   -2.19504
          2      18500 1065.74411   -1.03697    0.00000   -1.04079    0.00000   -3.35740   -1.04081   -2.19504
          2      18600 1071.75493   -1.03698    0.00000   -1.04063    0.00000   -3.35740   -1.04081   -2.19504
          2      18700 1077.64155   -1.03699    0.00000   -1.04073    0.00000   -3.35740   -1.04081   -2.19504
          2      18800 1083.56551   -1.03701    0.00000   -1.04068    0.00000   -3.35740   -1.04083   -2.19504
          2      18900 1089.12995   -1.03702    0.00000   -1.04071    0.00000   -3.35740   -1.04083   -2.19504
          2      19000 1094.95818   -1.03703    0.00000   -1.04068    0.00000   -3.35740   -1.04083   -2.19504
          2      19100 1100.76133   -1.03704    0.00000   -1.04062    0.00000   -3.35740   -1.04083   -2.19504
          2      19200 1106.71350   -1.03705    0.00000   -1.04071    0.00000   -3.35740   -1.04083   -2.19504
          2      19300 1112.35231   -1.03706    0.00000   -1.04064    0.00000   -3.35740   -1.04083   -2.19504
          2      19400 1118.24752   -1.03707    0.00000   -1.04071    0.00000   -3.35740   -1.04083   -2.19504
          2      19500 1124.22035   -1.03708    0.00000   -1.04071    0.00000   -3.35740   -1.04083   -2.19504
          2      19600 1130.14540   -1.03708    0.00000   -1.04062    0.00000   -3.35740   -1.04083   -2.19504
          2      19700 1135.68298   -1.03709    0.00000   -1.04074    0.00000   -3.35740   -1.04083   -2.19504
          2      19800 1142.18424   -1.03710    0.00000   -1.04076    0.00000   -3.35740   -1.04083   -2.19504
          2      19900 1148.50417   -1.03711    0.00000   -1.04067    0.00000   -3.35740   -1.04083   -2.19504
          2      20000 1154.82181   -1.03712    0.00000   -1.04069    0.00000   -3.35740   -1.04083   -2.19504
          2      20100 1160.89471   -1.03713    0.00000   -1.04071    0.00000   -3.35740   -1.04083   -2.19504
          2      20200 1166.42489   -1.03714    0.00000   -1.04073    0.00000   -3.35740   -1.04083   -2.19504
          2      20300 1172.36151   -1.03715    0.00000   -1.04067    0.00000   -3.35740   -1.04083   -2.19504
          2      20400 1177.87456   -1.03716    0.00000   -1.04069    0.00000   -3.35740   -1.04083   -2.19504
          2      20500 1183.61574   -1.03717    0.00000   -1.04076    0.00000   -3.35740   -1.04083   -2.19504
          2      20600 1188.99769   -1.03718    0.00000   -1.04073    0.00000   -3.35740   -1.04083   -2.19504
          2      20700 1194.98242   -1.03719    0.00000   -1.04072    0.00000   -3.35740   -1.04083   -2.19504
          2      20800 1200.55521   -1.03720    0.00000   -1.04069    0.00000   -3.35740   -1.04083   -2.19504
          2      20900 1206.14601   -1.03720    0.00000   -1.04071    0.00000   -3.35740   -1.04083   -2.19504
          2      21000 1211.77923   -1.03721    0.00000   -1.04072    0.00000   -3.35740   -1.04083   -2.19504
          2      21100 1217.12491   -1.03722    0.00000   -1.04072    0.00000   -3.35740   -1.04083   -2.19504
          2      21200 1222.79493   -1.03723    0.00000   -1.04073    0.00000   -3.35740   -1.04083   -2.19504
          2      21300 1228.56828   -1.03724    0.00000   -1.04074    0.00000   -3.35740   -1.04083   -2.19504
          2      21400 1234.22200   -1.03725    0.00000   -1.04074    0.00000   -3.35740   -1.04083   -2.19504
          2      21500 1239.94003   -1.03726    0.00000   -1.04067    0.00000   -3.35740   -1.04083   -2.19504
          2      21600 1246.23420   -1.03726    0.00000   -1.04075    0.00000   -3.35740   -1.04083   -2.19504
          2      21700 1251.95612   -1.03727    0.00000   -1.04069    0.00000   -3.35740   -1.04083   -2.19504
          2      21800 1258.05804   -1.03728    0.00000   -1.04070    0.00000   -3.35740   -1.04083   -2.19504
          2      21900 1264.08243   -1.03729    0.00000   -1.04063    0.00000   -3.35740   -1.04083   -2.19504
          2      22000 1270.11300   -1.03730    0.00000   -1.04068    0.00000   -3.35740   -1.04083   -2.19504
          2      22100 1276.01002   -1.03730    0.00000   -1.04079    0.00000   -3.35740   -1.04083   -2.19504
          2      22200 1281.72196   -1.03731    0.00000   -1.04073    0.00000   -3.35740   -1.04083   -2.19504
          2      22300 1287.68434   -1.03732    0.00000   -1.04078    0.00000   -3.35740   -1.04083   -2.19504
          2      22400 1293.52694   -1.03733    0.00000   -1.04071    0.00000   -3.35740   -1.04083   -2.19504
          2      22500 1298.98078   -1.03734    0.00000   -1.04072    0.00000   -3.35740   -1.04083   -2.19504
          2      22600 1304.49786   -1.03734    0.00000   -1.04072    0.00000   -3.35740   -1.04083   -2.19504
          2      22700 1310.26361   -1.03735    0.00000   -1.04075    0.00000   -3.35740   -1.04083   -2.19504
          2      22800 1316.20934   -1.03736    0.00000   -1.04077    0.00000   -3.35740   -1.04083   -2.19504
          2      22900 1322.57856   -1.03737    0.00000   -1.04073    0.00000   -3.35740   -1.04083   -2.19504
          2      23000 1329.12247   -1.03738    0.00000   -1.04071    0.00000   -3.35740   -1.04083   -2.19504
          2      23100 1334.76099   -1.03738    0.00000   -1.04070    0.00000   -3.35740   -1.04083   -2.19504
          2      23200 1340.14801   -1.03739    0.00000   -1.04065    0.00000   -3.35740   -1.04083   -2.19504
          2      23300 1345.78207   -1.03740    0.00000   -1.04072    0.00000   -3.35740   -1.04083   -2.19504
          2      23400 1351.41346   -1.03741    0.00000   -1.04071    0.00000   -3.35740   -1.04083   -2.19504
          2      23500 1357.50168   -1.03741    0.00000   -1.04077    0.00000   -3.35740   -1.04083   -2.19504
          2      23600 1363.26454   -1.03742    0.00000   -1.04079    0.00000   -3.35740   -1.04083   -2.19504
          2      23700 1369.26168   -1.03743    0.00000   -1.04069    0.00000   -3.35740   -1.04083   -2.19504
          2      23800 1374.70401   -1.03743    0.00000   -1.04067    0.00000   -3.35740   -1.04083   -2.19504
          2      23900 1380.50423   -1.03744    0.00000   -1.04070    0.00000   -3.35740   -1.04083   -2.19504
          2      24000 1386.49599   -1.03745    0.00000   -1.04071    0.00000   -3.35740   -1.04083   -2.19504
          2      24100 1392.39682   -1.03746    0.00000   -1.04075    0.00000   -3.35740   -1.04083   -2.19504
          2      24200 1397.99559   -1.03746    0.00000   -1.04077    0.00000   -3.35740   -1.04083   -2.19504
          2      24300 1404.05977   -1.03747    0.00000   -1.04077    0.00000   -3.35740   -1.04083   -2.19504
          2      24400 1409.61508   -1.03748    0.00000   -1.04076    0.00000   -3.35740   -1.04083   -2.19504
          2      24500 1415.09020   -1.03748    0.00000   -1.04070    0.00000   -3.35740   -1.04084   -2.19504
          2      24600 1420.58162   -1.03749    0.00000   -1.04068    0.00000   -3.35740   -1.04084   -2.19504
          2      24700 1426.33083   -1.03750    0.00000   -1.04070    0.00000   -3.35740   -1.04084   -2.19504
          2      24800 1432.22599   -1.03750    0.00000   -1.04073    0.00000   -3.35740   -1.04084   -2.19504
          2      24900 1438.20976   -1.03751    0.00000   -1.04069    0.00000   -3.35740   -1.04084   -2.19504
          2      25000 1444.17646   -1.03752    0.00000   -1.04080    0.00000   -3.35740   -1.04084   -2.19504
          2      25100 1450.10141   -1.03752    0.00000   -1.04072    0.00000   -3.35740   -1.04084   -2.19504
          2      25200 1455.44272   -1.03753    0.00000   -1.04076    0.00000   -3.35740   -1.04084   -2.19504
          2      25300 1461.39341   -1.03754    0.00000   -1.04069    0.00000   -3.35740   -1.04084   -2.19504
          2      25400 1467.28252   -1.03754    0.00000   -1.04077    0.00000   -3.35740   -1.04084   -2.19504
          2      25500 1472.91716   -1.03755    0.00000   -1.04077    0.00000   -3.35740   -1.04084   -2.19504
          2      25600 1478.52489   -1.03756    0.00000   -1.04077    0.00000   -3.35740   -1.04084   -2.19504
          2      25700 1484.43093   -1.03756    0.00000   -1.04077    0.00000   -3.35740   -1.04084   -2.19504
          2      25800 1490.01440   -1.03757    0.00000   -1.04077    0.00000   -3.35740   -1.04084   -2.19504
          2      25900 1495.19059   -1.03758    0.00000   -1.04073    0.00000   -3.35740   -1.04084   -2.19504
          2      26000 1501.05382   -1.03758    0.00000   -1.04074    0.00000   -3.35740   -1.04084   -2.19504
          2      26100 1506.90390   -1.03759    0.00000   -1.04075    0.00000   -3.35740   -1.04084   -2.19504
          2      26200 1512.36062   -1.03760    0.00000   -1.04070    0.00000   -3.35740   -1.04084   -2.19504
          2      26300 1517.87143   -1.03760    0.00000   -1.04071    0.00000   -3.35740   -1.04084   -2.19504
          2      26400 1523.53579   -1.03761    0.00000   -1.04068    0.00000   -3.35740   -1.04084   -2.19504
          2      26500 1529.14466   -1.03761    0.00000   -1.04070    0.00000   -3.35740   -1.04084   -2.19504
          2      26600 1534.93118   -1.03762    0.00000   -1.04072    0.00000   -3.35740   -1.04084   -2.19504
          2      26700 1540.93063   -1.03763    0.00000   -1.04068    0.00000   -3.35740   -1.04084   -2.19504
          2      26800 1546.40303   -1.03763    0.00000   -1.04078    0.00000   -3.35740   -1.04084   -2.19504
          2      26900 1552.13588   -1.03764    0.00000   -1.04077    0.00000   -3.35740   -1.04084   -2.19504
          2      27000 1558.00771   -1.03764    0.00000   -1.04073    0.00000   -3.35740   -1.04084   -2.19504
          2      27100 1564.18058   -1.03765    0.00000   -1.04068    0.00000   -3.35740   -1.04084   -2.19504
          2      27200 1569.86437   -1.03766    0.00000   -1.04071    0.00000   -3.35740   -1.04084   -2.19504
          2      27300 1575.63052   -1.03766    0.00000   -1.04074    0.00000   -3.35740   -1.04084   -2.19504
          2      27400 1581.97559   -1.03767    0.00000   -1.04075    0.00000   -3.35740   -1.04084   -2.19504
          2      27500 1587.70375   -1.03767    0.00000   -1.04068    0.00000   -3.35740   -1.04084   -2.19504
          2      27600 1593.34901   -1.03768    0.00000   -1.04066    0.00000   -3.35740   -1.04084   -2.19504
          2      27700 1599.11284   -1.03769    0.00000   -1.04074    0.00000   -3.35740   -1.04084   -2.19504
          2      27800 1604.52236   -1.03769    0.00000   -1.04069    0.00000   -3.35740   -1.04084   -2.19504
          2      27900 1610.58372   -1.03770    0.00000   -1.04076    0.00000   -3.35740   -1.04084   -2.19504
          2      28000 1616.69104   -1.03770    0.00000   -1.04071    0.00000   -3.35740   -1.04084   -2.19504
          2      28100 1622.06063   -1.03771    0.00000   -1.04082    0.00000   -3.35740   -1.04084   -2.19504
          2      28200 1628.20641   -1.03771    0.00000   -1.04076    0.00000   -3.35740   -1.04084   -2.19504
          2      28300 1633.97271   -1.03772    0.00000   -1.04077    0.00000   -3.35740   -1.04084   -2.19504
          2      28400 1639.54033   -1.03772    0.00000   -1.04076    0.00000   -3.35740   -1.04084   -2.19504
          2      28500 1645.14194   -1.03773    0.00000   -1.04069    0.00000   -3.35740   -1.04084   -2.19504
          2      28600 1650.93968   -1.03774    0.00000   -1.04074    0.00000   -3.35740   -1.04084   -2.19504
          2      28700 1656.90895   -1.03774    0.00000   -1.04074    0.00000   -3.35740   -1.04084   -2.19504
          2      28800 1663.13993   -1.03775    0.00000   -1.04074    0.00000   -3.35740   -1.04084   -2.19504
          2      28900 1668.98539   -1.03775    0.00000   -1.04082    0.00000   -3.35740   -1.04084   -2.19504
          2      29000 1675.19958   -1.03776    0.00000   -1.04074    0.00000   -3.35740   -1.04084   -2.19504
          2      29100 1680.89861   -1.03776    0.00000   -1.04077    0.00000   -3.35740   -1.04084   -2.19504
          2      29200 1686.68407   -1.03777    0.00000   -1.04069    0.00000   -3.35740   -1.04084   -2.19504
          2      29300 1692.68626   -1.03777    0.00000   -1.04073    0.00000   -3.35740   -1.04084   -2.19504
          2      29400 1698.29671   -1.03778    0.00000   -1.04075    0.00000   -3.35740   -1.04084   -2.19504
          2      29500 1704.58754   -1.03778    0.00000   -1.04076    0.00000   -3.35740   -1.04084   -2.19504
          2      29600 1710.65562   -1.03779    0.00000   -1.04072    0.00000   -3.35740   -1.04084   -2.19504
          2      29700 1716.30375   -1.03779    0.00000   -1.04074    0.00000   -3.35740   -1.04084   -2.19504
          2      29800 1721.91199   -1.03780    0.00000   -1.04073    0.00000   -3.35740   -1.04084   -2.19504
          2      29900 1727.86474   -1.03780    0.00000   -1.04073    0.00000   -3.35740   -1.04084   -2.19504
          2      30000 1734.09551   -1.03781    0.00000   -1.04072    0.00000   -3.35740   -1.04084   -2.19504
          2      30100 1739.61172   -1.03781    0.00000   -1.04072    0.00000   -3.35740   -1.04084   -2.19504
          2      30200 1745.59829   -1.03782    0.00000   -1.04076    0.00000   -3.35740   -1.04084   -2.19504
          2      30300 1751.25511   -1.03782    0.00000   -1.04072    0.00000   -3.35740   -1.04084   -2.19504
          2      30400 1757.37470   -1.03783    0.00000   -1.04073    0.00000   -3.35740   -1.04084   -2.19504
          2      30500 1763.39383   -1.03783    0.00000   -1.04073    0.00000   -3.35740   -1.04084   -2.19504
          2      30600 1769.17818   -1.03784    0.00000   -1.04075    0.00000   -3.35740   -1.04084   -2.19504
          2      30700 1775.35156   -1.03784    0.00000   -1.04070    0.00000   -3.35740   -1.04084   -2.19504
          2      30800 1780.93923   -1.03785    0.00000   -1.04075    0.00000   -3.35740   -1.04084   -2.19504
          2      30900 1786.68399   -1.03785    0.00000   -1.04069    0.00000   -3.35740   -1.04084   -2.19504
          2      31000 1792.41846   -1.03786    0.00000   -1.04078    0.00000   -3.35740   -1.04084   -2.19504
          2      31100 1798.60120   -1.03786    0.00000   -1.04077    0.00000   -3.35740   -1.04084   -2.19504
          2      31200 1804.25211   -1.03787    0.00000   -1.04079    0.00000   -3.35740   -1.04084   -2.19504
          2      31300 1809.86947   -1.03787    0.00000   -1.04078    0.00000   -3.35740   -1.04084   -2.19504
          2      31400 1815.86759   -1.03788    0.00000   -1.04073    0.00000   -3.35740   -1.04084   -2.19504
          2      31500 1821.66332   -1.03788    0.00000   -1.04079    0.00000   -3.35740   -1.04084   -2.19504
          2      31600 1827.76460   -1.03789    0.00000   -1.04072    0.00000   -3.35740   -1.04084   -2.19504
          2      31700 1833.31386   -1.03789    0.00000   -1.04076    0.00000   -3.35740   -1.04084   -2.19504
          2      31800 1839.50021   -1.03790    0.00000   -1.04069    0.00000   -3.35740   -1.04084   -2.19504
          2      31900 1845.21106   -1.03790    0.00000   -1.04074    0.00000   -3.35740   -1.04084   -2.19504
          2      32000 1850.78879   -1.03791    0.00000   -1.04079    0.00000   -3.35740   -1.04084   -2.19504
          2      32100 1856.51646   -1.03791    0.00000   -1.04073    0.00000   -3.35740   -1.04084   -2.19504
          2      32200 1862.77191   -1.03792    0.00000   -1.04078    0.00000   -3.35740   -1.04084   -2.19504
          2      32300 1868.48756   -1.03792    0.00000   -1.04076    0.00000   -3.35740   -1.04084   -2.19504
          2      32400 1874.03658   -1.03793    0.00000   -1.04078    0.00000   -3.35740   -1.04084   -2.19504
          2      32500 1879.85854   -1.03793    0.00000   -1.04072    0.00000   -3.35740   -1.04084   -2.19504
          2      32600 1886.06447   -1.03793    0.00000   -1.04080    0.00000   -3.35740   -1.04084   -2.19504
          2      32700 1892.43727   -1.03794    0.00000   -1.04076    0.00000   -3.35740   -1.04084   -2.19504
          2      32800 1898.07829   -1.03794    0.00000   -1.04074    0.00000   -3.35740   -1.04084   -2.19504
          2      32900 1903.86570   -1.03795    0.00000   -1.04073    0.00000   -3.35740   -1.04084   -2.19504
          2      33000 1909.99063   -1.03795    0.00000   -1.04076    0.00000   -3.35740   -1.04084   -2.19504
          2      33100 1916.18973   -1.03796    0.00000   -1.04076    0.00000   -3.35740   -1.04084   -2.19504
          2      33200 1921.91243   -1.03796    0.00000   -1.04075    0.00000   -3.35740   -1.04084   -2.19504
          2      33300 1927.42131   -1.03797    0.00000   -1.04076    0.00000   -3.35740   -1.04084   -2.19504
          2      33400 1933.38517   -1.03797    0.00000   -1.04077    0.00000   -3.35740   -1.04084   -2.19504
          2      33500 1939.25616   -1.03797    0.00000   -1.04077    0.00000   -3.35740   -1.04084   -2.19504
          2      33600 1945.44657   -1.03798    0.00000   -1.04077    0.00000   -3.35740   -1.04084   -2.19504
          2      33700 1951.51769   -1.03798    0.00000   -1.04069    0.00000   -3.35740   -1.04084   -2.19504
          2      33800 1957.48957   -1.03799    0.00000   -1.04078    0.00000   -3.35740   -1.04084   -2.19504
          2      33900 1963.56709   -1.03799    0.00000   -1.04074    0.00000   -3.35740   -1.04084   -2.19504
          2      34000 1969.60974   -1.03800    0.00000   -1.04076    0.00000   -3.35740   -1.04084   -2.19504
          2      34100 1975.26813   -1.03800    0.00000   -1.04072    0.00000   -3.35740   -1.04084   -2.19504
          2      34200 1981.23860   -1.03800    0.00000   -1.04078    0.00000   -3.35740   -1.04084   -2.19504
          2      34300 1987.20798   -1.03801    0.00000   -1.04080    0.00000   -3.35740   -1.04084   -2.19504
          2      34400 1992.95996   -1.03801    0.00000   -1.04070    0.00000   -3.35740   -1.04084   -2.19504
          2      34500 1998.34043   -1.03802    0.00000   -1.04080    0.00000   -3.35740   -1.04084   -2.19504
          2      34600 2003.79112   -1.03802    0.00000   -1.04073    0.00000   -3.35740   -1.04084   -2.19504
          2      34700 2009.29915   -1.03802    0.00000   -1.04074    0.00000   -3.35740   -1.04084   -2.19504
          2      34800 2015.20733   -1.03803    0.00000   -1.04071    0.00000   -3.35740   -1.04084   -2.19504
          2      34900 2020.86701   -1.03803    0.00000   -1.04077    0.00000   -3.35740   -1.04084   -2.19504
          2      35000 2026.75857   -1.03804    0.00000   -1.04071    0.00000   -3.35740   -1.04084   -2.19504
          2      35100 2032.73313   -1.03804    0.00000   -1.04079    0.00000   -3.35740   -1.04084   -2.19504
          2      35200 2038.29291   -1.03804    0.00000   -1.04079    0.00000   -3.35740   -1.04084   -2.19504
          2      35300 2044.16590   -1.03805    0.00000   -1.04073    0.00000   -3.35740   -1.04084   -2.19504
          2      35400 2050.13519   -1.03805    0.00000   -1.04076    0.00000   -3.35740   -1.04084   -2.19504
          2      35500 2055.85578   -1.03806    0.00000   -1.04075    0.00000   -3.35740   -1.04084   -2.19504
          2      35600 2061.62678   -1.03806    0.00000   -1.04079    0.00000   -3.35740   -1.04084   -2.19504
          2      35700 2067.24266   -1.03806    0.00000   -1.04075    0.00000   -3.35740   -1.04084   -2.19504
          2      35800 2072.94878   -1.03807    0.00000   -1.04071    0.00000   -3.35740   -1.04084   -2.19504
          2      35900 2078.64294   -1.03807    0.00000   -1.04073    0.00000   -3.35740   -1.04084   -2.19504
          2      36000 2084.68730   -1.03808    0.00000   -1.04079    0.00000   -3.35740   -1.04084   -2.19504
          2      36100 2089.98025   -1.03808    0.00000   -1.04077    0.00000   -3.35740   -1.04084   -2.19504
          2      36200 2095.82666   -1.03808    0.00000   -1.04074    0.00000   -3.35740   -1.04084   -2.19504
          2      36300 2101.56967   -1.03809    0.00000   -1.04079    0.00000   -3.35740   -1.04084   -2.19504
          2      36400 2107.68979   -1.03809    0.00000   -1.04076    0.00000   -3.35740   -1.04084   -2.19504
          2      36500 2113.34008   -1.03810    0.00000   -1.04077    0.00000   -3.35740   -1.04084   -2.19504
          2      36600 2118.61682   -1.03810    0.00000   -1.04075    0.00000   -3.35740   -1.04084   -2.19504
          2      36700 2124.45304   -1.03810    0.00000   -1.04072    0.00000   -3.35740   -1.04084   -2.19504
          2      36800 2130.32386   -1.03811    0.00000   -1.04078    0.00000   -3.35740   -1.04084   -2.19504
          2      36900 2136.84012   -1.03811    0.00000   -1.04076    0.00000   -3.35740   -1.04084   -2.19504
          2      37000 2142.99125   -1.03811    0.00000   -1.04074    0.00000   -3.35740   -1.04084   -2.19504
          2      37100 2148.93962   -1.03812    0.00000   -1.04077    0.00000   -3.35740   -1.04084   -2.19504
          2      37200 2154.80228   -1.03812    0.00000   -1.04074    0.00000   -3.35740   -1.04084   -2.19504
          2      37300 2160.81882   -1.03813    0.00000   -1.04071    0.00000   -3.35740   -1.04084   -2.19504
          2      37400 2166.91318   -1.03813    0.00000   -1.04075    0.00000   -3.35740   -1.04084   -2.19504
          2      37500 2172.84045   -1.03813    0.00000   -1.04079    0.00000   -3.35740   -1.04084   -2.19504
          2      37600 2179.07913   -1.03814    0.00000   -1.04074    0.00000   -3.35740   -1.04084   -2.19504
          2      37700 2184.89603   -1.03814    0.00000   -1.04080    0.00000   -3.35740   -1.04084   -2.19504
          2      37800 2190.65122   -1.03814    0.00000   -1.04076    0.00000   -3.35740   -1.04084   -2.19504
          2      37900 2196.94164   -1.03815    0.00000   -1.04069    0.00000   -3.35740   -1.04084   -2.19504
          2      38000 2202.95723   -1.03815    0.00000   -1.04073    0.00000   -3.35740   -1.04084   -2.19504
          2      38100 2209.21328   -1.03815    0.00000   -1.04079    0.00000   -3.35740   -1.04084   -2.19504
          2      38200 2215.08073   -1.03816    0.00000   -1.04079    0.00000   -3.35740   -1.04084   -2.19504
          2      38300 2220.76564   -1.03816    0.00000   -1.04079    0.00000   -3.35740   -1.04084   -2.19504
          2      38400 2227.09668   -1.03816    0.00000   -1.04078    0.00000   -3.35740   -1.04084   -2.19504
          2      38500 2233.33535   -1.03817    0.00000   -1.04078    0.00000   -3.35740   -1.04084   -2.19504
          2      38600 2239.13431   -1.03817    0.00000   -1.04080    0.00000   -3.35740   -1.04084   -2.19504
          2      38700 2245.11373   -1.03818    0.00000   -1.04075    0.00000   -3.35740   -1.04084   -2.19504
          2      38800 2250.80105   -1.03818    0.00000   -1.04079    0.00000   -3.35740   -1.04084   -2.19504
          2      38900 2256.78379   -1.03818    0.00000   -1.04081    0.00000   -3.35740   -1.04084   -2.19504
          2      39000 2262.46198   -1.03819    0.00000   -1.04081    0.00000   -3.35740   -1.04084   -2.19504
          2      39100 2267.93066   -1.03819    0.00000   -1.04076    0.00000   -3.35740   -1.04084   -2.19504
          2      39200 2273.65202   -1.03819    0.00000   -1.04081    0.00000   -3.35740   -1.04084   -2.19504
          2      39300 2279.44865   -1.03820    0.00000   -1.04076    0.00000   -3.35740   -1.04084   -2.19504
          2      39400 2285.35331   -1.03820    0.00000   -1.04075    0.00000   -3.35740   -1.04084   -2.19504
          2      39500 2290.97467   -1.03820    0.00000   -1.04080    0.00000   -3.35740   -1.04084   -2.19504
          2      39600 2296.73339   -1.03821    0.00000   -1.04068    0.00000   -3.35740   -1.04084   -2.19504
          2      39700 2302.52723   -1.03821    0.00000   -1.04074    0.00000   -3.35740   -1.04084   -2.19504
          2      39800 2308.05764   -1.03821    0.00000   -1.04079    0.00000   -3.35740   -1.04084   -2.19504
          2      39900 2313.55051   -1.03822    0.00000   -1.04075    0.00000   -3.35740   -1.04084   -2.19504
          2      40000 2319.38252   -1.03822    0.00000   -1.04074    0.00000   -3.35740   -1.04084   -2.19504
          2      40100 2324.99022   -1.03822    0.00000   -1.04082    0.00000   -3.35740   -1.04084   -2.19504
          2      40200 2331.10333   -1.03823    0.00000   -1.04074    0.00000   -3.35740   -1.04084   -2.19504
          2      40300 2336.63580   -1.03823    0.00000   -1.04082    0.00000   -3.35740   -1.04084   -2.19504
          2      40400 2342.10981   -1.03823    0.00000   -1.04081    0.00000   -3.35740   -1.04084   -2.19504
          2      40500 2347.73281   -1.03824    0.00000   -1.04074    0.00000   -3.35740   -1.04084   -2.19504
          2      40600 2353.53267   -1.03824    0.00000   -1.04074    0.00000   -3.35740   -1.04084   -2.19504
          2      40700 2359.72452   -1.03824    0.00000   -1.04076    0.00000   -3.35740   -1.04084   -2.19504
          2      40800 2365.58677   -1.03825    0.00000   -1.04072    0.00000   -3.35740   -1.04084   -2.19504
          2      40900 2371.15040   -1.03825    0.00000   -1.04074    0.00000   -3.35740   -1.04084   -2.19504
          2      41000 2377.09467   -1.03825    0.00000   -1.04074    0.00000   -3.35740   -1.04084   -2.19504
          2      41100 2382.82114   -1.03826    0.00000   -1.04072    0.00000   -3.35740   -1.04084   -2.19504
          2      41200 2388.66141   -1.03826    0.00000   -1.04072    0.00000   -3.35740   -1.04084   -2.19504
          2      41300 2394.14329   -1.03826    0.00000   -1.04079    0.00000   -3.35740   -1.04085   -2.19504
          2      41400 2400.11940   -1.03826    0.00000   -1.04077    0.00000   -3.35740   -1.04085   -2.19504
          2      41500 2405.83193   -1.03827    0.00000   -1.04074    0.00000   -3.35740   -1.04085   -2.19504
          2      41600 2412.00212   -1.03827    0.00000   -1.04080    0.00000   -3.35740   -1.04085   -2.19504
          2      41700 2417.92251   -1.03827    0.00000   -1.04074    0.00000   -3.35740   -1.04085   -2.19504
          2      41800 2423.75355   -1.03828    0.00000   -1.04076    0.00000   -3.35740   -1.04085   -2.19504
          2      41900 2430.01540   -1.03828    0.00000   -1.04076    0.00000   -3.35740   -1.04085   -2.19504
          2      42000 2436.26288   -1.03828    0.00000   -1.04076    0.00000   -3.35740   -1.04085   -2.19504
          2      42100 2442.81777   -1.03829    0.00000   -1.04079    0.00000   -3.35740   -1.04085   -2.19504
          2      42200 2448.81970   -1.03829    0.00000   -1.04077    0.00000   -3.35740   -1.04085   -2.19504
          2      42300 2454.58064   -1.03829    0.00000   -1.04078    0.00000   -3.35740   -1.04085   -2.19504
          2      42400 2460.12341   -1.03830    0.00000   -1.04080    0.00000   -3.35740   -1.04085   -2.19504
          2      42500 2465.97954   -1.03830    0.00000   -1.04076    0.00000   -3.35740   -1.04085   -2.19504
          2      42600 2471.72640   -1.03830    0.00000   -1.04077    0.00000   -3.35740   -1.04085   -2.19504
          2      42700 2477.82842   -1.03830    0.00000   -1.04079    0.00000   -3.35740   -1.04085   -2.19504
          2      42800 2483.66017   -1.03831    0.00000   -1.04074    0.00000   -3.35740   -1.04085   -2.19504
          2      42900 2489.50809   -1.03831    0.00000   -1.04078    0.00000   -3.35740   -1.04085   -2.19504
          2      43000 2495.87473   -1.03831    0.00000   -1.04076    0.00000   -3.35740   -1.04085   -2.19504
          2      43100 2502.05341   -1.03832    0.00000   -1.04080    0.00000   -3.35740   -1.04085   -2.19504
          2      43200 2507.38081   -1.03832    0.00000   -1.04074    0.00000   -3.35740   -1.04085   -2.19504
          2      43300 2513.16255   -1.03832    0.00000   -1.04078    0.00000   -3.35740   -1.04085   -2.19504
          2      43400 2519.64099   -1.03833    0.00000   -1.04077    0.00000   -3.35740   -1.04085   -2.19504
          2      43500 2526.64200   -1.03833    0.00000   -1.04078    0.00000   -3.35740   -1.04085   -2.19504
          2      43600 2533.59256   -1.03833    0.00000   -1.04076    0.00000   -3.35740   -1.04085   -2.19504
          2      43700 2539.21473   -1.03833    0.00000   -1.04073    0.00000   -3.35740   -1.04085   -2.19504
          2      43800 2545.48030   -1.03834    0.00000   -1.04079    0.00000   -3.35740   -1.04085   -2.19504
          2      43900 2551.38561   -1.03834    0.00000   -1.04075    0.00000   -3.35740   -1.04085   -2.19504
          2      44000 2557.78809   -1.03834    0.00000   -1.04079    0.00000   -3.35740   -1.04085   -2.19504
          2      44100 2564.18741   -1.03835    0.00000   -1.04076    0.00000   -3.35740   -1.04085   -2.19504
          2      44200 2570.18666   -1.03835    0.00000   -1.04076    0.00000   -3.35740   -1.04085   -2.19504
          2      44300 2576.23205   -1.03835    0.00000   -1.04080    0.00000   -3.35740   -1.04085   -2.19504
          2      44400 2582.18936   -1.03835    0.00000   -1.04073    0.00000   -3.35740   -1.04085   -2.19504
          2      44500 2588.02809   -1.03836    0.00000   -1.04081    0.00000   -3.35740   -1.04085   -2.19504
          2      44600 2593.95673   -1.03836    0.00000   -1.04078    0.00000   -3.35740   -1.04085   -2.19504
          2      44700 2599.79486   -1.03836    0.00000   -1.04077    0.00000   -3.35740   -1.04085   -2.19504
          2      44800 2605.15343   -1.03837    0.00000   -1.04080    0.00000   -3.35740   -1.04085   -2.19504
          2      44900 2611.00109   -1.03837    0.00000   -1.04080    0.00000   -3.35740   -1.04085   -2.19504
          2      45000 2616.84936   -1.03837    0.00000   -1.04077    0.00000   -3.35740   -1.04085   -2.19504
          2      45100 2622.16787   -1.03837    0.00000   -1.04073    0.00000   -3.35740   -1.04085   -2.19504
          2      45200 2627.74669   -1.03838    0.00000   -1.04076    0.00000   -3.35740   -1.04085   -2.19504
          2      45300 2633.13819   -1.03838    0.00000   -1.04078    0.00000   -3.35740   -1.04085   -2.19504
          2      45400 2638.97508   -1.03838    0.00000   -1.04076    0.00000   -3.35740   -1.04085   -2.19504
          2      45500 2644.17321   -1.03838    0.00000   -1.04073    0.00000   -3.35740   -1.04085   -2.19504
          2      45600 2649.92383   -1.03839    0.00000   -1.04073    0.00000   -3.35740   -1.04085   -2.19504
          2      45700 2655.79531   -1.03839    0.00000   -1.04069    0.00000   -3.35740   -1.04085   -2.19504
          2      45800 2661.89538   -1.03839    0.00000   -1.04081    0.00000   -3.35740   -1.04085   -2.19504
          2      45900 2667.90757   -1.03840    0.00000   -1.04077    0.00000   -3.35740   -1.04085   -2.19504
          2      46000 2673.92007   -1.03840    0.00000   -1.04080    0.00000   -3.35740   -1.04085   -2.19504
          2      46100 2679.66502   -1.03840    0.00000   -1.04082    0.00000   -3.35740   -1.04085   -2.19504
          2      46200 2685.44498   -1.03840    0.00000   -1.04076    0.00000   -3.35740   -1.04085   -2.19504
          2      46300 2691.79824   -1.03841    0.00000   -1.04076    0.00000   -3.35740   -1.04085   -2.19504
          2      46400 2697.65952   -1.03841    0.00000   -1.04079    0.00000   -3.35740   -1.04085   -2.19504
          2      46500 2703.55630   -1.03841    0.00000   -1.04082    0.00000   -3.35740   -1.04085   -2.19504
          2      46600 2709.54480   -1.03841    0.00000   -1.04074    0.00000   -3.35740   -1.04085   -2.19504
          2      46700 2715.26607   -1.03842    0.00000   -1.04081    0.00000   -3.35740   -1.04085   -2.19504
          2      46800 2721.34192   -1.03842    0.00000   -1.04079    0.00000   -3.35740   -1.04085   -2.19504
          2      46900 2727.90804   -1.03842    0.00000   -1.04079    0.00000   -3.35740   -1.04085   -2.19504
          2      47000 2733.90427   -1.03842    0.00000   -1.04071    0.00000   -3.35740   -1.04085   -2.19504
          2      47100 2740.05925   -1.03843    0.00000   -1.04077    0.00000   -3.35740   -1.04085   -2.19504
          2      47200 2746.66124   -1.03843    0.00000   -1.04077    0.00000   -3.35740   -1.04085   -2.19504
          2      47300 2752.78023   -1.03843    0.00000   -1.04077    0.00000   -3.35740   -1.04085   -2.19504
          2      47400 2758.60582   -1.03844    0.00000   -1.04081    0.00000   -3.35740   -1.04085   -2.19504
          2      47500 2764.81567   -1.03844    0.00000   -1.04078    0.00000   -3.35740   -1.04085   -2.19504
          2      47600 2770.34866   -1.03844    0.00000   -1.04078    0.00000   -3.35740   -1.04085   -2.19504
          2      47700 2776.45310   -1.03844    0.00000   -1.04077    0.00000   -3.35740   -1.04085   -2.19504
          2      47800 2781.94988   -1.03845    0.00000   -1.04078    0.00000   -3.35740   -1.04085   -2.19504
          2      47900 2788.05154   -1.03845    0.00000   -1.04079    0.00000   -3.35740   -1.04085   -2.19504
          2      48000 2793.92762   -1.03845    0.00000   -1.04075    0.00000   -3.35740   -1.04085   -2.19504
          2      48100 2799.72856   -1.03845    0.00000   -1.04077    0.00000   -3.35740   -1.04085   -2.19504
          2      48200 2805.79818   -1.03846    0.00000   -1.04074    0.00000   -3.35740   -1.04085   -2.19504
          2      48300 2811.85567   -1.03846    0.00000   -1.04077    0.00000   -3.35740   -1.04085   -2.19504
          2      48400 2817.56582   -1.03846    0.00000   -1.04078    0.00000   -3.35740   -1.04085   -2.19504
          2      48500 2823.15755   -1.03846    0.00000   -1.04076    0.00000   -3.35740   -1.04085   -2.19504
          2      48600 2829.31744   -1.03847    0.00000   -1.04076    0.00000   -3.35740   -1.04085   -2.19504
          2      48700 2835.39238   -1.03847    0.00000   -1.04072    0.00000   -3.35740   -1.04085   -2.19504
          2      48800 2840.83623   -1.03847    0.00000   -1.04072    0.00000   -3.35740   -1.04085   -2.19504
          2      48900 2846.54557   -1.03847    0.00000   -1.04077    0.00000   -3.35740   -1.04085   -2.19504
          2      49000 2852.45199   -1.03848    0.00000   -1.04078    0.00000   -3.35740   -1.04085   -2.19504
          2      49100 2858.08019   -1.03848    0.00000   -1.04077    0.00000   -3.35740   -1.04085   -2.19504
          2      49200 2863.70860   -1.03848    0.00000   -1.04076    0.00000   -3.35740   -1.04085   -2.19504
          2      49300 2869.42083   -1.03848    0.00000   -1.04073    0.00000   -3.35740   -1.04085   -2.19504
          2      49400 2875.08321   -1.03849    0.00000   -1.04079    0.00000   -3.35740   -1.04085   -2.19504
          2      49500 2880.79909   -1.03849    0.00000   -1.04079    0.00000   -3.35740   -1.04085   -2.19504
          2      49600 2886.91692   -1.03849    0.00000   -1.04075    0.00000   -3.35740   -1.04085   -2.19504
          2      49700 2892.62396   -1.03849    0.00000   -1.04076    0.00000   -3.35740   -1.04085   -2.19504
          2      49800 2898.38289   -1.03849    0.00000   -1.04075    0.00000   -3.35740   -1.04085   -2.19504
          2      49900 2904.20454   -1.03850    0.00000   -1.04078    0.00000   -3.35740   -1.04085   -2.19504
          2      50000 2909.85342   -1.03850    0.00000   -1.04075    0.00000   -3.35740   -1.04085   -2.19504
          2      50100 2915.74959   -1.03850    0.00000   -1.04076    0.00000   -3.35740   -1.04085   -2.19504
          2      50200 2921.16181   -1.03850    0.00000   -1.04072    0.00000   -3.35740   -1.04085   -2.19504
          2      50300 2926.93064   -1.03851    0.00000   -1.04071    0.00000   -3.35740   -1.04085   -2.19504
          2      50400 2932.74789   -1.03851    0.00000   -1.04076    0.00000   -3.35740   -1.04085   -2.19504
          2      50500 2938.53822   -1.03851    0.00000   -1.04075    0.00000   -3.35740   -1.04085   -2.19504
          2      50600 2944.65635   -1.03851    0.00000   -1.04080    0.00000   -3.35740   -1.04085   -2.19504
          2      50700 2951.20268   -1.03852    0.00000   -1.04081    0.00000   -3.35740   -1.04085   -2.19504
          2      50800 2956.77739   -1.03852    0.00000   -1.04082    0.00000   -3.35740   -1.04085   -2.19504
          2      50900 2962.56643   -1.03852    0.00000   -1.04078    0.00000   -3.35740   -1.04085   -2.19504
          2      51000 2968.71148   -1.03852    0.00000   -1.04078    0.00000   -3.35740   -1.04085   -2.19504
          2      51100 2974.53025   -1.03853    0.00000   -1.04078    0.00000   -3.35740   -1.04085   -2.19504
          2      51200 2980.59037   -1.03853    0.00000   -1.04078    0.00000   -3.35740   -1.04085   -2.19504
          2      51300 2986.28750   -1.03853    0.00000   -1.04077    0.00000   -3.35740   -1.04085   -2.19504
          2      51400 2991.90636   -1.03853    0.00000   -1.04078    0.00000   -3.35740   -1.04085   -2.19504
          2      51500 2997.77473   -1.03853    0.00000   -1.04077    0.00000   -3.35740   -1.04085   -2.19504
          2      51600 3003.35556   -1.03854    0.00000   -1.04076    0.00000   -3.35740   -1.04085   -2.19504
          2      51700 3009.45486   -1.03854    0.00000   -1.04080    0.00000   -3.35740   -1.04085   -2.19504
          2      51800 3015.32347   -1.03854    0.00000   -1.04075    0.00000   -3.35740   -1.04085   -2.19504
          2      51900 3021.42147   -1.03854    0.00000   -1.04079    0.00000   -3.35740   -1.04085   -2.19504
          2      52000 3027.55971   -1.03855    0.00000   -1.04079    0.00000   -3.35740   -1.04085   -2.19504
          2      52100 3033.46510   -1.03855    0.00000   -1.04079    0.00000   -3.35740   -1.04085   -2.19504
          2      52200 3039.38726   -1.03855    0.00000   -1.04076    0.00000   -3.35740   -1.04085   -2.19504
          2      52300 3045.64864   -1.03855    0.00000   -1.04078    0.00000   -3.35740   -1.04085   -2.19504
          2      52400 3051.47874   -1.03855    0.00000   -1.04079    0.00000   -3.35740   -1.04085   -2.19504
          2      52500 3056.95296   -1.03856    0.00000   -1.04075    0.00000   -3.35740   -1.04085   -2.19504
          2      52600 3062.48952   -1.03856    0.00000   -1.04076    0.00000   -3.35740   -1.04085   -2.19504
          2      52700 3068.45695   -1.03856    0.00000   -1.04080    0.00000   -3.35740   -1.04085   -2.19504
          2      52800 3074.27290   -1.03856    0.00000   -1.04077    0.00000   -3.35740   -1.04085   -2.19504
          2      52900 3080.10074   -1.03857    0.00000   -1.04081    0.00000   -3.35740   -1.04085   -2.19504
          2      53000 3085.77090   -1.03857    0.00000   -1.04075    0.00000   -3.35740   -1.04085   -2.19504
          2      53100 3091.30193   -1.03857    0.00000   -1.04079    0.00000   -3.35740   -1.04085   -2.19504
          2      53200 3097.14752   -1.03857    0.00000   -1.04078    0.00000   -3.35740   -1.04085   -2.19504
          2      53300 3103.10085   -1.03857    0.00000   -1.04080    0.00000   -3.35740   -1.04085   -2.19504
          2      53400 3109.01297   -1.03858    0.00000   -1.04075    0.00000   -3.35740   -1.04085   -2.19504
          2      53500 3114.55367   -1.03858    0.00000   -1.04079    0.00000   -3.35740   -1.04085   -2.19504
          2      53600 3119.70890   -1.03858    0.00000   -1.04077    0.00000   -3.35740   -1.04085   -2.19504
          2      53700 3125.50685   -1.03858    0.00000   -1.04080    0.00000   -3.35740   -1.04085   -2.19504
          2      53800 3132.39299   -1.03858    0.00000   -1.04082    0.00000   -3.35740   -1.04085   -2.19504
          2      53900 3138.58500   -1.03859    0.00000   -1.04074    0.00000   -3.35740   -1.04085   -2.19504
          2      54000 3144.36752   -1.03859    0.00000   -1.04075    0.00000   -3.35740   -1.04085   -2.19504
          2      54100 3150.10948   -1.03859    0.00000   -1.04079    0.00000   -3.35740   -1.04085   -2.19504
          2      54200 3155.71822   -1.03859    0.00000   -1.04080    0.00000   -3.35740   -1.04085   -2.19504
          2      54300 3161.51365   -1.03860    0.00000   -1.04078    0.00000   -3.35740   -1.04085   -2.19504
          2      54400 3167.31954   -1.03860    0.00000   -1.04075    0.00000   -3.35740   -1.04085   -2.19504
          2      54500 3173.44160   -1.03860    0.00000   -1.04076    0.00000   -3.35740   -1.04085   -2.19504
          2      54600 3179.17099   -1.03860    0.00000   -1.04080    0.00000   -3.35740   -1.04085   -2.19504
          2      54700 3184.89299   -1.03860    0.00000   -1.04080    0.00000   -3.35740   -1.04085   -2.19504
          2      54800 3190.88654   -1.03861    0.00000   -1.04080    0.00000   -3.35740   -1.04085   -2.19504
          2      54900 3196.54687   -1.03861    0.00000   -1.04079    0.00000   -3.35740   -1.04085   -2.19504
          2      55000 3202.47699   -1.03861    0.00000   -1.04078    0.00000   -3.35740   -1.04085   -2.19504
          2      55100 3208.37495   -1.03861    0.00000   -1.04080    0.00000   -3.35740   -1.04085   -2.19504
          2      55200 3214.10128   -1.03861    0.00000   -1.04076    0.00000   -3.35740   -1.04085   -2.19504
          2      55300 3219.96010   -1.03862    0.00000   -1.04077    0.00000   -3.35740   -1.04085   -2.19504
          2      55400 3225.64165   -1.03862    0.00000   -1.04082    0.00000   -3.35740   -1.04085   -2.19504
          2      55500 3232.11723   -1.03862    0.00000   -1.04080    0.00000   -3.35740   -1.04085   -2.19504
          2      55600 3237.76692   -1.03862    0.00000   -1.04081    0.00000   -3.35740   -1.04085   -2.19504
          2      55700 3244.08175   -1.03862    0.00000   -1.04080    0.00000   -3.35740   -1.04085   -2.19504
          2      55800 3249.59308   -1.03863    0.00000   -1.04078    0.00000   -3.35740   -1.04085   -2.19504
          2      55900 3255.30643   -1.03863    0.00000   -1.04080    0.00000   -3.35740   -1.04085   -2.19504
          2      56000 3261.41779   -1.03863    0.00000   -1.04082    0.00000   -3.35740   -1.04085   -2.19504
          2      56100 3267.22955   -1.03863    0.00000   -1.04075    0.00000   -3.35740   -1.04085   -2.19504
          2      56200 3272.79515   -1.03863    0.00000   -1.04080    0.00000   -3.35740   -1.04085   -2.19504
          2      56300 3279.59379   -1.03864    0.00000   -1.04075    0.00000   -3.35740   -1.04085   -2.19504
          2      56400 3286.27546   -1.03864    0.00000   -1.04075    0.00000   -3.35740   -1.04085   -2.19504
          2      56500 3292.83252   -1.03864    0.00000   -1.04078    0.00000   -3.35740   -1.04085   -2.19504
          2      56600 3298.66398   -1.03864    0.00000   -1.04079    0.00000   -3.35740   -1.04085   -2.19504
          2      56700 3304.85151   -1.03864    0.00000   -1.04076    0.00000   -3.35740   -1.04085   -2.19504
          2      56800 3310.69410   -1.03865    0.00000   -1.04078    0.00000   -3.35740   -1.04085   -2.19504
          2      56900 3316.48572   -1.03865    0.00000   -1.04075    0.00000   -3.35740   -1.04085   -2.19504
          2      57000 3322.10933   -1.03865    0.00000   -1.04080    0.00000   -3.35740   -1.04085   -2.19504
          2      57100 3328.22597   -1.03865    0.00000   -1.04080    0.00000   -3.35740   -1.04085   -2.19504
          2      57200 3334.56010   -1.03865    0.00000   -1.04080    0.00000   -3.35740   -1.04085   -2.19504
          2      57300 3340.20987   -1.03866    0.00000   -1.04077    0.00000   -3.35740   -1.04085   -2.19504
          2      57400 3346.09554   -1.03866    0.00000   -1.04080    0.00000   -3.35740   -1.04085   -2.19504
          2      57500 3352.33305   -1.03866    0.00000   -1.04077    0.00000   -3.35740   -1.04085   -2.19504
          2      57600 3358.42415   -1.03866    0.00000   -1.04077    0.00000   -3.35740   -1.04085   -2.19504
          2      57700 3364.41005   -1.03866    0.00000   -1.04082    0.00000   -3.35740   -1.04085   -2.19504
          2      57800 3370.13830   -1.03867    0.00000   -1.04081    0.00000   -3.35740   -1.04085   -2.19504
          2      57900 3375.52783   -1.03867    0.00000   -1.04075    0.00000   -3.35740   -1.04085   -2.19504
          2      58000 3381.42734   -1.03867    0.00000   -1.04081    0.00000   -3.35740   -1.04085   -2.19504
          2      58100 3387.43852   -1.03867    0.00000   -1.04079    0.00000   -3.35740   -1.04085   -2.19504
          2      58200 3393.60538   -1.03867    0.00000   -1.04080    0.00000   -3.35740   -1.04085   -2.19504
          2      58300 3399.12089   -1.03867    0.00000   -1.04080    0.00000   -3.35740   -1.04085   -2.19504
          2      58400 3405.21268   -1.03868    0.00000   -1.04077    0.00000   -3.35740   -1.04085   -2.19504
          2      58500 3411.06987   -1.03868    0.00000   -1.04081    0.00000   -3.35740   -1.04085   -2.19504
          2      58600 3417.05668   -1.03868    0.00000   -1.04080    0.00000   -3.35740   -1.04085   -2.19504
          2      58700 3423.25345   -1.03868    0.00000   -1.04079    0.00000   -3.35740   -1.04085   -2.19504
          2      58800 3428.64614   -1.03868    0.00000   -1.04077    0.00000   -3.35740   -1.04085   -2.19504
          2      58900 3434.30791   -1.03869    0.00000   -1.04079    0.00000   -3.35740   -1.04085   -2.19504
          2      59000 3440.09293   -1.03869    0.00000   -1.04079    0.00000   -3.35740   -1.04085   -2.19504
          2      59100 3445.67350   -1.03869    0.00000   -1.04076    0.00000   -3.35740   -1.04085   -2.19504
          2      59200 3451.13022   -1.03869    0.00000   -1.04081    0.00000   -3.35740   -1.04085   -2.19504
          2      59300 3457.21693   -1.03869    0.00000   -1.04078    0.00000   -3.35740   -1.04085   -2.19504
          2      59400 3463.28790   -1.03870    0.00000   -1.04081    0.00000   -3.35740   -1.04085   -2.19504
          2      59500 3469.06148   -1.03870    0.00000   -1.04076    0.00000   -3.35740   -1.04085   -2.19504
          2      59600 3474.88654   -1.03870    0.00000   -1.04081    0.00000   -3.35740   -1.04085   -2.19504
          2      59700 3480.49661   -1.03870    0.00000   -1.04077    0.00000   -3.35740   -1.04085   -2.19504
          2      59800 3486.19518   -1.03870    0.00000   -1.04082    0.00000   -3.35740   -1.04085   -2.19504
          2      59900 3492.47837   -1.03870    0.00000   -1.04080    0.00000   -3.35740   -1.04085   -2.19504
          2      60000 3498.11535   -1.03871    0.00000   -1.04076    0.00000   -3.35740   -1.04085   -2.19504
          2      60100 3504.09664   -1.03871    0.00000   -1.04080    0.00000   -3.35740   -1.04085   -2.19504
          2      60200 3510.13768   -1.03871    0.00000   -1.04080    0.00000   -3.35740   -1.04085   -2.19504
          2      60300 3516.30315   -1.03871    0.00000   -1.04076    0.00000   -3.35740   -1.04085   -2.19504
          2      60400 3522.55294   -1.03871    0.00000   -1.04079    0.00000   -3.35740   -1.04085   -2.19504
          2      60500 3528.23257   -1.03872    0.00000   -1.04078    0.00000   -3.35740   -1.04085   -2.19504
          2      60600 3533.99050   -1.03872    0.00000   -1.04080    0.00000   -3.35740   -1.04085   -2.19504
          2      60700 3539.97383   -1.03872    0.00000   -1.04077    0.00000   -3.35740   -1.04085   -2.19504
          2      60800 3546.15929   -1.03872    0.00000   -1.04079    0.00000   -3.35740   -1.04085   -2.19504
          2      60900 3552.32483   -1.03872    0.00000   -1.04079    0.00000   -3.35740   -1.04085   -2.19504
          2      61000 3558.04194   -1.03872    0.00000   -1.04075    0.00000   -3.35740   -1.04085   -2.19504
          2      61100 3564.02304   -1.03873    0.00000   -1.04078    0.00000   -3.35740   -1.04085   -2.19504
          2      61200 3570.16274   -1.03873    0.00000   -1.04081    0.00000   -3.35740   -1.04085   -2.19504
          2      61300 3576.57999   -1.03873    0.00000   -1.04079    0.00000   -3.35740   -1.04085   -2.19504
          2      61400 3582.33574   -1.03873    0.00000   -1.04078    0.00000   -3.35740   -1.04085   -2.19504
          2      61500 3588.25013   -1.03873    0.00000   -1.04080    0.00000   -3.35740   -1.04085   -2.19504
          2      61600 3594.33012   -1.03873    0.00000   -1.04080    0.00000   -3.35740   -1.04085   -2.19504
          2      61691 3600.01213   -1.03874    0.00000   -1.04078    0.00000   -3.35740   -1.04085   -2.19504
