          1          0    0.00000   -1.03505    0.00000   -1.03505    0.00000   -3.40771    3.40771    0.00000
          1          1    0.02099   -1.03234    0.00000   -1.03021    0.00000   -3.40771   -1.03021    0.00000
          2          0    0.02099   -0.41630    0.00000   -1.03021    0.00000   -3.40771   -1.03021   -2.21896
          2        100    5.86475   -0.98712    0.00000   -1.03687    0.00000   -3.40771   -1.03769   -2.21896
          2        200   11.77935   -1.00243    0.00000   -1.03759    0.00000   -3.40771   -1.03842   -2.21896
          2        300   17.47035   -1.00926    0.00000   -1.03855    0.00000   -3.40771   -1.03887   -2.21896
          2        400   23.47785   -1.01334    0.00000   -1.03818    0.00000   -3.40771   -1.03890   -2.21896
          2        500   28.91089   -1.01612    0.00000   -1.03830    0.00000   -3.40771   -1.03890   -2.21896
          2        600   34.44266   -1.01817    0.00000   -1.03876    0.00000   -3.40771   -1.03896   -2.21896
          2        700   39.96714   -1.01977    0.00000   -1.03892    0.00000   -3.40771   -1.03908   -2.21896
          2        800   45.46048   -1.02105    0.00000   -1.03878    0.00000   -3.40771   -1.03908   -2.21896
          2        900   50.78261   -1.02212    0.00000   -1.03868    0.00000   -3.40771   -1.03919   -2.21896
          2       1000   56.23354   -1.02302    0.00000   -1.03882    0.00000   -3.40771   -1.03926   -2.21896
          2       1100   62.26635   -1.02379    0.00000   -1.03869    0.00000   -3.40771   -1.03927   -2.21896
          2       1200   67.95177   -1.02447    0.00000   -1.03886    0.00000   -3.40771   -1.03927   -2.21896
          2       1300   73.47158   -1.02507    0.00000   -1.03916    0.00000   -3.40771   -1.03929   -2.21896
          2       1400   79.09518   -1.02560    0.00000   -1.03910    0.00000   -3.40771   -1.03936   -2.21896
          2       1500   84.86586   -1.02608    0.00000   -1.03902    0.00000   -3.40771   -1.03936   -2.21896
          2       1600   90.51527   -1.02651    0.00000   -1.03875    0.00000   -3.40771   -1.03936   -2.21896
          2       1700   96.15069   -1.02690    0.00000   -1.03898    0.00000   -3.40771   -1.03941   -2.21896
          2       1800  101.71329   -1.02726    0.00000   -1.03918    0.00000   -3.40771   -1.03941   -2.21896
          2       1900  107.37798   -1.02760    0.00000   -1.03920    0.00000   -3.40771   -1.03941   -2.21896
          2       2000  112.72602   -1.02790    0.00000   -1.03915    0.00000   -3.40771   -1.03950   -2.21896
          2       2100  118.73700   -1.02819    0.00000   -1.03932    0.00000   -3.40771   -1.03950   -2.21896
          2       2200  124.46688   -1.02845    0.00000   -1.03920    0.00000   -3.40771   -1.03950   -2.21896
          2       2300  129.92633   -1.02870    0.00000   -1.03929    0.00000   -3.40771   -1.03950   -2.21896
          2       2400  135.71726   -1.02893    0.00000   -1.03924    0.00000   -3.40771   -1.03950   -2.21896
          2       2500  141.09246   -1.02915    0.00000   -1.03914    0.00000   -3.40771   -1.03950   -2.21896
          2       2600  146.58107   -1.02935    0.00000   -1.03919    0.00000   -3.40771   -1.03950   -2.21896
          2       2700  152.35414   -1.02954    0.00000   -1.03903    0.00000   -3.40771   -1.03950   -2.21896
          2       2800  157.91109   -1.02973    0.00000   -1.03934    0.00000   -3.40771   -1.03950   -2.21896
          2       2900  163.19904   -1.02990    0.00000   -1.03920    0.00000   -3.40771   -1.03952   -2.21896
          2       3000  168.66561   -1.03007    0.00000   -1.03928    0.00000   -3.40771   -1.03952   -2.21896
          2       3100  174.37355   -1.03022    0.00000   -1.03935    0.00000   -3.40771   -1.03952   -2.21896
          2       3200  179.98158   -1.03037    0.00000   -1.03930    0.00000   -3.40771   -1.03953   -2.21896
          2       3300  186.01995   -1.03051    0.00000   -1.03944    0.00000   -3.40771   -1.03953   -2.21896
          2       3400  192.00777   -1.03065    0.00000   -1.03923    0.00000   -3.40771   -1.03953   -2.21896
          2       3500  197.95064   -1.03078    0.00000   -1.03927    0.00000   -3.40771   -1.03953   -2.21896
          2       3600  203.68131   -1.03090    0.00000   -1.03936    0.00000   -3.40771   -1.03953   -2.21896
          2       3700  209.53425   -1.03102    0.00000   -1.03931    0.00000   -3.40771   -1.03953   -2.21896
          2       3800  214.82589   -1.03114    0.00000   -1.03919    0.00000   -3.40771   -1.03953   -2.21896
          2       3900  220.60827   -1.03125    0.00000   -1.03930    0.00000   -3.40771   -1.03953   -2.21896
          2       4000  226.65866   -1.03136    0.00000   -1.03939    0.00000   -3.40771   -1.03960   -2.21896
          2       4100  232.40108   -1.03146    0.00000   -1.03927    0.00000   -3.40771   -1.03960   -2.21896
          2       4200  238.35949   -1.03156    0.00000   -1.03939    0.00000   -3.40771   -1.03960   -2.21896
          2       4300  244.45066   -1.03165    0.00000   -1.03926    0.00000   -3.40771   -1.03960   -2.21896
          2       4400  250.12913   -1.03175    0.00000   -1.03938    0.00000   -3.40771   -1.03960   -2.21896
          2       4500  256.01519   -1.03183    0.00000   -1.03942    0.00000   -3.40771   -1.03960   -2.21896
          2       4600  262.18500   -1.03192    0.00000   -1.03925    0.00000   -3.40771   -1.03960   -2.21896
          2       4700  267.79409   -1.03200    0.00000   -1.03919    0.00000   -3.40771   -1.03960   -2.21896
          2       4800  274.02252   -1.03208    0.00000   -1.03927    0.00000   -3.40771   -1.03960   -2.21896
          2       4900  279.48216   -1.03216    0.00000   -1.03921    0.00000   -3.40771   -1.03960   -2.21896
          2       5000  285.13120   -1.03224    0.00000   -1.03928    0.00000   -3.40771   -1.03960   -2.21896
          2       5100  291.11494   -1.03231    0.00000   -1.03924    0.00000   -3.40771   -1.03960   -2.21896
          2       5200  296.78387   -1.03238    0.00000   -1.03947    0.00000   -3.40771   -1.03960   -2.21896
          2       5300  303.18333   -1.03245    0.00000   -1.03917    0.00000   -3.40771   -1.03960   -2.21896
          2       5400  308.16073   -1.03252    0.00000   -1.03940    0.00000   -3.40771   -1.03960   -2.21896
          2       5500  313.62480   -1.03259    0.00000   -1.03933    0.00000   -3.40771   -1.03960   -2.21896
          2       5600  319.10908   -1.03265    0.00000   -1.03945    0.00000   -3.40771   -1.03960   -2.21896
          2       5700  325.00125   -1.03271    0.00000   -1.03943    0.00000   -3.40771   -1.03960   -2.21896
          2       5800  330.61686   -1.03277    0.00000   -1.03945    0.00000   -3.40771   -1.03960   -2.21896
          2       5900  336.56914   -1.03283    0.00000   -1.03946    0.00000   -3.40771   -1.03962   -2.21896
          2       6000  342.11966   -1.03289    0.00000   -1.03950    0.00000   -3.40771   -1.03962   -2.21896
          2       6100  348.15047   -1.03295    0.00000   -1.03954    0.00000   -3.40771   -1.03962   -2.21896
          2       6200  354.09518   -1.03300    0.00000   -1.03944    0.00000   -3.40771   -1.03962   -2.21896
          2       6300  359.79810   -1.03305    0.00000   -1.03944    0.00000   -3.40771   -1.03962   -2.21896
          2       6400  365.57707   -1.03311    0.00000   -1.03925    0.00000   -3.40771   -1.03962   -2.21896
          2       6500  371.48156   -1.03316    0.00000   -1.03942    0.00000   -3.40771   -1.03962   -2.21896
          2       6600  377.35054   -1.03321    0.00000   -1.03943    0.00000   -3.40771   -1.03962   -2.21896
          2       6700  383.05175   -1.03326    0.00000   -1.03923    0.00000   -3.40771   -1.03962   -2.21896
          2       6800  389.02680   -1.03330    0.00000   -1.03936    0.00000   -3.40771   -1.03962   -2.21896
          2       6900  394.95804   -1.03335    0.00000   -1.03944    0.00000   -3.40771   -1.03962   -2.21896
          2       7000  400.56300   -1.03340    0.00000   -1.03935    0.00000   -3.40771   -1.03962   -2.21896
          2       7100  406.81635   -1.03344    0.00000   -1.03941    0.00000   -3.40771   -1.03962   -2.21896
          2       7200  412.41737   -1.03348    0.00000   -1.03940    0.00000   -3.40771   -1.03962   -2.21896
          2       7300  418.24616   -1.03353    0.00000   -1.03954    0.00000   -3.40771   -1.03962   -2.21896
          2       7400  424.19004   -1.03357    0.00000   -1.03937    0.00000   -3.40771   -1.03962   -2.21896
          2       7500  430.14934   -1.03361    0.00000   -1.03941    0.00000   -3.40771   -1.03962   -2.21896
          2       7600  435.72948   -1.03365    0.00000   -1.03952    0.00000   -3.40771   -1.03962   -2.21896
          2       7700  441.62414   -1.03369    0.00000   -1.03947    0.00000   -3.40771   -1.03962   -2.21896
          2       7800  448.02728   -1.03373    0.00000   -1.03950    0.00000   -3.40771   -1.03962   -2.21896
          2       7900  453.74452   -1.03377    0.00000   -1.03943    0.00000   -3.40771   -1.03965   -2.21896
          2       8000  459.63615   -1.03380    0.00000   -1.03938    0.00000   -3.40771   -1.03965   -2.21896
          2       8100  465.56556   -1.03384    0.00000   -1.03950    0.00000   -3.40771   -1.03965   -2.21896
          2       8200  470.99391   -1.03388    0.00000   -1.03950    0.00000   -3.40771   -1.03965   -2.21896
          2       8300  476.64266   -1.03391    0.00000   -1.03955    0.00000   -3.40771   -1.03965   -2.21896
          2       8400  483.36714   -1.03395    0.00000   -1.03938    0.00000   -3.40771   -1.03965   -2.21896
          2       8500  489.27975   -1.03398    0.00000   -1.03947    0.00000   -3.40771   -1.03965   -2.21896
          2       8600  495.35742   -1.03401    0.00000   -1.03939    0.00000   -3.40771   -1.03965   -2.21896
          2       8700  501.13613   -1.03405    0.00000   -1.03954    0.00000   -3.40771   -1.03965   -2.21896
          2       8800  507.27718   -1.03408    0.00000   -1.03956    0.00000   -3.40771   -1.03965   -2.21896
          2       8900  513.00801   -1.03411    0.00000   -1.03946    0.00000   -3.40771   -1.03965   -2.21896
          2       9000  518.96858   -1.03414    0.00000   -1.03947    0.00000   -3.40771   -1.03965   -2.21896
          2       9100  524.48431   -1.03417    0.00000   -1.03952    0.00000   -3.40771   -1.03965   -2.21896
          2       9200  530.05415   -1.03420    0.00000   -1.03952    0.00000   -3.40771   -1.03965   -2.21896
          2       9300  535.61187   -1.03423    0.00000   -1.03956    0.00000   -3.40771   -1.03965   -2.21896
          2       9400  541.52423   -1.03426    0.00000   -1.03952    0.00000   -3.40771   -1.03965   -2.21896
          2       9500  546.87267   -1.03429    0.00000   -1.03957    0.00000   -3.40771   -1.03965   -2.21896
          2       9600  552.56441   -1.03432    0.00000   -1.03944    0.00000   -3.40771   -1.03965   -2.21896
          2       9700  558.12973   -1.03435    0.00000   -1.03956    0.00000   -3.40771   -1.03965   -2.21896
          2       9800  563.92288   -1.03437    0.00000   -1.03945    0.00000   -3.40771   -1.03965   -2.21896
          2       9900  569.91365   -1.03440    0.00000   -1.03957    0.00000   -3.40771   -1.03965   -2.21896
          2      10000  575.70873   -1.03443    0.00000   -1.03935    0.00000   -3.40771   -1.03965   -2.21896
          2      10100  581.33358   -1.03445    0.00000   -1.03951    0.00000   -3.40771   -1.03965   -2.21896
          2      10200  586.78023   -1.03448    0.00000   -1.03962    0.00000   -3.40771   -1.03965   -2.21896
          2      10300  592.33937   -1.03451    0.00000   -1.03952    0.00000   -3.40771   -1.03965   -2.21896
          2      10400  597.81630   -1.03453    0.00000   -1.03953    0.00000   -3.40771   -1.03965   -2.21896
          2      10500  603.44648   -1.03456    0.00000   -1.03958    0.00000   -3.40771   -1.03965   -2.21896
          2      10600  609.13004   -1.03458    0.00000   -1.03957    0.00000   -3.40771   -1.03965   -2.21896
          2      10700  614.88652   -1.03460    0.00000   -1.03955    0.00000   -3.40771   -1.03968   -2.21896
          2      10800  620.64481   -1.03463    0.00000   -1.03943    0.00000   -3.40771   -1.03968   -2.21896
          2      10900  625.92130   -1.03465    0.00000   -1.03955    0.00000   -3.40771   -1.03968   -2.21896
          2      11000  631.55066   -1.03468    0.00000   -1.03947    0.00000   -3.40771   -1.03968   -2.21896
          2      11100  637.28396   -1.03470    0.00000   -1.03941    0.00000   -3.40771   -1.03968   -2.21896
          2      11200  643.42270   -1.03472    0.00000   -1.03950    0.00000   -3.40771   -1.03968   -2.21896
          2      11300  648.88644   -1.03474    0.00000   -1.03947    0.00000   -3.40771   -1.03968   -2.21896
          2      11400  654.52231   -1.03476    0.00000   -1.03956    0.00000   -3.40771   -1.03968   -2.21896
          2      11500  661.05785   -1.03479    0.00000   -1.03947    0.00000   -3.40771   -1.03968   -2.21896
          2      11600  666.87126   -1.03481    0.00000   -1.03953    0.00000   -3.40771   -1.03968   -2.21896
          2      11700  672.61305   -1.03483    0.00000   -1.03962    0.00000   -3.40771   -1.03968   -2.21896
          2      11800  678.27452   -1.03485    0.00000   -1.03951    0.00000   -3.40771   -1.03968   -2.21896
          2      11900  684.13774   -1.03487    0.00000   -1.03941    0.00000   -3.40771   -1.03968   -2.21896
          2      12000  689.52267   -1.03489    0.00000   -1.03963    0.00000   -3.40771   -1.03968   -2.21896
          2      12100  695.36071   -1.03491    0.00000   -1.03967    0.00000   -3.40771   -1.03968   -2.21896
          2      12200  701.12061   -1.03493    0.00000   -1.03952    0.00000   -3.40771   -1.03968   -2.21896
          2      12300  706.66470   -1.03495    0.00000   -1.03956    0.00000   -3.40771   -1.03968   -2.21896
          2      12400  711.85802   -1.03497    0.00000   -1.03956    0.00000   -3.40771   -1.03968   -2.21896
          2      12500  717.77069   -1.03499    0.00000   -1.03955    0.00000   -3.40771   -1.03968   -2.21896
          2      12600  723.54596   -1.03501    0.00000   -1.03950    0.00000   -3.40771   -1.03968   -2.21896
          2      12700  729.83009   -1.03503    0.00000   -1.03955    0.00000   -3.40771   -1.03968   -2.21896
          2      12800  735.70647   -1.03504    0.00000   -1.03958    0.00000   -3.40771   -1.03968   -2.21896
          2      12900  741.51354   -1.03506    0.00000   -1.03950    0.00000   -3.40771   -1.03968   -2.21896
          2      13000  747.10719   -1.03508    0.00000   -1.03959    0.00000   -3.40771   -1.03968   -2.21896
          2      13100  752.78499   -1.03510    0.00000   -1.03940    0.00000   -3.40771   -1.03968   -2.21896
          2      13200  758.29499   -1.03512    0.00000   -1.03963    0.00000   -3.40771   -1.03968   -2.21896
          2      13300  763.93482   -1.03513    0.00000   -1.03956    0.00000   -3.40771   -1.03968   -2.21896
          2      13400  769.58168   -1.03515    0.00000   -1.03957    0.00000   -3.40771   -1.03968   -2.21896
          2      13500  775.44411   -1.03517    0.00000   -1.03955    0.00000   -3.40771   -1.03968   -2.21896
          2      13600  781.31077   -1.03518    0.00000   -1.03949    0.00000   -3.40771   -1.03968   -2.21896
          2      13700  787.12675   -1.03520    0.00000   -1.03947    0.00000   -3.40771   -1.03968   -2.21896
          2      13800  792.97053   -1.03522    0.00000   -1.03948    0.00000   -3.40771   -1.03968   -2.21896
          2      13900  798.67064   -1.03523    0.00000   -1.03961    0.00000   -3.40771   -1.03968   -2.21896
          2      14000  804.33967   -1.03525    0.00000   -1.03951    0.00000   -3.40771   -1.03968   -2.21896
          2      14100  810.39538   -1.03526    0.00000   -1.03951    0.00000   -3.40771   -1.03968   -2.21896
          2      14200  816.25511   -1.03528    0.00000   -1.03953    0.00000   -3.40771   -1.03968   -2.21896
          2      14300  822.42591   -1.03530    0.00000   -1.03956    0.00000   -3.40771   -1.03968   -2.21896
          2      14400  828.37857   -1.03531    0.00000   -1.03957    0.00000   -3.40771   -1.03968   -2.21896
          2      14500  834.18359   -1.03533    0.00000   -1.03957    0.00000   -3.40771   -1.03968   -2.21896
          2      14600  840.41348   -1.03534    0.00000   -1.03952    0.00000   -3.40771   -1.03968   -2.21896
          2      14700  845.89217   -1.03536    0.00000   -1.03952    0.00000   -3.40771   -1.03968   -2.21896
          2      14800  851.58196   -1.03537    0.00000   -1.03958    0.00000   -3.40771   -1.03968   -2.21896
          2      14900  857.99167   -1.03539    0.00000   -1.03965    0.00000   -3.40771   -1.03968   -2.21896
          2      15000  864.07516   -1.03540    0.00000   -1.03957    0.00000   -3.40771   -1.03968   -2.21896
          2      15100  870.09256   -1.03542    0.00000   -1.03944    0.00000   -3.40771   -1.03968   -2.21896
          2      15200  875.78516   -1.03543    0.00000   -1.03957    0.00000   -3.40771   -1.03968   -2.21896
          2      15300  881.50609   -1.03544    0.00000   -1.03953    0.00000   -3.40771   -1.03968   -2.21896
          2      15400  887.26383   -1.03546    0.00000   -1.03957    0.00000   -3.40771   -1.03968   -2.21896
          2      15500  893.92129   -1.03547    0.00000   -1.03952    0.00000   -3.40771   -1.03968   -2.21896
          2      15600  900.18876   -1.03549    0.00000   -1.03955    0.00000   -3.40771   -1.03968   -2.21896
          2      15700  906.00284   -1.03550    0.00000   -1.03953    0.00000   -3.40771   -1.03968   -2.21896
          2      15800  912.25610   -1.03551    0.00000   -1.03958    0.00000   -3.40771   -1.03968   -2.21896
          2      15900  917.88515   -1.03553    0.00000   -1.03947    0.00000   -3.40771   -1.03968   -2.21896
          2      16000  923.83107   -1.03554    0.00000   -1.03958    0.00000   -3.40771   -1.03968   -2.21896
          2      16100  929.82981   -1.03555    0.00000   -1.03948    0.00000   -3.40771   -1.03968   -2.21896
          2      16200  935.41305   -1.03556    0.00000   -1.03957    0.00000   -3.40771   -1.03969   -2.21896
          2      16300  941.08410   -1.03558    0.00000   -1.03956    0.00000   -3.40771   -1.03969   -2.21896
          2      16400  947.15830   -1.03559    0.00000   -1.03960    0.00000   -3.40771   -1.03969   -2.21896
          2      16500  953.13216   -1.03560    0.00000   -1.03953    0.00000   -3.40771   -1.03969   -2.21896
          2      16600  959.11394   -1.03561    0.00000   -1.03958    0.00000   -3.40771   -1.03969   -2.21896
          2      16700  965.37521   -1.03563    0.00000   -1.03961    0.00000   -3.40771   -1.03969   -2.21896
          2      16800  971.71532   -1.03564    0.00000   -1.03954    0.00000   -3.40771   -1.03969   -2.21896
          2      16900  977.30304   -1.03565    0.00000   -1.03956    0.00000   -3.40771   -1.03969   -2.21896
          2      17000  983.64940   -1.03566    0.00000   -1.03953    0.00000   -3.40771   -1.03969   -2.21896
          2      17100  989.88428   -1.03568    0.00000   -1.03959    0.00000   -3.40771   -1.03969   -2.21896
          2      17200  995.66727   -1.03569    0.00000   -1.03961    0.00000   -3.40771   -1.03969   -2.21896
          2      17300 1001.80289   -1.03570    0.00000   -1.03956    0.00000   -3.40771   -1.03969   -2.21896
          2      17400 1007.47517   -1.03571    0.00000   -1.03944    0.00000   -3.40771   -1.03969   -2.21896
          2      17500 1013.30338   -1.03572    0.00000   -1.03968    0.00000   -3.40771   -1.03969   -2.21896
          2      17600 1019.01783   -1.03573    0.00000   -1.03958    0.00000   -3.40771   -1.03969   -2.21896
          2      17700 1024.49356   -1.03574    0.00000   -1.03957    0.00000   -3.40771   -1.03969   -2.21896
          2      17800 1030.54416   -1.03576    0.00000   -1.03952    0.00000   -3.40771   -1.03969   -2.21896
          2      17900 1036.36193   -1.03577    0.00000   -1.03958    0.00000   -3.40771   -1.03969   -2.21896
          2      18000 1042.10447   -1.03578    0.00000   -1.03950    0.00000   -3.40771   -1.03969   -2.21896
          2      18100 1048.07911   -1.03579    0.00000   -1.03951    0.00000   -3.40771   -1.03969   -2.21896
          2      18200 1053.93429   -1.03580    0.00000   -1.03957    0.00000   -3.40771   -1.03969   -2.21896
          2      18300 1059.99276   -1.03581    0.00000   -1.03954    0.00000   -3.40771   -1.03969   -2.21896
          2      18400 1065.53329   -1.03582    0.00000   -1.03958    0.00000   -3.40771   -1.03969   -2.21896
          2      18500 1071.15740   -1.03583    0.00000   -1.03953    0.00000   -3.40771   -1.03969   -2.21896
          2      18600 1076.95643   -1.03584    0.00000   -1.03956    0.00000   -3.40771   -1.03969   -2.21896
          2      18700 1082.91437   -1.03585    0.00000   -1.03955    0.00000   -3.40771   -1.03969   -2.21896
          2      18800 1088.54594   -1.03586    0.00000   -1.03956    0.00000   -3.40771   -1.03969   -2.21896
          2      18900 1094.52982   -1.03587    0.00000   -1.03961    0.00000   -3.40771   -1.03969   -2.21896
          2      19000 1100.12177   -1.03588    0.00000   -1.03955    0.00000   -3.40771   -1.03969   -2.21896
          2      19100 1105.98334   -1.03589    0.00000   -1.03959    0.00000   -3.40771   -1.03969   -2.21896
          2      19200 1111.61354   -1.03590    0.00000   -1.03961    0.00000   -3.40771   -1.03969   -2.21896
          2      19300 1117.37386   -1.03591    0.00000   -1.03959    0.00000   -3.40771   -1.03969   -2.21896
          2      19400 1123.11149   -1.03592    0.00000   -1.03958    0.00000   -3.40771   -1.03969   -2.21896
          2      19500 1129.22093   -1.03593    0.00000   -1.03949    0.00000   -3.40771   -1.03969   -2.21896
          2      19600 1135.07652   -1.03594    0.00000   -1.03957    0.00000   -3.40771   -1.03969   -2.21896
          2      19700 1140.70154   -1.03595    0.00000   -1.03965    0.00000   -3.40771   -1.03969   -2.21896
          2      19800 1146.59938   -1.03596    0.00000   -1.03953    0.00000   -3.40771   -1.03969   -2.21896
          2      19900 1152.52063   -1.03597    0.00000   -1.03961    0.00000   -3.40771   -1.03969   -2.21896
          2      20000 1158.42070   -1.03598    0.00000   -1.03965    0.00000   -3.40771   -1.03969   -2.21896
          2      20100 1164.10723   -1.03599    0.00000   -1.03960    0.00000   -3.40771   -1.03969   -2.21896
          2      20200 1169.78864   -1.03600    0.00000   -1.03951    0.00000   -3.40771   -1.03969   -2.21896
          2      20300 1175.60278   -1.03601    0.00000   -1.03956    0.00000   -3.40771   -1.03969   -2.21896
          2      20400 1181.41888   -1.03602    0.00000   -1.03956    0.00000   -3.40771   -1.03969   -2.21896
          2      20500 1187.27914   -1.03603    0.00000   -1.03950    0.00000   -3.40771   -1.03969   -2.21896
          2      20600 1192.81204   -1.03604    0.00000   -1.03952    0.00000   -3.40771   -1.03969   -2.21896
          2      20700 1199.01256   -1.03605    0.00000   -1.03957    0.00000   -3.40771   -1.03969   -2.21896
          2      20800 1205.03930   -1.03605    0.00000   -1.03958    0.00000   -3.40771   -1.03970   -2.21896
          2      20900 1210.82208   -1.03606    0.00000   -1.03953    0.00000   -3.40771   -1.03970   -2.21896
          2      21000 1216.89229   -1.03607    0.00000   -1.03953    0.00000   -3.40771   -1.03970   -2.21896
          2      21100 1222.84644   -1.03608    0.00000   -1.03957    0.00000   -3.40771   -1.03970   -2.21896
          2      21200 1228.89001   -1.03609    0.00000   -1.03949    0.00000   -3.40771   -1.03970   -2.21896
          2      21300 1235.17684   -1.03610    0.00000   -1.03954    0.00000   -3.40771   -1.03970   -2.21896
          2      21400 1241.20010   -1.03611    0.00000   -1.03966    0.00000   -3.40771   -1.03970   -2.21896
          2      21500 1246.86002   -1.03611    0.00000   -1.03954    0.00000   -3.40771   -1.03970   -2.21896
          2      21600 1252.80163   -1.03612    0.00000   -1.03958    0.00000   -3.40771   -1.03970   -2.21896
          2      21700 1258.63927   -1.03613    0.00000   -1.03959    0.00000   -3.40771   -1.03970   -2.21896
          2      21800 1264.32368   -1.03614    0.00000   -1.03960    0.00000   -3.40771   -1.03970   -2.21896
          2      21900 1270.02970   -1.03615    0.00000   -1.03963    0.00000   -3.40771   -1.03970   -2.21896
          2      22000 1275.33041   -1.03616    0.00000   -1.03963    0.00000   -3.40771   -1.03970   -2.21896
          2      22100 1281.13430   -1.03616    0.00000   -1.03959    0.00000   -3.40771   -1.03970   -2.21896
          2      22200 1286.38424   -1.03617    0.00000   -1.03958    0.00000   -3.40771   -1.03970   -2.21896
          2      22300 1292.55108   -1.03618    0.00000   -1.03953    0.00000   -3.40771   -1.03970   -2.21896
          2      22400 1298.19023   -1.03619    0.00000   -1.03958    0.00000   -3.40771   -1.03970   -2.21896
          2      22500 1303.71401   -1.03620    0.00000   -1.03960    0.00000   -3.40771   -1.03970   -2.21896
          2      22600 1309.53215   -1.03620    0.00000   -1.03957    0.00000   -3.40771   -1.03970   -2.21896
          2      22700 1314.94180   -1.03621    0.00000   -1.03949    0.00000   -3.40771   -1.03970   -2.21896
          2      22800 1320.95460   -1.03622    0.00000   -1.03961    0.00000   -3.40771   -1.03970   -2.21896
          2      22900 1326.66779   -1.03623    0.00000   -1.03960    0.00000   -3.40771   -1.03970   -2.21896
          2      23000 1332.55712   -1.03623    0.00000   -1.03963    0.00000   -3.40771   -1.03970   -2.21896
          2      23100 1338.48505   -1.03624    0.00000   -1.03964    0.00000   -3.40771   -1.03970   -2.21896
          2      23200 1344.49715   -1.03625    0.00000   -1.03953    0.00000   -3.40771   -1.03970   -2.21896
          2      23300 1350.32983   -1.03626    0.00000   -1.03962    0.00000   -3.40771   -1.03970   -2.21896
          2      23400 1356.08981   -1.03626    0.00000   -1.03958    0.00000   -3.40771   -1.03970   -2.21896
          2      23500 1361.96394   -1.03627    0.00000   -1.03953    0.00000   -3.40771   -1.03970   -2.21896
          2      23600 1367.75685   -1.03628    0.00000   -1.03952    0.00000   -3.40771   -1.03970   -2.21896
          2      23700 1373.36656   -1.03629    0.00000   -1.03954    0.00000   -3.40771   -1.03970   -2.21896
          2      23800 1379.49774   -1.03629    0.00000   -1.03955    0.00000   -3.40771   -1.03970   -2.21896
          2      23900 1385.67424   -1.03630    0.00000   -1.03959    0.00000   -3.40771   -1.03970   -2.21896
          2      24000 1391.45920   -1.03631    0.00000   -1.03955    0.00000   -3.40771   -1.03970   -2.21896
          2      24100 1397.43665   -1.03632    0.00000   -1.03959    0.00000   -3.40771   -1.03970   -2.21896
          2      24200 1404.21978   -1.03632    0.00000   -1.03954    0.00000   -3.40771   -1.03970   -2.21896
          2      24300 1410.11680   -1.03633    0.00000   -1.03961    0.00000   -3.40771   -1.03970   -2.21896
          2      24400 1415.64996   -1.03634    0.00000   -1.03961    0.00000   -3.40771   -1.03970   -2.21896
          2      24500 1421.31419   -1.03634    0.00000   -1.03957    0.00000   -3.40771   -1.03970   -2.21896
          2      24600 1426.91717   -1.03635    0.00000   -1.03963    0.00000   -3.40771   -1.03970   -2.21896
          2      24700 1432.51457   -1.03636    0.00000   -1.03957    0.00000   -3.40771   -1.03970   -2.21896
          2      24800 1438.31484   -1.03636    0.00000   -1.03953    0.00000   -3.40771   -1.03970   -2.21896
          2      24900 1444.39212   -1.03637    0.00000   -1.03959    0.00000   -3.40771   -1.03970   -2.21896
          2      25000 1450.11714   -1.03638    0.00000   -1.03962    0.00000   -3.40771   -1.03970   -2.21896
          2      25100 1456.02159   -1.03638    0.00000   -1.03963    0.00000   -3.40771   -1.03970   -2.21896
          2      25200 1461.93614   -1.03639    0.00000   -1.03953    0.00000   -3.40771   -1.03970   -2.21896
          2      25300 1467.57999   -1.03640    0.00000   -1.03951    0.00000   -3.40771   -1.03970   -2.21896
          2      25400 1473.58553   -1.03640    0.00000   -1.03959    0.00000   -3.40771   -1.03970   -2.21896
          2      25500 1479.56154   -1.03641    0.00000   -1.03961    0.00000   -3.40771   -1.03970   -2.21896
          2      25600 1485.45740   -1.03642    0.00000   -1.03965    0.00000   -3.40771   -1.03970   -2.21896
          2      25700 1491.15893   -1.03642    0.00000   -1.03970    0.00000   -3.40771   -1.03970   -2.21896
          2      25800 1497.02947   -1.03643    0.00000   -1.03960    0.00000   -3.40771   -1.03970   -2.21896
          2      25900 1502.58003   -1.03644    0.00000   -1.03956    0.00000   -3.40771   -1.03970   -2.21896
          2      26000 1508.49619   -1.03644    0.00000   -1.03963    0.00000   -3.40771   -1.03970   -2.21896
          2      26100 1513.97717   -1.03645    0.00000   -1.03958    0.00000   -3.40771   -1.03970   -2.21896
          2      26200 1519.60299   -1.03646    0.00000   -1.03956    0.00000   -3.40771   -1.03970   -2.21896
          2      26300 1525.48843   -1.03646    0.00000   -1.03964    0.00000   -3.40771   -1.03970   -2.21896
          2      26400 1531.16736   -1.03647    0.00000   -1.03957    0.00000   -3.40771   -1.03970   -2.21896
          2      26500 1537.27914   -1.03647    0.00000   -1.03954    0.00000   -3.40771   -1.03970   -2.21896
          2      26600 1543.19812   -1.03648    0.00000   -1.03961    0.00000   -3.40771   -1.03970   -2.21896
          2      26700 1549.78328   -1.03649    0.00000   -1.03964    0.00000   -3.40771   -1.03970   -2.21896
          2      26800 1556.02846   -1.03649    0.00000   -1.03958    0.00000   -3.40771   -1.03970   -2.21896
          2      26900 1561.81593   -1.03650    0.00000   -1.03958    0.00000   -3.40771   -1.03970   -2.21896
          2      27000 1567.68059   -1.03650    0.00000   -1.03960    0.00000   -3.40771   -1.03970   -2.21896
          2      27100 1573.24425   -1.03651    0.00000   -1.03954    0.00000   -3.40771   -1.03970   -2.21896
          2      27200 1579.09435   -1.03652    0.00000   -1.03959    0.00000   -3.40771   -1.03970   -2.21896
          2      27300 1584.77000   -1.03652    0.00000   -1.03957    0.00000   -3.40771   -1.03970   -2.21896
          2      27400 1590.72216   -1.03653    0.00000   -1.03960    0.00000   -3.40771   -1.03970   -2.21896
          2      27500 1596.54713   -1.03653    0.00000   -1.03963    0.00000   -3.40771   -1.03970   -2.21896
          2      27600 1602.81124   -1.03654    0.00000   -1.03952    0.00000   -3.40771   -1.03970   -2.21896
          2      27700 1608.74322   -1.03655    0.00000   -1.03951    0.00000   -3.40771   -1.03972   -2.21896
          2      27800 1615.01125   -1.03655    0.00000   -1.03960    0.00000   -3.40771   -1.03972   -2.21896
          2      27900 1621.43370   -1.03656    0.00000   -1.03958    0.00000   -3.40771   -1.03972   -2.21896
          2      28000 1627.44753   -1.03656    0.00000   -1.03963    0.00000   -3.40771   -1.03972   -2.21896
          2      28100 1633.37001   -1.03657    0.00000   -1.03954    0.00000   -3.40771   -1.03972   -2.21896
          2      28200 1639.33513   -1.03657    0.00000   -1.03954    0.00000   -3.40771   -1.03972   -2.21896
          2      28300 1645.30259   -1.03658    0.00000   -1.03965    0.00000   -3.40771   -1.03972   -2.21896
          2      28400 1651.24271   -1.03658    0.00000   -1.03956    0.00000   -3.40771   -1.03972   -2.21896
          2      28500 1657.03013   -1.03659    0.00000   -1.03965    0.00000   -3.40771   -1.03972   -2.21896
          2      28600 1663.01011   -1.03660    0.00000   -1.03958    0.00000   -3.40771   -1.03972   -2.21896
          2      28700 1668.78274   -1.03660    0.00000   -1.03952    0.00000   -3.40771   -1.03972   -2.21896
          2      28800 1674.42952   -1.03661    0.00000   -1.03963    0.00000   -3.40771   -1.03972   -2.21896
          2      28900 1680.75374   -1.03661    0.00000   -1.03954    0.00000   -3.40771   -1.03972   -2.21896
          2      29000 1686.71681   -1.03662    0.00000   -1.03960    0.00000   -3.40771   -1.03972   -2.21896
          2      29100 1692.48809   -1.03662    0.00000   -1.03964    0.00000   -3.40771   -1.03972   -2.21896
          2      29200 1697.97278   -1.03663    0.00000   -1.03955    0.00000   -3.40771   -1.03972   -2.21896
          2      29300 1703.89666   -1.03663    0.00000   -1.03960    0.00000   -3.40771   -1.03972   -2.21896
          2      29400 1709.88991   -1.03664    0.00000   -1.03960    0.00000   -3.40771   -1.03972   -2.21896
          2      29500 1715.62033   -1.03664    0.00000   -1.03957    0.00000   -3.40771   -1.03972   -2.21896
          2      29600 1721.53840   -1.03665    0.00000   -1.03962    0.00000   -3.40771   -1.03972   -2.21896
          2      29700 1727.72345   -1.03665    0.00000   -1.03960    0.00000   -3.40771   -1.03972   -2.21896
          2      29800 1733.47241   -1.03666    0.00000   -1.03954    0.00000   -3.40771   -1.03972   -2.21896
          2      29900 1739.12228   -1.03666    0.00000   -1.03965    0.00000   -3.40771   -1.03972   -2.21896
          2      30000 1744.72003   -1.03667    0.00000   -1.03967    0.00000   -3.40771   -1.03972   -2.21896
          2      30100 1750.58642   -1.03668    0.00000   -1.03958    0.00000   -3.40771   -1.03972   -2.21896
          2      30200 1756.64076   -1.03668    0.00000   -1.03960    0.00000   -3.40771   -1.03972   -2.21896
          2      30300 1762.10870   -1.03669    0.00000   -1.03963    0.00000   -3.40771   -1.03972   -2.21896
          2      30400 1768.07899   -1.03669    0.00000   -1.03959    0.00000   -3.40771   -1.03972   -2.21896
          2      30500 1774.11532   -1.03670    0.00000   -1.03968    0.00000   -3.40771   -1.03972   -2.21896
          2      30600 1779.34945   -1.03670    0.00000   -1.03960    0.00000   -3.40771   -1.03972   -2.21896
          2      30700 1785.01372   -1.03671    0.00000   -1.03963    0.00000   -3.40771   -1.03972   -2.21896
          2      30800 1791.32790   -1.03671    0.00000   -1.03960    0.00000   -3.40771   -1.03972   -2.21896
          2      30900 1797.04085   -1.03672    0.00000   -1.03959    0.00000   -3.40771   -1.03972   -2.21896
          2      31000 1802.94126   -1.03672    0.00000   -1.03959    0.00000   -3.40771   -1.03972   -2.21896
          2      31100 1808.66651   -1.03672    0.00000   -1.03961    0.00000   -3.40771   -1.03972   -2.21896
          2      31200 1814.12851   -1.03673    0.00000   -1.03965    0.00000   -3.40771   -1.03972   -2.21896
          2      31300 1819.82303   -1.03673    0.00000   -1.03959    0.00000   -3.40771   -1.03972   -2.21896
          2      31400 1826.01300   -1.03674    0.00000   -1.03964    0.00000   -3.40771   -1.03972   -2.21896
          2      31500 1831.98238   -1.03674    0.00000   -1.03958    0.00000   -3.40771   -1.03972   -2.21896
          2      31600 1838.04497   -1.03675    0.00000   -1.03961    0.00000   -3.40771   -1.03972   -2.21896
          2      31700 1843.61715   -1.03675    0.00000   -1.03957    0.00000   -3.40771   -1.03972   -2.21896
          2      31800 1848.86150   -1.03676    0.00000   -1.03964    0.00000   -3.40771   -1.03972   -2.21896
          2      31900 1854.77121   -1.03676    0.00000   -1.03965    0.00000   -3.40771   -1.03972   -2.21896
          2      32000 1860.16561   -1.03677    0.00000   -1.03966    0.00000   -3.40771   -1.03972   -2.21896
          2      32100 1865.74492   -1.03677    0.00000   -1.03961    0.00000   -3.40771   -1.03972   -2.21896
          2      32200 1871.56287   -1.03678    0.00000   -1.03962    0.00000   -3.40771   -1.03972   -2.21896
          2      32300 1877.33182   -1.03678    0.00000   -1.03962    0.00000   -3.40771   -1.03972   -2.21896
          2      32400 1883.05854   -1.03679    0.00000   -1.03963    0.00000   -3.40771   -1.03972   -2.21896
          2      32500 1888.78395   -1.03679    0.00000   -1.03956    0.00000   -3.40771   -1.03972   -2.21896
          2      32600 1894.76307   -1.03679    0.00000   -1.03958    0.00000   -3.40771   -1.03972   -2.21896
          2      32700 1900.41891   -1.03680    0.00000   -1.03961    0.00000   -3.40771   -1.03972   -2.21896
          2      32800 1906.46092   -1.03680    0.00000   -1.03962    0.00000   -3.40771   -1.03972   -2.21896
          2      32900 1911.76484   -1.03681    0.00000   -1.03962    0.00000   -3.40771   -1.03972   -2.21896
          2      33000 1917.70748   -1.03681    0.00000   -1.03966    0.00000   -3.40771   -1.03972   -2.21896
          2      33100 1923.43478   -1.03682    0.00000   -1.03960    0.00000   -3.40771   -1.03972   -2.21896
          2      33200 1929.22390   -1.03682    0.00000   -1.03958    0.00000   -3.40771   -1.03972   -2.21896
          2      33300 1934.76072   -1.03683    0.00000   -1.03962    0.00000   -3.40771   -1.03972   -2.21896
          2      33400 1940.69732   -1.03683    0.00000   -1.03961    0.00000   -3.40771   -1.03972   -2.21896
          2      33500 1946.73814   -1.03683    0.00000   -1.03964    0.00000   -3.40771   -1.03972   -2.21896
          2      33600 1952.54771   -1.03684    0.00000   -1.03959    0.00000   -3.40771   -1.03972   -2.21896
          2      33700 1958.19278   -1.03684    0.00000   -1.03961    0.00000   -3.40771   -1.03972   -2.21896
          2      33800 1963.93392   -1.03685    0.00000   -1.03954    0.00000   -3.40771   -1.03972   -2.21896
          2      33900 1969.64881   -1.03685    0.00000   -1.03966    0.00000   -3.40771   -1.03972   -2.21896
          2      34000 1975.88106   -1.03686    0.00000   -1.03961    0.00000   -3.40771   -1.03972   -2.21896
          2      34100 1981.73022   -1.03686    0.00000   -1.03961    0.00000   -3.40771   -1.03972   -2.21896
          2      34200 1987.54374   -1.03686    0.00000   -1.03966    0.00000   -3.40771   -1.03972   -2.21896
          2      34300 1993.86134   -1.03687    0.00000   -1.03958    0.00000   -3.40771   -1.03972   -2.21896
          2      34400 1999.65262   -1.03687    0.00000   -1.03958    0.00000   -3.40771   -1.03972   -2.21896
          2      34500 2004.87236   -1.03688    0.00000   -1.03960    0.00000   -3.40771   -1.03972   -2.21896
          2      34600 2011.05498   -1.03688    0.00000   -1.03964    0.00000   -3.40771   -1.03972   -2.21896
          2      34700 2016.75046   -1.03689    0.00000   -1.03958    0.00000   -3.40771   -1.03972   -2.21896
          2      34800 2022.63647   -1.03689    0.00000   -1.03962    0.00000   -3.40771   -1.03972   -2.21896
          2      34900 2028.35084   -1.03689    0.00000   -1.03965    0.00000   -3.40771   -1.03972   -2.21896
          2      35000 2034.09503   -1.03690    0.00000   -1.03965    0.00000   -3.40771   -1.03972   -2.21896
          2      35100 2040.06919   -1.03690    0.00000   -1.03957    0.00000   -3.40771   -1.03972   -2.21896
          2      35200 2046.14021   -1.03691    0.00000   -1.03962    0.00000   -3.40771   -1.03972   -2.21896
          2      35300 2052.92945   -1.03691    0.00000   -1.03965    0.00000   -3.40771   -1.03972   -2.21896
          2      35400 2059.19661   -1.03691    0.00000   -1.03963    0.00000   -3.40771   -1.03972   -2.21896
          2      35500 2064.90107   -1.03692    0.00000   -1.03965    0.00000   -3.40771   -1.03972   -2.21896
          2      35600 2070.63325   -1.03692    0.00000   -1.03966    0.00000   -3.40771   -1.03972   -2.21896
          2      35700 2075.85922   -1.03693    0.00000   -1.03958    0.00000   -3.40771   -1.03972   -2.21896
          2      35800 2081.93577   -1.03693    0.00000   -1.03959    0.00000   -3.40771   -1.03972   -2.21896
          2      35900 2087.54901   -1.03693    0.00000   -1.03964    0.00000   -3.40771   -1.03972   -2.21896
          2      36000 2093.47637   -1.03694    0.00000   -1.03957    0.00000   -3.40771   -1.03972   -2.21896
          2      36100 2099.07808   -1.03694    0.00000   -1.03959    0.00000   -3.40771   -1.03972   -2.21896
          2      36200 2104.63747   -1.03695    0.00000   -1.03957    0.00000   -3.40771   -1.03972   -2.21896
          2      36300 2110.59245   -1.03695    0.00000   -1.03968    0.00000   -3.40771   -1.03972   -2.21896
          2      36400 2116.17600   -1.03695    0.00000   -1.03954    0.00000   -3.40771   -1.03972   -2.21896
          2      36500 2122.12138   -1.03696    0.00000   -1.03956    0.00000   -3.40771   -1.03972   -2.21896
          2      36600 2127.87105   -1.03696    0.00000   -1.03963    0.00000   -3.40771   -1.03972   -2.21896
          2      36700 2133.19379   -1.03696    0.00000   -1.03962    0.00000   -3.40771   -1.03972   -2.21896
          2      36800 2138.46765   -1.03697    0.00000   -1.03957    0.00000   -3.40771   -1.03972   -2.21896
          2      36900 2144.17350   -1.03697    0.00000   -1.03963    0.00000   -3.40771   -1.03972   -2.21896
          2      37000 2149.68803   -1.03698    0.00000   -1.03963    0.00000   -3.40771   -1.03972   -2.21896
          2      37100 2155.48117   -1.03698    0.00000   -1.03961    0.00000   -3.40771   -1.03972   -2.21896
          2      37200 2161.16101   -1.03698    0.00000   -1.03962    0.00000   -3.40771   -1.03972   -2.21896
          2      37300 2166.58126   -1.03699    0.00000   -1.03958    0.00000   -3.40771   -1.03972   -2.21896
          2      37400 2172.47027   -1.03699    0.00000   -1.03962    0.00000   -3.40771   -1.03972   -2.21896
          2      37500 2177.78968   -1.03699    0.00000   -1.03965    0.00000   -3.40771   -1.03972   -2.21896
          2      37600 2183.26399   -1.03700    0.00000   -1.03959    0.00000   -3.40771   -1.03972   -2.21896
          2      37700 2189.21243   -1.03700    0.00000   -1.03966    0.00000   -3.40771   -1.03972   -2.21896
          2      37800 2195.19385   -1.03700    0.00000   -1.03960    0.00000   -3.40771   -1.03972   -2.21896
          2      37900 2201.12736   -1.03701    0.00000   -1.03965    0.00000   -3.40771   -1.03972   -2.21896
          2      38000 2207.12145   -1.03701    0.00000   -1.03966    0.00000   -3.40771   -1.03972   -2.21896
          2      38100 2213.13507   -1.03702    0.00000   -1.03964    0.00000   -3.40771   -1.03972   -2.21896
          2      38200 2218.87097   -1.03702    0.00000   -1.03963    0.00000   -3.40771   -1.03972   -2.21896
          2      38300 2224.45915   -1.03702    0.00000   -1.03967    0.00000   -3.40771   -1.03972   -2.21896
          2      38400 2230.43258   -1.03703    0.00000   -1.03963    0.00000   -3.40771   -1.03972   -2.21896
          2      38500 2236.05101   -1.03703    0.00000   -1.03957    0.00000   -3.40771   -1.03972   -2.21896
          2      38600 2241.86901   -1.03703    0.00000   -1.03963    0.00000   -3.40771   -1.03972   -2.21896
          2      38700 2247.72424   -1.03704    0.00000   -1.03961    0.00000   -3.40771   -1.03972   -2.21896
          2      38800 2253.42722   -1.03704    0.00000   -1.03964    0.00000   -3.40771   -1.03972   -2.21896
          2      38900 2259.42128   -1.03704    0.00000   -1.03959    0.00000   -3.40771   -1.03972   -2.21896
          2      39000 2265.29134   -1.03705    0.00000   -1.03956    0.00000   -3.40771   -1.03972   -2.21896
          2      39100 2270.95423   -1.03705    0.00000   -1.03966    0.00000   -3.40771   -1.03973   -2.21896
          2      39200 2276.78795   -1.03705    0.00000   -1.03959    0.00000   -3.40771   -1.03973   -2.21896
          2      39300 2282.65727   -1.03706    0.00000   -1.03968    0.00000   -3.40771   -1.03973   -2.21896
          2      39400 2288.71754   -1.03706    0.00000   -1.03963    0.00000   -3.40771   -1.03973   -2.21896
          2      39500 2294.10932   -1.03706    0.00000   -1.03959    0.00000   -3.40771   -1.03973   -2.21896
          2      39600 2300.15827   -1.03707    0.00000   -1.03957    0.00000   -3.40771   -1.03973   -2.21896
          2      39700 2305.56061   -1.03707    0.00000   -1.03961    0.00000   -3.40771   -1.03973   -2.21896
          2      39800 2311.45000   -1.03707    0.00000   -1.03964    0.00000   -3.40771   -1.03973   -2.21896
          2      39900 2317.14521   -1.03708    0.00000   -1.03957    0.00000   -3.40771   -1.03973   -2.21896
          2      40000 2322.80376   -1.03708    0.00000   -1.03953    0.00000   -3.40771   -1.03973   -2.21896
          2      40100 2328.58405   -1.03708    0.00000   -1.03962    0.00000   -3.40771   -1.03973   -2.21896
          2      40200 2334.13417   -1.03709    0.00000   -1.03967    0.00000   -3.40771   -1.03973   -2.21896
          2      40300 2339.76087   -1.03709    0.00000   -1.03965    0.00000   -3.40771   -1.03973   -2.21896
          2      40400 2345.10332   -1.03709    0.00000   -1.03967    0.00000   -3.40771   -1.03973   -2.21896
          2      40500 2351.27148   -1.03710    0.00000   -1.03962    0.00000   -3.40771   -1.03973   -2.21896
          2      40600 2357.09401   -1.03710    0.00000   -1.03963    0.00000   -3.40771   -1.03973   -2.21896
          2      40700 2362.82601   -1.03710    0.00000   -1.03963    0.00000   -3.40771   -1.03973   -2.21896
          2      40800 2368.52463   -1.03711    0.00000   -1.03969    0.00000   -3.40771   -1.03973   -2.21896
          2      40900 2374.39631   -1.03711    0.00000   -1.03961    0.00000   -3.40771   -1.03973   -2.21896
          2      41000 2380.23554   -1.03711    0.00000   -1.03961    0.00000   -3.40771   -1.03973   -2.21896
          2      41100 2385.99667   -1.03712    0.00000   -1.03963    0.00000   -3.40771   -1.03973   -2.21896
          2      41200 2391.75306   -1.03712    0.00000   -1.03964    0.00000   -3.40771   -1.03973   -2.21896
          2      41300 2397.68235   -1.03712    0.00000   -1.03962    0.00000   -3.40771   -1.03973   -2.21896
          2      41400 2403.36236   -1.03713    0.00000   -1.03963    0.00000   -3.40771   -1.03973   -2.21896
          2      41500 2409.51902   -1.03713    0.00000   -1.03961    0.00000   -3.40771   -1.03973   -2.21896
          2      41600 2415.44045   -1.03713    0.00000   -1.03955    0.00000   -3.40771   -1.03973   -2.21896
          2      41700 2421.16367   -1.03714    0.00000   -1.03959    0.00000   -3.40771   -1.03973   -2.21896
          2      41800 2427.30934   -1.03714    0.00000   -1.03959    0.00000   -3.40771   -1.03973   -2.21896
          2      41900 2432.72244   -1.03714    0.00000   -1.03960    0.00000   -3.40771   -1.03973   -2.21896
          2      42000 2438.11542   -1.03715    0.00000   -1.03967    0.00000   -3.40771   -1.03973   -2.21896
          2      42100 2444.04727   -1.03715    0.00000   -1.03958    0.00000   -3.40771   -1.03973   -2.21896
          2      42200 2449.71026   -1.03715    0.00000   -1.03966    0.00000   -3.40771   -1.03973   -2.21896
          2      42300 2455.56003   -1.03715    0.00000   -1.03963    0.00000   -3.40771   -1.03973   -2.21896
          2      42400 2461.59840   -1.03716    0.00000   -1.03962    0.00000   -3.40771   -1.03973   -2.21896
          2      42500 2467.38017   -1.03716    0.00000   -1.03966    0.00000   -3.40771   -1.03973   -2.21896
          2      42600 2473.12190   -1.03716    0.00000   -1.03964    0.00000   -3.40771   -1.03973   -2.21896
          2      42700 2478.66782   -1.03717    0.00000   -1.03963    0.00000   -3.40771   -1.03973   -2.21896
          2      42800 2484.27946   -1.03717    0.00000   -1.03965    0.00000   -3.40771   -1.03973   -2.21896
          2      42900 2490.67187   -1.03717    0.00000   -1.03965    0.00000   -3.40771   -1.03973   -2.21896
          2      43000 2496.38767   -1.03718    0.00000   -1.03963    0.00000   -3.40771   -1.03973   -2.21896
          2      43100 2502.06799   -1.03718    0.00000   -1.03961    0.00000   -3.40771   -1.03973   -2.21896
          2      43200 2508.04727   -1.03718    0.00000   -1.03959    0.00000   -3.40771   -1.03973   -2.21896
          2      43300 2514.09549   -1.03718    0.00000   -1.03962    0.00000   -3.40771   -1.03973   -2.21896
          2      43400 2519.90918   -1.03719    0.00000   -1.03967    0.00000   -3.40771   -1.03973   -2.21896
          2      43500 2525.78780   -1.03719    0.00000   -1.03965    0.00000   -3.40771   -1.03973   -2.21896
          2      43600 2532.41171   -1.03719    0.00000   -1.03959    0.00000   -3.40771   -1.03973   -2.21896
          2      43700 2538.20143   -1.03720    0.00000   -1.03966    0.00000   -3.40771   -1.03973   -2.21896
          2      43800 2544.16572   -1.03720    0.00000   -1.03959    0.00000   -3.40771   -1.03973   -2.21896
          2      43900 2550.03273   -1.03720    0.00000   -1.03963    0.00000   -3.40771   -1.03973   -2.21896
          2      44000 2555.39590   -1.03721    0.00000   -1.03967    0.00000   -3.40771   -1.03973   -2.21896
          2      44100 2560.96914   -1.03721    0.00000   -1.03971    0.00000   -3.40771   -1.03973   -2.21896
          2      44200 2566.77110   -1.03721    0.00000   -1.03969    0.00000   -3.40771   -1.03973   -2.21896
          2      44300 2572.55245   -1.03721    0.00000   -1.03967    0.00000   -3.40771   -1.03973   -2.21896
          2      44400 2578.49165   -1.03722    0.00000   -1.03962    0.00000   -3.40771   -1.03973   -2.21896
          2      44500 2584.57110   -1.03722    0.00000   -1.03961    0.00000   -3.40771   -1.03973   -2.21896
          2      44600 2590.59879   -1.03722    0.00000   -1.03963    0.00000   -3.40771   -1.03973   -2.21896
          2      44700 2596.44551   -1.03722    0.00000   -1.03967    0.00000   -3.40771   -1.03973   -2.21896
          2      44800 2602.35723   -1.03723    0.00000   -1.03965    0.00000   -3.40771   -1.03973   -2.21896
          2      44900 2608.51613   -1.03723    0.00000   -1.03965    0.00000   -3.40771   -1.03973   -2.21896
          2      45000 2614.15963   -1.03723    0.00000   -1.03964    0.00000   -3.40771   -1.03973   -2.21896
          2      45100 2619.83287   -1.03724    0.00000   -1.03962    0.00000   -3.40771   -1.03973   -2.21896
          2      45200 2625.37796   -1.03724    0.00000   -1.03969    0.00000   -3.40771   -1.03973   -2.21896
          2      45300 2631.41653   -1.03724    0.00000   -1.03957    0.00000   -3.40771   -1.03973   -2.21896
          2      45400 2637.13744   -1.03724    0.00000   -1.03968    0.00000   -3.40771   -1.03973   -2.21896
          2      45500 2643.05734   -1.03725    0.00000   -1.03960    0.00000   -3.40771   -1.03973   -2.21896
          2      45600 2649.13842   -1.03725    0.00000   -1.03959    0.00000   -3.40771   -1.03973   -2.21896
          2      45700 2655.20930   -1.03725    0.00000   -1.03957    0.00000   -3.40771   -1.03973   -2.21896
          2      45800 2661.29568   -1.03726    0.00000   -1.03965    0.00000   -3.40771   -1.03973   -2.21896
          2      45900 2667.08586   -1.03726    0.00000   -1.03960    0.00000   -3.40771   -1.03973   -2.21896
          2      46000 2672.99746   -1.03726    0.00000   -1.03962    0.00000   -3.40771   -1.03973   -2.21896
          2      46100 2679.00736   -1.03726    0.00000   -1.03966    0.00000   -3.40771   -1.03973   -2.21896
          2      46200 2684.63302   -1.03727    0.00000   -1.03968    0.00000   -3.40771   -1.03973   -2.21896
          2      46300 2690.45308   -1.03727    0.00000   -1.03968    0.00000   -3.40771   -1.03973   -2.21896
          2      46400 2696.13677   -1.03727    0.00000   -1.03963    0.00000   -3.40771   -1.03973   -2.21896
          2      46500 2701.76197   -1.03727    0.00000   -1.03959    0.00000   -3.40771   -1.03973   -2.21896
          2      46600 2707.35071   -1.03728    0.00000   -1.03963    0.00000   -3.40771   -1.03973   -2.21896
          2      46700 2713.15166   -1.03728    0.00000   -1.03966    0.00000   -3.40771   -1.03973   -2.21896
          2      46800 2718.91174   -1.03728    0.00000   -1.03965    0.00000   -3.40771   -1.03973   -2.21896
          2      46900 2724.55280   -1.03728    0.00000   -1.03967    0.00000   -3.40771   -1.03973   -2.21896
          2      47000 2731.30053   -1.03729    0.00000   -1.03960    0.00000   -3.40771   -1.03973   -2.21896
          2      47100 2737.60331   -1.03729    0.00000   -1.03961    0.00000   -3.40771   -1.03973   -2.21896
          2      47200 2743.54283   -1.03729    0.00000   -1.03964    0.00000   -3.40771   -1.03973   -2.21896
          2      47300 2749.27296   -1.03730    0.00000   -1.03963    0.00000   -3.40771   -1.03973   -2.21896
          2      47400 2754.87036   -1.03730    0.00000   -1.03969    0.00000   -3.40771   -1.03973   -2.21896
          2      47500 2760.67444   -1.03730    0.00000   -1.03964    0.00000   -3.40771   -1.03973   -2.21896
          2      47600 2766.91062   -1.03730    0.00000   -1.03963    0.00000   -3.40771   -1.03973   -2.21896
          2      47700 2772.82649   -1.03731    0.00000   -1.03967    0.00000   -3.40771   -1.03973   -2.21896
          2      47800 2778.92207   -1.03731    0.00000   -1.03966    0.00000   -3.40771   -1.03973   -2.21896
          2      47900 2784.32565   -1.03731    0.00000   -1.03963    0.00000   -3.40771   -1.03973   -2.21896
          2      48000 2790.52644   -1.03731    0.00000   -1.03964    0.00000   -3.40771   -1.03973   -2.21896
          2      48100 2796.31762   -1.03732    0.00000   -1.03962    0.00000   -3.40771   -1.03973   -2.21896
          2      48200 2802.19595   -1.03732    0.00000   -1.03960    0.00000   -3.40771   -1.03973   -2.21896
          2      48300 2807.67182   -1.03732    0.00000   -1.03970    0.00000   -3.40771   -1.03973   -2.21896
          2      48400 2813.24358   -1.03732    0.00000   -1.03966    0.00000   -3.40771   -1.03973   -2.21896
          2      48500 2819.13823   -1.03733    0.00000   -1.03962    0.00000   -3.40771   -1.03973   -2.21896
          2      48600 2825.11893   -1.03733    0.00000   -1.03969    0.00000   -3.40771   -1.03973   -2.21896
          2      48700 2830.80077   -1.03733    0.00000   -1.03960    0.00000   -3.40771   -1.03973   -2.21896
          2      48800 2836.73441   -1.03733    0.00000   -1.03965    0.00000   -3.40771   -1.03973   -2.21896
          2      48900 2842.71943   -1.03734    0.00000   -1.03963    0.00000   -3.40771   -1.03973   -2.21896
          2      49000 2848.32835   -1.03734    0.00000   -1.03958    0.00000   -3.40771   -1.03973   -2.21896
          2      49100 2854.58308   -1.03734    0.00000   -1.03961    0.00000   -3.40771   -1.03973   -2.21896
          2      49200 2860.53474   -1.03734    0.00000   -1.03964    0.00000   -3.40771   -1.03973   -2.21896
          2      49300 2866.03966   -1.03735    0.00000   -1.03967    0.00000   -3.40771   -1.03973   -2.21896
          2      49400 2872.04161   -1.03735    0.00000   -1.03963    0.00000   -3.40771   -1.03973   -2.21896
          2      49500 2878.41947   -1.03735    0.00000   -1.03969    0.00000   -3.40771   -1.03973   -2.21896
          2      49600 2884.29786   -1.03735    0.00000   -1.03966    0.00000   -3.40771   -1.03973   -2.21896
          2      49700 2889.86946   -1.03735    0.00000   -1.03970    0.00000   -3.40771   -1.03973   -2.21896
          2      49800 2895.46718   -1.03736    0.00000   -1.03963    0.00000   -3.40771   -1.03973   -2.21896
          2      49900 2901.34035   -1.03736    0.00000   -1.03962    0.00000   -3.40771   -1.03973   -2.21896
          2      50000 2907.17885   -1.03736    0.00000   -1.03962    0.00000   -3.40771   -1.03973   -2.21896
          2      50100 2913.09419   -1.03736    0.00000   -1.03960    0.00000   -3.40771   -1.03973   -2.21896
          2      50200 2919.13250   -1.03737    0.00000   -1.03963    0.00000   -3.40771   -1.03973   -2.21896
          2      50300 2924.75148   -1.03737    0.00000   -1.03966    0.00000   -3.40771   -1.03973   -2.21896
          2      50400 2930.18473   -1.03737    0.00000   -1.03965    0.00000   -3.40771   -1.03973   -2.21896
          2      50500 2936.02065   -1.03737    0.00000   -1.03964    0.00000   -3.40771   -1.03973   -2.21896
          2      50600 2941.86392   -1.03738    0.00000   -1.03964    0.00000   -3.40771   -1.03973   -2.21896
          2      50700 2947.51203   -1.03738    0.00000   -1.03962    0.00000   -3.40771   -1.03973   -2.21896
          2      50800 2953.47749   -1.03738    0.00000   -1.03960    0.00000   -3.40771   -1.03973   -2.21896
          2      50900 2959.18646   -1.03738    0.00000   -1.03968    0.00000   -3.40771   -1.03973   -2.21896
          2      51000 2964.86330   -1.03739    0.00000   -1.03965    0.00000   -3.40771   -1.03973   -2.21896
          2      51100 2970.78056   -1.03739    0.00000   -1.03964    0.00000   -3.40771   -1.03973   -2.21896
          2      51200 2976.36290   -1.03739    0.00000   -1.03963    0.00000   -3.40771   -1.03973   -2.21896
          2      51300 2982.36464   -1.03739    0.00000   -1.03960    0.00000   -3.40771   -1.03973   -2.21896
          2      51400 2988.37019   -1.03739    0.00000   -1.03962    0.00000   -3.40771   -1.03973   -2.21896
          2      51500 2993.89153   -1.03740    0.00000   -1.03965    0.00000   -3.40771   -1.03973   -2.21896
          2      51600 2999.41054   -1.03740    0.00000   -1.03968    0.00000   -3.40771   -1.03973   -2.21896
          2      51700 3004.97478   -1.03740    0.00000   -1.03964    0.00000   -3.40771   -1.03973   -2.21896
          2      51800 3011.24161   -1.03740    0.00000   -1.03967    0.00000   -3.40771   -1.03973   -2.21896
          2      51900 3016.75027   -1.03741    0.00000   -1.03963    0.00000   -3.40771   -1.03973   -2.21896
          2      52000 3022.42040   -1.03741    0.00000   -1.03966    0.00000   -3.40771   -1.03973   -2.21896
          2      52100 3028.47878   -1.03741    0.00000   -1.03967    0.00000   -3.40771   -1.03973   -2.21896
          2      52200 3033.88566   -1.03741    0.00000   -1.03964    0.00000   -3.40771   -1.03973   -2.21896
          2      52300 3039.65606   -1.03742    0.00000   -1.03962    0.00000   -3.40771   -1.03973   -2.21896
          2      52400 3045.59096   -1.03742    0.00000   -1.03969    0.00000   -3.40771   -1.03973   -2.21896
          2      52500 3051.24813   -1.03742    0.00000   -1.03965    0.00000   -3.40771   -1.03973   -2.21896
          2      52600 3057.00748   -1.03742    0.00000   -1.03968    0.00000   -3.40771   -1.03973   -2.21896
          2      52700 3062.57751   -1.03742    0.00000   -1.03959    0.00000   -3.40771   -1.03973   -2.21896
          2      52800 3068.07893   -1.03743    0.00000   -1.03967    0.00000   -3.40771   -1.03973   -2.21896
          2      52900 3073.99709   -1.03743    0.00000   -1.03962    0.00000   -3.40771   -1.03973   -2.21896
          2      53000 3080.05710   -1.03743    0.00000   -1.03960    0.00000   -3.40771   -1.03973   -2.21896
          2      53100 3085.62354   -1.03743    0.00000   -1.03968    0.00000   -3.40771   -1.03973   -2.21896
          2      53200 3091.33850   -1.03743    0.00000   -1.03966    0.00000   -3.40771   -1.03973   -2.21896
          2      53300 3096.94191   -1.03744    0.00000   -1.03967    0.00000   -3.40771   -1.03973   -2.21896
          2      53400 3102.50826   -1.03744    0.00000   -1.03966    0.00000   -3.40771   -1.03973   -2.21896
          2      53500 3107.96126   -1.03744    0.00000   -1.03960    0.00000   -3.40771   -1.03973   -2.21896
          2      53600 3113.69670   -1.03744    0.00000   -1.03965    0.00000   -3.40771   -1.03973   -2.21896
          2      53700 3119.52481   -1.03745    0.00000   -1.03969    0.00000   -3.40771   -1.03973   -2.21896
          2      53800 3125.39632   -1.03745    0.00000   -1.03961    0.00000   -3.40771   -1.03973   -2.21896
          2      53900 3131.30237   -1.03745    0.00000   -1.03965    0.00000   -3.40771   -1.03973   -2.21896
          2      54000 3137.10689   -1.03745    0.00000   -1.03962    0.00000   -3.40771   -1.03973   -2.21896
          2      54100 3142.86872   -1.03745    0.00000   -1.03964    0.00000   -3.40771   -1.03973   -2.21896
          2      54200 3149.19039   -1.03746    0.00000   -1.03966    0.00000   -3.40771   -1.03973   -2.21896
          2      54300 3155.07698   -1.03746    0.00000   -1.03970    0.00000   -3.40771   -1.03973   -2.21896
          2      54400 3160.86891   -1.03746    0.00000   -1.03963    0.00000   -3.40771   -1.03973   -2.21896
          2      54500 3166.74277   -1.03746    0.00000   -1.03964    0.00000   -3.40771   -1.03973   -2.21896
          2      54600 3171.96051   -1.03746    0.00000   -1.03967    0.00000   -3.40771   -1.03973   -2.21896
          2      54700 3178.03538   -1.03747    0.00000   -1.03967    0.00000   -3.40771   -1.03973   -2.21896
          2      54800 3184.33657   -1.03747    0.00000   -1.03962    0.00000   -3.40771   -1.03973   -2.21896
          2      54900 3190.07152   -1.03747    0.00000   -1.03970    0.00000   -3.40771   -1.03973   -2.21896
          2      55000 3195.91097   -1.03747    0.00000   -1.03967    0.00000   -3.40771   -1.03973   -2.21896
          2      55100 3201.88072   -1.03747    0.00000   -1.03967    0.00000   -3.40771   -1.03973   -2.21896
          2      55200 3207.61978   -1.03748    0.00000   -1.03960    0.00000   -3.40771   -1.03973   -2.21896
          2      55300 3213.35784   -1.03748    0.00000   -1.03962    0.00000   -3.40771   -1.03973   -2.21896
          2      55400 3219.51256   -1.03748    0.00000   -1.03965    0.00000   -3.40771   -1.03973   -2.21896
          2      55500 3225.50887   -1.03748    0.00000   -1.03963    0.00000   -3.40771   -1.03973   -2.21896
          2      55600 3231.01959   -1.03749    0.00000   -1.03961    0.00000   -3.40771   -1.03973   -2.21896
          2      55700 3236.34627   -1.03749    0.00000   -1.03965    0.00000   -3.40771   -1.03973   -2.21896
          2      55800 3242.15022   -1.03749    0.00000   -1.03967    0.00000   -3.40771   -1.03973   -2.21896
          2      55900 3247.94603   -1.03749    0.00000   -1.03961    0.00000   -3.40771   -1.03973   -2.21896
          2      56000 3253.59711   -1.03749    0.00000   -1.03964    0.00000   -3.40771   -1.03973   -2.21896
          2      56100 3259.22357   -1.03750    0.00000   -1.03965    0.00000   -3.40771   -1.03973   -2.21896
          2      56200 3265.08163   -1.03750    0.00000   -1.03962    0.00000   -3.40771   -1.03973   -2.21896
          2      56300 3271.03151   -1.03750    0.00000   -1.03965    0.00000   -3.40771   -1.03973   -2.21896
          2      56400 3277.38678   -1.03750    0.00000   -1.03967    0.00000   -3.40771   -1.03973   -2.21896
          2      56500 3283.29743   -1.03750    0.00000   -1.03962    0.00000   -3.40771   -1.03973   -2.21896
          2      56600 3289.18538   -1.03751    0.00000   -1.03965    0.00000   -3.40771   -1.03973   -2.21896
          2      56700 3294.87384   -1.03751    0.00000   -1.03972    0.00000   -3.40771   -1.03973   -2.21896
          2      56800 3300.55274   -1.03751    0.00000   -1.03968    0.00000   -3.40771   -1.03973   -2.21896
          2      56900 3306.43000   -1.03751    0.00000   -1.03968    0.00000   -3.40771   -1.03973   -2.21896
          2      57000 3312.42915   -1.03751    0.00000   -1.03967    0.00000   -3.40771   -1.03973   -2.21896
          2      57100 3318.38179   -1.03752    0.00000   -1.03964    0.00000   -3.40771   -1.03973   -2.21896
          2      57200 3324.14314   -1.03752    0.00000   -1.03962    0.00000   -3.40771   -1.03973   -2.21896
          2      57300 3329.62260   -1.03752    0.00000   -1.03967    0.00000   -3.40771   -1.03973   -2.21896
          2      57400 3335.75440   -1.03752    0.00000   -1.03965    0.00000   -3.40771   -1.03973   -2.21896
          2      57500 3341.44191   -1.03752    0.00000   -1.03962    0.00000   -3.40771   -1.03973   -2.21896
          2      57600 3347.52911   -1.03752    0.00000   -1.03968    0.00000   -3.40771   -1.03973   -2.21896
          2      57700 3353.37621   -1.03753    0.00000   -1.03963    0.00000   -3.40771   -1.03973   -2.21896
          2      57800 3358.96181   -1.03753    0.00000   -1.03966    0.00000   -3.40771   -1.03973   -2.21896
          2      57900 3364.98010   -1.03753    0.00000   -1.03966    0.00000   -3.40771   -1.03973   -2.21896
          2      58000 3371.05491   -1.03753    0.00000   -1.03965    0.00000   -3.40771   -1.03973   -2.21896
          2      58100 3376.98945   -1.03753    0.00000   -1.03967    0.00000   -3.40771   -1.03973   -2.21896
          2      58200 3382.92246   -1.03754    0.00000   -1.03969    0.00000   -3.40771   -1.03973   -2.21896
          2      58300 3388.59247   -1.03754    0.00000   -1.03968    0.00000   -3.40771   -1.03973   -2.21896
          2      58400 3394.33116   -1.03754    0.00000   -1.03966    0.00000   -3.40771   -1.03973   -2.21896
          2      58500 3400.35591   -1.03754    0.00000   -1.03968    0.00000   -3.40771   -1.03973   -2.21896
          2      58600 3406.35944   -1.03754    0.00000   -1.03968    0.00000   -3.40771   -1.03973   -2.21896
          2      58700 3411.83313   -1.03755    0.00000   -1.03965    0.00000   -3.40771   -1.03973   -2.21896
          2      58800 3417.86978   -1.03755    0.00000   -1.03965    0.00000   -3.40771   -1.03973   -2.21896
          2      58900 3423.56935   -1.03755    0.00000   -1.03962    0.00000   -3.40771   -1.03973   -2.21896
          2      59000 3429.46411   -1.03755    0.00000   -1.03968    0.00000   -3.40771   -1.03973   -2.21896
          2      59100 3435.13886   -1.03755    0.00000   -1.03965    0.00000   -3.40771   -1.03973   -2.21896
          2      59200 3440.48457   -1.03755    0.00000   -1.03967    0.00000   -3.40771   -1.03973   -2.21896
          2      59300 3446.50054   -1.03756    0.00000   -1.03966    0.00000   -3.40771   -1.03973   -2.21896
          2      59400 3452.67368   -1.03756    0.00000   -1.03963    0.00000   -3.40771   -1.03973   -2.21896
          2      59500 3458.68742   -1.03756    0.00000   -1.03961    0.00000   -3.40771   -1.03973   -2.21896
          2      59600 3464.31265   -1.03756    0.00000   -1.03967    0.00000   -3.40771   -1.03973   -2.21896
          2      59700 3469.95434   -1.03756    0.00000   -1.03965    0.00000   -3.40771   -1.03973   -2.21896
          2      59800 3475.65566   -1.03757    0.00000   -1.03971    0.00000   -3.40771   -1.03973   -2.21896
          2      59900 3481.05144   -1.03757    0.00000   -1.03961    0.00000   -3.40771   -1.03973   -2.21896
          2      60000 3486.36163   -1.03757    0.00000   -1.03965    0.00000   -3.40771   -1.03973   -2.21896
          2      60100 3492.11022   -1.03757    0.00000   -1.03963    0.00000   -3.40771   -1.03973   -2.21896
          2      60200 3498.05629   -1.03757    0.00000   -1.03967    0.00000   -3.40771   -1.03973   -2.21896
          2      60300 3503.74172   -1.03757    0.00000   -1.03966    0.00000   -3.40771   -1.03973   -2.21896
          2      60400 3509.51024   -1.03758    0.00000   -1.03964    0.00000   -3.40771   -1.03973   -2.21896
          2      60500 3515.30977   -1.03758    0.00000   -1.03966    0.00000   -3.40771   -1.03973   -2.21896
          2      60600 3521.19078   -1.03758    0.00000   -1.03963    0.00000   -3.40771   -1.03973   -2.21896
          2      60700 3527.26778   -1.03758    0.00000   -1.03964    0.00000   -3.40771   -1.03973   -2.21896
          2      60800 3532.91770   -1.03758    0.00000   -1.03959    0.00000   -3.40771   -1.03973   -2.21896
          2      60900 3539.03697   -1.03759    0.00000   -1.03967    0.00000   -3.40771   -1.03973   -2.21896
          2      61000 3545.60658   -1.03759    0.00000   -1.03966    0.00000   -3.40771   -1.03973   -2.21896
          2      61100 3551.64786   -1.03759    0.00000   -1.03963    0.00000   -3.40771   -1.03973   -2.21896
          2      61200 3557.34620   -1.03759    0.00000   -1.03969    0.00000   -3.40771   -1.03973   -2.21896
          2      61300 3563.29410   -1.03759    0.00000   -1.03961    0.00000   -3.40771   -1.03973   -2.21896
          2      61400 3569.28703   -1.03759    0.00000   -1.03969    0.00000   -3.40771   -1.03973   -2.21896
          2      61500 3575.43347   -1.03760    0.00000   -1.03968    0.00000   -3.40771   -1.03973   -2.21896
          2      61600 3581.40636   -1.03760    0.00000   -1.03966    0.00000   -3.40771   -1.03973   -2.21896
          2      61700 3587.20250   -1.03760    0.00000   -1.03964    0.00000   -3.40771   -1.03973   -2.21896
          2      61800 3593.03703   -1.03760    0.00000   -1.03963    0.00000   -3.40771   -1.03973   -2.21896
          2      61900 3599.23337   -1.03760    0.00000   -1.03963    0.00000   -3.40771   -1.03973   -2.21896
          2      61913 3600.12122   -1.03760    0.00000   -1.03964    0.00000   -3.40771   -1.03973   -2.21896
