 433174280600207
       3501
 3600.57194
   -1.00568
    0.00000
   -1.01355
    0.00000

   -0.04876
   -0.02760
    0.00706
    0.00872
   -0.06421
   -0.04592
   -0.01542
   -0.05427
   -0.01698
   -0.02941
   -0.01498
   -0.06551
    0.05146
   -0.06646
   -0.03590
   -0.06297
    0.01213
    0.06225
    0.03925
   -0.03947
    0.00036
   -0.01015
    0.05129
    0.03194
   -0.00442
    0.02736
    0.06121
   -0.06924
   -0.06227
    0.07088
   -0.03204
   -0.05995
    0.07001
   -0.07608
   -0.00358
   -0.01850
    0.01609
   -0.04011
   -0.06739
   -0.03164
    0.05093
    0.02101
    0.02718
   -0.05513
    0.02977
   -0.05093
    0.01264
   -0.04203
    0.04540
    0.00600
    0.05202
   -0.06215
    0.01602
   -0.01138
    0.04778
    0.01172
   -0.04516
   -0.04658
   -0.02690
   -0.02090
    0.05153
   -0.05215
    0.04192
   -0.02222
    0.06269
    0.00214
    0.01086
    0.06275
    0.02678
   -0.00291
    0.05265
   -0.02437
    0.02547
    0.07020
    0.03768
   -0.05258
    0.00714
   -0.05250
   -0.02752
    0.05013
   -0.01893
   -0.02245
   -0.03217
    0.05423
    0.02339
   -0.01027
   -0.03123
   -0.01443
   -0.05767
   -0.02660
   -0.00825
    0.03951
    0.01884
   -0.06016
    0.03235
    0.01409
   -0.06014
   -0.00471
   -0.03248
    0.02891
   -0.02437
    0.00681
    0.02627
   -0.00658
   -0.01160
   -0.02759
   -0.01627
   -0.01848
    0.01818
    0.04751
    0.00677
   -0.06405
    0.01158
    0.02066
    0.05466
   -0.03029
    0.02562
    0.05337
    0.01729
   -0.02402
   -0.01625
   -0.01848
   -0.01228
   -0.07223
    0.05007
    0.01706
    0.02352
   -0.04376
    0.05525
   -0.01577
   -0.04901
   -0.02408
   -0.01901
   -0.03105
    0.02516
    0.04570
    0.05154
    0.04875
   -0.02162
    0.06622
   -0.05345
    0.07425
   -0.00548
    0.06946
   -0.03205
   -0.05243
    0.03077
   -0.00932
    0.05164
    0.01138
    0.02819
   -0.02203
   -0.00221
    0.05758
   -0.01418
    0.03375
    0.06784
    0.04884
    0.02575
   -0.05659
    0.00275
   -0.03376
   -0.05638
   -0.04978
    0.07199
    0.06543
   -0.00208
    0.01355
    0.06253
    0.02211
    0.05131
   -0.02807
    0.06268
   -0.03176
    0.00893
    0.05049
    0.03361
   -0.00622
   -0.03713
    0.06891
    0.02438
    0.04286
   -0.06844
    0.03178
    0.01168
    0.02120
   -0.01131
   -0.00470
   -0.02936
   -0.00398
    0.03901
    0.02581
   -0.03452
    0.04357
    0.04951
   -0.00155
    0.01172
    0.03163
   -0.06069
    0.06880
    0.05050
    0.04247
   -0.01360
   -0.03011
   -0.02578
   -0.02515
   -0.04903
    0.03405
   -0.05880
   -0.03649
    0.02858
   -0.03468
   -0.06621
   -0.04223
    0.00267
   -0.01950
   -0.03946
   -0.06633
   -0.06601
    0.05391
   -0.00836
   -0.04154
    0.03715
    0.05351
    0.02881
   -0.06876
   -0.04187
    0.02743
   -0.00291
    0.00832
   -0.06125
   -0.04960
   -0.03082
    0.04098
    0.01675
    0.05099
    0.00234
    0.01584
   -0.03083
   -0.01456
   -0.06696
    0.00619
   -0.00777
   -0.04994
    0.02715
   -0.03360
    0.00809
   -0.00200
    0.06606
   -0.03872
   -0.02406
   -0.05097
   -0.06978
    0.06088
   -0.06595
   -0.04862
   -0.06703
   -0.03538
    0.02520
   -0.01784
   -0.03020
   -0.03069
   -0.03727
    0.00037
    0.08040
    0.03425
   -0.02511
    0.01708
   -0.01725
    0.05027
   -0.01179
    0.02342
    0.04919
    0.05302
   -0.00386
   -0.01685
   -0.01345
    0.03624
   -0.02362
   -0.06246
   -0.04692
   -0.00800
    0.04556
   -0.04371
   -0.04002
   -0.00268
   -0.03838
   -0.02865
   -0.02366
    0.01984
    0.01866
    0.00467
   -0.04763
    0.00759
   -0.04350
    0.01544
   -0.01423
   -0.03873
    0.05436
    0.03654
   -0.01800
   -0.01211
    0.00659
   -0.05810
   -0.07259
   -0.06082
   -0.01382
    0.01756
   -0.04306
    0.03528
   -0.05661
    0.06558
    0.01939
    0.02077
    0.06113
    0.01939
    0.00076
   -0.04162
    0.00620
    0.01513
   -0.04390
    0.02423
    0.03021
    0.01391
    0.00340
    0.01494
    0.04167
   -0.05353
   -0.01579
   -0.03019
   -0.01649
   -0.00327
   -0.04722
   -0.07094
    0.00810
   -0.03787
    0.01394
    0.03705
    0.01343
    0.06205
    0.01088
    0.06049
    0.07071
    0.04071
   -0.03439
   -0.04772
   -0.00071
    0.04442
   -0.02372
   -0.04221
    0.01225
   -0.02651
    0.05547
    0.07227
    0.03107
    0.04984
   -0.05442
   -0.05711
    0.02766
   -0.04080
    0.03446
    0.03027
    0.07199
   -0.04045
    0.02895
   -0.01172
    0.00654
   -0.06640
   -0.02542
   -0.02569
    0.02316
    0.02862
    0.03605
    0.04987
    0.06349
    0.03068
    0.07596
   -0.01310
    0.00055
   -0.05459
    0.06531
   -0.00722
   -0.03324
    0.00551
   -0.05841
   -0.05180
   -0.04502
   -0.05471
   -0.00937
   -0.01561
   -0.00391
   -0.04575
   -0.01240
    0.00181
   -0.06085
   -0.04278
   -0.00130
    0.06962
    0.01020
    0.01693
   -0.05583
    0.07055
   -0.05502
    0.04410
   -0.00751
   -0.04860
   -0.05409
    0.02129
    0.01762
   -0.00956
    0.00526
    0.02472
    0.05650
    0.06175
   -0.00977
   -0.05281
   -0.02954
   -0.01368
   -0.01463
   -0.06350
   -0.02412
   -0.00594
   -0.01924
    0.04372
    0.04375
    0.05582
    0.05099
    0.03278
   -0.06272
    0.03115
   -0.02373
    0.05657
   -0.00777
   -0.05006
   -0.02584
    0.05149
    0.03367
    0.03284
   -0.07473
   -0.01998
    0.04151
    0.06708
   -0.06953
    0.06505
   -0.02907
    0.00672
    0.06058
   -0.06369
   -0.07014
    0.07600
    0.03189
    0.01942
    0.05379
   -0.04203
    0.00203
   -0.06344
    0.00948
    0.03518
   -0.03755
    0.05806
    0.05968
   -0.03478
   -0.00745
    0.01315
   -0.02069
   -0.02432
   -0.00007
   -0.02026
   -0.00737
    0.00149
    0.02748
    0.01371
   -0.01949
   -0.01870
    0.07039
   -0.02152
   -0.03428
   -0.04378
    0.05161
    0.06379
   -0.00695
   -0.05245
    0.02990
   -0.03445
   -0.06304
    0.00357
   -0.04188
   -0.04179
   -0.03166
   -0.00782
   -0.03749
    0.05385
   -0.02688
   -0.04436
   -0.04810
    0.06345
   -0.04263
    0.07543
    0.05216
    0.00927
    0.00169
    0.04502
    0.04710
    0.06018
   -0.05334
    0.05388
   -0.06434
   -0.01764
   -0.02480
   -0.04227
   -0.05596
   -0.04782
    0.00181
   -0.04512
   -0.00947
   -0.04975
    0.02462
    0.04377
   -0.00904
   -0.01664
   -0.02953
   -0.04330
   -0.07096
   -0.02685
    0.06757
    0.03007
   -0.04679
    0.06871
    0.05026
    0.04862
    0.04032
   -0.00722
    0.02419
    0.00701
   -0.03017
   -0.01812
   -0.00228
   -0.04609
   -0.04323
    0.05744
   -0.04627
   -0.00557
   -0.04259
    0.01143
    0.03526
   -0.05321
   -0.02631
    0.04822
    0.00862
    0.04481
    0.04059
   -0.06197
   -0.00137
   -0.00504
    0.07111
   -0.02837
    0.02051
   -0.01520
    0.01798
   -0.01680
   -0.04078
   -0.01828
    0.04970
    0.01382
   -0.03760
   -0.01647
    0.01172
    0.06433
    0.00609
   -0.03362
   -0.06327
   -0.00591
   -0.01557
    0.02684
   -0.05562
   -0.03923
    0.01199
   -0.04163
    0.07428
   -0.05123
    0.06704
   -0.03165
   -0.00530
   -0.04149
   -0.04107
   -0.02763
    0.01237
   -0.03717
   -0.02107
   -0.05794
   -0.04622
    0.07043
    0.02978
   -0.06418
    0.05161
   -0.05074
   -0.00281
   -0.01323
    0.06712
    0.03122

   -0.04953
   -0.02774
    0.00694
    0.00884
   -0.06491
   -0.04643
   -0.01589
   -0.05476
   -0.01702
   -0.02960
   -0.01521
   -0.06596
    0.05159
   -0.06710
   -0.03594
   -0.06361
    0.01233
    0.06258
    0.03965
   -0.03967
    0.00023
   -0.01014
    0.05173
    0.03224
   -0.00442
    0.02754
    0.06200
   -0.06971
   -0.06278
    0.07152
   -0.03243
   -0.06040
    0.07037
   -0.07666
   -0.00369
   -0.01836
    0.01646
   -0.04035
   -0.06785
   -0.03183
    0.05122
    0.02110
    0.02736
   -0.05551
    0.02989
   -0.05158
    0.01292
   -0.04280
    0.04550
    0.00614
    0.05244
   -0.06263
    0.01622
   -0.01143
    0.04810
    0.01172
   -0.04577
   -0.04697
   -0.02716
   -0.02099
    0.05205
   -0.05261
    0.04248
   -0.02243
    0.06301
    0.00238
    0.01066
    0.06324
    0.02711
   -0.00272
    0.05321
   -0.02441
    0.02566
    0.07089
    0.03791
   -0.05315
    0.00728
   -0.05262
   -0.02781
    0.05036
   -0.01877
   -0.02267
   -0.03242
    0.05475
    0.02345
   -0.01018
   -0.03134
   -0.01467
   -0.05839
   -0.02657
   -0.00830
    0.03980
    0.01926
   -0.06044
    0.03261
    0.01426
   -0.06056
   -0.00441
   -0.03299
    0.02891
   -0.02492
    0.00672
    0.02638
   -0.00661
   -0.01165
   -0.02764
   -0.01660
   -0.01887
    0.01848
    0.04780
    0.00679
   -0.06475
    0.01159
    0.02094
    0.05509
   -0.03032
    0.02584
    0.05377
    0.01753
   -0.02406
   -0.01663
   -0.01872
   -0.01256
   -0.07290
    0.05042
    0.01720
    0.02341
   -0.04379
    0.05586
   -0.01600
   -0.04943
   -0.02431
   -0.01888
   -0.03153
    0.02535
    0.04608
    0.05236
    0.04915
   -0.02196
    0.06713
   -0.05390
    0.07484
   -0.00560
    0.07028
   -0.03208
   -0.05279
    0.03119
   -0.00925
    0.05210
    0.01147
    0.02825
   -0.02218
   -0.00220
    0.05814
   -0.01410
    0.03411
    0.06834
    0.04926
    0.02607
   -0.05688
    0.00267
   -0.03386
   -0.05671
   -0.05017
    0.07266
    0.06559
   -0.00194
    0.01369
    0.06322
    0.02238
    0.05186
   -0.02825
    0.06305
   -0.03216
    0.00921
    0.05121
    0.03364
   -0.00599
   -0.03759
    0.06987
    0.02447
    0.04312
   -0.06869
    0.03216
    0.01196
    0.02158
   -0.01122
   -0.00451
   -0.02990
   -0.00403
    0.03928
    0.02605
   -0.03507
    0.04393
    0.05027
   -0.00160
    0.01215
    0.03190
   -0.06086
    0.06959
    0.05088
    0.04262
   -0.01362
   -0.03041
   -0.02589
   -0.02559
   -0.04944
    0.03408
   -0.05917
   -0.03696
    0.02878
   -0.03517
   -0.06711
   -0.04269
    0.00268
   -0.01943
   -0.03952
   -0.06692
   -0.06648
    0.05472
   -0.00849
   -0.04176
    0.03744
    0.05400
    0.02922
   -0.06946
   -0.04242
    0.02749
   -0.00308
    0.00836
   -0.06184
   -0.05031
   -0.03107
    0.04124
    0.01662
    0.05146
    0.00254
    0.01608
   -0.03124
   -0.01473
   -0.06787
    0.00653
   -0.00773
   -0.05055
    0.02709
   -0.03429
    0.00803
   -0.00204
    0.06694
   -0.03906
   -0.02437
   -0.05159
   -0.07022
    0.06157
   -0.06662
   -0.04878
   -0.06788
   -0.03581
    0.02549
   -0.01779
   -0.03056
   -0.03083
   -0.03794
    0.00059
    0.08130
    0.03470
   -0.02524
    0.01729
   -0.01740
    0.05068
   -0.01208
    0.02351
    0.04938
    0.05342
   -0.00367
   -0.01720
   -0.01370
    0.03657
   -0.02393
   -0.06295
   -0.04718
   -0.00824
    0.04599
   -0.04404
   -0.04031
   -0.00282
   -0.03837
   -0.02874
   -0.02361
    0.01998
    0.01902
    0.00472
   -0.04824
    0.00768
   -0.04394
    0.01573
   -0.01438
   -0.03896
    0.05491
    0.03676
   -0.01798
   -0.01200
    0.00674
   -0.05883
   -0.07329
   -0.06152
   -0.01384
    0.01787
   -0.04346
    0.03540
   -0.05701
    0.06601
    0.01939
    0.02077
    0.06164
    0.01942
    0.00096
   -0.04208
    0.00633
    0.01506
   -0.04438
    0.02456
    0.03037
    0.01400
    0.00345
    0.01504
    0.04217
   -0.05419
   -0.01594
   -0.03044
   -0.01679
   -0.00308
   -0.04749
   -0.07160
    0.00804
   -0.03824
    0.01438
    0.03741
    0.01336
    0.06247
    0.01103
    0.06108
    0.07124
    0.04110
   -0.03495
   -0.04809
   -0.00098
    0.04488
   -0.02410
   -0.04252
    0.01245
   -0.02678
    0.05591
    0.07285
    0.03131
    0.05040
   -0.05470
   -0.05755
    0.02781
   -0.04085
    0.03489
    0.03030
    0.07259
   -0.04093
    0.02874
   -0.01190
    0.00657
   -0.06698
   -0.02572
   -0.02593
    0.02339
    0.02902
    0.03625
    0.05015
    0.06442
    0.03089
    0.07662
   -0.01327
    0.00059
   -0.05483
    0.06597
   -0.00728
   -0.03362
    0.00567
   -0.05926
   -0.05229
   -0.04537
   -0.05521
   -0.00975
   -0.01548
   -0.00399
   -0.04632
   -0.01277
    0.00190
   -0.06130
   -0.04347
   -0.00137
    0.07043
    0.01023
    0.01691
   -0.05642
    0.07136
   -0.05556
    0.04453
   -0.00755
   -0.04904
   -0.05445
    0.02152
    0.01796
   -0.00946
    0.00503
    0.02490
    0.05703
    0.06248
   -0.00992
   -0.05292
   -0.02994
   -0.01377
   -0.01460
   -0.06397
   -0.02427
   -0.00612
   -0.01911
    0.04397
    0.04402
    0.05638
    0.05144
    0.03307
   -0.06301
    0.03132
   -0.02356
    0.05695
   -0.00806
   -0.05066
   -0.02615
    0.05192
    0.03365
    0.03301
   -0.07554
   -0.02012
    0.04205
    0.06778
   -0.07016
    0.06585
   -0.02945
    0.00683
    0.06125
   -0.06448
   -0.07069
    0.07657
    0.03243
    0.01939
    0.05449
   -0.04267
    0.00235
   -0.06390
    0.00946
    0.03539
   -0.03773
    0.05876
    0.06049
   -0.03474
   -0.00739
    0.01344
   -0.02077
   -0.02458
   -0.00012
   -0.02051
   -0.00728
    0.00129
    0.02814
    0.01381
   -0.01940
   -0.01886
    0.07071
   -0.02158
   -0.03475
   -0.04406
    0.05246
    0.06453
   -0.00689
   -0.05294
    0.03021
   -0.03488
   -0.06331
    0.00350
   -0.04231
   -0.04219
   -0.03205
   -0.00790
   -0.03794
    0.05419
   -0.02699
   -0.04486
   -0.04867
    0.06380
   -0.04308
    0.07588
    0.05243
    0.00906
    0.00180
    0.04542
    0.04765
    0.06083
   -0.05413
    0.05430
   -0.06496
   -0.01807
   -0.02488
   -0.04231
   -0.05671
   -0.04811
    0.00172
   -0.04554
   -0.00958
   -0.05035
    0.02449
    0.04402
   -0.00908
   -0.01700
   -0.02965
   -0.04362
   -0.07176
   -0.02708
    0.06807
    0.03026
   -0.04726
    0.06919
    0.05064
    0.04919
    0.04042
   -0.00735
    0.02438
    0.00688
   -0.03039
   -0.01808
   -0.00270
   -0.04657
   -0.04348
    0.05804
   -0.04688
   -0.00547
   -0.04299
    0.01154
    0.03561
   -0.05375
   -0.02672
    0.04891
    0.00882
    0.04504
    0.04087
   -0.06267
   -0.00122
   -0.00526
    0.07187
   -0.02864
    0.02056
   -0.01540
    0.01791
   -0.01688
   -0.04121
   -0.01865
    0.05017
    0.01360
   -0.03784
   -0.01649
    0.01195
    0.06458
    0.00611
   -0.03412
   -0.06395
   -0.00626
   -0.01585
    0.02702
   -0.05601
   -0.03946
    0.01187
   -0.04176
    0.07502
   -0.05155
    0.06755
   -0.03181
   -0.00561
   -0.04208
   -0.04174
   -0.02784
    0.01243
   -0.03762
   -0.02126
   -0.05843
   -0.04670
    0.07095
    0.02979
   -0.06472
    0.05181
   -0.05124
   -0.00289
   -0.01326
    0.06762
    0.03156
