 431315470570475
       2725
 3601.43628
   -1.01259
    0.00000
   -1.02247
    0.00000

    0.00032
    0.00685
    0.02041
   -0.01894
    0.06340
    0.05595
   -0.05207
    0.05088
   -0.01995
    0.01495
    0.01952
    0.05229
    0.05301
    0.00677
   -0.04027
   -0.06195
    0.01879
   -0.03550
   -0.03493
   -0.04859
   -0.06267
    0.03367
    0.05618
    0.03315
   -0.02556
    0.06868
   -0.03687
   -0.03257
    0.06461
    0.05723
   -0.01082
    0.01148
   -0.05809
    0.00931
   -0.05313
    0.01892
    0.02384
   -0.01444
    0.03368
    0.01905
   -0.03930
    0.04751
   -0.05122
    0.04148
   -0.01367
    0.03188
   -0.01324
    0.00688
    0.02962
   -0.04930
   -0.05737
    0.04889
   -0.01016
   -0.06482
   -0.03311
   -0.05371
   -0.02079
   -0.03066
    0.04148
   -0.02352
    0.05220
   -0.02985
   -0.05201
   -0.03589
    0.04061
    0.03778
    0.05999
    0.03719
    0.02573
    0.03406
    0.00188
   -0.01541
    0.02289
    0.04626
    0.04387
   -0.03494
   -0.05056
    0.03133
    0.02951
   -0.04925
    0.02980
   -0.04584
    0.04526
    0.04706
    0.00164
   -0.06768
   -0.01601
    0.00980
    0.04988
   -0.04063
    0.03692
    0.04080
    0.06712
    0.00074
    0.00436
    0.05336
    0.05269
    0.01421
   -0.05973
    0.05887
    0.06834
    0.06467
   -0.03635
   -0.03754
    0.04436
   -0.02821
   -0.03797
    0.01406
   -0.03176
    0.03300
    0.05681
   -0.02793
    0.06788
    0.04322
   -0.01839
   -0.06625
   -0.01992
    0.01953
    0.02358
   -0.03231
    0.05155
   -0.03274
   -0.00802
   -0.04840
    0.02358
   -0.03554
    0.02659
   -0.03302
   -0.06232
    0.03761
    0.02351
    0.05829
   -0.05457
   -0.05257
    0.00186
    0.00114
    0.06770
    0.01410
    0.02664
   -0.01298
    0.01429
   -0.02720
    0.06237
    0.01392
    0.04068
    0.05587
   -0.03982
    0.02921
    0.06283
    0.01970
   -0.02115
    0.06280
    0.04012
    0.04278
   -0.00231
    0.01663
    0.06812
   -0.04016
    0.00986
    0.07325
    0.04286
   -0.06785
   -0.01524
   -0.06364
   -0.03166
   -0.00804
    0.00307
   -0.02799
    0.00245
   -0.01025
   -0.00915
   -0.05135
   -0.06771
    0.07008
   -0.03628
   -0.00161
   -0.00439
   -0.00852
   -0.05299
   -0.01136
   -0.06233
   -0.04043
    0.01482
    0.01703
    0.04175
    0.04047
    0.00709
   -0.00789
   -0.04815
   -0.03013
   -0.03413
   -0.03352
    0.02566
   -0.02127
    0.05066
   -0.05331
   -0.00444
   -0.03802
   -0.06577
   -0.07144
    0.00541
    0.00085
   -0.06782
   -0.01818
    0.02060
   -0.01026
    0.03760
   -0.04314
   -0.02093
   -0.04918
   -0.02966
   -0.05386
   -0.05412
   -0.03976
    0.05049
   -0.04527
   -0.00750
    0.03839
    0.01352
    0.05091
    0.00419
    0.03980
   -0.05360
   -0.03653
   -0.06432
    0.05219
    0.04181
   -0.04569
    0.01047
   -0.02781
    0.06226
   -0.01105
    0.01313
    0.01701
    0.06715
   -0.00135
    0.05928
   -0.00465
   -0.03751
   -0.01367
   -0.00610
    0.01919
   -0.04385
   -0.03107
    0.05239
   -0.06484
    0.07050
    0.04556
    0.05873
   -0.03154
   -0.00564
    0.04299
    0.03995
   -0.06252
   -0.03058
   -0.06272
   -0.03049
   -0.05187
   -0.02287
   -0.05635
   -0.03488
    0.00851
    0.01459
    0.05732
   -0.01789
    0.04378
   -0.00205
   -0.04403
   -0.02442
    0.00063
   -0.03426
   -0.06115
    0.03115
   -0.04120
   -0.02220
    0.02137
    0.07156
    0.05896
    0.02232
   -0.04841
   -0.06156
   -0.03487
    0.05490
    0.01402
   -0.01435
   -0.04488
   -0.05557
   -0.04832
    0.02487
    0.05218
   -0.02160
   -0.06420
   -0.05357
   -0.01689
    0.00625
   -0.01752
   -0.04811
    0.02847
   -0.02667
   -0.04254
    0.07014
   -0.02417
   -0.05487
   -0.06947
   -0.00336
   -0.04317
   -0.07003
   -0.01001
    0.02057
    0.06189
   -0.01459
   -0.06703
   -0.04320
    0.02755
    0.06569
    0.05744
   -0.02115
   -0.05642
    0.04599
    0.05327
    0.05663
   -0.02161
    0.04868
    0.01622
   -0.01103
   -0.04431
    0.01361
    0.01543
   -0.05449
   -0.05929
    0.02263
   -0.05840
   -0.06028
    0.03149
   -0.05766
   -0.02269
    0.00318
   -0.02276
   -0.02530
   -0.02703
    0.00125
    0.05112
    0.03464
   -0.03595
    0.03449
    0.02545
    0.00250
    0.06160
    0.05699
    0.00530
    0.01023
    0.05983
   -0.05382
    0.05214
    0.03880
    0.06308
    0.04274
   -0.02011
    0.00402
   -0.01433
    0.02796
    0.01214
    0.06436
   -0.02306
   -0.06545
    0.06652
   -0.06157
   -0.05453
   -0.07063
   -0.04901
   -0.03730
    0.06162
    0.03081
    0.06750
    0.03375
   -0.04065
   -0.02323
   -0.06588
    0.01913
   -0.04107
    0.02338
   -0.03606
    0.06857
   -0.03795
   -0.02550
   -0.04771
    0.01161
   -0.02238
   -0.01160
    0.01005
    0.06405
   -0.01359
   -0.02383
   -0.01944
   -0.01518
    0.01220
   -0.00707
    0.00388
    0.04444
   -0.03190
   -0.05056
    0.00492
   -0.03705
    0.00923
    0.00857
    0.02224
   -0.05857
    0.04768
    0.05401
   -0.06488
   -0.04748
    0.01616
   -0.00241
    0.02983
    0.03966
    0.02047
    0.05879
   -0.07089
   -0.03929
   -0.03877
   -0.06477
   -0.00625
    0.06031
   -0.04597
   -0.02319
    0.04040
    0.01905
    0.03160
   -0.04742
   -0.04260
    0.02751
   -0.00904
   -0.02382
   -0.04638
   -0.01766
   -0.06121
   -0.05137
   -0.02353
   -0.05624
    0.01947
   -0.00510
   -0.05088
    0.01545
   -0.05855
    0.04272
   -0.06336
    0.02267
   -0.05529
   -0.05387
   -0.00449
    0.00934
    0.01843
    0.01601
    0.00798
   -0.00149
    0.02432
   -0.01634
    0.03215
   -0.07540
    0.05571
    0.01603
    0.04621
    0.01364
   -0.04333
   -0.05956
   -0.04030
   -0.00247
   -0.07093
   -0.02435
   -0.04894
    0.04391
   -0.04463
   -0.03536
    0.04751
    0.02743
   -0.03321
    0.02001
    0.06156
    0.05067
   -0.06165
    0.06943
   -0.01733
   -0.01278
   -0.06612
    0.03521
   -0.01163
   -0.00181
   -0.03455
    0.06363
   -0.04067
    0.02824
    0.03933
    0.01974
   -0.02902
    0.04642
    0.00791
   -0.04471
   -0.02045
    0.05202
    0.02724
   -0.05657
    0.03132
    0.05786
   -0.06237
    0.01492
   -0.01720
    0.00154
   -0.00139
   -0.05756
   -0.02523
   -0.01336
    0.06002
   -0.06937
    0.04536
   -0.06393
    0.04462
    0.06449
   -0.02764
   -0.04113
    0.00720
    0.04660
    0.05224
    0.02170
   -0.06240
   -0.02235
   -0.00904
    0.02872
    0.01347
   -0.01323
    0.01396
   -0.03812
   -0.03137
    0.00335
    0.01059
   -0.00579
   -0.01488
    0.03396
    0.02857
    0.00738
   -0.03307
    0.03343
    0.00078
    0.02529
   -0.05726
   -0.02251
   -0.00917
    0.01898
   -0.02210
   -0.00988
    0.05071
   -0.03459
    0.01734
   -0.04942
   -0.05941
    0.02200
   -0.06729
   -0.02834
    0.05063
    0.00332
    0.04664
    0.02984
    0.00870
    0.04485
    0.05297
   -0.05386
   -0.05579
    0.01114
   -0.03025
    0.04964
   -0.06514
    0.03401
    0.03956
   -0.04945
    0.04929
   -0.01562
    0.02023
    0.00261
    0.01584
    0.06379
   -0.02037
   -0.04591
   -0.02504
   -0.06093
   -0.04410
   -0.02631
   -0.01981
   -0.01726
    0.01005
   -0.04857
   -0.00498
    0.02121
    0.06921
    0.00489
   -0.00089
    0.03658
   -0.00642
    0.07495
   -0.01923
    0.05667
    0.04743

    0.00080
    0.00665
    0.02036
   -0.01923
    0.06457
    0.05688
   -0.05265
    0.05136
   -0.02029
    0.01501
    0.01938
    0.05261
    0.05358
    0.00717
   -0.04097
   -0.06273
    0.01944
   -0.03506
   -0.03533
   -0.04917
   -0.06294
    0.03379
    0.05710
    0.03359
   -0.02549
    0.06918
   -0.03771
   -0.03285
    0.06552
    0.05742
   -0.01070
    0.01120
   -0.05925
    0.00970
   -0.05388
    0.01959
    0.02373
   -0.01482
    0.03399
    0.01950
   -0.03965
    0.04803
   -0.05146
    0.04212
   -0.01380
    0.03234
   -0.01372
    0.00712
    0.03019
   -0.05000
   -0.05750
    0.04934
   -0.01062
   -0.06566
   -0.03395
   -0.05410
   -0.02089
   -0.03063
    0.04226
   -0.02306
    0.05254
   -0.02980
   -0.05253
   -0.03653
    0.04101
    0.03864
    0.06112
    0.03786
    0.02615
    0.03490
    0.00201
   -0.01588
    0.02324
    0.04695
    0.04430
   -0.03494
   -0.05118
    0.03217
    0.02973
   -0.04967
    0.03002
   -0.04625
    0.04604
    0.04805
    0.00221
   -0.06763
   -0.01562
    0.01013
    0.05033
   -0.04115
    0.03715
    0.04121
    0.06736
    0.00048
    0.00503
    0.05418
    0.05296
    0.01462
   -0.06078
    0.05996
    0.06916
    0.06539
   -0.03661
   -0.03753
    0.04514
   -0.02899
   -0.03792
    0.01395
   -0.03234
    0.03316
    0.05769
   -0.02867
    0.06808
    0.04432
   -0.01914
   -0.06718
   -0.02013
    0.01989
    0.02385
   -0.03292
    0.05205
   -0.03297
   -0.00878
   -0.04895
    0.02292
   -0.03648
    0.02674
   -0.03283
   -0.06285
    0.03864
    0.02349
    0.05860
   -0.05514
   -0.05343
    0.00196
    0.00166
    0.06810
    0.01471
    0.02688
   -0.01280
    0.01432
   -0.02798
    0.06339
    0.01415
    0.04134
    0.05655
   -0.04031
    0.02967
    0.06423
    0.01969
   -0.02112
    0.06292
    0.04068
    0.04337
   -0.00243
    0.01703
    0.06832
   -0.03993
    0.00996
    0.07354
    0.04331
   -0.06859
   -0.01523
   -0.06429
   -0.03235
   -0.00777
    0.00271
   -0.02895
    0.00265
   -0.01022
   -0.00952
   -0.05153
   -0.06838
    0.07068
   -0.03654
   -0.00146
   -0.00445
   -0.00791
   -0.05293
   -0.01119
   -0.06250
   -0.04049
    0.01526
    0.01734
    0.04210
    0.04124
    0.00724
   -0.00802
   -0.04852
   -0.03007
   -0.03383
   -0.03333
    0.02561
   -0.02167
    0.05162
   -0.05427
   -0.00480
   -0.03840
   -0.06603
   -0.07200
    0.00547
    0.00058
   -0.06756
   -0.01737
    0.02055
   -0.01019
    0.03773
   -0.04396
   -0.02110
   -0.04964
   -0.03024
   -0.05488
   -0.05478
   -0.03983
    0.05146
   -0.04629
   -0.00745
    0.03881
    0.01294
    0.05184
    0.00390
    0.04043
   -0.05419
   -0.03735
   -0.06463
    0.05286
    0.04265
   -0.04606
    0.01081
   -0.02798
    0.06361
   -0.01146
    0.01397
    0.01757
    0.06804
   -0.00139
    0.05974
   -0.00525
   -0.03792
   -0.01376
   -0.00609
    0.01934
   -0.04451
   -0.03087
    0.05243
   -0.06565
    0.07135
    0.04577
    0.05974
   -0.03196
   -0.00593
    0.04332
    0.04125
   -0.06329
   -0.03096
   -0.06338
   -0.03049
   -0.05235
   -0.02311
   -0.05676
   -0.03518
    0.00884
    0.01515
    0.05754
   -0.01790
    0.04478
   -0.00168
   -0.04396
   -0.02503
    0.00101
   -0.03421
   -0.06136
    0.03164
   -0.04180
   -0.02205
    0.02192
    0.07236
    0.05919
    0.02243
   -0.04876
   -0.06201
   -0.03531
    0.05529
    0.01429
   -0.01477
   -0.04570
   -0.05642
   -0.04917
    0.02548
    0.05321
   -0.02225
   -0.06511
   -0.05447
   -0.01697
    0.00657
   -0.01788
   -0.04921
    0.02885
   -0.02658
   -0.04242
    0.07081
   -0.02466
   -0.05568
   -0.07029
   -0.00347
   -0.04411
   -0.07057
   -0.01019
    0.02132
    0.06251
   -0.01495
   -0.06753
   -0.04438
    0.02741
    0.06683
    0.05849
   -0.02149
   -0.05780
    0.04641
    0.05364
    0.05774
   -0.02162
    0.04900
    0.01677
   -0.01111
   -0.04478
    0.01382
    0.01583
   -0.05523
   -0.05975
    0.02273
   -0.05893
   -0.06150
    0.03148
   -0.05868
   -0.02335
    0.00293
   -0.02300
   -0.02585
   -0.02724
    0.00084
    0.05129
    0.03476
   -0.03632
    0.03526
    0.02560
    0.00242
    0.06257
    0.05769
    0.00530
    0.01014
    0.06057
   -0.05398
    0.05319
    0.03953
    0.06418
    0.04343
   -0.02065
    0.00411
   -0.01422
    0.02885
    0.01197
    0.06549
   -0.02372
   -0.06628
    0.06735
   -0.06243
   -0.05456
   -0.07200
   -0.04966
   -0.03748
    0.06216
    0.03111
    0.06845
    0.03441
   -0.04117
   -0.02457
   -0.06679
    0.01908
   -0.04119
    0.02376
   -0.03614
    0.06928
   -0.03849
   -0.02605
   -0.04787
    0.01181
   -0.02326
   -0.01217
    0.00963
    0.06447
   -0.01322
   -0.02454
   -0.01934
   -0.01552
    0.01234
   -0.00712
    0.00358
    0.04493
   -0.03192
   -0.05095
    0.00522
   -0.03734
    0.00913
    0.00871
    0.02281
   -0.05873
    0.04813
    0.05444
   -0.06540
   -0.04813
    0.01617
   -0.00211
    0.03036
    0.04031
    0.02082
    0.06011
   -0.07156
   -0.03925
   -0.03970
   -0.06479
   -0.00634
    0.06093
   -0.04617
   -0.02388
    0.04035
    0.01940
    0.03197
   -0.04734
   -0.04233
    0.02763
   -0.00940
   -0.02390
   -0.04698
   -0.01762
   -0.06237
   -0.05199
   -0.02413
   -0.05624
    0.01958
   -0.00499
   -0.05110
    0.01558
   -0.05947
    0.04363
   -0.06423
    0.02329
   -0.05595
   -0.05481
   -0.00468
    0.00900
    0.01797
    0.01632
    0.00822
   -0.00157
    0.02432
   -0.01612
    0.03240
   -0.07562
    0.05609
    0.01571
    0.04688
    0.01393
   -0.04374
   -0.06026
   -0.04145
   -0.00207
   -0.07139
   -0.02444
   -0.04967
    0.04465
   -0.04538
   -0.03534
    0.04789
    0.02767
   -0.03393
    0.02031
    0.06257
    0.05127
   -0.06199
    0.06992
   -0.01791
   -0.01242
   -0.06653
    0.03585
   -0.01187
   -0.00186
   -0.03496
    0.06418
   -0.04055
    0.02853
    0.04007
    0.01973
   -0.02967
    0.04671
    0.00735
   -0.04501
   -0.02042
    0.05302
    0.02738
   -0.05717
    0.03212
    0.05860
   -0.06360
    0.01570
   -0.01714
    0.00158
   -0.00117
   -0.05829
   -0.02586
   -0.01369
    0.06127
   -0.06971
    0.04610
   -0.06421
    0.04511
    0.06525
   -0.02778
   -0.04148
    0.00753
    0.04685
    0.05291
    0.02209
   -0.06264
   -0.02253
   -0.00918
    0.02882
    0.01368
   -0.01309
    0.01378
   -0.03800
   -0.03214
    0.00315
    0.01058
   -0.00621
   -0.01413
    0.03384
    0.02951
    0.00740
   -0.03330
    0.03392
    0.00065
    0.02564
   -0.05855
   -0.02301
   -0.00908
    0.01895
   -0.02295
   -0.00933
    0.05161
   -0.03402
    0.01711
   -0.04940
   -0.06042
    0.02197
   -0.06761
   -0.02943
    0.05109
    0.00409
    0.04683
    0.02997
    0.00866
    0.04510
    0.05355
   -0.05417
   -0.05656
    0.01205
   -0.02959
    0.05006
   -0.06601
    0.03458
    0.04007
   -0.05010
    0.05054
   -0.01594
    0.02038
    0.00300
    0.01622
    0.06408
   -0.01984
   -0.04754
   -0.02531
   -0.06180
   -0.04467
   -0.02673
   -0.01992
   -0.01762
    0.01029
   -0.04983
   -0.00533
    0.02174
    0.06985
    0.00492
   -0.00068
    0.03713
   -0.00604
    0.07525
   -0.01935
    0.05749
    0.04819
