          1          0    0.00000   -0.52089    0.00000   -0.52089    0.00000   -4.84656    4.84656    0.00000
          1          1    0.00305   -0.49514    0.00000   -0.45895    0.00000   -4.84656   -0.49514    0.00000
          2          0    0.00305   -0.16001    0.00000   -0.45895    0.00000   -4.84656   -0.49514   -2.67085
          2        100    1.19804   -0.57056    0.00000   -0.58700    0.00000   -4.84656   -0.49514   -2.67085
          2        200    2.78802   -0.57707    0.00000   -0.57837    0.00000   -4.84656   -0.49514   -2.67085
          2        300    4.16689   -0.57945    0.00000   -0.58665    0.00000   -4.84656   -0.49514   -2.67085
          2        400    5.64609   -0.58079    0.00000   -0.58058    0.00000   -4.84656   -0.49514   -2.67085
          2        500    6.76837   -0.58163    0.00000   -0.58228    0.00000   -4.84656   -0.49514   -2.67085
          2        600    8.75658   -0.58225    0.00000   -0.58761    0.00000   -4.84656   -0.49514   -2.67085
          2        700   10.03717   -0.58271    0.00000   -0.58748    0.00000   -4.84656   -0.49514   -2.67085
          2        800   11.12685   -0.58307    0.00000   -0.58755    0.00000   -4.84656   -0.49514   -2.67085
          2        900   12.87025   -0.58337    0.00000   -0.58466    0.00000   -4.84656   -0.49514   -2.67085
          2       1000   14.68036   -0.58361    0.00000   -0.58707    0.00000   -4.84656   -0.49514   -2.67085
          2       1100   16.05960   -0.58382    0.00000   -0.58293    0.00000   -4.84656   -0.49514   -2.67085
          2       1200   17.92693   -0.58400    0.00000   -0.58584    0.00000   -4.84656   -0.49514   -2.67085
          2       1300   19.32798   -0.58416    0.00000   -0.58521    0.00000   -4.84656   -0.49514   -2.67085
          2       1400   20.70326   -0.58430    0.00000   -0.58414    0.00000   -4.84656   -0.49514   -2.67085
          2       1500   22.64390   -0.58443    0.00000   -0.58654    0.00000   -4.84656   -0.49514   -2.67085
          2       1600   24.27586   -0.58454    0.00000   -0.58596    0.00000   -4.84656   -0.49514   -2.67085
          2       1700   25.67793   -0.58464    0.00000   -0.58674    0.00000   -4.84656   -0.49514   -2.67085
          2       1800   27.17317   -0.58474    0.00000   -0.58647    0.00000   -4.84656   -0.49514   -2.67085
          2       1900   29.39727   -0.58482    0.00000   -0.58735    0.00000   -4.84656   -0.49514   -2.67085
          2       2000   30.93644   -0.58490    0.00000   -0.58630    0.00000   -4.84656   -0.49514   -2.67085
          2       2100   32.68492   -0.58497    0.00000   -0.58709    0.00000   -4.84656   -0.49514   -2.67085
          2       2200   34.41599   -0.58504    0.00000   -0.58650    0.00000   -4.84656   -0.49514   -2.67085
          2       2300   36.10190   -0.58510    0.00000   -0.58615    0.00000   -4.84656   -0.49514   -2.67085
          2       2400   37.89039   -0.58516    0.00000   -0.58486    0.00000   -4.84656   -0.49514   -2.67085
          2       2500   39.10400   -0.58521    0.00000   -0.58605    0.00000   -4.84656   -0.49514   -2.67085
          2       2600   40.70718   -0.58526    0.00000   -0.58547    0.00000   -4.84656   -0.49514   -2.67085
          2       2700   42.27365   -0.58531    0.00000   -0.58578    0.00000   -4.84656   -0.49514   -2.67085
          2       2800   43.60785   -0.58535    0.00000   -0.58756    0.00000   -4.84656   -0.49514   -2.67085
          2       2900   44.65614   -0.58540    0.00000   -0.58723    0.00000   -4.84656   -0.49514   -2.67085
          2       3000   46.76810   -0.58544    0.00000   -0.58714    0.00000   -4.84656   -0.49514   -2.67085
          2       3100   48.16663   -0.58548    0.00000   -0.58535    0.00000   -4.84656   -0.49514   -2.67085
          2       3200   50.20663   -0.58551    0.00000   -0.58699    0.00000   -4.84656   -0.49514   -2.67085
          2       3300   51.85452   -0.58555    0.00000   -0.58639    0.00000   -4.84656   -0.49514   -2.67085
          2       3400   53.54468   -0.58558    0.00000   -0.58515    0.00000   -4.84656   -0.49514   -2.67085
          2       3500   55.60527   -0.58561    0.00000   -0.58626    0.00000   -4.84656   -0.49514   -2.67085
          2       3600   57.32821   -0.58564    0.00000   -0.58567    0.00000   -4.84656   -0.49514   -2.67085
          2       3700   59.44942   -0.58567    0.00000   -0.58764    0.00000   -4.84656   -0.49514   -2.67085
          2       3800   59.98710   -0.58570    0.00000   -0.58641    0.00000   -4.84656   -0.49514   -2.67085
          2       3900   61.42346   -0.58573    0.00000   -0.58741    0.00000   -4.84656   -0.49514   -2.67085
          2       4000   62.75229   -0.58575    0.00000   -0.58605    0.00000   -4.84656   -0.49514   -2.67085
          2       4100   63.95994   -0.58578    0.00000   -0.58593    0.00000   -4.84656   -0.49514   -2.67085
          2       4200   66.16418   -0.58580    0.00000   -0.58607    0.00000   -4.84656   -0.49514   -2.67085
          2       4300   67.74776   -0.58582    0.00000   -0.58623    0.00000   -4.84656   -0.49514   -2.67085
          2       4400   69.99769   -0.58585    0.00000   -0.58649    0.00000   -4.84656   -0.49514   -2.67085
          2       4500   71.30057   -0.58587    0.00000   -0.58752    0.00000   -4.84656   -0.49514   -2.67085
          2       4600   72.07750   -0.58589    0.00000   -0.58657    0.00000   -4.84656   -0.49514   -2.67085
          2       4700   74.17072   -0.58591    0.00000   -0.58704    0.00000   -4.84656   -0.49514   -2.67085
          2       4800   75.81129   -0.58593    0.00000   -0.58577    0.00000   -4.84656   -0.49514   -2.67085
          2       4900   77.06456   -0.58595    0.00000   -0.58749    0.00000   -4.84656   -0.49514   -2.67085
          2       5000   78.71161   -0.58596    0.00000   -0.58698    0.00000   -4.84656   -0.49514   -2.67085
          2       5100   80.27829   -0.58598    0.00000   -0.58597    0.00000   -4.84656   -0.49514   -2.67085
          2       5200   82.04375   -0.58600    0.00000   -0.58659    0.00000   -4.84656   -0.49514   -2.67085
          2       5300   82.77866   -0.58602    0.00000   -0.58591    0.00000   -4.84656   -0.49514   -2.67085
          2       5400   83.94180   -0.58603    0.00000   -0.58693    0.00000   -4.84656   -0.49514   -2.67085
          2       5500   85.57998   -0.58605    0.00000   -0.58758    0.00000   -4.84656   -0.49514   -2.67085
          2       5600   86.85581   -0.58606    0.00000   -0.58625    0.00000   -4.84656   -0.49514   -2.67085
          2       5700   88.51894   -0.58608    0.00000   -0.58676    0.00000   -4.84656   -0.49514   -2.67085
          2       5800   90.22147   -0.58609    0.00000   -0.58728    0.00000   -4.84656   -0.49514   -2.67085
          2       5900   92.16388   -0.58611    0.00000   -0.58608    0.00000   -4.84656   -0.49514   -2.67085
          2       6000   94.51039   -0.58612    0.00000   -0.58638    0.00000   -4.84656   -0.49514   -2.67085
          2       6100   95.91318   -0.58613    0.00000   -0.58745    0.00000   -4.84656   -0.49514   -2.67085
          2       6200   97.69076   -0.58615    0.00000   -0.58684    0.00000   -4.84656   -0.49514   -2.67085
          2       6300   99.56104   -0.58616    0.00000   -0.58669    0.00000   -4.84656   -0.49514   -2.67085
          2       6400  101.21212   -0.58617    0.00000   -0.58677    0.00000   -4.84656   -0.49514   -2.67085
          2       6500  102.82800   -0.58618    0.00000   -0.58687    0.00000   -4.84656   -0.49514   -2.67085
          2       6600  104.89363   -0.58619    0.00000   -0.58687    0.00000   -4.84656   -0.49514   -2.67085
          2       6700  105.47646   -0.58621    0.00000   -0.58677    0.00000   -4.84656   -0.49514   -2.67085
          2       6800  107.40161   -0.58622    0.00000   -0.58673    0.00000   -4.84656   -0.49514   -2.67085
          2       6900  108.42835   -0.58623    0.00000   -0.58691    0.00000   -4.84656   -0.49514   -2.67085
          2       7000  109.77741   -0.58624    0.00000   -0.58746    0.00000   -4.84656   -0.49514   -2.67085
          2       7100  111.62554   -0.58625    0.00000   -0.58656    0.00000   -4.84656   -0.49514   -2.67085
          2       7200  112.78663   -0.58626    0.00000   -0.58609    0.00000   -4.84656   -0.49514   -2.67085
          2       7300  114.49729   -0.58627    0.00000   -0.58752    0.00000   -4.84656   -0.49514   -2.67085
          2       7400  116.31047   -0.58628    0.00000   -0.58679    0.00000   -4.84656   -0.49514   -2.67085
          2       7500  117.67046   -0.58629    0.00000   -0.58744    0.00000   -4.84656   -0.49514   -2.67085
          2       7600  118.76410   -0.58630    0.00000   -0.58613    0.00000   -4.84656   -0.49514   -2.67085
          2       7700  120.33447   -0.58631    0.00000   -0.58743    0.00000   -4.84656   -0.49514   -2.67085
          2       7800  122.41470   -0.58632    0.00000   -0.58701    0.00000   -4.84656   -0.49514   -2.67085
          2       7900  124.21167   -0.58632    0.00000   -0.58622    0.00000   -4.84656   -0.49514   -2.67085
          2       8000  125.74674   -0.58633    0.00000   -0.58730    0.00000   -4.84656   -0.49514   -2.67085
          2       8100  127.06611   -0.58634    0.00000   -0.58745    0.00000   -4.84656   -0.49514   -2.67085
          2       8200  129.04152   -0.58635    0.00000   -0.58657    0.00000   -4.84656   -0.49514   -2.67085
          2       8300  130.58526   -0.58636    0.00000   -0.58687    0.00000   -4.84656   -0.49514   -2.67085
          2       8400  132.50532   -0.58637    0.00000   -0.58621    0.00000   -4.84656   -0.49514   -2.67085
          2       8500  133.56811   -0.58637    0.00000   -0.58692    0.00000   -4.84656   -0.49514   -2.67085
          2       8600  135.58055   -0.58638    0.00000   -0.58644    0.00000   -4.84656   -0.49514   -2.67085
          2       8700  137.71499   -0.58639    0.00000   -0.58699    0.00000   -4.84656   -0.49514   -2.67085
          2       8800  139.18998   -0.58640    0.00000   -0.58647    0.00000   -4.84656   -0.49514   -2.67085
          2       8900  141.16187   -0.58640    0.00000   -0.58697    0.00000   -4.84656   -0.49514   -2.67085
          2       9000  142.71193   -0.58641    0.00000   -0.58636    0.00000   -4.84656   -0.49514   -2.67085
          2       9100  143.86322   -0.58642    0.00000   -0.58690    0.00000   -4.84656   -0.49514   -2.67085
          2       9200  145.52537   -0.58643    0.00000   -0.58635    0.00000   -4.84656   -0.49514   -2.67085
          2       9300  147.53070   -0.58643    0.00000   -0.58695    0.00000   -4.84656   -0.49514   -2.67085
          2       9400  148.80322   -0.58644    0.00000   -0.58723    0.00000   -4.84656   -0.49514   -2.67085
          2       9500  150.00426   -0.58645    0.00000   -0.58761    0.00000   -4.84656   -0.49514   -2.67085
          2       9600  151.41185   -0.58645    0.00000   -0.58765    0.00000   -4.84656   -0.49514   -2.67085
          2       9700  153.31330   -0.58646    0.00000   -0.58765    0.00000   -4.84656   -0.49514   -2.67085
          2       9800  154.95252   -0.58647    0.00000   -0.58765    0.00000   -4.84656   -0.49514   -2.67085
          2       9900  156.56005   -0.58647    0.00000   -0.58765    0.00000   -4.84656   -0.49514   -2.67085
          2      10000  158.23700   -0.58648    0.00000   -0.58765    0.00000   -4.84656   -0.49514   -2.67085
          2      10100  159.98464   -0.58648    0.00000   -0.58765    0.00000   -4.84656   -0.49514   -2.67085
          2      10200  162.08800   -0.58649    0.00000   -0.58765    0.00000   -4.84656   -0.49514   -2.67085
          2      10300  163.55002   -0.58650    0.00000   -0.58765    0.00000   -4.84656   -0.49514   -2.67085
          2      10400  165.33305   -0.58650    0.00000   -0.58765    0.00000   -4.84656   -0.49514   -2.67085
          2      10500  166.67767   -0.58651    0.00000   -0.58765    0.00000   -4.84656   -0.49514   -2.67085
          2      10600  168.02892   -0.58651    0.00000   -0.58765    0.00000   -4.84656   -0.49514   -2.67085
          2      10700  170.32056   -0.58652    0.00000   -0.58765    0.00000   -4.84656   -0.49514   -2.67085
          2      10800  171.57477   -0.58652    0.00000   -0.58765    0.00000   -4.84656   -0.49514   -2.67085
          2      10900  173.35822   -0.58653    0.00000   -0.58765    0.00000   -4.84656   -0.49514   -2.67085
          2      11000  174.61080   -0.58653    0.00000   -0.58765    0.00000   -4.84656   -0.49514   -2.67085
          2      11100  176.13263   -0.58654    0.00000   -0.58765    0.00000   -4.84656   -0.49514   -2.67085
          2      11200  177.85901   -0.58654    0.00000   -0.58765    0.00000   -4.84656   -0.49514   -2.67085
          2      11300  179.00326   -0.58655    0.00000   -0.58765    0.00000   -4.84656   -0.49514   -2.67085
          2      11400  180.14219   -0.58655    0.00000   -0.58765    0.00000   -4.84656   -0.49514   -2.67085
          2      11500  181.97839   -0.58656    0.00000   -0.58765    0.00000   -4.84656   -0.49514   -2.67085
          2      11600  183.37553   -0.58656    0.00000   -0.58765    0.00000   -4.84656   -0.49514   -2.67085
          2      11700  185.63869   -0.58657    0.00000   -0.58765    0.00000   -4.84656   -0.49514   -2.67085
          2      11800  187.42356   -0.58657    0.00000   -0.58765    0.00000   -4.84656   -0.49514   -2.67085
          2      11900  188.98240   -0.58658    0.00000   -0.58765    0.00000   -4.84656   -0.49514   -2.67085
          2      12000  190.86737   -0.58658    0.00000   -0.58765    0.00000   -4.84656   -0.49514   -2.67085
          2      12100  191.84787   -0.58659    0.00000   -0.58765    0.00000   -4.84656   -0.49514   -2.67085
          2      12200  193.54539   -0.58659    0.00000   -0.58765    0.00000   -4.84656   -0.49514   -2.67085
          2      12300  195.05604   -0.58660    0.00000   -0.58765    0.00000   -4.84656   -0.49514   -2.67085
          2      12400  196.49736   -0.58660    0.00000   -0.58765    0.00000   -4.84656   -0.49514   -2.67085
          2      12500  197.81147   -0.58661    0.00000   -0.58765    0.00000   -4.84656   -0.49514   -2.67085
          2      12600  199.22742   -0.58661    0.00000   -0.58765    0.00000   -4.84656   -0.49514   -2.67085
          2      12700  200.54879   -0.58661    0.00000   -0.58765    0.00000   -4.84656   -0.49514   -2.67085
          2      12800  202.21525   -0.58662    0.00000   -0.58765    0.00000   -4.84656   -0.49514   -2.67085
          2      12900  203.61685   -0.58662    0.00000   -0.58765    0.00000   -4.84656   -0.49514   -2.67085
          2      13000  205.86669   -0.58663    0.00000   -0.58765    0.00000   -4.84656   -0.49514   -2.67085
          2      13100  207.47172   -0.58663    0.00000   -0.58765    0.00000   -4.84656   -0.49514   -2.67085
          2      13200  208.24543   -0.58663    0.00000   -0.58765    0.00000   -4.84656   -0.49514   -2.67085
          2      13300  209.35041   -0.58664    0.00000   -0.58765    0.00000   -4.84656   -0.49514   -2.67085
          2      13400  210.79892   -0.58664    0.00000   -0.58765    0.00000   -4.84656   -0.49514   -2.67085
          2      13500  212.10391   -0.58665    0.00000   -0.58765    0.00000   -4.84656   -0.49514   -2.67085
          2      13600  212.70744   -0.58665    0.00000   -0.58765    0.00000   -4.84656   -0.49514   -2.67085
          2      13700  214.39704   -0.58665    0.00000   -0.58765    0.00000   -4.84656   -0.49514   -2.67085
          2      13800  216.43058   -0.58666    0.00000   -0.58765    0.00000   -4.84656   -0.49514   -2.67085
          2      13900  217.73316   -0.58666    0.00000   -0.58765    0.00000   -4.84656   -0.49514   -2.67085
          2      14000  219.96121   -0.58667    0.00000   -0.58765    0.00000   -4.84656   -0.49514   -2.67085
          2      14100  221.52547   -0.58667    0.00000   -0.58765    0.00000   -4.84656   -0.49514   -2.67085
          2      14200  223.42452   -0.58667    0.00000   -0.58765    0.00000   -4.84656   -0.49514   -2.67085
          2      14300  224.84536   -0.58668    0.00000   -0.58765    0.00000   -4.84656   -0.49514   -2.67085
          2      14400  226.37661   -0.58668    0.00000   -0.58765    0.00000   -4.84656   -0.49514   -2.67085
          2      14500  227.92625   -0.58668    0.00000   -0.58765    0.00000   -4.84656   -0.49514   -2.67085
          2      14600  229.89448   -0.58669    0.00000   -0.58765    0.00000   -4.84656   -0.49514   -2.67085
          2      14700  230.64858   -0.58669    0.00000   -0.58765    0.00000   -4.84656   -0.49514   -2.67085
          2      14800  232.24672   -0.58669    0.00000   -0.58765    0.00000   -4.84656   -0.49514   -2.67085
          2      14900  233.88307   -0.58670    0.00000   -0.58765    0.00000   -4.84656   -0.49514   -2.67085
          2      15000  235.52165   -0.58670    0.00000   -0.58765    0.00000   -4.84656   -0.49514   -2.67085
          2      15100  237.31961   -0.58670    0.00000   -0.58765    0.00000   -4.84656   -0.49514   -2.67085
          2      15200  238.77582   -0.58671    0.00000   -0.58765    0.00000   -4.84656   -0.49514   -2.67085
          2      15300  240.91825   -0.58671    0.00000   -0.58765    0.00000   -4.84656   -0.49514   -2.67085
          2      15400  243.00131   -0.58671    0.00000   -0.58765    0.00000   -4.84656   -0.49514   -2.67085
          2      15500  244.35160   -0.58672    0.00000   -0.58765    0.00000   -4.84656   -0.49514   -2.67085
          2      15600  245.81439   -0.58672    0.00000   -0.58765    0.00000   -4.84656   -0.49514   -2.67085
          2      15700  247.75307   -0.58672    0.00000   -0.58765    0.00000   -4.84656   -0.49514   -2.67085
          2      15800  249.44801   -0.58672    0.00000   -0.58765    0.00000   -4.84656   -0.49514   -2.67085
          2      15900  251.02813   -0.58673    0.00000   -0.58765    0.00000   -4.84656   -0.49514   -2.67085
          2      16000  252.65732   -0.58673    0.00000   -0.58765    0.00000   -4.84656   -0.49514   -2.67085
          2      16100  254.16057   -0.58673    0.00000   -0.58765    0.00000   -4.84656   -0.49514   -2.67085
          2      16200  255.59132   -0.58674    0.00000   -0.58765    0.00000   -4.84656   -0.49514   -2.67085
          2      16300  257.04214   -0.58674    0.00000   -0.58765    0.00000   -4.84656   -0.49514   -2.67085
          2      16400  258.43058   -0.58674    0.00000   -0.58765    0.00000   -4.84656   -0.49514   -2.67085
          2      16500  260.16793   -0.58675    0.00000   -0.58765    0.00000   -4.84656   -0.49514   -2.67085
          2      16600  261.62548   -0.58675    0.00000   -0.58765    0.00000   -4.84656   -0.49514   -2.67085
          2      16700  263.39312   -0.58675    0.00000   -0.58765    0.00000   -4.84656   -0.49514   -2.67085
          2      16800  264.72974   -0.58675    0.00000   -0.58765    0.00000   -4.84656   -0.49514   -2.67085
          2      16900  265.20474   -0.58676    0.00000   -0.58765    0.00000   -4.84656   -0.49514   -2.67085
          2      17000  266.95022   -0.58676    0.00000   -0.58765    0.00000   -4.84656   -0.49514   -2.67085
          2      17100  269.05600   -0.58676    0.00000   -0.58765    0.00000   -4.84656   -0.49514   -2.67085
          2      17200  270.74291   -0.58676    0.00000   -0.58765    0.00000   -4.84656   -0.49514   -2.67085
          2      17300  272.12990   -0.58677    0.00000   -0.58765    0.00000   -4.84656   -0.49514   -2.67085
          2      17400  274.12873   -0.58677    0.00000   -0.58765    0.00000   -4.84656   -0.49514   -2.67085
          2      17500  275.81519   -0.58677    0.00000   -0.58765    0.00000   -4.84656   -0.49514   -2.67085
          2      17600  277.77995   -0.58677    0.00000   -0.58765    0.00000   -4.84656   -0.49514   -2.67085
          2      17700  279.16760   -0.58678    0.00000   -0.58765    0.00000   -4.84656   -0.49514   -2.67085
          2      17800  281.02655   -0.58678    0.00000   -0.58765    0.00000   -4.84656   -0.49514   -2.67085
          2      17900  282.67304   -0.58678    0.00000   -0.58765    0.00000   -4.84656   -0.49514   -2.67085
          2      18000  283.97739   -0.58679    0.00000   -0.58765    0.00000   -4.84656   -0.49514   -2.67085
          2      18100  286.06132   -0.58679    0.00000   -0.58765    0.00000   -4.84656   -0.49514   -2.67085
          2      18200  288.19781   -0.58679    0.00000   -0.58765    0.00000   -4.84656   -0.49514   -2.67085
          2      18300  289.41270   -0.58679    0.00000   -0.58765    0.00000   -4.84656   -0.49514   -2.67085
          2      18400  290.76324   -0.58679    0.00000   -0.58765    0.00000   -4.84656   -0.49514   -2.67085
          2      18500  292.41821   -0.58680    0.00000   -0.58765    0.00000   -4.84656   -0.49514   -2.67085
          2      18600  293.79963   -0.58680    0.00000   -0.58765    0.00000   -4.84656   -0.49514   -2.67085
          2      18700  295.48023   -0.58680    0.00000   -0.58765    0.00000   -4.84656   -0.49514   -2.67085
          2      18800  295.97475   -0.58680    0.00000   -0.58765    0.00000   -4.84656   -0.49514   -2.67085
          2      18900  297.21827   -0.58681    0.00000   -0.58765    0.00000   -4.84656   -0.49514   -2.67085
          2      19000  298.02094   -0.58681    0.00000   -0.58765    0.00000   -4.84656   -0.49514   -2.67085
          2      19100  299.58023   -0.58681    0.00000   -0.58765    0.00000   -4.84656   -0.49514   -2.67085
          2      19200  301.04537   -0.58681    0.00000   -0.58765    0.00000   -4.84656   -0.49514   -2.67085
          2      19300  302.68452   -0.58682    0.00000   -0.58765    0.00000   -4.84656   -0.49514   -2.67085
          2      19400  303.24314   -0.58682    0.00000   -0.58765    0.00000   -4.84656   -0.49514   -2.67085
          2      19500  305.29492   -0.58682    0.00000   -0.58765    0.00000   -4.84656   -0.49514   -2.67085
          2      19600  306.76168   -0.58682    0.00000   -0.58765    0.00000   -4.84656   -0.49514   -2.67085
          2      19700  308.81351   -0.58682    0.00000   -0.58765    0.00000   -4.84656   -0.49514   -2.67085
          2      19800  310.10005   -0.58683    0.00000   -0.58765    0.00000   -4.84656   -0.49514   -2.67085
          2      19900  311.99789   -0.58683    0.00000   -0.58765    0.00000   -4.84656   -0.49514   -2.67085
          2      20000  313.06116   -0.58683    0.00000   -0.58765    0.00000   -4.84656   -0.49514   -2.67085
          2      20100  314.29025   -0.58683    0.00000   -0.58765    0.00000   -4.84656   -0.49514   -2.67085
          2      20200  315.58219   -0.58683    0.00000   -0.58765    0.00000   -4.84656   -0.49514   -2.67085
          2      20300  317.22190   -0.58684    0.00000   -0.58765    0.00000   -4.84656   -0.49514   -2.67085
          2      20400  319.34987   -0.58684    0.00000   -0.58765    0.00000   -4.84656   -0.49514   -2.67085
          2      20500  321.04587   -0.58684    0.00000   -0.58765    0.00000   -4.84656   -0.49514   -2.67085
          2      20600  322.68463   -0.58684    0.00000   -0.58765    0.00000   -4.84656   -0.49514   -2.67085
          2      20700  324.08119   -0.58685    0.00000   -0.58765    0.00000   -4.84656   -0.49514   -2.67085
          2      20800  325.40702   -0.58685    0.00000   -0.58765    0.00000   -4.84656   -0.49514   -2.67085
          2      20900  326.76662   -0.58685    0.00000   -0.58765    0.00000   -4.84656   -0.49514   -2.67085
          2      21000  328.05090   -0.58685    0.00000   -0.58765    0.00000   -4.84656   -0.49514   -2.67085
          2      21100  328.90690   -0.58685    0.00000   -0.58765    0.00000   -4.84656   -0.49514   -2.67085
          2      21200  330.23611   -0.58685    0.00000   -0.58765    0.00000   -4.84656   -0.49514   -2.67085
          2      21300  332.25786   -0.58686    0.00000   -0.58765    0.00000   -4.84656   -0.49514   -2.67085
          2      21400  333.46441   -0.58686    0.00000   -0.58765    0.00000   -4.84656   -0.49514   -2.67085
          2      21500  334.14022   -0.58686    0.00000   -0.58765    0.00000   -4.84656   -0.49514   -2.67085
          2      21600  336.30830   -0.58686    0.00000   -0.58765    0.00000   -4.84656   -0.49514   -2.67085
          2      21700  336.85279   -0.58686    0.00000   -0.58765    0.00000   -4.84656   -0.49514   -2.67085
          2      21800  338.86890   -0.58687    0.00000   -0.58765    0.00000   -4.84656   -0.49514   -2.67085
          2      21900  339.92804   -0.58687    0.00000   -0.58765    0.00000   -4.84656   -0.49514   -2.67085
          2      22000  341.26828   -0.58687    0.00000   -0.58765    0.00000   -4.84656   -0.49514   -2.67085
          2      22100  342.84896   -0.58687    0.00000   -0.58765    0.00000   -4.84656   -0.49514   -2.67085
          2      22200  344.67050   -0.58687    0.00000   -0.58765    0.00000   -4.84656   -0.49514   -2.67085
          2      22300  346.56351   -0.58688    0.00000   -0.58765    0.00000   -4.84656   -0.49514   -2.67085
          2      22400  348.05689   -0.58688    0.00000   -0.58765    0.00000   -4.84656   -0.49514   -2.67085
          2      22500  350.39098   -0.58688    0.00000   -0.58765    0.00000   -4.84656   -0.49514   -2.67085
          2      22600  350.99477   -0.58688    0.00000   -0.58765    0.00000   -4.84656   -0.49514   -2.67085
          2      22700  352.65145   -0.58688    0.00000   -0.58765    0.00000   -4.84656   -0.49514   -2.67085
          2      22800  354.81457   -0.58688    0.00000   -0.58765    0.00000   -4.84656   -0.49514   -2.67085
          2      22900  356.05964   -0.58689    0.00000   -0.58765    0.00000   -4.84656   -0.49514   -2.67085
          2      23000  357.33992   -0.58689    0.00000   -0.58765    0.00000   -4.84656   -0.49514   -2.67085
          2      23100  358.80358   -0.58689    0.00000   -0.58765    0.00000   -4.84656   -0.49514   -2.67085
          2      23200  360.20788   -0.58689    0.00000   -0.58765    0.00000   -4.84656   -0.49514   -2.67085
          2      23300  361.60916   -0.58689    0.00000   -0.58765    0.00000   -4.84656   -0.49514   -2.67085
          2      23400  362.91168   -0.58689    0.00000   -0.58765    0.00000   -4.84656   -0.49514   -2.67085
          2      23500  364.37900   -0.58690    0.00000   -0.58765    0.00000   -4.84656   -0.49514   -2.67085
          2      23600  365.66480   -0.58690    0.00000   -0.58765    0.00000   -4.84656   -0.49514   -2.67085
          2      23700  367.12143   -0.58690    0.00000   -0.58765    0.00000   -4.84656   -0.49514   -2.67085
          2      23800  368.13921   -0.58690    0.00000   -0.58765    0.00000   -4.84656   -0.49514   -2.67085
          2      23900  369.68970   -0.58690    0.00000   -0.58765    0.00000   -4.84656   -0.49514   -2.67085
          2      24000  371.23307   -0.58690    0.00000   -0.58765    0.00000   -4.84656   -0.49514   -2.67085
          2      24100  372.64933   -0.58691    0.00000   -0.58765    0.00000   -4.84656   -0.49514   -2.67085
          2      24200  374.10539   -0.58691    0.00000   -0.58765    0.00000   -4.84656   -0.49514   -2.67085
          2      24300  375.80409   -0.58691    0.00000   -0.58765    0.00000   -4.84656   -0.49514   -2.67085
          2      24400  377.63760   -0.58691    0.00000   -0.58765    0.00000   -4.84656   -0.49514   -2.67085
          2      24500  379.08001   -0.58691    0.00000   -0.58765    0.00000   -4.84656   -0.49514   -2.67085
          2      24600  380.81037   -0.58691    0.00000   -0.58765    0.00000   -4.84656   -0.49514   -2.67085
          2      24700  382.12126   -0.58691    0.00000   -0.58765    0.00000   -4.84656   -0.49514   -2.67085
          2      24800  383.72638   -0.58692    0.00000   -0.58765    0.00000   -4.84656   -0.49514   -2.67085
          2      24900  385.24286   -0.58692    0.00000   -0.58765    0.00000   -4.84656   -0.49514   -2.67085
          2      25000  387.26520   -0.58692    0.00000   -0.58765    0.00000   -4.84656   -0.49514   -2.67085
          2      25100  388.82032   -0.58692    0.00000   -0.58765    0.00000   -4.84656   -0.49514   -2.67085
          2      25200  390.13780   -0.58692    0.00000   -0.58765    0.00000   -4.84656   -0.49514   -2.67085
          2      25300  392.18098   -0.58692    0.00000   -0.58765    0.00000   -4.84656   -0.49514   -2.67085
          2      25400  393.47430   -0.58693    0.00000   -0.58765    0.00000   -4.84656   -0.49514   -2.67085
          2      25500  395.55550   -0.58693    0.00000   -0.58765    0.00000   -4.84656   -0.49514   -2.67085
          2      25600  396.67932   -0.58693    0.00000   -0.58765    0.00000   -4.84656   -0.49514   -2.67085
          2      25700  398.74836   -0.58693    0.00000   -0.58765    0.00000   -4.84656   -0.49514   -2.67085
          2      25800  400.17606   -0.58693    0.00000   -0.58765    0.00000   -4.84656   -0.49514   -2.67085
          2      25900  402.04261   -0.58693    0.00000   -0.58765    0.00000   -4.84656   -0.49514   -2.67085
          2      26000  403.56677   -0.58693    0.00000   -0.58765    0.00000   -4.84656   -0.49514   -2.67085
          2      26100  405.34185   -0.58694    0.00000   -0.58765    0.00000   -4.84656   -0.49514   -2.67085
          2      26200  407.09206   -0.58694    0.00000   -0.58765    0.00000   -4.84656   -0.49514   -2.67085
          2      26300  408.78988   -0.58694    0.00000   -0.58765    0.00000   -4.84656   -0.49514   -2.67085
          2      26400  410.19291   -0.58694    0.00000   -0.58765    0.00000   -4.84656   -0.49514   -2.67085
          2      26500  412.03489   -0.58694    0.00000   -0.58765    0.00000   -4.84656   -0.49514   -2.67085
          2      26600  413.39714   -0.58694    0.00000   -0.58765    0.00000   -4.84656   -0.49514   -2.67085
          2      26700  414.96173   -0.58694    0.00000   -0.58765    0.00000   -4.84656   -0.49514   -2.67085
          2      26800  416.22633   -0.58694    0.00000   -0.58765    0.00000   -4.84656   -0.49514   -2.67085
          2      26900  417.59021   -0.58695    0.00000   -0.58765    0.00000   -4.84656   -0.49514   -2.67085
          2      27000  419.07895   -0.58695    0.00000   -0.58765    0.00000   -4.84656   -0.49514   -2.67085
          2      27100  420.44956   -0.58695    0.00000   -0.58765    0.00000   -4.84656   -0.49514   -2.67085
          2      27200  422.11479   -0.58695    0.00000   -0.58765    0.00000   -4.84656   -0.49514   -2.67085
          2      27300  423.40930   -0.58695    0.00000   -0.58765    0.00000   -4.84656   -0.49514   -2.67085
          2      27400  426.45366   -0.58695    0.00000   -0.58765    0.00000   -4.84656   -0.49514   -2.67085
          2      27500  428.00642   -0.58695    0.00000   -0.58765    0.00000   -4.84656   -0.49514   -2.67085
          2      27600  429.95721   -0.58696    0.00000   -0.58765    0.00000   -4.84656   -0.49514   -2.67085
          2      27700  430.75541   -0.58696    0.00000   -0.58765    0.00000   -4.84656   -0.49514   -2.67085
          2      27800  433.00770   -0.58696    0.00000   -0.58765    0.00000   -4.84656   -0.49514   -2.67085
          2      27900  434.00314   -0.58696    0.00000   -0.58765    0.00000   -4.84656   -0.49514   -2.67085
          2      28000  435.62661   -0.58696    0.00000   -0.58765    0.00000   -4.84656   -0.49514   -2.67085
          2      28100  437.69865   -0.58696    0.00000   -0.58765    0.00000   -4.84656   -0.49514   -2.67085
          2      28200  439.50270   -0.58696    0.00000   -0.58765    0.00000   -4.84656   -0.49514   -2.67085
          2      28300  441.20607   -0.58696    0.00000   -0.58765    0.00000   -4.84656   -0.49514   -2.67085
          2      28400  443.25864   -0.58697    0.00000   -0.58765    0.00000   -4.84656   -0.49514   -2.67085
          2      28500  443.73086   -0.58697    0.00000   -0.58765    0.00000   -4.84656   -0.49514   -2.67085
          2      28600  445.41131   -0.58697    0.00000   -0.58765    0.00000   -4.84656   -0.49514   -2.67085
          2      28700  447.21594   -0.58697    0.00000   -0.58765    0.00000   -4.84656   -0.49514   -2.67085
          2      28800  448.57238   -0.58697    0.00000   -0.58765    0.00000   -4.84656   -0.49514   -2.67085
          2      28900  450.23960   -0.58697    0.00000   -0.58765    0.00000   -4.84656   -0.49514   -2.67085
          2      29000  452.00646   -0.58697    0.00000   -0.58765    0.00000   -4.84656   -0.49514   -2.67085
          2      29100  453.30963   -0.58697    0.00000   -0.58765    0.00000   -4.84656   -0.49514   -2.67085
          2      29200  454.80720   -0.58698    0.00000   -0.58765    0.00000   -4.84656   -0.49514   -2.67085
          2      29300  456.40392   -0.58698    0.00000   -0.58765    0.00000   -4.84656   -0.49514   -2.67085
          2      29400  457.49965   -0.58698    0.00000   -0.58765    0.00000   -4.84656   -0.49514   -2.67085
          2      29500  459.50533   -0.58698    0.00000   -0.58765    0.00000   -4.84656   -0.49514   -2.67085
          2      29600  461.54673   -0.58698    0.00000   -0.58765    0.00000   -4.84656   -0.49514   -2.67085
          2      29700  463.56456   -0.58698    0.00000   -0.58765    0.00000   -4.84656   -0.49514   -2.67085
          2      29800  464.76066   -0.58698    0.00000   -0.58765    0.00000   -4.84656   -0.49514   -2.67085
          2      29900  466.54522   -0.58698    0.00000   -0.58765    0.00000   -4.84656   -0.49514   -2.67085
          2      30000  468.04797   -0.58698    0.00000   -0.58765    0.00000   -4.84656   -0.49514   -2.67085
          2      30100  469.45345   -0.58699    0.00000   -0.58765    0.00000   -4.84656   -0.49514   -2.67085
          2      30200  471.07126   -0.58699    0.00000   -0.58765    0.00000   -4.84656   -0.49514   -2.67085
          2      30300  473.35054   -0.58699    0.00000   -0.58765    0.00000   -4.84656   -0.49514   -2.67085
          2      30400  474.75692   -0.58699    0.00000   -0.58765    0.00000   -4.84656   -0.49514   -2.67085
          2      30500  476.27868   -0.58699    0.00000   -0.58765    0.00000   -4.84656   -0.49514   -2.67085
          2      30600  476.90181   -0.58699    0.00000   -0.58765    0.00000   -4.84656   -0.49514   -2.67085
          2      30700  478.29078   -0.58699    0.00000   -0.58765    0.00000   -4.84656   -0.49514   -2.67085
          2      30800  479.85178   -0.58699    0.00000   -0.58765    0.00000   -4.84656   -0.49514   -2.67085
          2      30900  481.86493   -0.58699    0.00000   -0.58765    0.00000   -4.84656   -0.49514   -2.67085
          2      31000  483.29666   -0.58700    0.00000   -0.58765    0.00000   -4.84656   -0.49514   -2.67085
          2      31100  485.43193   -0.58700    0.00000   -0.58765    0.00000   -4.84656   -0.49514   -2.67085
          2      31200  486.97161   -0.58700    0.00000   -0.58765    0.00000   -4.84656   -0.49514   -2.67085
          2      31300  488.35339   -0.58700    0.00000   -0.58765    0.00000   -4.84656   -0.49514   -2.67085
          2      31400  490.79710   -0.58700    0.00000   -0.58765    0.00000   -4.84656   -0.49514   -2.67085
          2      31500  492.83833   -0.58700    0.00000   -0.58765    0.00000   -4.84656   -0.49514   -2.67085
          2      31600  493.53550   -0.58700    0.00000   -0.58765    0.00000   -4.84656   -0.49514   -2.67085
          2      31700  495.01324   -0.58700    0.00000   -0.58765    0.00000   -4.84656   -0.49514   -2.67085
          2      31800  496.74191   -0.58700    0.00000   -0.58765    0.00000   -4.84656   -0.49514   -2.67085
          2      31900  498.47957   -0.58701    0.00000   -0.58765    0.00000   -4.84656   -0.49514   -2.67085
          2      32000  499.80246   -0.58701    0.00000   -0.58765    0.00000   -4.84656   -0.49514   -2.67085
          2      32100  501.25060   -0.58701    0.00000   -0.58765    0.00000   -4.84656   -0.49514   -2.67085
          2      32200  503.16771   -0.58701    0.00000   -0.58765    0.00000   -4.84656   -0.49514   -2.67085
          2      32300  504.55594   -0.58701    0.00000   -0.58765    0.00000   -4.84656   -0.49514   -2.67085
          2      32400  506.31880   -0.58701    0.00000   -0.58765    0.00000   -4.84656   -0.49514   -2.67085
          2      32500  507.43277   -0.58701    0.00000   -0.58765    0.00000   -4.84656   -0.49514   -2.67085
          2      32600  509.25540   -0.58701    0.00000   -0.58765    0.00000   -4.84656   -0.49514   -2.67085
          2      32700  511.87821   -0.58701    0.00000   -0.58765    0.00000   -4.84656   -0.49514   -2.67085
          2      32800  513.35351   -0.58701    0.00000   -0.58765    0.00000   -4.84656   -0.49514   -2.67085
          2      32900  515.06999   -0.58702    0.00000   -0.58765    0.00000   -4.84656   -0.49514   -2.67085
          2      33000  517.51138   -0.58702    0.00000   -0.58765    0.00000   -4.84656   -0.49514   -2.67085
          2      33100  518.08873   -0.58702    0.00000   -0.58765    0.00000   -4.84656   -0.49514   -2.67085
          2      33200  519.80592   -0.58702    0.00000   -0.58765    0.00000   -4.84656   -0.49514   -2.67085
          2      33300  521.91424   -0.58702    0.00000   -0.58765    0.00000   -4.84656   -0.49514   -2.67085
          2      33400  522.62566   -0.58702    0.00000   -0.58765    0.00000   -4.84656   -0.49514   -2.67085
          2      33500  524.35676   -0.58702    0.00000   -0.58765    0.00000   -4.84656   -0.49514   -2.67085
          2      33600  525.84687   -0.58702    0.00000   -0.58765    0.00000   -4.84656   -0.49514   -2.67085
          2      33700  527.36179   -0.58702    0.00000   -0.58765    0.00000   -4.84656   -0.49514   -2.67085
          2      33800  528.53843   -0.58702    0.00000   -0.58765    0.00000   -4.84656   -0.49514   -2.67085
          2      33900  530.17417   -0.58702    0.00000   -0.58765    0.00000   -4.84656   -0.49514   -2.67085
          2      34000  530.97830   -0.58703    0.00000   -0.58765    0.00000   -4.84656   -0.49514   -2.67085
          2      34100  533.50671   -0.58703    0.00000   -0.58765    0.00000   -4.84656   -0.49514   -2.67085
          2      34200  535.04346   -0.58703    0.00000   -0.58765    0.00000   -4.84656   -0.49514   -2.67085
          2      34300  536.85700   -0.58703    0.00000   -0.58765    0.00000   -4.84656   -0.49514   -2.67085
          2      34400  538.24131   -0.58703    0.00000   -0.58765    0.00000   -4.84656   -0.49514   -2.67085
          2      34500  539.53152   -0.58703    0.00000   -0.58765    0.00000   -4.84656   -0.49514   -2.67085
          2      34600  541.20000   -0.58703    0.00000   -0.58765    0.00000   -4.84656   -0.49514   -2.67085
          2      34700  542.70401   -0.58703    0.00000   -0.58765    0.00000   -4.84656   -0.49514   -2.67085
          2      34800  544.28582   -0.58703    0.00000   -0.58765    0.00000   -4.84656   -0.49514   -2.67085
          2      34900  546.00405   -0.58703    0.00000   -0.58765    0.00000   -4.84656   -0.49514   -2.67085
          2      35000  547.95353   -0.58703    0.00000   -0.58765    0.00000   -4.84656   -0.49514   -2.67085
          2      35100  549.64215   -0.58704    0.00000   -0.58765    0.00000   -4.84656   -0.49514   -2.67085
          2      35200  550.79841   -0.58704    0.00000   -0.58765    0.00000   -4.84656   -0.49514   -2.67085
          2      35300  551.81521   -0.58704    0.00000   -0.58765    0.00000   -4.84656   -0.49514   -2.67085
          2      35400  553.39414   -0.58704    0.00000   -0.58765    0.00000   -4.84656   -0.49514   -2.67085
          2      35500  554.95025   -0.58704    0.00000   -0.58765    0.00000   -4.84656   -0.49514   -2.67085
          2      35600  556.65495   -0.58704    0.00000   -0.58765    0.00000   -4.84656   -0.49514   -2.67085
          2      35700  557.87865   -0.58704    0.00000   -0.58765    0.00000   -4.84656   -0.49514   -2.67085
          2      35800  559.51083   -0.58704    0.00000   -0.58765    0.00000   -4.84656   -0.49514   -2.67085
          2      35900  561.03312   -0.58704    0.00000   -0.58765    0.00000   -4.84656   -0.49514   -2.67085
          2      36000  562.54626   -0.58704    0.00000   -0.58765    0.00000   -4.84656   -0.49514   -2.67085
          2      36100  564.84118   -0.58704    0.00000   -0.58765    0.00000   -4.84656   -0.49514   -2.67085
          2      36200  565.97828   -0.58705    0.00000   -0.58765    0.00000   -4.84656   -0.49514   -2.67085
          2      36300  567.73900   -0.58705    0.00000   -0.58765    0.00000   -4.84656   -0.49514   -2.67085
          2      36400  569.11401   -0.58705    0.00000   -0.58765    0.00000   -4.84656   -0.49514   -2.67085
          2      36500  570.53293   -0.58705    0.00000   -0.58765    0.00000   -4.84656   -0.49514   -2.67085
          2      36600  572.07564   -0.58705    0.00000   -0.58765    0.00000   -4.84656   -0.49514   -2.67085
          2      36700  573.63409   -0.58705    0.00000   -0.58765    0.00000   -4.84656   -0.49514   -2.67085
          2      36800  575.17150   -0.58705    0.00000   -0.58765    0.00000   -4.84656   -0.49514   -2.67085
          2      36900  577.25713   -0.58705    0.00000   -0.58765    0.00000   -4.84656   -0.49514   -2.67085
          2      37000  578.82487   -0.58705    0.00000   -0.58765    0.00000   -4.84656   -0.49514   -2.67085
          2      37100  580.81752   -0.58705    0.00000   -0.58765    0.00000   -4.84656   -0.49514   -2.67085
          2      37200  581.72849   -0.58705    0.00000   -0.58765    0.00000   -4.84656   -0.49514   -2.67085
          2      37300  583.30003   -0.58705    0.00000   -0.58765    0.00000   -4.84656   -0.49514   -2.67085
          2      37400  584.39315   -0.58706    0.00000   -0.58765    0.00000   -4.84656   -0.49514   -2.67085
          2      37500  586.42207   -0.58706    0.00000   -0.58765    0.00000   -4.84656   -0.49514   -2.67085
          2      37600  588.45517   -0.58706    0.00000   -0.58765    0.00000   -4.84656   -0.49514   -2.67085
          2      37700  589.49491   -0.58706    0.00000   -0.58765    0.00000   -4.84656   -0.49514   -2.67085
          2      37800  591.59207   -0.58706    0.00000   -0.58765    0.00000   -4.84656   -0.49514   -2.67085
          2      37900  593.26782   -0.58706    0.00000   -0.58765    0.00000   -4.84656   -0.49514   -2.67085
          2      38000  595.06194   -0.58706    0.00000   -0.58765    0.00000   -4.84656   -0.49514   -2.67085
          2      38100  596.37204   -0.58706    0.00000   -0.58765    0.00000   -4.84656   -0.49514   -2.67085
          2      38200  597.82276   -0.58706    0.00000   -0.58765    0.00000   -4.84656   -0.49514   -2.67085
          2      38300  599.02491   -0.58706    0.00000   -0.58765    0.00000   -4.84656   -0.49514   -2.67085
          2      38367  600.11642   -0.58706    0.00000   -0.58765    0.00000   -4.84656   -0.49514   -2.67085
