 310092678657761
       6746
 3600.15284
    0.11675
   -1.01743
    0.00000
   -1.01763
    0.00000

   -0.01383
   -0.01282
   -0.00224
   -0.03672
   -0.02210
    0.00800
   -0.05929
    0.00207
   -0.06203
    0.06369
   -0.06802
   -0.00367
   -0.04818
   -0.02611
   -0.06311
   -0.01656
    0.01215
    0.04675
    0.05434
   -0.00477
   -0.04719
    0.06832
    0.02720
    0.00818
   -0.01719
   -0.06551
   -0.01598
   -0.00399
    0.00193
   -0.05036
   -0.06034
   -0.01365
    0.00327
   -0.02293
   -0.05703
   -0.01745
    0.04431
    0.07805
    0.04147
   -0.03560
    0.01153
    0.04084
    0.03783
    0.02692
    0.05967
   -0.03967
    0.02095
   -0.04836
    0.03598
   -0.03534
   -0.01407
   -0.04107
    0.05598
   -0.01428
   -0.02598
    0.00321
   -0.06107
   -0.04644
    0.00289
   -0.05033
   -0.03496
   -0.05987
    0.03473
   -0.01842
    0.06091
    0.04177
   -0.04117
    0.04974
   -0.05610
    0.04764
    0.04656
   -0.02625
    0.07302
    0.02241
   -0.06670
   -0.04515
    0.02278
    0.05387
   -0.05643
    0.02533
   -0.03613
   -0.04030
    0.01565
    0.04199
    0.02738
    0.04087
    0.06493
    0.00936
   -0.04442
   -0.05946
   -0.05479
   -0.04924
    0.06364
    0.05301
   -0.05725
   -0.05853
   -0.00923
    0.04505
   -0.02880
   -0.02766
   -0.04009
    0.02141
   -0.01446
   -0.01640
   -0.01079
    0.03394
   -0.02301
    0.04467
    0.00055
    0.01156
   -0.04614
    0.04844
   -0.04108
    0.03522
   -0.01215
   -0.05895
    0.05515
   -0.02146
    0.04374
   -0.01192
   -0.07192
    0.01121
    0.03214
   -0.04638
   -0.06505
    0.01560
   -0.03186
    0.06267
    0.04545
   -0.03351
    0.06646
   -0.01006
   -0.02323
   -0.03073
   -0.00004
    0.06561
    0.03146
   -0.05480
   -0.01673
   -0.07182
   -0.03883
   -0.04424
    0.02344
   -0.03242
   -0.06347
    0.04694
    0.05420
   -0.03161
    0.03443
    0.01770
   -0.03465
    0.07154
    0.03103
    0.02301
    0.01205
   -0.00057
    0.03730
   -0.00745
    0.02400
    0.01757
   -0.01351
   -0.02511
   -0.01525
    0.01325
    0.00731
   -0.02835
   -0.00744
   -0.06678
   -0.04672
   -0.04938
    0.01174
    0.01290
   -0.04222
    0.05532
    0.05602
    0.04652
   -0.06848
    0.01740
   -0.05630
   -0.04040
   -0.06111
    0.04754
    0.00540
    0.05545
   -0.04650
   -0.02901
    0.00348
    0.05695
    0.02387
    0.00558
    0.00711
    0.05158
   -0.04567
   -0.06570
   -0.06451
    0.02403
   -0.01431
   -0.02048
    0.04056
   -0.03792
   -0.04503
   -0.03035
   -0.01007
   -0.03594
   -0.02043
    0.04203
    0.07638
    0.05522
   -0.04308
    0.06026
   -0.00012
    0.00554
    0.07072
   -0.02523
    0.05460
   -0.06813
   -0.05244
    0.04827
   -0.02799
    0.05525
   -0.02734
   -0.05847
    0.02573
    0.03095
    0.04824
    0.01439
   -0.05696
   -0.02696
   -0.00955
    0.07242
    0.03702
   -0.06820
   -0.01235
    0.05259
    0.00972
    0.04891
   -0.03035
    0.05844
    0.01933
   -0.04883
   -0.01642
    0.01293
    0.05742
   -0.02917
   -0.01254
   -0.06799
    0.04855
   -0.02663
   -0.04482
   -0.00119
    0.04455
    0.03045
   -0.03844
   -0.04640
    0.06635
   -0.02909
    0.02637
    0.06898
    0.00212
   -0.04083
    0.06522
    0.02846
    0.05827
   -0.04193
    0.02101
   -0.05781
    0.04013
   -0.02368
   -0.07683
   -0.06021
   -0.04463
   -0.01332
   -0.04443
   -0.00856
    0.05711
    0.03301
   -0.06213
    0.06489
   -0.00331
   -0.00536
    0.02744
   -0.01594
    0.00760
    0.02811
    0.04359
    0.01713
    0.03961
   -0.06356
   -0.01416
    0.02804
    0.05970
    0.04959
    0.01351
    0.06407
    0.00145
    0.05035
   -0.00807
    0.04067
    0.06753
    0.05979
    0.06361
   -0.03688
    0.04207
    0.01297
   -0.00816
    0.04790
   -0.06009
    0.06426
   -0.04766
   -0.06196
    0.00484
    0.01146
    0.06549
    0.04571
    0.04659
   -0.01341
   -0.02843
   -0.05816
    0.03434
   -0.00008
    0.01594
    0.00429
   -0.00519
   -0.01185
    0.02216
    0.04760
   -0.00012
    0.01577
    0.02597
   -0.06277
   -0.04982
    0.06578
    0.06165
    0.02070
    0.00971
    0.04719
   -0.02455
   -0.02577
    0.03577
    0.02696
    0.04588
   -0.03271
   -0.05429
   -0.03010
    0.00516
   -0.01776
    0.04236
   -0.00117
   -0.00667
    0.07804
    0.06079
   -0.00040
    0.04527
   -0.04145
    0.00469
    0.05584
   -0.04798
    0.02355
   -0.02163
    0.05499
   -0.04159
   -0.00121
   -0.04431
   -0.01062
    0.05666
    0.04746
    0.05538
    0.04915
   -0.06694
   -0.01687
    0.04216
   -0.03432
   -0.03832
    0.01535
   -0.07407
    0.05056
    0.04182
    0.00239
   -0.04389
    0.01896
   -0.06212
    0.03700
    0.00899
    0.01267
   -0.03622
    0.00502
    0.07422
    0.06298
   -0.00928
   -0.05497
   -0.03264
   -0.00946
   -0.06277
   -0.00691
    0.00301
   -0.04052
    0.00795
    0.06711
    0.03794
   -0.00028
   -0.04035
    0.02227
   -0.04669
   -0.03440
   -0.00535
    0.06701
   -0.01351
    0.01174
   -0.06690
    0.04101
   -0.05599
   -0.00173
   -0.07365
    0.04757
   -0.06964
   -0.03383
   -0.00522
    0.00339
   -0.06635
    0.03608
   -0.00548
   -0.03572
   -0.05090
   -0.05135
   -0.01209
    0.03420
    0.07016
    0.06922
   -0.03973
   -0.00789
    0.06098
    0.01896
   -0.01072
    0.02973
   -0.01366
   -0.03704
    0.05026
    0.04156
   -0.03072
   -0.05615
    0.01120
    0.01767
    0.01724
    0.00397
    0.07087
   -0.00156
    0.01944
   -0.06947
   -0.06561
    0.07010
    0.00479
    0.00583
   -0.01504
   -0.07308
   -0.01543
   -0.01415
   -0.00808
    0.06114
    0.00605
    0.02742
    0.06234
   -0.06823
    0.05383
    0.06120
   -0.04436
    0.02156
   -0.02231
   -0.01463
    0.00343
   -0.01409
   -0.03588
   -0.03893
    0.02300
    0.01556
    0.00855
   -0.04596
    0.03866
   -0.07133
   -0.03265
    0.00250
   -0.02960
    0.02394
   -0.01016
   -0.07013
   -0.01491
   -0.05310
    0.04790
   -0.06917
    0.03900
    0.00952
   -0.05311
   -0.02266
    0.01478
    0.02661
    0.05455
    0.02473
   -0.04236
   -0.07041
   -0.04757
    0.04357
    0.04762
   -0.06641
   -0.02505
    0.02634
   -0.01583
   -0.03846
    0.07403
    0.05390
   -0.02263
   -0.01588
    0.01266
   -0.06852
    0.03690
   -0.03642
    0.04652
   -0.04213
   -0.03701
   -0.02865
    0.05101
   -0.05030
    0.04148
   -0.07359
    0.02180
   -0.00004
   -0.00620
    0.00030
    0.04576
    0.00231
    0.04372
   -0.05111
    0.03472
    0.03544
   -0.04505
    0.01943
   -0.01991
    0.04960
    0.00517
   -0.00694
    0.00110
    0.03001
   -0.01691
   -0.01039
   -0.01346
    0.05844
    0.04575
   -0.07203
    0.03059
    0.03520
   -0.03022
   -0.00466
   -0.01519
   -0.00456
    0.02385
    0.02869
   -0.06493
   -0.03456
    0.00468
    0.00980
   -0.01329
    0.06099
    0.00098
    0.00876
   -0.03807
    0.00590
   -0.03753
    0.02288
   -0.01350
    0.03293
   -0.01342
    0.03760
    0.05419
    0.00962
    0.02136
   -0.05546
   -0.04871
   -0.03438
   -0.03616
    0.00774
   -0.03581
    0.01440
   -0.04794
    0.04863
   -0.01692
   -0.05799
    0.04885
    0.07215
   -0.05338
    0.00017
    0.03445
    0.00361
    0.05953
   -0.02297
    0.04627
   -0.04407
    0.01539
   -0.01243
   -0.02507
    0.01687
   -0.05085
    0.06637

   -0.01382
   -0.01294
   -0.00232
   -0.03669
   -0.02216
    0.00809
   -0.05903
    0.00212
   -0.06223
    0.06346
   -0.06822
   -0.00372
   -0.04821
   -0.02617
   -0.06307
   -0.01663
    0.01200
    0.04656
    0.05426
   -0.00468
   -0.04728
    0.06821
    0.02729
    0.00838
   -0.01726
   -0.06534
   -0.01585
   -0.00395
    0.00182
   -0.05030
   -0.06045
   -0.01370
    0.00326
   -0.02284
   -0.05684
   -0.01738
    0.04440
    0.07808
    0.04162
   -0.03560
    0.01155
    0.04092
    0.03781
    0.02676
    0.05951
   -0.03961
    0.02117
   -0.04843
    0.03602
   -0.03548
   -0.01414
   -0.04103
    0.05595
   -0.01424
   -0.02605
    0.00309
   -0.06082
   -0.04636
    0.00297
   -0.05024
   -0.03514
   -0.05995
    0.03488
   -0.01841
    0.06090
    0.04162
   -0.04135
    0.04992
   -0.05629
    0.04736
    0.04667
   -0.02643
    0.07300
    0.02229
   -0.06672
   -0.04504
    0.02276
    0.05380
   -0.05634
    0.02541
   -0.03637
   -0.04024
    0.01584
    0.04197
    0.02743
    0.04090
    0.06505
    0.00923
   -0.04429
   -0.05958
   -0.05490
   -0.04918
    0.06378
    0.05279
   -0.05717
   -0.05858
   -0.00919
    0.04524
   -0.02881
   -0.02753
   -0.04016
    0.02132
   -0.01448
   -0.01645
   -0.01082
    0.03386
   -0.02316
    0.04473
    0.00081
    0.01148
   -0.04598
    0.04829
   -0.04092
    0.03526
   -0.01199
   -0.05922
    0.05521
   -0.02160
    0.04373
   -0.01169
   -0.07216
    0.01101
    0.03218
   -0.04646
   -0.06515
    0.01561
   -0.03190
    0.06272
    0.04555
   -0.03348
    0.06637
   -0.01024
   -0.02324
   -0.03083
   -0.00010
    0.06539
    0.03149
   -0.05480
   -0.01654
   -0.07177
   -0.03887
   -0.04426
    0.02341
   -0.03245
   -0.06335
    0.04672
    0.05413
   -0.03169
    0.03460
    0.01767
   -0.03461
    0.07160
    0.03092
    0.02306
    0.01175
   -0.00058
    0.03741
   -0.00749
    0.02401
    0.01751
   -0.01361
   -0.02523
   -0.01548
    0.01306
    0.00741
   -0.02843
   -0.00751
   -0.06694
   -0.04664
   -0.04938
    0.01170
    0.01318
   -0.04234
    0.05531
    0.05614
    0.04670
   -0.06879
    0.01747
   -0.05636
   -0.04026
   -0.06083
    0.04756
    0.00552
    0.05548
   -0.04645
   -0.02917
    0.00333
    0.05692
    0.02381
    0.00558
    0.00718
    0.05181
   -0.04585
   -0.06586
   -0.06451
    0.02408
   -0.01433
   -0.02031
    0.04038
   -0.03779
   -0.04496
   -0.03036
   -0.01010
   -0.03603
   -0.02032
    0.04206
    0.07634
    0.05517
   -0.04316
    0.06034
   -0.00022
    0.00570
    0.07092
   -0.02533
    0.05451
   -0.06825
   -0.05248
    0.04836
   -0.02787
    0.05533
   -0.02735
   -0.05861
    0.02576
    0.03113
    0.04807
    0.01445
   -0.05697
   -0.02709
   -0.00964
    0.07258
    0.03694
   -0.06816
   -0.01226
    0.05255
    0.00979
    0.04896
   -0.03020
    0.05843
    0.01926
   -0.04859
   -0.01651
    0.01293
    0.05733
   -0.02922
   -0.01271
   -0.06804
    0.04851
   -0.02649
   -0.04491
   -0.00118
    0.04448
    0.03049
   -0.03845
   -0.04637
    0.06615
   -0.02901
    0.02634
    0.06887
    0.00203
   -0.04073
    0.06521
    0.02836
    0.05819
   -0.04199
    0.02090
   -0.05809
    0.04017
   -0.02368
   -0.07689
   -0.06022
   -0.04452
   -0.01325
   -0.04452
   -0.00851
    0.05695
    0.03295
   -0.06210
    0.06480
   -0.00337
   -0.00539
    0.02745
   -0.01593
    0.00754
    0.02828
    0.04368
    0.01730
    0.03942
   -0.06344
   -0.01404
    0.02795
    0.05969
    0.04939
    0.01343
    0.06388
    0.00155
    0.05025
   -0.00820
    0.04064
    0.06734
    0.05996
    0.06379
   -0.03676
    0.04216
    0.01298
   -0.00822
    0.04797
   -0.06000
    0.06439
   -0.04760
   -0.06207
    0.00477
    0.01148
    0.06540
    0.04568
    0.04657
   -0.01346
   -0.02838
   -0.05827
    0.03432
    0.00004
    0.01612
    0.00419
   -0.00525
   -0.01159
    0.02220
    0.04762
   -0.00008
    0.01592
    0.02609
   -0.06284
   -0.05005
    0.06556
    0.06170
    0.02074
    0.00984
    0.04730
   -0.02460
   -0.02578
    0.03577
    0.02665
    0.04573
   -0.03260
   -0.05432
   -0.03021
    0.00518
   -0.01770
    0.04251
   -0.00093
   -0.00665
    0.07822
    0.06084
   -0.00048
    0.04539
   -0.04134
    0.00483
    0.05588
   -0.04779
    0.02368
   -0.02171
    0.05502
   -0.04164
   -0.00126
   -0.04412
   -0.01071
    0.05656
    0.04744
    0.05538
    0.04886
   -0.06707
   -0.01710
    0.04230
   -0.03449
   -0.03818
    0.01538
   -0.07396
    0.05040
    0.04187
    0.00239
   -0.04391
    0.01919
   -0.06216
    0.03719
    0.00875
    0.01283
   -0.03623
    0.00500
    0.07411
    0.06298
   -0.00920
   -0.05497
   -0.03256
   -0.00950
   -0.06297
   -0.00682
    0.00299
   -0.04038
    0.00799
    0.06734
    0.03787
   -0.00023
   -0.04031
    0.02220
   -0.04680
   -0.03414
   -0.00522
    0.06692
   -0.01344
    0.01173
   -0.06701
    0.04096
   -0.05613
   -0.00181
   -0.07360
    0.04783
   -0.06961
   -0.03373
   -0.00532
    0.00364
   -0.06643
    0.03604
   -0.00564
   -0.03573
   -0.05092
   -0.05134
   -0.01216
    0.03415
    0.07029
    0.06899
   -0.03989
   -0.00810
    0.06107
    0.01888
   -0.01078
    0.02970
   -0.01359
   -0.03703
    0.05021
    0.04171
   -0.03081
   -0.05626
    0.01130
    0.01781
    0.01718
    0.00400
    0.07084
   -0.00196
    0.01956
   -0.06948
   -0.06562
    0.07021
    0.00492
    0.00583
   -0.01515
   -0.07316
   -0.01548
   -0.01430
   -0.00814
    0.06138
    0.00614
    0.02732
    0.06259
   -0.06848
    0.05368
    0.06113
   -0.04427
    0.02163
   -0.02243
   -0.01482
    0.00342
   -0.01403
   -0.03585
   -0.03872
    0.02303
    0.01548
    0.00846
   -0.04599
    0.03881
   -0.07137
   -0.03269
    0.00239
   -0.02966
    0.02394
   -0.01013
   -0.07014
   -0.01483
   -0.05310
    0.04793
   -0.06923
    0.03902
    0.00955
   -0.05316
   -0.02286
    0.01506
    0.02651
    0.05454
    0.02466
   -0.04233
   -0.07051
   -0.04763
    0.04378
    0.04764
   -0.06629
   -0.02501
    0.02617
   -0.01586
   -0.03859
    0.07409
    0.05402
   -0.02251
   -0.01585
    0.01254
   -0.06842
    0.03692
   -0.03651
    0.04641
   -0.04220
   -0.03700
   -0.02858
    0.05107
   -0.05037
    0.04126
   -0.07370
    0.02172
   -0.00009
   -0.00610
    0.00042
    0.04583
    0.00233
    0.04368
   -0.05127
    0.03473
    0.03508
   -0.04511
    0.01944
   -0.01979
    0.04959
    0.00537
   -0.00720
    0.00110
    0.02978
   -0.01689
   -0.01046
   -0.01342
    0.05837
    0.04587
   -0.07207
    0.03048
    0.03527
   -0.03004
   -0.00466
   -0.01503
   -0.00459
    0.02379
    0.02883
   -0.06493
   -0.03465
    0.00476
    0.00992
   -0.01341
    0.06112
    0.00088
    0.00859
   -0.03821
    0.00583
   -0.03735
    0.02276
   -0.01353
    0.03279
   -0.01358
    0.03760
    0.05421
    0.00959
    0.02130
   -0.05557
   -0.04873
   -0.03433
   -0.03592
    0.00778
   -0.03557
    0.01440
   -0.04800
    0.04883
   -0.01696
   -0.05809
    0.04891
    0.07217
   -0.05319
    0.00034
    0.03440
    0.00362
    0.05958
   -0.02285
    0.04642
   -0.04404
    0.01545
   -0.01235
   -0.02520
    0.01686
   -0.05089
    0.06614

   -0.00913
   -0.00933
   -0.00399
   -0.03540
   -0.02332
    0.00974
   -0.06660
    0.00134
   -0.06226
    0.06555
   -0.06489
    0.00142
   -0.04962
   -0.02581
   -0.06197
   -0.01225
    0.02340
    0.05169
    0.05562
   -0.00288
   -0.04831
    0.07246
    0.02822
    0.00742
   -0.02101
   -0.07078
   -0.02301
   -0.00105
    0.00967
   -0.05939
   -0.05956
   -0.00840
   -0.00021
   -0.02574
   -0.06057
   -0.01394
    0.04877
    0.07455
    0.03625
   -0.03751
    0.01578
    0.03921
    0.03962
    0.03125
    0.06576
   -0.04536
    0.01274
   -0.04576
    0.03599
   -0.02838
   -0.01525
   -0.04231
    0.06142
   -0.01421
   -0.02254
    0.01628
   -0.06584
   -0.05044
   -0.00099
   -0.05209
   -0.03538
   -0.05316
    0.03698
   -0.01743
    0.05229
    0.04092
   -0.03998
    0.04912
   -0.04786
    0.05722
    0.04530
   -0.02183
    0.06869
    0.02393
   -0.05656
   -0.04759
    0.02497
    0.05767
   -0.05858
    0.02010
   -0.03371
   -0.04662
    0.01233
    0.04101
    0.02693
    0.03639
    0.06168
    0.00553
   -0.04262
   -0.05780
   -0.04667
   -0.05264
    0.05738
    0.06030
   -0.05671
   -0.05462
   -0.01103
    0.03353
   -0.03543
   -0.03410
   -0.03315
    0.02445
   -0.01442
   -0.01369
   -0.00897
    0.03750
   -0.02665
    0.03714
   -0.00368
    0.01096
   -0.04918
    0.05587
   -0.04739
    0.03292
   -0.01480
   -0.05795
    0.06037
   -0.01769
    0.05209
   -0.01224
   -0.06131
    0.01541
    0.02843
   -0.04451
   -0.06282
    0.01377
   -0.03457
    0.06009
    0.03821
   -0.03923
    0.06071
   -0.00799
   -0.02066
   -0.02169
   -0.00022
    0.07120
    0.02381
   -0.05788
   -0.01666
   -0.07013
   -0.03708
   -0.04439
    0.02618
   -0.03309
   -0.06464
    0.05396
    0.05272
   -0.02982
    0.03524
    0.01916
   -0.03704
    0.06807
    0.03398
    0.02657
    0.02197
   -0.00443
    0.03321
   -0.01097
    0.01632
    0.02056
   -0.00709
   -0.02134
   -0.01564
    0.01906
    0.01043
   -0.02177
   -0.00134
   -0.06513
   -0.05421
   -0.04721
    0.00650
    0.00741
   -0.02983
    0.05740
    0.05118
    0.03977
   -0.06694
    0.02234
   -0.05710
   -0.04106
   -0.06406
    0.05035
    0.00133
    0.05229
   -0.05056
   -0.02805
    0.00738
    0.06537
    0.03016
    0.01352
    0.00362
    0.04776
   -0.03862
   -0.06149
   -0.06403
    0.02103
   -0.01639
   -0.02272
    0.05302
   -0.03722
   -0.04530
   -0.02494
   -0.01006
   -0.04134
   -0.02103
    0.04344
    0.07244
    0.04780
   -0.04390
    0.05780
    0.00701
   -0.00166
    0.06277
   -0.01960
    0.05864
   -0.05815
   -0.04533
    0.04860
   -0.03268
    0.05621
   -0.02340
   -0.05261
    0.02585
    0.02765
    0.04755
    0.01502
   -0.05075
   -0.02523
   -0.00862
    0.07311
    0.04860
   -0.06788
   -0.01570
    0.06045
    0.00918
    0.05306
   -0.03087
    0.05475
    0.01938
   -0.05214
   -0.01741
    0.01182
    0.06265
   -0.02999
   -0.00818
   -0.06838
    0.04897
   -0.03266
   -0.04114
   -0.00734
    0.04771
    0.02853
   -0.03885
   -0.04720
    0.07057
   -0.03470
    0.02307
    0.06724
    0.00944
   -0.04272
    0.05855
    0.03420
    0.06046
   -0.04344
    0.02932
   -0.05859
    0.04027
   -0.02453
   -0.07302
   -0.06255
   -0.04832
   -0.01100
   -0.04523
   -0.00635
    0.06189
    0.03264
   -0.05743
    0.06280
    0.00005
   -0.00441
    0.02218
   -0.01921
    0.01120
    0.02647
    0.04670
    0.01283
    0.04791
   -0.06766
   -0.01355
    0.02886
    0.05609
    0.05465
    0.01591
    0.07119
   -0.00172
    0.05141
   -0.00262
    0.03907
    0.06949
    0.05889
    0.06438
   -0.03785
    0.04001
    0.01041
   -0.01463
    0.04638
   -0.05966
    0.05966
   -0.04611
   -0.05854
    0.00435
    0.00313
    0.06099
    0.04676
    0.04925
   -0.01562
   -0.03739
   -0.05306
    0.02970
   -0.00007
    0.00975
    0.00508
    0.00219
   -0.01941
    0.03107
    0.04797
    0.00017
    0.01988
    0.01598
   -0.06019
   -0.05602
    0.06819
    0.06138
    0.01405
    0.00459
    0.03840
   -0.01747
   -0.02976
    0.04114
    0.03905
    0.05379
   -0.03500
   -0.05951
   -0.02909
    0.00212
   -0.02390
    0.03941
   -0.00721
   -0.00707
    0.07273
    0.06194
    0.00407
    0.04256
   -0.03697
    0.00509
    0.04835
   -0.04758
    0.02613
   -0.02366
    0.05562
   -0.04090
    0.00267
   -0.04443
   -0.01234
    0.05527
    0.04603
    0.06091
    0.04821
   -0.06301
   -0.01428
    0.03648
   -0.03552
   -0.04091
    0.00947
   -0.07529
    0.05404
    0.03968
    0.00101
   -0.04375
    0.01470
   -0.04972
    0.03215
    0.01268
    0.00678
   -0.04519
    0.00238
    0.07046
    0.06335
   -0.00991
   -0.05471
   -0.03598
   -0.00916
   -0.06619
   -0.01147
    0.00472
   -0.04107
    0.00374
    0.06729
    0.04065
   -0.00275
   -0.03999
    0.02257
   -0.04878
   -0.04204
   -0.00400
    0.07310
   -0.00798
    0.01304
   -0.06531
    0.04502
   -0.05508
    0.00275
   -0.07444
    0.04755
   -0.06592
   -0.03036
   -0.00503
    0.00167
   -0.06721
    0.03245
   -0.00709
   -0.02830
   -0.04899
   -0.05306
   -0.00834
    0.04192
    0.07032
    0.07088
   -0.04236
   -0.01091
    0.04786
    0.01580
   -0.01029
    0.02831
   -0.01758
   -0.04454
    0.05758
    0.03558
   -0.03051
   -0.05371
    0.00654
    0.01668
    0.02256
    0.00327
    0.07133
    0.00011
    0.00913
   -0.06368
   -0.06545
    0.07004
    0.00036
    0.00566
   -0.01175
   -0.07090
   -0.01365
   -0.00929
   -0.00687
    0.05294
    0.00085
    0.03110
    0.05609
   -0.06315
    0.05881
    0.06333
   -0.05128
    0.01978
   -0.02428
   -0.01536
    0.00122
   -0.00929
   -0.03900
   -0.04126
    0.01887
    0.01520
    0.01856
   -0.04266
    0.03449
   -0.07036
   -0.03472
    0.00606
   -0.02324
    0.02496
   -0.01747
   -0.06781
   -0.01815
   -0.05395
    0.04847
   -0.06460
    0.03524
    0.01444
   -0.04739
   -0.01517
    0.00933
    0.02357
    0.05213
    0.02793
   -0.04960
   -0.06683
   -0.04217
    0.04752
    0.04447
   -0.06104
   -0.02297
    0.02624
   -0.01794
   -0.04495
    0.06902
    0.06285
   -0.03351
   -0.01491
    0.01138
   -0.06623
    0.03523
   -0.03209
    0.05128
   -0.04698
   -0.04157
   -0.03069
    0.05311
   -0.04928
    0.04646
   -0.07216
    0.02055
   -0.00153
   -0.00626
   -0.00217
    0.04424
    0.00014
    0.04743
   -0.05084
    0.03876
    0.03823
   -0.04361
    0.02749
   -0.02290
    0.06153
    0.00339
   -0.00147
   -0.00237
    0.03660
   -0.01622
   -0.00527
   -0.00776
    0.05781
    0.04633
   -0.06819
    0.03036
    0.03349
   -0.03235
   -0.00652
   -0.01539
   -0.00331
    0.02332
    0.02576
   -0.06392
   -0.02878
    0.00289
    0.01028
   -0.01321
    0.05835
   -0.00336
    0.00678
   -0.03120
    0.00191
   -0.03888
    0.02755
   -0.01452
    0.04082
   -0.00754
    0.03029
    0.05309
    0.01337
    0.01871
   -0.06192
   -0.05160
   -0.03600
   -0.03918
    0.01683
   -0.04559
    0.01747
   -0.04816
    0.04451
   -0.01779
   -0.05208
    0.04278
    0.07057
   -0.05977
   -0.00300
    0.03220
    0.00531
    0.06322
   -0.02203
    0.04069
   -0.04755
    0.01600
   -0.01634
   -0.01922
    0.01215
   -0.04497
    0.07239
