 312931996129557
       3871
 3600.62333
    0.43793
   -1.01013
    0.00000
   -1.01041
    0.00000

    0.05143
    0.02892
    0.00210
   -0.02775
    0.01135
   -0.00676
    0.02682
   -0.04957
    0.03769
   -0.05511
   -0.04397
    0.00962
    0.00177
    0.06864
    0.04376
   -0.05468
    0.05842
   -0.04066
    0.01998
    0.00808
   -0.00449
    0.00092
    0.01391
   -0.03865
    0.02033
   -0.06502
   -0.00599
    0.00142
   -0.01288
    0.00284
    0.05659
   -0.07075
   -0.02859
    0.01892
   -0.05296
   -0.02835
   -0.02350
   -0.04283
    0.04565
    0.03567
    0.06184
    0.05359
    0.05679
    0.05442
   -0.04230
   -0.05015
    0.04574
    0.06306
    0.05242
    0.05903
    0.04476
   -0.05794
    0.03200
    0.05368
   -0.02515
    0.04456
    0.00670
    0.05453
    0.05528
    0.04161
   -0.04149
    0.00239
   -0.06766
    0.01146
   -0.05878
   -0.00094
    0.03355
   -0.02938
    0.04894
    0.01070
   -0.06086
   -0.02880
   -0.02138
   -0.06881
   -0.01060
    0.05138
    0.02665
   -0.05530
   -0.04622
   -0.05061
   -0.02452
    0.01846
   -0.03516
   -0.02602
    0.03482
   -0.01425
   -0.05045
   -0.00045
    0.04211
   -0.05803
   -0.01630
   -0.03958
   -0.05099
    0.02148
    0.00288
    0.06417
    0.04336
   -0.00622
    0.05348
    0.04040
    0.05667
    0.06925
   -0.06003
   -0.03526
   -0.05247
    0.01771
   -0.07733
    0.01328
    0.03540
    0.02584
    0.00196
    0.06924
   -0.05782
    0.06052
   -0.00919
    0.02357
   -0.07314
   -0.05120
    0.00689
   -0.01537
   -0.01456
   -0.05239
   -0.05826
    0.01457
   -0.05632
    0.03436
    0.05416
    0.03357
    0.04575
   -0.02478
   -0.01157
   -0.04673
    0.06362
    0.00443
    0.00083
   -0.01954
    0.01655
   -0.01254
    0.05358
    0.04538
    0.00092
    0.06216
    0.04550
    0.04392
   -0.03024
    0.02937
   -0.01732
    0.05053
    0.00551
   -0.01833
   -0.04803
    0.04241
   -0.01693
    0.03756
    0.06485
   -0.01067
    0.04021
    0.06113
   -0.00201
   -0.00738
    0.07393
    0.02264
    0.01756
   -0.01463
    0.03361
    0.03418
   -0.03923
    0.06863
   -0.05048
   -0.04836
   -0.04703
    0.03627
    0.00846
    0.04318
    0.01220
   -0.00716
    0.04788
    0.01606
    0.02581
   -0.03762
    0.02656
   -0.00104
   -0.00269
    0.04076
    0.05127
    0.03991
   -0.00676
   -0.04238
   -0.03475
   -0.01227
    0.00944
   -0.05192
   -0.04360
    0.04205
    0.04038
    0.06914
   -0.02018
    0.05190
   -0.03310
    0.01036
   -0.01094
    0.05488
   -0.03223
    0.02100
   -0.04583
    0.07642
    0.04270
    0.07737
    0.02834
    0.03190
   -0.03775
   -0.02523
   -0.03041
    0.00201
   -0.04994
   -0.01660
    0.05461
   -0.05769
    0.04331
    0.00852
   -0.01339
    0.06684
    0.05696
   -0.04188
    0.02357
    0.02528
   -0.00499
    0.00919
   -0.04203
    0.05778
   -0.05592
    0.02073
    0.04343
    0.02533
   -0.01530
    0.06200
    0.02688
    0.01550
    0.00883
   -0.03375
    0.00803
   -0.00518
    0.01069
   -0.02491
   -0.01738
    0.00699
    0.05630
    0.04441
   -0.03769
   -0.00532
    0.01275
    0.01818
    0.02384
    0.06121
   -0.05135
   -0.02087
   -0.04445
    0.01758
   -0.01275
    0.01273
    0.01734
   -0.00148
   -0.03767
    0.06296
   -0.00432
   -0.01377
    0.07612
   -0.02807
    0.02607
   -0.05341
    0.01778
    0.03428
   -0.08421
    0.04025
   -0.00618
   -0.00705
    0.01225
   -0.02587
   -0.03631
   -0.01577
   -0.03512
   -0.05649
   -0.00998
    0.05769
    0.02407
   -0.05554
   -0.00812
    0.06253
    0.01214
    0.06029
    0.05343
   -0.02813
    0.03920
   -0.05098
    0.05397
    0.03993
    0.05196
    0.03686
    0.03781
   -0.05041
   -0.01012
    0.03907
   -0.00836
   -0.04171
   -0.04020
   -0.03197
    0.06833
    0.03168
    0.01792
    0.04172
    0.05982
   -0.03297
   -0.07868
   -0.05829
    0.08004
   -0.05073
    0.03358
    0.01741
    0.04484
    0.05633
   -0.05500
   -0.01011
    0.03097
   -0.05831
    0.02620
   -0.00625
   -0.02201
   -0.05666
    0.05613
   -0.04266
   -0.03848
    0.06200
   -0.05512
   -0.06000
    0.06279
   -0.05515
    0.05459
   -0.05533
    0.01193
    0.03258
    0.04499
   -0.00350
   -0.04036
   -0.00270
   -0.00531
    0.06169
   -0.03730
    0.06648
   -0.07163
   -0.01031
   -0.04648
    0.03599
    0.02852
   -0.00189
   -0.03893
   -0.06384
   -0.04208
    0.06539
   -0.00795
   -0.00168
    0.01617
    0.01426
    0.04645
    0.06521
   -0.03404
    0.05043
   -0.00693
    0.07196
    0.06147
    0.07112
    0.04085
    0.07158
   -0.00994
   -0.06124
    0.06145
    0.06669
   -0.05762
    0.01177
   -0.03099
   -0.04308
    0.02885
   -0.04956
   -0.04076
   -0.06653
   -0.04609
   -0.01011
    0.03020
   -0.04135
    0.01132
    0.05900
    0.05608
   -0.04303
   -0.00610
    0.03630
   -0.05904
    0.01192
   -0.02063
   -0.06846
    0.02153
    0.00916
    0.04685
    0.05980
    0.02102
   -0.00486
   -0.04702
   -0.02175
    0.00658
   -0.02939
    0.02990
   -0.06322
   -0.05195
   -0.04055
    0.04533
    0.03946
    0.01102
    0.05705
   -0.03605
   -0.04606
   -0.05105
   -0.00927
    0.06239
    0.01383
    0.01573
   -0.02263
   -0.00942
    0.06446
   -0.01279
   -0.06520
   -0.03901
   -0.04906
   -0.06292
   -0.03798
   -0.03053
    0.05389
    0.00435
   -0.04455
    0.04816
   -0.01924
    0.01363
   -0.07761
   -0.07576
   -0.04067
   -0.02843
   -0.04564
    0.00335
   -0.00121
    0.05854
    0.03524
    0.06018
    0.05023
    0.04721
    0.02499
    0.06164
   -0.03551
   -0.00940
    0.00889
    0.04084
   -0.02073
    0.03515
   -0.05994
    0.02226
    0.07738
    0.00950
   -0.04801
    0.00967
   -0.06523
    0.00465
   -0.03603
   -0.00308
   -0.00527
    0.03419
   -0.02899
    0.06948
    0.04047
   -0.06756
   -0.06873
   -0.02709
   -0.04070
    0.02712
    0.00663
    0.00263
   -0.04834
    0.01449
    0.02925
    0.04659
    0.04617
   -0.05132
   -0.06667
    0.04428
   -0.06838
   -0.06677
   -0.04679
   -0.05095
   -0.00352
   -0.04671
    0.03615
   -0.00456
    0.00492
   -0.04802
   -0.05153
   -0.00260
   -0.00720
   -0.05521
    0.02086
   -0.05051
    0.02727
   -0.02848
    0.00163
   -0.04424
   -0.00620
   -0.00018
   -0.00182
    0.02447
    0.06657
    0.02521
    0.07007
    0.01706
    0.02426
   -0.06599
    0.03890
    0.01645
    0.04880
    0.05080
    0.00296
   -0.05044
   -0.05545
    0.00420
    0.01682
    0.06142
    0.00311
    0.01601
    0.01119
    0.04290
    0.00657
   -0.06025
    0.03909
   -0.03620
   -0.04267
   -0.01088
   -0.02505
    0.03078
   -0.07402
   -0.04153
   -0.03404
   -0.04041
   -0.03419
   -0.01809
    0.02292
   -0.03559
    0.00576
    0.00982
    0.02153
    0.01407
   -0.04663
    0.07670
   -0.02497
   -0.04234
   -0.02085
    0.05674
    0.06755
    0.05281
    0.04666
   -0.01006
   -0.03269
   -0.05145
   -0.00100
    0.02847
    0.03565
    0.05704
    0.04927
   -0.00624
    0.05463
   -0.01428
    0.01378
   -0.00348
   -0.00518
    0.05295
   -0.03437
    0.04042
    0.04260
   -0.01565
    0.03442
   -0.04889
   -0.04208
   -0.00276
    0.02021
   -0.01243
    0.03744
    0.00513
   -0.00731
   -0.01089
    0.05663
   -0.06260
    0.01128
    0.00144
   -0.03775
    0.04142
    0.04054
   -0.05104
    0.00307

    0.05154
    0.02877
    0.00200
   -0.02751
    0.01132
   -0.00666
    0.02667
   -0.04942
    0.03755
   -0.05494
   -0.04402
    0.00997
    0.00188
    0.06862
    0.04387
   -0.05475
    0.05853
   -0.04059
    0.02023
    0.00800
   -0.00423
    0.00108
    0.01377
   -0.03864
    0.02016
   -0.06499
   -0.00602
    0.00136
   -0.01278
    0.00274
    0.05637
   -0.07082
   -0.02841
    0.01906
   -0.05252
   -0.02831
   -0.02378
   -0.04242
    0.04558
    0.03551
    0.06201
    0.05382
    0.05668
    0.05409
   -0.04254
   -0.05061
    0.04558
    0.06317
    0.05242
    0.05891
    0.04479
   -0.05815
    0.03167
    0.05381
   -0.02515
    0.04430
    0.00707
    0.05488
    0.05548
    0.04166
   -0.04171
    0.00236
   -0.06768
    0.01111
   -0.05861
   -0.00092
    0.03350
   -0.02917
    0.04886
    0.01048
   -0.06093
   -0.02912
   -0.02147
   -0.06919
   -0.01047
    0.05145
    0.02665
   -0.05522
   -0.04604
   -0.05082
   -0.02444
    0.01863
   -0.03541
   -0.02640
    0.03493
   -0.01443
   -0.05013
   -0.00047
    0.04204
   -0.05794
   -0.01656
   -0.03929
   -0.05093
    0.02132
    0.00270
    0.06408
    0.04324
   -0.00623
    0.05312
    0.04046
    0.05656
    0.06907
   -0.05995
   -0.03533
   -0.05244
    0.01788
   -0.07736
    0.01330
    0.03523
    0.02604
    0.00199
    0.06914
   -0.05771
    0.06063
   -0.00931
    0.02360
   -0.07310
   -0.05094
    0.00694
   -0.01533
   -0.01445
   -0.05247
   -0.05825
    0.01437
   -0.05659
    0.03467
    0.05425
    0.03370
    0.04590
   -0.02458
   -0.01147
   -0.04683
    0.06389
    0.00412
    0.00106
   -0.01935
    0.01685
   -0.01273
    0.05355
    0.04547
    0.00107
    0.06236
    0.04532
    0.04404
   -0.03025
    0.02890
   -0.01754
    0.05043
    0.00549
   -0.01816
   -0.04781
    0.04192
   -0.01663
    0.03731
    0.06489
   -0.01074
    0.04003
    0.06114
   -0.00186
   -0.00764
    0.07418
    0.02275
    0.01744
   -0.01486
    0.03354
    0.03427
   -0.03936
    0.06888
   -0.05050
   -0.04822
   -0.04729
    0.03607
    0.00850
    0.04313
    0.01221
   -0.00719
    0.04803
    0.01589
    0.02601
   -0.03759
    0.02650
   -0.00094
   -0.00260
    0.04090
    0.05150
    0.03965
   -0.00665
   -0.04237
   -0.03433
   -0.01244
    0.00963
   -0.05197
   -0.04358
    0.04214
    0.04033
    0.06893
   -0.02007
    0.05179
   -0.03340
    0.01010
   -0.01088
    0.05481
   -0.03220
    0.02094
   -0.04566
    0.07667
    0.04272
    0.07766
    0.02832
    0.03195
   -0.03804
   -0.02528
   -0.03078
    0.00197
   -0.04968
   -0.01685
    0.05444
   -0.05791
    0.04319
    0.00857
   -0.01331
    0.06723
    0.05679
   -0.04187
    0.02354
    0.02544
   -0.00490
    0.00930
   -0.04209
    0.05785
   -0.05590
    0.02074
    0.04331
    0.02540
   -0.01535
    0.06185
    0.02689
    0.01575
    0.00855
   -0.03385
    0.00824
   -0.00537
    0.01066
   -0.02490
   -0.01735
    0.00726
    0.05638
    0.04447
   -0.03762
   -0.00516
    0.01270
    0.01818
    0.02405
    0.06111
   -0.05124
   -0.02087
   -0.04484
    0.01801
   -0.01298
    0.01257
    0.01769
   -0.00140
   -0.03746
    0.06294
   -0.00413
   -0.01391
    0.07630
   -0.02789
    0.02597
   -0.05346
    0.01760
    0.03418
   -0.08463
    0.04063
   -0.00600
   -0.00697
    0.01249
   -0.02587
   -0.03591
   -0.01592
   -0.03491
   -0.05639
   -0.00972
    0.05798
    0.02405
   -0.05557
   -0.00818
    0.06275
    0.01197
    0.06054
    0.05328
   -0.02794
    0.03890
   -0.05077
    0.05400
    0.03982
    0.05220
    0.03683
    0.03758
   -0.05040
   -0.01027
    0.03874
   -0.00820
   -0.04169
   -0.04021
   -0.03170
    0.06852
    0.03149
    0.01769
    0.04164
    0.05969
   -0.03295
   -0.07898
   -0.05831
    0.07989
   -0.05092
    0.03346
    0.01727
    0.04491
    0.05648
   -0.05490
   -0.01025
    0.03109
   -0.05821
    0.02652
   -0.00617
   -0.02176
   -0.05676
    0.05610
   -0.04252
   -0.03847
    0.06194
   -0.05508
   -0.05978
    0.06284
   -0.05523
    0.05463
   -0.05496
    0.01193
    0.03241
    0.04502
   -0.00350
   -0.04033
   -0.00253
   -0.00513
    0.06153
   -0.03738
    0.06671
   -0.07165
   -0.01048
   -0.04633
    0.03585
    0.02857
   -0.00190
   -0.03911
   -0.06422
   -0.04178
    0.06561
   -0.00780
   -0.00146
    0.01633
    0.01418
    0.04663
    0.06523
   -0.03394
    0.05070
   -0.00718
    0.07216
    0.06139
    0.07126
    0.04095
    0.07167
   -0.00982
   -0.06123
    0.06137
    0.06682
   -0.05771
    0.01175
   -0.03090
   -0.04292
    0.02905
   -0.04915
   -0.04083
   -0.06648
   -0.04613
   -0.01022
    0.03036
   -0.04122
    0.01147
    0.05903
    0.05602
   -0.04307
   -0.00597
    0.03640
   -0.05856
    0.01198
   -0.02057
   -0.06863
    0.02150
    0.00919
    0.04688
    0.05995
    0.02115
   -0.00494
   -0.04698
   -0.02198
    0.00672
   -0.02969
    0.02985
   -0.06311
   -0.05200
   -0.04044
    0.04544
    0.03928
    0.01103
    0.05698
   -0.03570
   -0.04610
   -0.05111
   -0.00934
    0.06233
    0.01383
    0.01574
   -0.02271
   -0.00937
    0.06466
   -0.01235
   -0.06533
   -0.03901
   -0.04916
   -0.06297
   -0.03804
   -0.03044
    0.05404
    0.00420
   -0.04442
    0.04822
   -0.01923
    0.01360
   -0.07755
   -0.07583
   -0.04084
   -0.02826
   -0.04553
    0.00326
   -0.00141
    0.05876
    0.03547
    0.06016
    0.05028
    0.04702
    0.02492
    0.06168
   -0.03519
   -0.00942
    0.00887
    0.04101
   -0.02055
    0.03508
   -0.06018
    0.02194
    0.07758
    0.00966
   -0.04830
    0.00938
   -0.06536
    0.00468
   -0.03604
   -0.00304
   -0.00531
    0.03390
   -0.02889
    0.06934
    0.04059
   -0.06742
   -0.06883
   -0.02704
   -0.04062
    0.02718
    0.00658
    0.00246
   -0.04847
    0.01422
    0.02906
    0.04656
    0.04613
   -0.05135
   -0.06678
    0.04415
   -0.06851
   -0.06686
   -0.04657
   -0.05087
   -0.00357
   -0.04715
    0.03627
   -0.00436
    0.00484
   -0.04824
   -0.05148
   -0.00262
   -0.00723
   -0.05508
    0.02095
   -0.05060
    0.02748
   -0.02874
    0.00155
   -0.04428
   -0.00618
   -0.00015
   -0.00205
    0.02453
    0.06631
    0.02513
    0.06979
    0.01687
    0.02435
   -0.06592
    0.03875
    0.01675
    0.04894
    0.05091
    0.00280
   -0.05057
   -0.05576
    0.00438
    0.01676
    0.06152
    0.00312
    0.01597
    0.01105
    0.04299
    0.00674
   -0.06030
    0.03914
   -0.03613
   -0.04263
   -0.01086
   -0.02527
    0.03079
   -0.07413
   -0.04131
   -0.03414
   -0.04037
   -0.03427
   -0.01804
    0.02321
   -0.03599
    0.00601
    0.01006
    0.02110
    0.01415
   -0.04657
    0.07678
   -0.02503
   -0.04271
   -0.02092
    0.05676
    0.06769
    0.05301
    0.04668
   -0.01010
   -0.03237
   -0.05155
   -0.00094
    0.02888
    0.03587
    0.05700
    0.04928
   -0.00643
    0.05456
   -0.01413
    0.01367
   -0.00361
   -0.00523
    0.05321
   -0.03416
    0.04013
    0.04277
   -0.01543
    0.03461
   -0.04909
   -0.04194
   -0.00252
    0.02006
   -0.01255
    0.03732
    0.00496
   -0.00755
   -0.01088
    0.05647
   -0.06237
    0.01123
    0.00146
   -0.03770
    0.04148
    0.04034
   -0.05125
    0.00296

    0.05631
    0.03670
   -0.00038
   -0.03126
    0.01084
   -0.00853
    0.03180
   -0.04719
    0.03469
   -0.05732
   -0.04181
    0.00167
   -0.00065
    0.06399
    0.03479
   -0.05568
    0.05461
   -0.04206
    0.01784
    0.01111
   -0.00462
   -0.00171
    0.01721
   -0.04494
    0.02103
   -0.06520
   -0.00588
   -0.00055
   -0.01204
   -0.00053
    0.06016
   -0.06559
   -0.03590
    0.02062
   -0.05709
   -0.03386
   -0.02640
   -0.05677
    0.05159
    0.03127
    0.06437
    0.05442
    0.06309
    0.05984
   -0.03999
   -0.04957
    0.04490
    0.05793
    0.05164
    0.06012
    0.04653
   -0.05718
    0.04079
    0.05026
   -0.03009
    0.05280
   -0.00244
    0.05522
    0.05063
    0.04786
   -0.03717
    0.00750
   -0.06654
    0.00628
   -0.05708
    0.00222
    0.03336
   -0.03333
    0.05048
    0.01106
   -0.05676
   -0.02011
   -0.01778
   -0.05930
   -0.01305
    0.04579
    0.02641
   -0.04972
   -0.04812
   -0.05112
   -0.02112
    0.01671
   -0.02966
   -0.02536
    0.03097
   -0.01115
   -0.05360
    0.00141
    0.04053
   -0.05720
   -0.00802
   -0.04619
   -0.05904
    0.02582
    0.00618
    0.06232
    0.04056
   -0.00796
    0.05991
    0.04160
    0.05731
    0.06975
   -0.06530
   -0.02784
   -0.05331
    0.01582
   -0.07442
    0.00152
    0.04062
    0.02686
    0.00361
    0.06926
   -0.06187
    0.05915
   -0.00604
    0.02686
   -0.07440
   -0.05461
    0.00547
   -0.00963
   -0.01729
   -0.05008
   -0.06090
    0.02543
   -0.04645
    0.03411
    0.05607
    0.03464
    0.04029
   -0.02857
   -0.02088
   -0.04262
    0.06245
    0.01122
    0.00134
   -0.02069
    0.00074
   -0.01281
    0.04782
    0.03827
    0.00239
    0.05157
    0.05096
    0.04179
   -0.02850
    0.03723
   -0.01449
    0.04917
    0.00168
   -0.01732
   -0.05256
    0.05529
   -0.02269
    0.03813
    0.05866
   -0.01649
    0.04104
    0.06899
   -0.00109
   -0.00866
    0.06445
    0.02156
    0.02700
   -0.00716
    0.03906
    0.02922
   -0.03850
    0.06339
   -0.04664
   -0.05230
   -0.03949
    0.03741
    0.00976
    0.04308
    0.01490
    0.00027
    0.04851
    0.01565
    0.02803
   -0.03719
    0.03056
   -0.00566
   -0.00450
    0.03511
    0.04766
    0.04289
   -0.00976
   -0.04696
   -0.03450
   -0.01351
    0.00558
   -0.04977
   -0.03965
    0.04712
    0.04044
    0.06941
   -0.02232
    0.04988
   -0.02896
    0.01450
   -0.01312
    0.04746
   -0.03647
    0.02252
   -0.04684
    0.07119
    0.04406
    0.06872
    0.02930
    0.03516
   -0.03130
   -0.03502
   -0.02927
    0.00470
   -0.05270
   -0.02275
    0.05657
   -0.05446
    0.04219
    0.01515
   -0.00796
    0.06637
    0.05264
   -0.05062
    0.02964
    0.02221
   -0.00083
    0.00236
   -0.03742
    0.05861
   -0.05689
    0.02166
    0.03925
    0.02124
   -0.01892
    0.06028
    0.02839
    0.01645
    0.01679
   -0.04003
    0.00859
   -0.00320
    0.00769
   -0.02998
   -0.01575
    0.00202
    0.05880
    0.04233
   -0.03493
   -0.00914
    0.01035
    0.02032
    0.02016
    0.06927
   -0.05373
   -0.02023
   -0.04227
    0.01790
   -0.00838
    0.01271
    0.01496
   -0.00264
   -0.03793
    0.06419
   -0.00942
   -0.00636
    0.06569
   -0.03041
    0.03020
   -0.05326
    0.02638
    0.03116
   -0.07346
    0.03691
   -0.00545
   -0.00212
    0.01489
   -0.03173
   -0.04196
   -0.01131
   -0.03161
   -0.06044
   -0.01278
    0.05647
    0.02505
   -0.05354
   -0.00196
    0.05692
    0.01870
    0.05591
    0.05731
   -0.03281
    0.04331
   -0.05048
    0.05024
    0.04003
    0.05461
    0.03421
    0.04069
   -0.04445
   -0.00847
    0.04190
   -0.00852
   -0.04683
   -0.04399
   -0.03365
    0.06689
    0.03048
    0.01044
    0.04696
    0.06193
   -0.03824
   -0.07096
   -0.05802
    0.07915
   -0.04602
    0.03668
    0.01539
    0.05051
    0.05531
   -0.05826
   -0.00327
    0.02898
   -0.06585
    0.02681
   -0.00542
   -0.02426
   -0.06017
    0.06089
   -0.04170
   -0.03714
    0.06214
   -0.05545
   -0.05876
    0.06529
   -0.04662
    0.05980
   -0.06107
    0.00254
    0.02766
    0.04434
   -0.00536
   -0.04402
    0.00375
   -0.00790
    0.05978
   -0.04058
    0.06319
   -0.06486
   -0.00659
   -0.04961
    0.03364
    0.02638
   -0.00347
   -0.03796
   -0.06032
   -0.04811
    0.06261
   -0.01263
   -0.00310
    0.00450
    0.01844
    0.04760
    0.05671
   -0.03128
    0.05383
   -0.00617
    0.07060
    0.05855
    0.07067
    0.04365
    0.07003
   -0.01229
   -0.05410
    0.06600
    0.06548
   -0.05674
    0.01676
   -0.02865
   -0.04638
    0.03041
   -0.04938
   -0.03894
   -0.06405
   -0.04049
   -0.00780
    0.02694
   -0.05493
    0.00462
    0.06188
    0.06030
   -0.03877
   -0.00878
    0.03590
   -0.06524
    0.00737
   -0.02345
   -0.06850
    0.02545
    0.00565
    0.04211
    0.05880
    0.01803
   -0.00056
   -0.04467
   -0.01301
    0.00572
   -0.02618
    0.04424
   -0.06139
   -0.05711
   -0.04840
    0.04363
    0.04408
    0.01582
    0.05735
   -0.03368
   -0.04284
   -0.05169
   -0.01377
    0.06037
    0.02057
    0.01487
   -0.01579
   -0.01148
    0.06282
   -0.01775
   -0.06630
   -0.03750
   -0.05238
   -0.05341
   -0.03630
   -0.03413
    0.05199
    0.00258
   -0.05130
    0.04882
   -0.01980
    0.01553
   -0.07562
   -0.06719
   -0.03963
   -0.04033
   -0.05540
    0.00754
    0.00286
    0.05497
    0.03678
    0.05994
    0.04774
    0.05479
    0.02871
    0.06541
   -0.04254
   -0.00777
    0.00564
    0.03837
   -0.01952
    0.03773
   -0.06045
    0.01986
    0.06951
    0.00611
   -0.04070
    0.01875
   -0.06301
    0.00546
   -0.04289
   -0.00055
   -0.00485
    0.03994
   -0.02454
    0.06555
    0.03740
   -0.06054
   -0.06037
   -0.02984
   -0.03463
    0.02802
    0.01170
    0.00170
   -0.04235
    0.02447
    0.02999
    0.04363
    0.04170
   -0.05747
   -0.06335
    0.03893
   -0.06535
   -0.06709
   -0.04599
   -0.05122
   -0.00340
   -0.04228
    0.03893
   -0.01056
    0.01035
   -0.04285
   -0.05421
   -0.00777
   -0.00691
   -0.06333
    0.02254
   -0.04717
    0.03284
   -0.03079
    0.00494
   -0.04310
   -0.00576
    0.00687
    0.00376
    0.02201
    0.06520
    0.02310
    0.06726
    0.02578
    0.02467
   -0.07720
    0.04440
    0.00811
    0.04691
    0.05829
    0.00254
   -0.05027
   -0.05126
    0.00401
    0.01982
    0.06504
   -0.00093
    0.01172
    0.01681
    0.04436
    0.01120
   -0.06812
    0.03697
   -0.03129
   -0.03926
   -0.00172
   -0.02455
    0.02821
   -0.06500
   -0.04722
   -0.03050
   -0.03670
   -0.03235
   -0.01533
    0.02422
   -0.03615
   -0.00169
   -0.00209
    0.03308
    0.01915
   -0.05120
    0.07244
   -0.02102
   -0.04245
   -0.01454
    0.05399
    0.06810
    0.04507
    0.04234
   -0.01912
   -0.03374
   -0.04503
   -0.00759
    0.02108
    0.02650
    0.05884
    0.05415
   -0.01215
    0.06438
   -0.01552
    0.01052
   -0.00179
   -0.00346
    0.05715
   -0.03709
    0.04290
    0.04141
   -0.02066
    0.03208
   -0.04452
   -0.04163
   -0.00124
    0.02311
   -0.00801
    0.03695
    0.00538
   -0.00723
   -0.00797
    0.06668
   -0.06630
    0.01217
   -0.00197
   -0.04022
    0.04667
    0.04362
   -0.04747
    0.00141
