          1          0    0.00000   -0.59360    0.00000   -0.59360    0.00000   -4.44449    4.44449    0.00000
          1          1    0.00464   -0.55460    0.00000   -0.53862    0.00000   -4.44449   -0.55460    0.00000
          2          0    0.00464   -0.20651    0.00000   -0.53862    0.00000   -4.44449   -0.55460   -2.49955
          2        100    2.12992   -0.61865    0.00000   -0.63049    0.00000   -4.44449   -0.55460   -2.49955
          2        200    3.92016   -0.62460    0.00000   -0.63374    0.00000   -4.44449   -0.55460   -2.49955
          2        300    5.26982   -0.62696    0.00000   -0.63309    0.00000   -4.44449   -0.55460   -2.49955
          2        400    6.71116   -0.62829    0.00000   -0.63335    0.00000   -4.44449   -0.55460   -2.49955
          2        500    8.50641   -0.62917    0.00000   -0.63387    0.00000   -4.44449   -0.55460   -2.49955
          2        600    9.48760   -0.62980    0.00000   -0.63414    0.00000   -4.44449   -0.55460   -2.49955
          2        700   11.34241   -0.63028    0.00000   -0.63530    0.00000   -4.44449   -0.55460   -2.49955
          2        800   13.07353   -0.63067    0.00000   -0.63558    0.00000   -4.44449   -0.55460   -2.49955
          2        900   14.93488   -0.63098    0.00000   -0.63565    0.00000   -4.44449   -0.55460   -2.49955
          2       1000   16.49446   -0.63124    0.00000   -0.63565    0.00000   -4.44449   -0.55460   -2.49955
          2       1100   18.05121   -0.63147    0.00000   -0.63565    0.00000   -4.44449   -0.55460   -2.49955
          2       1200   19.81526   -0.63166    0.00000   -0.63566    0.00000   -4.44449   -0.55460   -2.49955
          2       1300   21.34012   -0.63183    0.00000   -0.63566    0.00000   -4.44449   -0.55460   -2.49955
          2       1400   22.67898   -0.63198    0.00000   -0.63566    0.00000   -4.44449   -0.55460   -2.49955
          2       1500   23.96109   -0.63211    0.00000   -0.63566    0.00000   -4.44449   -0.55460   -2.49955
          2       1600   26.23708   -0.63224    0.00000   -0.63566    0.00000   -4.44449   -0.55460   -2.49955
          2       1700   27.51243   -0.63235    0.00000   -0.63566    0.00000   -4.44449   -0.55460   -2.49955
          2       1800   28.67137   -0.63245    0.00000   -0.63566    0.00000   -4.44449   -0.55460   -2.49955
          2       1900   29.66244   -0.63254    0.00000   -0.63566    0.00000   -4.44449   -0.55460   -2.49955
          2       2000   31.54364   -0.63262    0.00000   -0.63566    0.00000   -4.44449   -0.55460   -2.49955
          2       2100   33.05858   -0.63270    0.00000   -0.63566    0.00000   -4.44449   -0.55460   -2.49955
          2       2200   34.88110   -0.63277    0.00000   -0.63567    0.00000   -4.44449   -0.55460   -2.49955
          2       2300   36.76636   -0.63284    0.00000   -0.63567    0.00000   -4.44449   -0.55460   -2.49955
          2       2400   38.91261   -0.63290    0.00000   -0.63567    0.00000   -4.44449   -0.55460   -2.49955
          2       2500   40.26751   -0.63296    0.00000   -0.63567    0.00000   -4.44449   -0.55460   -2.49955
          2       2600   42.01610   -0.63302    0.00000   -0.63567    0.00000   -4.44449   -0.55460   -2.49955
          2       2700   43.27493   -0.63307    0.00000   -0.63567    0.00000   -4.44449   -0.55460   -2.49955
          2       2800   44.70473   -0.63312    0.00000   -0.63567    0.00000   -4.44449   -0.55460   -2.49955
          2       2900   46.57764   -0.63317    0.00000   -0.63567    0.00000   -4.44449   -0.55460   -2.49955
          2       3000   47.78561   -0.63321    0.00000   -0.63567    0.00000   -4.44449   -0.55460   -2.49955
          2       3100   49.40515   -0.63325    0.00000   -0.63567    0.00000   -4.44449   -0.55460   -2.49955
          2       3200   50.61296   -0.63329    0.00000   -0.63567    0.00000   -4.44449   -0.55460   -2.49955
          2       3300   52.25206   -0.63333    0.00000   -0.63567    0.00000   -4.44449   -0.55460   -2.49955
          2       3400   54.36470   -0.63337    0.00000   -0.63567    0.00000   -4.44449   -0.55460   -2.49955
          2       3500   55.87428   -0.63340    0.00000   -0.63567    0.00000   -4.44449   -0.55460   -2.49955
          2       3600   57.73195   -0.63344    0.00000   -0.63567    0.00000   -4.44449   -0.55460   -2.49955
          2       3700   59.25527   -0.63347    0.00000   -0.63567    0.00000   -4.44449   -0.55460   -2.49955
          2       3800   61.77341   -0.63350    0.00000   -0.63567    0.00000   -4.44449   -0.55460   -2.49955
          2       3900   62.43462   -0.63353    0.00000   -0.63567    0.00000   -4.44449   -0.55460   -2.49955
          2       4000   64.94630   -0.63356    0.00000   -0.63567    0.00000   -4.44449   -0.55460   -2.49955
          2       4100   66.49713   -0.63358    0.00000   -0.63567    0.00000   -4.44449   -0.55460   -2.49955
          2       4200   68.04598   -0.63361    0.00000   -0.63567    0.00000   -4.44449   -0.55460   -2.49955
          2       4300   70.49950   -0.63363    0.00000   -0.63567    0.00000   -4.44449   -0.55460   -2.49955
          2       4400   72.27828   -0.63366    0.00000   -0.63567    0.00000   -4.44449   -0.55460   -2.49955
          2       4500   74.47285   -0.63368    0.00000   -0.63567    0.00000   -4.44449   -0.55460   -2.49955
          2       4600   75.78536   -0.63370    0.00000   -0.63567    0.00000   -4.44449   -0.55460   -2.49955
          2       4700   77.48554   -0.63373    0.00000   -0.63567    0.00000   -4.44449   -0.55460   -2.49955
          2       4800   79.30976   -0.63375    0.00000   -0.63567    0.00000   -4.44449   -0.55460   -2.49955
          2       4900   80.95182   -0.63377    0.00000   -0.63567    0.00000   -4.44449   -0.55460   -2.49955
          2       5000   82.66334   -0.63379    0.00000   -0.63567    0.00000   -4.44449   -0.55460   -2.49955
          2       5100   84.04652   -0.63381    0.00000   -0.63567    0.00000   -4.44449   -0.55460   -2.49955
          2       5200   86.24104   -0.63383    0.00000   -0.63567    0.00000   -4.44449   -0.55460   -2.49955
          2       5300   87.71635   -0.63384    0.00000   -0.63567    0.00000   -4.44449   -0.55460   -2.49955
          2       5400   89.30715   -0.63386    0.00000   -0.63567    0.00000   -4.44449   -0.55460   -2.49955
          2       5500   90.58090   -0.63388    0.00000   -0.63567    0.00000   -4.44449   -0.55460   -2.49955
          2       5600   91.63335   -0.63390    0.00000   -0.63567    0.00000   -4.44449   -0.55460   -2.49955
          2       5700   92.96074   -0.63391    0.00000   -0.63567    0.00000   -4.44449   -0.55460   -2.49955
          2       5800   94.54421   -0.63393    0.00000   -0.63567    0.00000   -4.44449   -0.55460   -2.49955
          2       5900   96.44845   -0.63394    0.00000   -0.63567    0.00000   -4.44449   -0.55460   -2.49955
          2       6000   97.65098   -0.63396    0.00000   -0.63567    0.00000   -4.44449   -0.55460   -2.49955
          2       6100   99.11804   -0.63397    0.00000   -0.63567    0.00000   -4.44449   -0.55460   -2.49955
          2       6200  100.84347   -0.63399    0.00000   -0.63567    0.00000   -4.44449   -0.55460   -2.49955
          2       6300  102.71098   -0.63400    0.00000   -0.63567    0.00000   -4.44449   -0.55460   -2.49955
          2       6400  105.08981   -0.63401    0.00000   -0.63567    0.00000   -4.44449   -0.55460   -2.49955
          2       6500  106.61206   -0.63403    0.00000   -0.63567    0.00000   -4.44449   -0.55460   -2.49955
          2       6600  108.39915   -0.63404    0.00000   -0.63567    0.00000   -4.44449   -0.55460   -2.49955
          2       6700  110.42229   -0.63405    0.00000   -0.63567    0.00000   -4.44449   -0.55460   -2.49955
          2       6800  111.93550   -0.63407    0.00000   -0.63567    0.00000   -4.44449   -0.55460   -2.49955
          2       6900  113.01477   -0.63408    0.00000   -0.63567    0.00000   -4.44449   -0.55460   -2.49955
          2       7000  114.64759   -0.63409    0.00000   -0.63567    0.00000   -4.44449   -0.55460   -2.49955
          2       7100  116.98370   -0.63410    0.00000   -0.63567    0.00000   -4.44449   -0.55460   -2.49955
          2       7200  118.39530   -0.63411    0.00000   -0.63567    0.00000   -4.44449   -0.55460   -2.49955
          2       7300  120.05974   -0.63412    0.00000   -0.63567    0.00000   -4.44449   -0.55460   -2.49955
          2       7400  121.80149   -0.63413    0.00000   -0.63567    0.00000   -4.44449   -0.55460   -2.49955
          2       7500  124.17289   -0.63415    0.00000   -0.63567    0.00000   -4.44449   -0.55460   -2.49955
          2       7600  125.84368   -0.63416    0.00000   -0.63567    0.00000   -4.44449   -0.55460   -2.49955
          2       7700  127.10772   -0.63417    0.00000   -0.63567    0.00000   -4.44449   -0.55460   -2.49955
          2       7800  128.76126   -0.63418    0.00000   -0.63567    0.00000   -4.44449   -0.55460   -2.49955
          2       7900  130.30620   -0.63419    0.00000   -0.63567    0.00000   -4.44449   -0.55460   -2.49955
          2       8000  131.11266   -0.63420    0.00000   -0.63567    0.00000   -4.44449   -0.55460   -2.49955
          2       8100  132.85920   -0.63420    0.00000   -0.63567    0.00000   -4.44449   -0.55460   -2.49955
          2       8200  134.44079   -0.63421    0.00000   -0.63567    0.00000   -4.44449   -0.55460   -2.49955
          2       8300  136.02472   -0.63422    0.00000   -0.63567    0.00000   -4.44449   -0.55460   -2.49955
          2       8400  138.15342   -0.63423    0.00000   -0.63567    0.00000   -4.44449   -0.55460   -2.49955
          2       8500  138.70182   -0.63424    0.00000   -0.63567    0.00000   -4.44449   -0.55460   -2.49955
          2       8600  140.66410   -0.63425    0.00000   -0.63567    0.00000   -4.44449   -0.55460   -2.49955
          2       8700  142.22371   -0.63426    0.00000   -0.63567    0.00000   -4.44449   -0.55460   -2.49955
          2       8800  143.68504   -0.63427    0.00000   -0.63567    0.00000   -4.44449   -0.55460   -2.49955
          2       8900  145.30889   -0.63427    0.00000   -0.63567    0.00000   -4.44449   -0.55460   -2.49955
          2       9000  146.92611   -0.63428    0.00000   -0.63567    0.00000   -4.44449   -0.55460   -2.49955
          2       9100  148.26872   -0.63429    0.00000   -0.63567    0.00000   -4.44449   -0.55460   -2.49955
          2       9200  149.69966   -0.63430    0.00000   -0.63567    0.00000   -4.44449   -0.55460   -2.49955
          2       9300  151.56725   -0.63431    0.00000   -0.63567    0.00000   -4.44449   -0.55460   -2.49955
          2       9400  153.03336   -0.63431    0.00000   -0.63567    0.00000   -4.44449   -0.55460   -2.49955
          2       9500  154.22576   -0.63432    0.00000   -0.63567    0.00000   -4.44449   -0.55460   -2.49955
          2       9600  155.66510   -0.63433    0.00000   -0.63567    0.00000   -4.44449   -0.55460   -2.49955
          2       9700  156.69910   -0.63434    0.00000   -0.63567    0.00000   -4.44449   -0.55460   -2.49955
          2       9800  158.81462   -0.63434    0.00000   -0.63567    0.00000   -4.44449   -0.55460   -2.49955
          2       9900  160.06624   -0.63435    0.00000   -0.63567    0.00000   -4.44449   -0.55460   -2.49955
          2      10000  161.21430   -0.63436    0.00000   -0.63567    0.00000   -4.44449   -0.55460   -2.49955
          2      10100  162.86198   -0.63436    0.00000   -0.63567    0.00000   -4.44449   -0.55460   -2.49955
          2      10200  164.66492   -0.63437    0.00000   -0.63567    0.00000   -4.44449   -0.55460   -2.49955
          2      10300  166.26431   -0.63438    0.00000   -0.63567    0.00000   -4.44449   -0.55460   -2.49955
          2      10400  167.84221   -0.63438    0.00000   -0.63567    0.00000   -4.44449   -0.55460   -2.49955
          2      10500  169.35726   -0.63439    0.00000   -0.63567    0.00000   -4.44449   -0.55460   -2.49955
          2      10600  170.94948   -0.63439    0.00000   -0.63567    0.00000   -4.44449   -0.55460   -2.49955
          2      10700  172.25142   -0.63440    0.00000   -0.63567    0.00000   -4.44449   -0.55460   -2.49955
          2      10800  174.48239   -0.63441    0.00000   -0.63567    0.00000   -4.44449   -0.55460   -2.49955
          2      10900  175.63776   -0.63441    0.00000   -0.63567    0.00000   -4.44449   -0.55460   -2.49955
          2      11000  177.28268   -0.63442    0.00000   -0.63567    0.00000   -4.44449   -0.55460   -2.49955
          2      11100  178.81687   -0.63442    0.00000   -0.63567    0.00000   -4.44449   -0.55460   -2.49955
          2      11200  180.40178   -0.63443    0.00000   -0.63567    0.00000   -4.44449   -0.55460   -2.49955
          2      11300  182.79364   -0.63444    0.00000   -0.63567    0.00000   -4.44449   -0.55460   -2.49955
          2      11400  184.15031   -0.63444    0.00000   -0.63567    0.00000   -4.44449   -0.55460   -2.49955
          2      11500  184.92680   -0.63445    0.00000   -0.63567    0.00000   -4.44449   -0.55460   -2.49955
          2      11600  186.70636   -0.63445    0.00000   -0.63567    0.00000   -4.44449   -0.55460   -2.49955
          2      11700  187.98246   -0.63446    0.00000   -0.63567    0.00000   -4.44449   -0.55460   -2.49955
          2      11800  189.86058   -0.63446    0.00000   -0.63567    0.00000   -4.44449   -0.55460   -2.49955
          2      11900  191.24955   -0.63447    0.00000   -0.63567    0.00000   -4.44449   -0.55460   -2.49955
          2      12000  192.95652   -0.63447    0.00000   -0.63567    0.00000   -4.44449   -0.55460   -2.49955
          2      12100  194.75190   -0.63448    0.00000   -0.63567    0.00000   -4.44449   -0.55460   -2.49955
          2      12200  196.61462   -0.63448    0.00000   -0.63567    0.00000   -4.44449   -0.55460   -2.49955
          2      12300  197.72250   -0.63449    0.00000   -0.63567    0.00000   -4.44449   -0.55460   -2.49955
          2      12400  199.81537   -0.63449    0.00000   -0.63567    0.00000   -4.44449   -0.55460   -2.49955
          2      12500  202.20894   -0.63450    0.00000   -0.63567    0.00000   -4.44449   -0.55460   -2.49955
          2      12600  203.75353   -0.63450    0.00000   -0.63567    0.00000   -4.44449   -0.55460   -2.49955
          2      12700  205.38104   -0.63451    0.00000   -0.63567    0.00000   -4.44449   -0.55460   -2.49955
          2      12800  207.04770   -0.63451    0.00000   -0.63567    0.00000   -4.44449   -0.55460   -2.49955
          2      12900  208.80270   -0.63452    0.00000   -0.63567    0.00000   -4.44449   -0.55460   -2.49955
          2      13000  210.39857   -0.63452    0.00000   -0.63567    0.00000   -4.44449   -0.55460   -2.49955
          2      13100  212.36452   -0.63453    0.00000   -0.63567    0.00000   -4.44449   -0.55460   -2.49955
          2      13200  213.91722   -0.63453    0.00000   -0.63567    0.00000   -4.44449   -0.55460   -2.49955
          2      13300  215.41457   -0.63454    0.00000   -0.63567    0.00000   -4.44449   -0.55460   -2.49955
          2      13400  217.00680   -0.63454    0.00000   -0.63567    0.00000   -4.44449   -0.55460   -2.49955
          2      13500  218.05670   -0.63454    0.00000   -0.63567    0.00000   -4.44449   -0.55460   -2.49955
          2      13600  219.84502   -0.63455    0.00000   -0.63567    0.00000   -4.44449   -0.55460   -2.49955
          2      13700  220.92765   -0.63455    0.00000   -0.63567    0.00000   -4.44449   -0.55460   -2.49955
          2      13800  222.36899   -0.63456    0.00000   -0.63567    0.00000   -4.44449   -0.55460   -2.49955
          2      13900  224.50746   -0.63456    0.00000   -0.63567    0.00000   -4.44449   -0.55460   -2.49955
          2      14000  226.64579   -0.63457    0.00000   -0.63567    0.00000   -4.44449   -0.55460   -2.49955
          2      14100  228.37374   -0.63457    0.00000   -0.63567    0.00000   -4.44449   -0.55460   -2.49955
          2      14200  229.87057   -0.63457    0.00000   -0.63567    0.00000   -4.44449   -0.55460   -2.49955
          2      14300  231.52552   -0.63458    0.00000   -0.63567    0.00000   -4.44449   -0.55460   -2.49955
          2      14400  232.73369   -0.63458    0.00000   -0.63567    0.00000   -4.44449   -0.55460   -2.49955
          2      14500  234.61150   -0.63458    0.00000   -0.63567    0.00000   -4.44449   -0.55460   -2.49955
          2      14600  236.17721   -0.63459    0.00000   -0.63567    0.00000   -4.44449   -0.55460   -2.49955
          2      14700  237.20999   -0.63459    0.00000   -0.63567    0.00000   -4.44449   -0.55460   -2.49955
          2      14800  239.19358   -0.63460    0.00000   -0.63567    0.00000   -4.44449   -0.55460   -2.49955
          2      14900  240.93316   -0.63460    0.00000   -0.63567    0.00000   -4.44449   -0.55460   -2.49955
          2      15000  242.46781   -0.63460    0.00000   -0.63567    0.00000   -4.44449   -0.55460   -2.49955
          2      15100  243.80694   -0.63461    0.00000   -0.63567    0.00000   -4.44449   -0.55460   -2.49955
          2      15200  245.37496   -0.63461    0.00000   -0.63567    0.00000   -4.44449   -0.55460   -2.49955
          2      15300  247.02365   -0.63461    0.00000   -0.63567    0.00000   -4.44449   -0.55460   -2.49955
          2      15400  248.82913   -0.63462    0.00000   -0.63567    0.00000   -4.44449   -0.55460   -2.49955
          2      15500  249.71203   -0.63462    0.00000   -0.63567    0.00000   -4.44449   -0.55460   -2.49955
          2      15600  251.73506   -0.63462    0.00000   -0.63567    0.00000   -4.44449   -0.55460   -2.49955
          2      15700  253.67933   -0.63463    0.00000   -0.63567    0.00000   -4.44449   -0.55460   -2.49955
          2      15800  255.35765   -0.63463    0.00000   -0.63567    0.00000   -4.44449   -0.55460   -2.49955
          2      15900  256.59735   -0.63464    0.00000   -0.63567    0.00000   -4.44449   -0.55460   -2.49955
          2      16000  258.46592   -0.63464    0.00000   -0.63567    0.00000   -4.44449   -0.55460   -2.49955
          2      16100  259.85647   -0.63464    0.00000   -0.63567    0.00000   -4.44449   -0.55460   -2.49955
          2      16200  261.06562   -0.63465    0.00000   -0.63567    0.00000   -4.44449   -0.55460   -2.49955
          2      16300  262.83297   -0.63465    0.00000   -0.63567    0.00000   -4.44449   -0.55460   -2.49955
          2      16400  264.64439   -0.63465    0.00000   -0.63567    0.00000   -4.44449   -0.55460   -2.49955
          2      16500  266.51879   -0.63465    0.00000   -0.63567    0.00000   -4.44449   -0.55460   -2.49955
          2      16600  268.41005   -0.63466    0.00000   -0.63567    0.00000   -4.44449   -0.55460   -2.49955
          2      16700  269.67613   -0.63466    0.00000   -0.63567    0.00000   -4.44449   -0.55460   -2.49955
          2      16800  271.37416   -0.63466    0.00000   -0.63567    0.00000   -4.44449   -0.55460   -2.49955
          2      16900  272.01403   -0.63467    0.00000   -0.63567    0.00000   -4.44449   -0.55460   -2.49955
          2      17000  273.62598   -0.63467    0.00000   -0.63567    0.00000   -4.44449   -0.55460   -2.49955
          2      17100  275.08837   -0.63467    0.00000   -0.63567    0.00000   -4.44449   -0.55460   -2.49955
          2      17200  276.93419   -0.63468    0.00000   -0.63567    0.00000   -4.44449   -0.55460   -2.49955
          2      17300  278.57843   -0.63468    0.00000   -0.63567    0.00000   -4.44449   -0.55460   -2.49955
          2      17400  280.04571   -0.63468    0.00000   -0.63567    0.00000   -4.44449   -0.55460   -2.49955
          2      17500  281.96427   -0.63468    0.00000   -0.63567    0.00000   -4.44449   -0.55460   -2.49955
          2      17600  283.42960   -0.63469    0.00000   -0.63568    0.00000   -4.44449   -0.55460   -2.49955
          2      17700  284.77634   -0.63469    0.00000   -0.63568    0.00000   -4.44449   -0.55460   -2.49955
          2      17800  286.23692   -0.63469    0.00000   -0.63568    0.00000   -4.44449   -0.55460   -2.49955
          2      17900  288.22187   -0.63470    0.00000   -0.63568    0.00000   -4.44449   -0.55460   -2.49955
          2      18000  289.45656   -0.63470    0.00000   -0.63568    0.00000   -4.44449   -0.55460   -2.49955
          2      18100  290.60885   -0.63470    0.00000   -0.63568    0.00000   -4.44449   -0.55460   -2.49955
          2      18200  292.54396   -0.63470    0.00000   -0.63568    0.00000   -4.44449   -0.55460   -2.49955
          2      18300  294.55170   -0.63471    0.00000   -0.63568    0.00000   -4.44449   -0.55460   -2.49955
          2      18400  295.70647   -0.63471    0.00000   -0.63568    0.00000   -4.44449   -0.55460   -2.49955
          2      18500  296.83306   -0.63471    0.00000   -0.63568    0.00000   -4.44449   -0.55460   -2.49955
          2      18600  298.06335   -0.63472    0.00000   -0.63568    0.00000   -4.44449   -0.55460   -2.49955
          2      18700  299.61871   -0.63472    0.00000   -0.63568    0.00000   -4.44449   -0.55460   -2.49955
          2      18800  300.76838   -0.63472    0.00000   -0.63568    0.00000   -4.44449   -0.55460   -2.49955
          2      18900  301.91530   -0.63472    0.00000   -0.63568    0.00000   -4.44449   -0.55460   -2.49955
          2      19000  303.49291   -0.63473    0.00000   -0.63568    0.00000   -4.44449   -0.55460   -2.49955
          2      19100  305.00650   -0.63473    0.00000   -0.63568    0.00000   -4.44449   -0.55460   -2.49955
          2      19200  306.46205   -0.63473    0.00000   -0.63568    0.00000   -4.44449   -0.55460   -2.49955
          2      19300  308.08899   -0.63473    0.00000   -0.63568    0.00000   -4.44449   -0.55460   -2.49955
          2      19400  309.54160   -0.63474    0.00000   -0.63568    0.00000   -4.44449   -0.55460   -2.49955
          2      19500  310.97558   -0.63474    0.00000   -0.63568    0.00000   -4.44449   -0.55460   -2.49955
          2      19600  313.03123   -0.63474    0.00000   -0.63568    0.00000   -4.44449   -0.55460   -2.49955
          2      19700  314.77820   -0.63474    0.00000   -0.63568    0.00000   -4.44449   -0.55460   -2.49955
          2      19800  315.97890   -0.63475    0.00000   -0.63568    0.00000   -4.44449   -0.55460   -2.49955
          2      19900  317.38972   -0.63475    0.00000   -0.63568    0.00000   -4.44449   -0.55460   -2.49955
          2      20000  319.18682   -0.63475    0.00000   -0.63568    0.00000   -4.44449   -0.55460   -2.49955
          2      20100  321.29795   -0.63475    0.00000   -0.63568    0.00000   -4.44449   -0.55460   -2.49955
          2      20200  322.97830   -0.63475    0.00000   -0.63568    0.00000   -4.44449   -0.55460   -2.49955
          2      20300  323.63355   -0.63476    0.00000   -0.63568    0.00000   -4.44449   -0.55460   -2.49955
          2      20400  325.02525   -0.63476    0.00000   -0.63568    0.00000   -4.44449   -0.55460   -2.49955
          2      20500  326.95364   -0.63476    0.00000   -0.63568    0.00000   -4.44449   -0.55460   -2.49955
          2      20600  328.89025   -0.63476    0.00000   -0.63568    0.00000   -4.44449   -0.55460   -2.49955
          2      20700  330.21929   -0.63477    0.00000   -0.63568    0.00000   -4.44449   -0.55460   -2.49955
          2      20800  331.76579   -0.63477    0.00000   -0.63568    0.00000   -4.44449   -0.55460   -2.49955
          2      20900  333.84198   -0.63477    0.00000   -0.63568    0.00000   -4.44449   -0.55460   -2.49955
          2      21000  335.82196   -0.63477    0.00000   -0.63568    0.00000   -4.44449   -0.55460   -2.49955
          2      21100  337.32646   -0.63478    0.00000   -0.63568    0.00000   -4.44449   -0.55460   -2.49955
          2      21200  338.69804   -0.63478    0.00000   -0.63568    0.00000   -4.44449   -0.55460   -2.49955
          2      21300  340.62802   -0.63478    0.00000   -0.63568    0.00000   -4.44449   -0.55460   -2.49955
          2      21400  341.28096   -0.63478    0.00000   -0.63568    0.00000   -4.44449   -0.55460   -2.49955
          2      21500  342.80008   -0.63478    0.00000   -0.63568    0.00000   -4.44449   -0.55460   -2.49955
          2      21600  344.08790   -0.63479    0.00000   -0.63568    0.00000   -4.44449   -0.55460   -2.49955
          2      21700  345.30564   -0.63479    0.00000   -0.63568    0.00000   -4.44449   -0.55460   -2.49955
          2      21800  346.84467   -0.63479    0.00000   -0.63568    0.00000   -4.44449   -0.55460   -2.49955
          2      21900  348.18076   -0.63479    0.00000   -0.63568    0.00000   -4.44449   -0.55460   -2.49955
          2      22000  349.58574   -0.63479    0.00000   -0.63568    0.00000   -4.44449   -0.55460   -2.49955
          2      22100  351.28446   -0.63480    0.00000   -0.63568    0.00000   -4.44449   -0.55460   -2.49955
          2      22200  352.77630   -0.63480    0.00000   -0.63568    0.00000   -4.44449   -0.55460   -2.49955
          2      22300  354.42700   -0.63480    0.00000   -0.63568    0.00000   -4.44449   -0.55460   -2.49955
          2      22400  356.05783   -0.63480    0.00000   -0.63568    0.00000   -4.44449   -0.55460   -2.49955
          2      22500  357.62916   -0.63480    0.00000   -0.63568    0.00000   -4.44449   -0.55460   -2.49955
          2      22600  359.66736   -0.63481    0.00000   -0.63568    0.00000   -4.44449   -0.55460   -2.49955
          2      22700  361.67508   -0.63481    0.00000   -0.63568    0.00000   -4.44449   -0.55460   -2.49955
          2      22800  363.33559   -0.63481    0.00000   -0.63568    0.00000   -4.44449   -0.55460   -2.49955
          2      22900  364.92719   -0.63481    0.00000   -0.63568    0.00000   -4.44449   -0.55460   -2.49955
          2      23000  366.46065   -0.63481    0.00000   -0.63568    0.00000   -4.44449   -0.55460   -2.49955
          2      23100  368.11963   -0.63482    0.00000   -0.63568    0.00000   -4.44449   -0.55460   -2.49955
          2      23200  369.55326   -0.63482    0.00000   -0.63568    0.00000   -4.44449   -0.55460   -2.49955
          2      23300  371.25692   -0.63482    0.00000   -0.63568    0.00000   -4.44449   -0.55460   -2.49955
          2      23400  372.84477   -0.63482    0.00000   -0.63568    0.00000   -4.44449   -0.55460   -2.49955
          2      23500  373.29514   -0.63482    0.00000   -0.63568    0.00000   -4.44449   -0.55460   -2.49955
          2      23600  374.57041   -0.63482    0.00000   -0.63568    0.00000   -4.44449   -0.55460   -2.49955
          2      23700  375.92717   -0.63483    0.00000   -0.63568    0.00000   -4.44449   -0.55460   -2.49955
          2      23800  378.60470   -0.63483    0.00000   -0.63568    0.00000   -4.44449   -0.55460   -2.49955
          2      23900  379.85707   -0.63483    0.00000   -0.63568    0.00000   -4.44449   -0.55460   -2.49955
          2      24000  381.57401   -0.63483    0.00000   -0.63568    0.00000   -4.44449   -0.55460   -2.49955
          2      24100  383.96847   -0.63483    0.00000   -0.63568    0.00000   -4.44449   -0.55460   -2.49955
          2      24200  385.17457   -0.63484    0.00000   -0.63568    0.00000   -4.44449   -0.55460   -2.49955
          2      24300  386.93228   -0.63484    0.00000   -0.63568    0.00000   -4.44449   -0.55460   -2.49955
          2      24400  388.53609   -0.63484    0.00000   -0.63568    0.00000   -4.44449   -0.55460   -2.49955
          2      24500  390.17729   -0.63484    0.00000   -0.63568    0.00000   -4.44449   -0.55460   -2.49955
          2      24600  392.10913   -0.63484    0.00000   -0.63568    0.00000   -4.44449   -0.55460   -2.49955
          2      24700  393.62334   -0.63484    0.00000   -0.63568    0.00000   -4.44449   -0.55460   -2.49955
          2      24800  395.43298   -0.63485    0.00000   -0.63568    0.00000   -4.44449   -0.55460   -2.49955
          2      24900  396.95385   -0.63485    0.00000   -0.63568    0.00000   -4.44449   -0.55460   -2.49955
          2      25000  398.29259   -0.63485    0.00000   -0.63568    0.00000   -4.44449   -0.55460   -2.49955
          2      25100  400.01568   -0.63485    0.00000   -0.63568    0.00000   -4.44449   -0.55460   -2.49955
          2      25200  401.72397   -0.63485    0.00000   -0.63568    0.00000   -4.44449   -0.55460   -2.49955
          2      25300  403.61549   -0.63485    0.00000   -0.63568    0.00000   -4.44449   -0.55460   -2.49955
          2      25400  404.99916   -0.63486    0.00000   -0.63568    0.00000   -4.44449   -0.55460   -2.49955
          2      25500  406.30145   -0.63486    0.00000   -0.63568    0.00000   -4.44449   -0.55460   -2.49955
          2      25600  407.66390   -0.63486    0.00000   -0.63568    0.00000   -4.44449   -0.55460   -2.49955
          2      25700  409.47499   -0.63486    0.00000   -0.63568    0.00000   -4.44449   -0.55460   -2.49955
          2      25800  411.19681   -0.63486    0.00000   -0.63568    0.00000   -4.44449   -0.55460   -2.49955
          2      25900  412.74435   -0.63486    0.00000   -0.63568    0.00000   -4.44449   -0.55460   -2.49955
          2      26000  414.07889   -0.63487    0.00000   -0.63568    0.00000   -4.44449   -0.55460   -2.49955
          2      26100  415.82296   -0.63487    0.00000   -0.63568    0.00000   -4.44449   -0.55460   -2.49955
          2      26200  418.37483   -0.63487    0.00000   -0.63568    0.00000   -4.44449   -0.55460   -2.49955
          2      26300  420.07719   -0.63487    0.00000   -0.63568    0.00000   -4.44449   -0.55460   -2.49955
          2      26400  421.60997   -0.63487    0.00000   -0.63568    0.00000   -4.44449   -0.55460   -2.49955
          2      26500  423.52030   -0.63487    0.00000   -0.63568    0.00000   -4.44449   -0.55460   -2.49955
          2      26600  424.81420   -0.63488    0.00000   -0.63568    0.00000   -4.44449   -0.55460   -2.49955
          2      26700  426.10180   -0.63488    0.00000   -0.63568    0.00000   -4.44449   -0.55460   -2.49955
          2      26800  428.43874   -0.63488    0.00000   -0.63568    0.00000   -4.44449   -0.55460   -2.49955
          2      26900  430.16930   -0.63488    0.00000   -0.63568    0.00000   -4.44449   -0.55460   -2.49955
          2      27000  431.54318   -0.63488    0.00000   -0.63568    0.00000   -4.44449   -0.55460   -2.49955
          2      27100  432.82105   -0.63488    0.00000   -0.63568    0.00000   -4.44449   -0.55460   -2.49955
          2      27200  433.91926   -0.63488    0.00000   -0.63568    0.00000   -4.44449   -0.55460   -2.49955
          2      27300  436.25293   -0.63489    0.00000   -0.63568    0.00000   -4.44449   -0.55460   -2.49955
          2      27400  437.54151   -0.63489    0.00000   -0.63568    0.00000   -4.44449   -0.55460   -2.49955
          2      27500  439.31934   -0.63489    0.00000   -0.63568    0.00000   -4.44449   -0.55460   -2.49955
          2      27600  440.65115   -0.63489    0.00000   -0.63568    0.00000   -4.44449   -0.55460   -2.49955
          2      27700  442.72457   -0.63489    0.00000   -0.63568    0.00000   -4.44449   -0.55460   -2.49955
          2      27800  443.99562   -0.63489    0.00000   -0.63568    0.00000   -4.44449   -0.55460   -2.49955
          2      27900  445.91414   -0.63489    0.00000   -0.63568    0.00000   -4.44449   -0.55460   -2.49955
          2      28000  447.37737   -0.63490    0.00000   -0.63568    0.00000   -4.44449   -0.55460   -2.49955
          2      28100  449.33400   -0.63490    0.00000   -0.63568    0.00000   -4.44449   -0.55460   -2.49955
          2      28200  450.55474   -0.63490    0.00000   -0.63568    0.00000   -4.44449   -0.55460   -2.49955
          2      28300  451.76547   -0.63490    0.00000   -0.63568    0.00000   -4.44449   -0.55460   -2.49955
          2      28400  453.53699   -0.63490    0.00000   -0.63568    0.00000   -4.44449   -0.55460   -2.49955
          2      28500  455.26061   -0.63490    0.00000   -0.63568    0.00000   -4.44449   -0.55460   -2.49955
          2      28600  456.94103   -0.63490    0.00000   -0.63568    0.00000   -4.44449   -0.55460   -2.49955
          2      28700  458.73610   -0.63491    0.00000   -0.63568    0.00000   -4.44449   -0.55460   -2.49955
          2      28800  460.93253   -0.63491    0.00000   -0.63568    0.00000   -4.44449   -0.55460   -2.49955
          2      28900  462.05658   -0.63491    0.00000   -0.63568    0.00000   -4.44449   -0.55460   -2.49955
          2      29000  463.72972   -0.63491    0.00000   -0.63568    0.00000   -4.44449   -0.55460   -2.49955
          2      29100  465.71025   -0.63491    0.00000   -0.63568    0.00000   -4.44449   -0.55460   -2.49955
          2      29200  466.28188   -0.63491    0.00000   -0.63568    0.00000   -4.44449   -0.55460   -2.49955
          2      29300  467.65736   -0.63491    0.00000   -0.63568    0.00000   -4.44449   -0.55460   -2.49955
          2      29400  469.07780   -0.63491    0.00000   -0.63568    0.00000   -4.44449   -0.55460   -2.49955
          2      29500  470.88175   -0.63492    0.00000   -0.63568    0.00000   -4.44449   -0.55460   -2.49955
          2      29600  472.27418   -0.63492    0.00000   -0.63568    0.00000   -4.44449   -0.55460   -2.49955
          2      29700  474.13311   -0.63492    0.00000   -0.63568    0.00000   -4.44449   -0.55460   -2.49955
          2      29800  475.91808   -0.63492    0.00000   -0.63568    0.00000   -4.44449   -0.55460   -2.49955
          2      29900  477.28781   -0.63492    0.00000   -0.63568    0.00000   -4.44449   -0.55460   -2.49955
          2      30000  478.97098   -0.63492    0.00000   -0.63568    0.00000   -4.44449   -0.55460   -2.49955
          2      30100  480.22088   -0.63492    0.00000   -0.63568    0.00000   -4.44449   -0.55460   -2.49955
          2      30200  482.10581   -0.63493    0.00000   -0.63568    0.00000   -4.44449   -0.55460   -2.49955
          2      30300  484.45334   -0.63493    0.00000   -0.63568    0.00000   -4.44449   -0.55460   -2.49955
          2      30400  486.14323   -0.63493    0.00000   -0.63568    0.00000   -4.44449   -0.55460   -2.49955
          2      30500  487.50146   -0.63493    0.00000   -0.63568    0.00000   -4.44449   -0.55460   -2.49955
          2      30600  488.98010   -0.63493    0.00000   -0.63568    0.00000   -4.44449   -0.55460   -2.49955
          2      30700  490.40750   -0.63493    0.00000   -0.63568    0.00000   -4.44449   -0.55460   -2.49955
          2      30800  491.91645   -0.63493    0.00000   -0.63568    0.00000   -4.44449   -0.55460   -2.49955
          2      30900  493.43938   -0.63493    0.00000   -0.63568    0.00000   -4.44449   -0.55460   -2.49955
          2      31000  495.47725   -0.63494    0.00000   -0.63568    0.00000   -4.44449   -0.55460   -2.49955
          2      31100  496.69463   -0.63494    0.00000   -0.63568    0.00000   -4.44449   -0.55460   -2.49955
          2      31200  498.20969   -0.63494    0.00000   -0.63568    0.00000   -4.44449   -0.55460   -2.49955
          2      31300  499.49408   -0.63494    0.00000   -0.63568    0.00000   -4.44449   -0.55460   -2.49955
          2      31400  501.10519   -0.63494    0.00000   -0.63568    0.00000   -4.44449   -0.55460   -2.49955
          2      31500  502.64889   -0.63494    0.00000   -0.63568    0.00000   -4.44449   -0.55460   -2.49955
          2      31600  504.14251   -0.63494    0.00000   -0.63568    0.00000   -4.44449   -0.55460   -2.49955
          2      31700  506.13804   -0.63494    0.00000   -0.63568    0.00000   -4.44449   -0.55460   -2.49955
          2      31800  508.02279   -0.63494    0.00000   -0.63568    0.00000   -4.44449   -0.55460   -2.49955
          2      31900  509.30123   -0.63495    0.00000   -0.63568    0.00000   -4.44449   -0.55460   -2.49955
          2      32000  510.98454   -0.63495    0.00000   -0.63568    0.00000   -4.44449   -0.55460   -2.49955
          2      32100  512.18285   -0.63495    0.00000   -0.63568    0.00000   -4.44449   -0.55460   -2.49955
          2      32200  514.20137   -0.63495    0.00000   -0.63568    0.00000   -4.44449   -0.55460   -2.49955
          2      32300  515.84993   -0.63495    0.00000   -0.63568    0.00000   -4.44449   -0.55460   -2.49955
          2      32400  517.40165   -0.63495    0.00000   -0.63568    0.00000   -4.44449   -0.55460   -2.49955
          2      32500  518.88401   -0.63495    0.00000   -0.63568    0.00000   -4.44449   -0.55460   -2.49955
          2      32600  520.62056   -0.63495    0.00000   -0.63568    0.00000   -4.44449   -0.55460   -2.49955
          2      32700  521.88224   -0.63495    0.00000   -0.63568    0.00000   -4.44449   -0.55460   -2.49955
          2      32800  523.16145   -0.63496    0.00000   -0.63568    0.00000   -4.44449   -0.55460   -2.49955
          2      32900  524.52562   -0.63496    0.00000   -0.63568    0.00000   -4.44449   -0.55460   -2.49955
          2      33000  526.13472   -0.63496    0.00000   -0.63568    0.00000   -4.44449   -0.55460   -2.49955
          2      33100  527.67053   -0.63496    0.00000   -0.63568    0.00000   -4.44449   -0.55460   -2.49955
          2      33200  529.33777   -0.63496    0.00000   -0.63568    0.00000   -4.44449   -0.55460   -2.49955
          2      33300  531.30982   -0.63496    0.00000   -0.63568    0.00000   -4.44449   -0.55460   -2.49955
          2      33400  533.30553   -0.63496    0.00000   -0.63568    0.00000   -4.44449   -0.55460   -2.49955
          2      33500  534.68681   -0.63496    0.00000   -0.63568    0.00000   -4.44449   -0.55460   -2.49955
          2      33600  536.60907   -0.63496    0.00000   -0.63568    0.00000   -4.44449   -0.55460   -2.49955
          2      33700  538.03900   -0.63497    0.00000   -0.63568    0.00000   -4.44449   -0.55460   -2.49955
          2      33800  539.60025   -0.63497    0.00000   -0.63568    0.00000   -4.44449   -0.55460   -2.49955
          2      33900  540.95059   -0.63497    0.00000   -0.63568    0.00000   -4.44449   -0.55460   -2.49955
          2      34000  542.38537   -0.63497    0.00000   -0.63568    0.00000   -4.44449   -0.55460   -2.49955
          2      34100  544.21662   -0.63497    0.00000   -0.63568    0.00000   -4.44449   -0.55460   -2.49955
          2      34200  545.88957   -0.63497    0.00000   -0.63568    0.00000   -4.44449   -0.55460   -2.49955
          2      34300  547.37436   -0.63497    0.00000   -0.63568    0.00000   -4.44449   -0.55460   -2.49955
          2      34400  548.26978   -0.63497    0.00000   -0.63568    0.00000   -4.44449   -0.55460   -2.49955
          2      34500  549.79672   -0.63497    0.00000   -0.63568    0.00000   -4.44449   -0.55460   -2.49955
          2      34600  551.49651   -0.63498    0.00000   -0.63568    0.00000   -4.44449   -0.55460   -2.49955
          2      34700  553.00728   -0.63498    0.00000   -0.63568    0.00000   -4.44449   -0.55460   -2.49955
          2      34800  554.75261   -0.63498    0.00000   -0.63568    0.00000   -4.44449   -0.55460   -2.49955
          2      34900  556.90357   -0.63498    0.00000   -0.63568    0.00000   -4.44449   -0.55460   -2.49955
          2      35000  558.78161   -0.63498    0.00000   -0.63568    0.00000   -4.44449   -0.55460   -2.49955
          2      35100  560.79832   -0.63498    0.00000   -0.63568    0.00000   -4.44449   -0.55460   -2.49955
          2      35200  562.63628   -0.63498    0.00000   -0.63568    0.00000   -4.44449   -0.55460   -2.49955
          2      35300  564.88774   -0.63498    0.00000   -0.63568    0.00000   -4.44449   -0.55460   -2.49955
          2      35400  566.71193   -0.63498    0.00000   -0.63568    0.00000   -4.44449   -0.55460   -2.49955
          2      35500  568.11181   -0.63498    0.00000   -0.63568    0.00000   -4.44449   -0.55460   -2.49955
          2      35600  569.91211   -0.63499    0.00000   -0.63568    0.00000   -4.44449   -0.55460   -2.49955
          2      35700  571.49611   -0.63499    0.00000   -0.63568    0.00000   -4.44449   -0.55460   -2.49955
          2      35800  572.98170   -0.63499    0.00000   -0.63568    0.00000   -4.44449   -0.55460   -2.49955
          2      35900  574.43637   -0.63499    0.00000   -0.63568    0.00000   -4.44449   -0.55460   -2.49955
          2      36000  576.06121   -0.63499    0.00000   -0.63568    0.00000   -4.44449   -0.55460   -2.49955
          2      36100  578.17583   -0.63499    0.00000   -0.63568    0.00000   -4.44449   -0.55460   -2.49955
          2      36200  579.49048   -0.63499    0.00000   -0.63568    0.00000   -4.44449   -0.55460   -2.49955
          2      36300  580.77797   -0.63499    0.00000   -0.63568    0.00000   -4.44449   -0.55460   -2.49955
          2      36400  581.76746   -0.63499    0.00000   -0.63568    0.00000   -4.44449   -0.55460   -2.49955
          2      36500  583.32941   -0.63499    0.00000   -0.63568    0.00000   -4.44449   -0.55460   -2.49955
          2      36600  584.97234   -0.63500    0.00000   -0.63568    0.00000   -4.44449   -0.55460   -2.49955
          2      36700  586.61680   -0.63500    0.00000   -0.63568    0.00000   -4.44449   -0.55460   -2.49955
          2      36800  588.49767   -0.63500    0.00000   -0.63568    0.00000   -4.44449   -0.55460   -2.49955
          2      36900  590.29998   -0.63500    0.00000   -0.63568    0.00000   -4.44449   -0.55460   -2.49955
          2      37000  591.48331   -0.63500    0.00000   -0.63568    0.00000   -4.44449   -0.55460   -2.49955
          2      37100  593.57919   -0.63500    0.00000   -0.63568    0.00000   -4.44449   -0.55460   -2.49955
          2      37200  594.88205   -0.63500    0.00000   -0.63568    0.00000   -4.44449   -0.55460   -2.49955
          2      37300  596.88267   -0.63500    0.00000   -0.63568    0.00000   -4.44449   -0.55460   -2.49955
          2      37400  598.10942   -0.63500    0.00000   -0.63568    0.00000   -4.44449   -0.55460   -2.49955
          2      37500  599.94807   -0.63500    0.00000   -0.63568    0.00000   -4.44449   -0.55460   -2.49955
          2      37507  600.00717   -0.63500    0.00000   -0.63568    0.00000   -4.44449   -0.55460   -2.49955
