          1          0    0.34674   -0.98912    0.00000   -0.98912    0.00000
          1        100   87.55080   -1.00740    0.00000   -1.00855    0.00000
          1        200  184.21176   -1.00788    0.00000   -1.00872    0.00000
          1        300  276.52307   -1.00809    0.00000   -1.00879    0.00000
          1        400  367.64226   -1.00822    0.00000   -1.00883    0.00000
          1        500  461.20248   -1.00830    0.00000   -1.00886    0.00000
          1        600  552.58819   -1.00837    0.00000   -1.00888    0.00000
          1        700  650.81423   -1.00842    0.00000   -1.00889    0.00000
          1        800  744.10336   -1.00846    0.00000   -1.00891    0.00000
          1        900  836.27695   -1.00849    0.00000   -1.00892    0.00000
          1       1000  942.34120   -1.00852    0.00000   -1.00893    0.00000
          1       1100 1052.45090   -1.00854    0.00000   -1.00893    0.00000
          1       1200 1147.19846   -1.00856    0.00000   -1.00894    0.00000
          1       1300 1243.34011   -1.00858    0.00000   -1.00895    0.00000
          1       1400 1348.63721   -1.00860    0.00000   -1.00895    0.00000
          1       1500 1436.65277   -1.00861    0.00000   -1.00896    0.00000
          1       1600 1524.95500   -1.00863    0.00000   -1.00896    0.00000
          1       1700 1615.15127   -1.00864    0.00000   -1.00896    0.00000
          1       1800 1712.63581   -1.00865    0.00000   -1.00897    0.00000
          1       1900 1806.75506   -1.00866    0.00000   -1.00897    0.00000
          1       2000 1903.24841   -1.00867    0.00000   -1.00897    0.00000
          1       2100 1992.53975   -1.00868    0.00000   -1.00897    0.00000
          1       2200 2087.96319   -1.00869    0.00000   -1.00898    0.00000
          1       2300 2179.24270   -1.00870    0.00000   -1.00898    0.00000
          1       2400 2265.80251   -1.00870    0.00000   -1.00898    0.00000
          1       2500 2362.54314   -1.00871    0.00000   -1.00898    0.00000
          1       2600 2455.63607   -1.00872    0.00000   -1.00898    0.00000
          1       2700 2552.25840   -1.00872    0.00000   -1.00899    0.00000
          1       2800 2653.66994   -1.00873    0.00000   -1.00899    0.00000
          1       2900 2748.34581   -1.00874    0.00000   -1.00899    0.00000
          1       3000 2839.59005   -1.00874    0.00000   -1.00899    0.00000
          1       3100 2932.79559   -1.00875    0.00000   -1.00899    0.00000
          1       3200 3026.08812   -1.00875    0.00000   -1.00899    0.00000
          1       3300 3123.18648   -1.00876    0.00000   -1.00900    0.00000
          1       3400 3217.73612   -1.00876    0.00000   -1.00900    0.00000
          1       3500 3306.99141   -1.00876    0.00000   -1.00900    0.00000
          1       3600 3394.32634   -1.00877    0.00000   -1.00900    0.00000
          1       3700 3483.37824   -1.00877    0.00000   -1.00900    0.00000
          1       3800 3572.30490   -1.00878    0.00000   -1.00900    0.00000
          1       3829 3601.01064   -1.00878    0.00000   -1.00901    0.00000
