          1          0    0.00000   -0.64083    0.00000   -0.64083    0.00000   -4.66288    4.66288    0.00000
          1          1    0.02185   -0.53739    0.00000   -0.48306    0.00000   -4.66288   -0.53739    0.00000
          2          0    0.02185   -0.22714    0.00000   -0.48306    0.00000   -4.66288   -0.53739   -2.60013
          2        100    2.39817   -0.65165    0.00000   -0.66407    0.00000   -4.66288   -0.53739   -2.60013
          2        200    3.58137   -0.65807    0.00000   -0.66816    0.00000   -4.66288   -0.53739   -2.60013
          2        300    5.08718   -0.66068    0.00000   -0.67041    0.00000   -4.66288   -0.53739   -2.60013
          2        400    6.60897   -0.66217    0.00000   -0.67050    0.00000   -4.66288   -0.53739   -2.60013
          2        500    8.26091   -0.66315    0.00000   -0.67052    0.00000   -4.66288   -0.53739   -2.60013
          2        600    9.75653   -0.66387    0.00000   -0.67054    0.00000   -4.66288   -0.53739   -2.60013
          2        700   12.00688   -0.66441    0.00000   -0.67055    0.00000   -4.66288   -0.53739   -2.60013
          2        800   13.19185   -0.66485    0.00000   -0.67056    0.00000   -4.66288   -0.53739   -2.60013
          2        900   15.20973   -0.66520    0.00000   -0.67057    0.00000   -4.66288   -0.53739   -2.60013
          2       1000   16.56619   -0.66550    0.00000   -0.67058    0.00000   -4.66288   -0.53739   -2.60013
          2       1100   18.12325   -0.66576    0.00000   -0.67058    0.00000   -4.66288   -0.53739   -2.60013
          2       1200   19.70957   -0.66598    0.00000   -0.67059    0.00000   -4.66288   -0.53739   -2.60013
          2       1300   21.94961   -0.66617    0.00000   -0.67059    0.00000   -4.66288   -0.53739   -2.60013
          2       1400   23.38494   -0.66634    0.00000   -0.67059    0.00000   -4.66288   -0.53739   -2.60013
          2       1500   25.16631   -0.66650    0.00000   -0.67059    0.00000   -4.66288   -0.53739   -2.60013
          2       1600   26.48956   -0.66664    0.00000   -0.67060    0.00000   -4.66288   -0.53739   -2.60013
          2       1700   28.37411   -0.66676    0.00000   -0.67060    0.00000   -4.66288   -0.53739   -2.60013
          2       1800   29.91142   -0.66688    0.00000   -0.67060    0.00000   -4.66288   -0.53739   -2.60013
          2       1900   31.46759   -0.66698    0.00000   -0.67060    0.00000   -4.66288   -0.53739   -2.60013
          2       2000   32.99160   -0.66708    0.00000   -0.67060    0.00000   -4.66288   -0.53739   -2.60013
          2       2100   34.48416   -0.66717    0.00000   -0.67060    0.00000   -4.66288   -0.53739   -2.60013
          2       2200   35.83949   -0.66725    0.00000   -0.67061    0.00000   -4.66288   -0.53739   -2.60013
          2       2300   37.33549   -0.66733    0.00000   -0.67061    0.00000   -4.66288   -0.53739   -2.60013
          2       2400   38.80952   -0.66740    0.00000   -0.67061    0.00000   -4.66288   -0.53739   -2.60013
          2       2500   40.24996   -0.66747    0.00000   -0.67061    0.00000   -4.66288   -0.53739   -2.60013
          2       2600   41.48685   -0.66753    0.00000   -0.67061    0.00000   -4.66288   -0.53739   -2.60013
          2       2700   42.60443   -0.66759    0.00000   -0.67061    0.00000   -4.66288   -0.53739   -2.60013
          2       2800   44.78090   -0.66765    0.00000   -0.67061    0.00000   -4.66288   -0.53739   -2.60013
          2       2900   46.60532   -0.66770    0.00000   -0.67061    0.00000   -4.66288   -0.53739   -2.60013
          2       3000   48.14659   -0.66776    0.00000   -0.67061    0.00000   -4.66288   -0.53739   -2.60013
          2       3100   48.92409   -0.66780    0.00000   -0.67061    0.00000   -4.66288   -0.53739   -2.60013
          2       3200   50.63134   -0.66785    0.00000   -0.67061    0.00000   -4.66288   -0.53739   -2.60013
          2       3300   52.10873   -0.66789    0.00000   -0.67061    0.00000   -4.66288   -0.53739   -2.60013
          2       3400   54.19166   -0.66794    0.00000   -0.67061    0.00000   -4.66288   -0.53739   -2.60013
          2       3500   55.45296   -0.66798    0.00000   -0.67061    0.00000   -4.66288   -0.53739   -2.60013
          2       3600   56.99384   -0.66801    0.00000   -0.67061    0.00000   -4.66288   -0.53739   -2.60013
          2       3700   58.71106   -0.66805    0.00000   -0.67061    0.00000   -4.66288   -0.53739   -2.60013
          2       3800   59.55569   -0.66809    0.00000   -0.67061    0.00000   -4.66288   -0.53739   -2.60013
          2       3900   60.68797   -0.66812    0.00000   -0.67061    0.00000   -4.66288   -0.53739   -2.60013
          2       4000   62.21930   -0.66815    0.00000   -0.67061    0.00000   -4.66288   -0.53739   -2.60013
          2       4100   63.58335   -0.66818    0.00000   -0.67061    0.00000   -4.66288   -0.53739   -2.60013
          2       4200   65.20848   -0.66821    0.00000   -0.67062    0.00000   -4.66288   -0.53739   -2.60013
          2       4300   66.89958   -0.66824    0.00000   -0.67062    0.00000   -4.66288   -0.53739   -2.60013
          2       4400   68.17382   -0.66827    0.00000   -0.67062    0.00000   -4.66288   -0.53739   -2.60013
          2       4500   70.17462   -0.66830    0.00000   -0.67062    0.00000   -4.66288   -0.53739   -2.60013
          2       4600   71.78851   -0.66833    0.00000   -0.67062    0.00000   -4.66288   -0.53739   -2.60013
          2       4700   73.30571   -0.66835    0.00000   -0.67062    0.00000   -4.66288   -0.53739   -2.60013
          2       4800   74.94363   -0.66838    0.00000   -0.67062    0.00000   -4.66288   -0.53739   -2.60013
          2       4900   76.51517   -0.66840    0.00000   -0.67062    0.00000   -4.66288   -0.53739   -2.60013
          2       5000   78.57828   -0.66842    0.00000   -0.67062    0.00000   -4.66288   -0.53739   -2.60013
          2       5100   80.23746   -0.66844    0.00000   -0.67062    0.00000   -4.66288   -0.53739   -2.60013
          2       5200   82.67193   -0.66847    0.00000   -0.67062    0.00000   -4.66288   -0.53739   -2.60013
          2       5300   83.39550   -0.66849    0.00000   -0.67062    0.00000   -4.66288   -0.53739   -2.60013
          2       5400   85.34451   -0.66851    0.00000   -0.67062    0.00000   -4.66288   -0.53739   -2.60013
          2       5500   86.78387   -0.66853    0.00000   -0.67062    0.00000   -4.66288   -0.53739   -2.60013
          2       5600   87.98670   -0.66855    0.00000   -0.67062    0.00000   -4.66288   -0.53739   -2.60013
          2       5700   89.27244   -0.66857    0.00000   -0.67062    0.00000   -4.66288   -0.53739   -2.60013
          2       5800   89.91797   -0.66858    0.00000   -0.67062    0.00000   -4.66288   -0.53739   -2.60013
          2       5900   91.21502   -0.66860    0.00000   -0.67062    0.00000   -4.66288   -0.53739   -2.60013
          2       6000   92.93026   -0.66862    0.00000   -0.67062    0.00000   -4.66288   -0.53739   -2.60013
          2       6100   94.65473   -0.66864    0.00000   -0.67062    0.00000   -4.66288   -0.53739   -2.60013
          2       6200   95.91392   -0.66865    0.00000   -0.67062    0.00000   -4.66288   -0.53739   -2.60013
          2       6300   96.64683   -0.66867    0.00000   -0.67062    0.00000   -4.66288   -0.53739   -2.60013
          2       6400   98.32028   -0.66869    0.00000   -0.67062    0.00000   -4.66288   -0.53739   -2.60013
          2       6500  100.19406   -0.66870    0.00000   -0.67062    0.00000   -4.66288   -0.53739   -2.60013
          2       6600  101.76350   -0.66872    0.00000   -0.67062    0.00000   -4.66288   -0.53739   -2.60013
          2       6700  103.33312   -0.66873    0.00000   -0.67062    0.00000   -4.66288   -0.53739   -2.60013
          2       6800  105.25017   -0.66874    0.00000   -0.67062    0.00000   -4.66288   -0.53739   -2.60013
          2       6900  106.28849   -0.66876    0.00000   -0.67062    0.00000   -4.66288   -0.53739   -2.60013
          2       7000  108.17636   -0.66877    0.00000   -0.67062    0.00000   -4.66288   -0.53739   -2.60013
          2       7100  109.63848   -0.66879    0.00000   -0.67062    0.00000   -4.66288   -0.53739   -2.60013
          2       7200  111.93694   -0.66880    0.00000   -0.67062    0.00000   -4.66288   -0.53739   -2.60013
          2       7300  113.64863   -0.66881    0.00000   -0.67062    0.00000   -4.66288   -0.53739   -2.60013
          2       7400  115.84834   -0.66882    0.00000   -0.67062    0.00000   -4.66288   -0.53739   -2.60013
          2       7500  117.25867   -0.66884    0.00000   -0.67062    0.00000   -4.66288   -0.53739   -2.60013
          2       7600  119.62220   -0.66885    0.00000   -0.67062    0.00000   -4.66288   -0.53739   -2.60013
          2       7700  120.67726   -0.66886    0.00000   -0.67062    0.00000   -4.66288   -0.53739   -2.60013
          2       7800  123.02607   -0.66887    0.00000   -0.67062    0.00000   -4.66288   -0.53739   -2.60013
          2       7900  124.81029   -0.66888    0.00000   -0.67062    0.00000   -4.66288   -0.53739   -2.60013
          2       8000  126.45397   -0.66890    0.00000   -0.67062    0.00000   -4.66288   -0.53739   -2.60013
          2       8100  128.04352   -0.66891    0.00000   -0.67062    0.00000   -4.66288   -0.53739   -2.60013
          2       8200  129.32053   -0.66892    0.00000   -0.67062    0.00000   -4.66288   -0.53739   -2.60013
          2       8300  131.14824   -0.66893    0.00000   -0.67062    0.00000   -4.66288   -0.53739   -2.60013
          2       8400  132.52251   -0.66894    0.00000   -0.67062    0.00000   -4.66288   -0.53739   -2.60013
          2       8500  134.32116   -0.66895    0.00000   -0.67062    0.00000   -4.66288   -0.53739   -2.60013
          2       8600  136.20318   -0.66896    0.00000   -0.67062    0.00000   -4.66288   -0.53739   -2.60013
          2       8700  137.92629   -0.66897    0.00000   -0.67062    0.00000   -4.66288   -0.53739   -2.60013
          2       8800  139.63527   -0.66898    0.00000   -0.67062    0.00000   -4.66288   -0.53739   -2.60013
          2       8900  140.95980   -0.66899    0.00000   -0.67062    0.00000   -4.66288   -0.53739   -2.60013
          2       9000  142.71770   -0.66900    0.00000   -0.67062    0.00000   -4.66288   -0.53739   -2.60013
          2       9100  144.38366   -0.66901    0.00000   -0.67062    0.00000   -4.66288   -0.53739   -2.60013
          2       9200  145.83903   -0.66901    0.00000   -0.67062    0.00000   -4.66288   -0.53739   -2.60013
          2       9300  147.34741   -0.66902    0.00000   -0.67062    0.00000   -4.66288   -0.53739   -2.60013
          2       9400  148.74246   -0.66903    0.00000   -0.67062    0.00000   -4.66288   -0.53739   -2.60013
          2       9500  150.68826   -0.66904    0.00000   -0.67062    0.00000   -4.66288   -0.53739   -2.60013
          2       9600  152.32030   -0.66905    0.00000   -0.67062    0.00000   -4.66288   -0.53739   -2.60013
          2       9700  153.85604   -0.66906    0.00000   -0.67062    0.00000   -4.66288   -0.53739   -2.60013
          2       9800  155.76833   -0.66907    0.00000   -0.67062    0.00000   -4.66288   -0.53739   -2.60013
          2       9900  156.43726   -0.66907    0.00000   -0.67062    0.00000   -4.66288   -0.53739   -2.60013
          2      10000  158.86366   -0.66908    0.00000   -0.67062    0.00000   -4.66288   -0.53739   -2.60013
          2      10100  160.83263   -0.66909    0.00000   -0.67062    0.00000   -4.66288   -0.53739   -2.60013
          2      10200  162.38126   -0.66910    0.00000   -0.67062    0.00000   -4.66288   -0.53739   -2.60013
          2      10300  163.82053   -0.66910    0.00000   -0.67062    0.00000   -4.66288   -0.53739   -2.60013
          2      10400  165.58503   -0.66911    0.00000   -0.67062    0.00000   -4.66288   -0.53739   -2.60013
          2      10500  166.92724   -0.66912    0.00000   -0.67062    0.00000   -4.66288   -0.53739   -2.60013
          2      10600  168.01644   -0.66913    0.00000   -0.67062    0.00000   -4.66288   -0.53739   -2.60013
          2      10700  169.28600   -0.66913    0.00000   -0.67062    0.00000   -4.66288   -0.53739   -2.60013
          2      10800  170.90510   -0.66914    0.00000   -0.67062    0.00000   -4.66288   -0.53739   -2.60013
          2      10900  172.73651   -0.66915    0.00000   -0.67062    0.00000   -4.66288   -0.53739   -2.60013
          2      11000  174.31365   -0.66915    0.00000   -0.67062    0.00000   -4.66288   -0.53739   -2.60013
          2      11100  175.66927   -0.66916    0.00000   -0.67062    0.00000   -4.66288   -0.53739   -2.60013
          2      11200  177.36532   -0.66917    0.00000   -0.67062    0.00000   -4.66288   -0.53739   -2.60013
          2      11300  178.92789   -0.66917    0.00000   -0.67062    0.00000   -4.66288   -0.53739   -2.60013
          2      11400  180.45897   -0.66918    0.00000   -0.67062    0.00000   -4.66288   -0.53739   -2.60013
          2      11500  181.88937   -0.66919    0.00000   -0.67062    0.00000   -4.66288   -0.53739   -2.60013
          2      11600  183.16420   -0.66919    0.00000   -0.67062    0.00000   -4.66288   -0.53739   -2.60013
          2      11700  184.60873   -0.66920    0.00000   -0.67062    0.00000   -4.66288   -0.53739   -2.60013
          2      11800  186.31608   -0.66921    0.00000   -0.67062    0.00000   -4.66288   -0.53739   -2.60013
          2      11900  187.91163   -0.66921    0.00000   -0.67062    0.00000   -4.66288   -0.53739   -2.60013
          2      12000  189.24190   -0.66922    0.00000   -0.67062    0.00000   -4.66288   -0.53739   -2.60013
          2      12100  190.75907   -0.66922    0.00000   -0.67062    0.00000   -4.66288   -0.53739   -2.60013
          2      12200  192.95843   -0.66923    0.00000   -0.67062    0.00000   -4.66288   -0.53739   -2.60013
          2      12300  194.75989   -0.66924    0.00000   -0.67062    0.00000   -4.66288   -0.53739   -2.60013
          2      12400  196.30750   -0.66924    0.00000   -0.67062    0.00000   -4.66288   -0.53739   -2.60013
          2      12500  197.79712   -0.66925    0.00000   -0.67062    0.00000   -4.66288   -0.53739   -2.60013
          2      12600  199.43576   -0.66925    0.00000   -0.67062    0.00000   -4.66288   -0.53739   -2.60013
          2      12700  201.06709   -0.66926    0.00000   -0.67062    0.00000   -4.66288   -0.53739   -2.60013
          2      12800  202.59651   -0.66926    0.00000   -0.67062    0.00000   -4.66288   -0.53739   -2.60013
          2      12900  204.44805   -0.66927    0.00000   -0.67062    0.00000   -4.66288   -0.53739   -2.60013
          2      13000  205.96142   -0.66927    0.00000   -0.67062    0.00000   -4.66288   -0.53739   -2.60013
          2      13100  207.70654   -0.66928    0.00000   -0.67062    0.00000   -4.66288   -0.53739   -2.60013
          2      13200  209.41529   -0.66929    0.00000   -0.67062    0.00000   -4.66288   -0.53739   -2.60013
          2      13300  210.94826   -0.66929    0.00000   -0.67062    0.00000   -4.66288   -0.53739   -2.60013
          2      13400  213.21435   -0.66930    0.00000   -0.67062    0.00000   -4.66288   -0.53739   -2.60013
          2      13500  214.95482   -0.66930    0.00000   -0.67062    0.00000   -4.66288   -0.53739   -2.60013
          2      13600  216.71823   -0.66931    0.00000   -0.67062    0.00000   -4.66288   -0.53739   -2.60013
          2      13700  218.22669   -0.66931    0.00000   -0.67062    0.00000   -4.66288   -0.53739   -2.60013
          2      13800  219.89051   -0.66932    0.00000   -0.67062    0.00000   -4.66288   -0.53739   -2.60013
          2      13900  221.19637   -0.66932    0.00000   -0.67062    0.00000   -4.66288   -0.53739   -2.60013
          2      14000  222.74018   -0.66932    0.00000   -0.67062    0.00000   -4.66288   -0.53739   -2.60013
          2      14100  224.16953   -0.66933    0.00000   -0.67062    0.00000   -4.66288   -0.53739   -2.60013
          2      14200  225.88290   -0.66933    0.00000   -0.67062    0.00000   -4.66288   -0.53739   -2.60013
          2      14300  227.08753   -0.66934    0.00000   -0.67062    0.00000   -4.66288   -0.53739   -2.60013
          2      14400  228.67901   -0.66934    0.00000   -0.67062    0.00000   -4.66288   -0.53739   -2.60013
          2      14500  230.29569   -0.66935    0.00000   -0.67062    0.00000   -4.66288   -0.53739   -2.60013
          2      14600  231.30614   -0.66935    0.00000   -0.67062    0.00000   -4.66288   -0.53739   -2.60013
          2      14700  232.67987   -0.66936    0.00000   -0.67062    0.00000   -4.66288   -0.53739   -2.60013
          2      14800  234.30640   -0.66936    0.00000   -0.67062    0.00000   -4.66288   -0.53739   -2.60013
          2      14900  235.86696   -0.66937    0.00000   -0.67062    0.00000   -4.66288   -0.53739   -2.60013
          2      15000  237.22635   -0.66937    0.00000   -0.67062    0.00000   -4.66288   -0.53739   -2.60013
          2      15100  238.64119   -0.66937    0.00000   -0.67062    0.00000   -4.66288   -0.53739   -2.60013
          2      15200  240.23981   -0.66938    0.00000   -0.67062    0.00000   -4.66288   -0.53739   -2.60013
          2      15300  241.57950   -0.66938    0.00000   -0.67062    0.00000   -4.66288   -0.53739   -2.60013
          2      15400  243.90686   -0.66939    0.00000   -0.67062    0.00000   -4.66288   -0.53739   -2.60013
          2      15500  245.29159   -0.66939    0.00000   -0.67062    0.00000   -4.66288   -0.53739   -2.60013
          2      15600  247.17505   -0.66939    0.00000   -0.67062    0.00000   -4.66288   -0.53739   -2.60013
          2      15700  248.60942   -0.66940    0.00000   -0.67062    0.00000   -4.66288   -0.53739   -2.60013
          2      15800  250.26777   -0.66940    0.00000   -0.67062    0.00000   -4.66288   -0.53739   -2.60013
          2      15900  251.75993   -0.66941    0.00000   -0.67062    0.00000   -4.66288   -0.53739   -2.60013
          2      16000  253.13007   -0.66941    0.00000   -0.67062    0.00000   -4.66288   -0.53739   -2.60013
          2      16100  255.27550   -0.66941    0.00000   -0.67062    0.00000   -4.66288   -0.53739   -2.60013
          2      16200  256.95154   -0.66942    0.00000   -0.67062    0.00000   -4.66288   -0.53739   -2.60013
          2      16300  259.05982   -0.66942    0.00000   -0.67062    0.00000   -4.66288   -0.53739   -2.60013
          2      16400  260.54066   -0.66943    0.00000   -0.67062    0.00000   -4.66288   -0.53739   -2.60013
          2      16500  262.33481   -0.66943    0.00000   -0.67062    0.00000   -4.66288   -0.53739   -2.60013
          2      16600  263.71733   -0.66943    0.00000   -0.67062    0.00000   -4.66288   -0.53739   -2.60013
          2      16700  265.75968   -0.66944    0.00000   -0.67062    0.00000   -4.66288   -0.53739   -2.60013
          2      16800  267.03479   -0.66944    0.00000   -0.67062    0.00000   -4.66288   -0.53739   -2.60013
          2      16900  269.44508   -0.66944    0.00000   -0.67062    0.00000   -4.66288   -0.53739   -2.60013
          2      17000  270.85615   -0.66945    0.00000   -0.67062    0.00000   -4.66288   -0.53739   -2.60013
          2      17100  272.60906   -0.66945    0.00000   -0.67062    0.00000   -4.66288   -0.53739   -2.60013
          2      17200  273.93676   -0.66945    0.00000   -0.67062    0.00000   -4.66288   -0.53739   -2.60013
          2      17300  276.08704   -0.66946    0.00000   -0.67062    0.00000   -4.66288   -0.53739   -2.60013
          2      17400  277.80099   -0.66946    0.00000   -0.67062    0.00000   -4.66288   -0.53739   -2.60013
          2      17500  279.40697   -0.66946    0.00000   -0.67062    0.00000   -4.66288   -0.53739   -2.60013
          2      17600  281.09187   -0.66947    0.00000   -0.67062    0.00000   -4.66288   -0.53739   -2.60013
          2      17700  281.99275   -0.66947    0.00000   -0.67062    0.00000   -4.66288   -0.53739   -2.60013
          2      17800  283.34919   -0.66947    0.00000   -0.67062    0.00000   -4.66288   -0.53739   -2.60013
          2      17900  284.93295   -0.66948    0.00000   -0.67062    0.00000   -4.66288   -0.53739   -2.60013
          2      18000  286.85736   -0.66948    0.00000   -0.67062    0.00000   -4.66288   -0.53739   -2.60013
          2      18100  288.05013   -0.66948    0.00000   -0.67062    0.00000   -4.66288   -0.53739   -2.60013
          2      18200  289.75510   -0.66949    0.00000   -0.67062    0.00000   -4.66288   -0.53739   -2.60013
          2      18300  291.40398   -0.66949    0.00000   -0.67062    0.00000   -4.66288   -0.53739   -2.60013
          2      18400  292.94013   -0.66949    0.00000   -0.67062    0.00000   -4.66288   -0.53739   -2.60013
          2      18500  294.66783   -0.66950    0.00000   -0.67062    0.00000   -4.66288   -0.53739   -2.60013
          2      18600  296.32470   -0.66950    0.00000   -0.67062    0.00000   -4.66288   -0.53739   -2.60013
          2      18700  297.52555   -0.66950    0.00000   -0.67062    0.00000   -4.66288   -0.53739   -2.60013
          2      18800  299.09911   -0.66951    0.00000   -0.67062    0.00000   -4.66288   -0.53739   -2.60013
          2      18900  301.17118   -0.66951    0.00000   -0.67062    0.00000   -4.66288   -0.53739   -2.60013
          2      19000  302.65968   -0.66951    0.00000   -0.67062    0.00000   -4.66288   -0.53739   -2.60013
          2      19100  304.30038   -0.66951    0.00000   -0.67062    0.00000   -4.66288   -0.53739   -2.60013
          2      19200  305.85792   -0.66952    0.00000   -0.67062    0.00000   -4.66288   -0.53739   -2.60013
          2      19300  308.07682   -0.66952    0.00000   -0.67062    0.00000   -4.66288   -0.53739   -2.60013
          2      19400  309.67432   -0.66952    0.00000   -0.67062    0.00000   -4.66288   -0.53739   -2.60013
          2      19500  310.82007   -0.66953    0.00000   -0.67062    0.00000   -4.66288   -0.53739   -2.60013
          2      19600  312.34214   -0.66953    0.00000   -0.67062    0.00000   -4.66288   -0.53739   -2.60013
          2      19700  314.09845   -0.66953    0.00000   -0.67062    0.00000   -4.66288   -0.53739   -2.60013
          2      19800  314.94534   -0.66953    0.00000   -0.67062    0.00000   -4.66288   -0.53739   -2.60013
          2      19900  317.15913   -0.66954    0.00000   -0.67062    0.00000   -4.66288   -0.53739   -2.60013
          2      20000  318.73139   -0.66954    0.00000   -0.67062    0.00000   -4.66288   -0.53739   -2.60013
          2      20100  320.13018   -0.66954    0.00000   -0.67062    0.00000   -4.66288   -0.53739   -2.60013
          2      20200  321.87468   -0.66955    0.00000   -0.67062    0.00000   -4.66288   -0.53739   -2.60013
          2      20300  323.35533   -0.66955    0.00000   -0.67062    0.00000   -4.66288   -0.53739   -2.60013
          2      20400  325.11958   -0.66955    0.00000   -0.67062    0.00000   -4.66288   -0.53739   -2.60013
          2      20500  326.62448   -0.66955    0.00000   -0.67062    0.00000   -4.66288   -0.53739   -2.60013
          2      20600  328.28279   -0.66956    0.00000   -0.67062    0.00000   -4.66288   -0.53739   -2.60013
          2      20700  329.83413   -0.66956    0.00000   -0.67062    0.00000   -4.66288   -0.53739   -2.60013
          2      20800  331.53881   -0.66956    0.00000   -0.67062    0.00000   -4.66288   -0.53739   -2.60013
          2      20900  332.93020   -0.66956    0.00000   -0.67062    0.00000   -4.66288   -0.53739   -2.60013
          2      21000  334.53257   -0.66957    0.00000   -0.67062    0.00000   -4.66288   -0.53739   -2.60013
          2      21100  336.31098   -0.66957    0.00000   -0.67062    0.00000   -4.66288   -0.53739   -2.60013
          2      21200  338.37380   -0.66957    0.00000   -0.67062    0.00000   -4.66288   -0.53739   -2.60013
          2      21300  340.22482   -0.66957    0.00000   -0.67062    0.00000   -4.66288   -0.53739   -2.60013
          2      21400  342.19427   -0.66958    0.00000   -0.67062    0.00000   -4.66288   -0.53739   -2.60013
          2      21500  343.89841   -0.66958    0.00000   -0.67062    0.00000   -4.66288   -0.53739   -2.60013
          2      21600  345.09074   -0.66958    0.00000   -0.67062    0.00000   -4.66288   -0.53739   -2.60013
          2      21700  346.86662   -0.66958    0.00000   -0.67062    0.00000   -4.66288   -0.53739   -2.60013
          2      21800  348.94916   -0.66959    0.00000   -0.67062    0.00000   -4.66288   -0.53739   -2.60013
          2      21900  350.76492   -0.66959    0.00000   -0.67062    0.00000   -4.66288   -0.53739   -2.60013
          2      22000  352.43004   -0.66959    0.00000   -0.67062    0.00000   -4.66288   -0.53739   -2.60013
          2      22100  354.64885   -0.66959    0.00000   -0.67062    0.00000   -4.66288   -0.53739   -2.60013
          2      22200  356.03899   -0.66960    0.00000   -0.67062    0.00000   -4.66288   -0.53739   -2.60013
          2      22300  357.41862   -0.66960    0.00000   -0.67062    0.00000   -4.66288   -0.53739   -2.60013
          2      22400  358.67461   -0.66960    0.00000   -0.67062    0.00000   -4.66288   -0.53739   -2.60013
          2      22500  360.75617   -0.66960    0.00000   -0.67062    0.00000   -4.66288   -0.53739   -2.60013
          2      22600  362.80402   -0.66961    0.00000   -0.67062    0.00000   -4.66288   -0.53739   -2.60013
          2      22700  364.25103   -0.66961    0.00000   -0.67062    0.00000   -4.66288   -0.53739   -2.60013
          2      22800  366.44844   -0.66961    0.00000   -0.67062    0.00000   -4.66288   -0.53739   -2.60013
          2      22900  367.96910   -0.66961    0.00000   -0.67062    0.00000   -4.66288   -0.53739   -2.60013
          2      23000  369.33548   -0.66961    0.00000   -0.67062    0.00000   -4.66288   -0.53739   -2.60013
          2      23100  371.35404   -0.66962    0.00000   -0.67062    0.00000   -4.66288   -0.53739   -2.60013
          2      23200  372.89169   -0.66962    0.00000   -0.67062    0.00000   -4.66288   -0.53739   -2.60013
          2      23300  374.53643   -0.66962    0.00000   -0.67062    0.00000   -4.66288   -0.53739   -2.60013
          2      23400  376.46591   -0.66962    0.00000   -0.67062    0.00000   -4.66288   -0.53739   -2.60013
          2      23500  377.88749   -0.66963    0.00000   -0.67062    0.00000   -4.66288   -0.53739   -2.60013
          2      23600  379.39223   -0.66963    0.00000   -0.67062    0.00000   -4.66288   -0.53739   -2.60013
          2      23700  380.86229   -0.66963    0.00000   -0.67062    0.00000   -4.66288   -0.53739   -2.60013
          2      23800  382.63784   -0.66963    0.00000   -0.67062    0.00000   -4.66288   -0.53739   -2.60013
          2      23900  384.39506   -0.66963    0.00000   -0.67062    0.00000   -4.66288   -0.53739   -2.60013
          2      24000  385.52321   -0.66964    0.00000   -0.67062    0.00000   -4.66288   -0.53739   -2.60013
          2      24100  387.00924   -0.66964    0.00000   -0.67062    0.00000   -4.66288   -0.53739   -2.60013
          2      24200  388.39354   -0.66964    0.00000   -0.67062    0.00000   -4.66288   -0.53739   -2.60013
          2      24300  389.75985   -0.66964    0.00000   -0.67062    0.00000   -4.66288   -0.53739   -2.60013
          2      24400  391.30221   -0.66964    0.00000   -0.67062    0.00000   -4.66288   -0.53739   -2.60013
          2      24500  392.44483   -0.66965    0.00000   -0.67062    0.00000   -4.66288   -0.53739   -2.60013
          2      24600  394.40325   -0.66965    0.00000   -0.67062    0.00000   -4.66288   -0.53739   -2.60013
          2      24700  396.09031   -0.66965    0.00000   -0.67062    0.00000   -4.66288   -0.53739   -2.60013
          2      24800  398.39199   -0.66965    0.00000   -0.67062    0.00000   -4.66288   -0.53739   -2.60013
          2      24900  400.02532   -0.66965    0.00000   -0.67062    0.00000   -4.66288   -0.53739   -2.60013
          2      25000  401.42859   -0.66966    0.00000   -0.67062    0.00000   -4.66288   -0.53739   -2.60013
          2      25100  403.75115   -0.66966    0.00000   -0.67062    0.00000   -4.66288   -0.53739   -2.60013
          2      25200  405.11493   -0.66966    0.00000   -0.67062    0.00000   -4.66288   -0.53739   -2.60013
          2      25300  406.76342   -0.66966    0.00000   -0.67062    0.00000   -4.66288   -0.53739   -2.60013
          2      25400  408.49817   -0.66966    0.00000   -0.67062    0.00000   -4.66288   -0.53739   -2.60013
          2      25500  410.65287   -0.66967    0.00000   -0.67062    0.00000   -4.66288   -0.53739   -2.60013
          2      25600  412.20580   -0.66967    0.00000   -0.67062    0.00000   -4.66288   -0.53739   -2.60013
          2      25700  413.82275   -0.66967    0.00000   -0.67062    0.00000   -4.66288   -0.53739   -2.60013
          2      25800  414.21309   -0.66967    0.00000   -0.67062    0.00000   -4.66288   -0.53739   -2.60013
          2      25900  416.09166   -0.66967    0.00000   -0.67062    0.00000   -4.66288   -0.53739   -2.60013
          2      26000  417.67419   -0.66968    0.00000   -0.67062    0.00000   -4.66288   -0.53739   -2.60013
          2      26100  419.01253   -0.66968    0.00000   -0.67062    0.00000   -4.66288   -0.53739   -2.60013
          2      26200  420.60187   -0.66968    0.00000   -0.67062    0.00000   -4.66288   -0.53739   -2.60013
          2      26300  421.98511   -0.66968    0.00000   -0.67062    0.00000   -4.66288   -0.53739   -2.60013
          2      26400  423.41797   -0.66968    0.00000   -0.67062    0.00000   -4.66288   -0.53739   -2.60013
          2      26500  425.33783   -0.66968    0.00000   -0.67062    0.00000   -4.66288   -0.53739   -2.60013
          2      26600  426.64220   -0.66969    0.00000   -0.67062    0.00000   -4.66288   -0.53739   -2.60013
          2      26700  428.11816   -0.66969    0.00000   -0.67062    0.00000   -4.66288   -0.53739   -2.60013
          2      26800  429.84914   -0.66969    0.00000   -0.67062    0.00000   -4.66288   -0.53739   -2.60013
          2      26900  431.39679   -0.66969    0.00000   -0.67062    0.00000   -4.66288   -0.53739   -2.60013
          2      27000  432.66480   -0.66969    0.00000   -0.67062    0.00000   -4.66288   -0.53739   -2.60013
          2      27100  434.40508   -0.66970    0.00000   -0.67062    0.00000   -4.66288   -0.53739   -2.60013
          2      27200  436.18636   -0.66970    0.00000   -0.67062    0.00000   -4.66288   -0.53739   -2.60013
          2      27300  437.53866   -0.66970    0.00000   -0.67062    0.00000   -4.66288   -0.53739   -2.60013
          2      27400  438.71871   -0.66970    0.00000   -0.67062    0.00000   -4.66288   -0.53739   -2.60013
          2      27500  439.66849   -0.66970    0.00000   -0.67062    0.00000   -4.66288   -0.53739   -2.60013
          2      27600  440.92054   -0.66970    0.00000   -0.67062    0.00000   -4.66288   -0.53739   -2.60013
          2      27700  442.50392   -0.66971    0.00000   -0.67062    0.00000   -4.66288   -0.53739   -2.60013
          2      27800  444.32384   -0.66971    0.00000   -0.67062    0.00000   -4.66288   -0.53739   -2.60013
          2      27900  445.92200   -0.66971    0.00000   -0.67062    0.00000   -4.66288   -0.53739   -2.60013
          2      28000  447.55624   -0.66971    0.00000   -0.67062    0.00000   -4.66288   -0.53739   -2.60013
          2      28100  449.06759   -0.66971    0.00000   -0.67062    0.00000   -4.66288   -0.53739   -2.60013
          2      28200  450.66868   -0.66971    0.00000   -0.67062    0.00000   -4.66288   -0.53739   -2.60013
          2      28300  452.63264   -0.66972    0.00000   -0.67062    0.00000   -4.66288   -0.53739   -2.60013
          2      28400  454.23015   -0.66972    0.00000   -0.67062    0.00000   -4.66288   -0.53739   -2.60013
          2      28500  455.43404   -0.66972    0.00000   -0.67062    0.00000   -4.66288   -0.53739   -2.60013
          2      28600  456.39619   -0.66972    0.00000   -0.67062    0.00000   -4.66288   -0.53739   -2.60013
          2      28700  457.52830   -0.66972    0.00000   -0.67062    0.00000   -4.66288   -0.53739   -2.60013
          2      28800  459.22623   -0.66972    0.00000   -0.67062    0.00000   -4.66288   -0.53739   -2.60013
          2      28900  460.71741   -0.66972    0.00000   -0.67062    0.00000   -4.66288   -0.53739   -2.60013
          2      29000  462.35709   -0.66973    0.00000   -0.67062    0.00000   -4.66288   -0.53739   -2.60013
          2      29100  463.44638   -0.66973    0.00000   -0.67062    0.00000   -4.66288   -0.53739   -2.60013
          2      29200  465.04877   -0.66973    0.00000   -0.67062    0.00000   -4.66288   -0.53739   -2.60013
          2      29300  466.52999   -0.66973    0.00000   -0.67062    0.00000   -4.66288   -0.53739   -2.60013
          2      29400  468.22904   -0.66973    0.00000   -0.67062    0.00000   -4.66288   -0.53739   -2.60013
          2      29500  469.79966   -0.66973    0.00000   -0.67062    0.00000   -4.66288   -0.53739   -2.60013
          2      29600  471.24920   -0.66974    0.00000   -0.67062    0.00000   -4.66288   -0.53739   -2.60013
          2      29700  472.67611   -0.66974    0.00000   -0.67062    0.00000   -4.66288   -0.53739   -2.60013
          2      29800  474.23086   -0.66974    0.00000   -0.67062    0.00000   -4.66288   -0.53739   -2.60013
          2      29900  476.13009   -0.66974    0.00000   -0.67062    0.00000   -4.66288   -0.53739   -2.60013
          2      30000  477.50064   -0.66974    0.00000   -0.67062    0.00000   -4.66288   -0.53739   -2.60013
          2      30100  478.70091   -0.66974    0.00000   -0.67062    0.00000   -4.66288   -0.53739   -2.60013
          2      30200  480.24204   -0.66974    0.00000   -0.67062    0.00000   -4.66288   -0.53739   -2.60013
          2      30300  481.60908   -0.66975    0.00000   -0.67062    0.00000   -4.66288   -0.53739   -2.60013
          2      30400  483.26155   -0.66975    0.00000   -0.67062    0.00000   -4.66288   -0.53739   -2.60013
          2      30500  485.63615   -0.66975    0.00000   -0.67062    0.00000   -4.66288   -0.53739   -2.60013
          2      30600  487.34386   -0.66975    0.00000   -0.67062    0.00000   -4.66288   -0.53739   -2.60013
          2      30700  488.75764   -0.66975    0.00000   -0.67062    0.00000   -4.66288   -0.53739   -2.60013
          2      30800  491.09932   -0.66975    0.00000   -0.67062    0.00000   -4.66288   -0.53739   -2.60013
          2      30900  492.41951   -0.66975    0.00000   -0.67062    0.00000   -4.66288   -0.53739   -2.60013
          2      31000  494.24094   -0.66976    0.00000   -0.67062    0.00000   -4.66288   -0.53739   -2.60013
          2      31100  495.02629   -0.66976    0.00000   -0.67062    0.00000   -4.66288   -0.53739   -2.60013
          2      31200  496.82361   -0.66976    0.00000   -0.67062    0.00000   -4.66288   -0.53739   -2.60013
          2      31300  498.10700   -0.66976    0.00000   -0.67062    0.00000   -4.66288   -0.53739   -2.60013
          2      31400  499.69993   -0.66976    0.00000   -0.67062    0.00000   -4.66288   -0.53739   -2.60013
          2      31500  501.23580   -0.66976    0.00000   -0.67062    0.00000   -4.66288   -0.53739   -2.60013
          2      31600  502.79652   -0.66976    0.00000   -0.67062    0.00000   -4.66288   -0.53739   -2.60013
          2      31700  504.22704   -0.66977    0.00000   -0.67062    0.00000   -4.66288   -0.53739   -2.60013
          2      31800  505.52425   -0.66977    0.00000   -0.67062    0.00000   -4.66288   -0.53739   -2.60013
          2      31900  507.08111   -0.66977    0.00000   -0.67062    0.00000   -4.66288   -0.53739   -2.60013
          2      32000  509.02627   -0.66977    0.00000   -0.67062    0.00000   -4.66288   -0.53739   -2.60013
          2      32100  510.65098   -0.66977    0.00000   -0.67062    0.00000   -4.66288   -0.53739   -2.60013
          2      32200  511.81787   -0.66977    0.00000   -0.67062    0.00000   -4.66288   -0.53739   -2.60013
          2      32300  514.12032   -0.66977    0.00000   -0.67062    0.00000   -4.66288   -0.53739   -2.60013
          2      32400  515.66257   -0.66978    0.00000   -0.67062    0.00000   -4.66288   -0.53739   -2.60013
          2      32500  517.51676   -0.66978    0.00000   -0.67062    0.00000   -4.66288   -0.53739   -2.60013
          2      32600  519.07598   -0.66978    0.00000   -0.67062    0.00000   -4.66288   -0.53739   -2.60013
          2      32700  520.30171   -0.66978    0.00000   -0.67062    0.00000   -4.66288   -0.53739   -2.60013
          2      32800  521.37771   -0.66978    0.00000   -0.67062    0.00000   -4.66288   -0.53739   -2.60013
          2      32900  522.91375   -0.66978    0.00000   -0.67062    0.00000   -4.66288   -0.53739   -2.60013
          2      33000  524.46995   -0.66978    0.00000   -0.67062    0.00000   -4.66288   -0.53739   -2.60013
          2      33100  525.92312   -0.66978    0.00000   -0.67062    0.00000   -4.66288   -0.53739   -2.60013
          2      33200  527.82441   -0.66979    0.00000   -0.67062    0.00000   -4.66288   -0.53739   -2.60013
          2      33300  529.26446   -0.66979    0.00000   -0.67062    0.00000   -4.66288   -0.53739   -2.60013
          2      33400  530.85797   -0.66979    0.00000   -0.67062    0.00000   -4.66288   -0.53739   -2.60013
          2      33500  532.33947   -0.66979    0.00000   -0.67062    0.00000   -4.66288   -0.53739   -2.60013
          2      33600  533.90678   -0.66979    0.00000   -0.67062    0.00000   -4.66288   -0.53739   -2.60013
          2      33700  535.06181   -0.66979    0.00000   -0.67062    0.00000   -4.66288   -0.53739   -2.60013
          2      33800  536.40008   -0.66979    0.00000   -0.67062    0.00000   -4.66288   -0.53739   -2.60013
          2      33900  538.09694   -0.66979    0.00000   -0.67062    0.00000   -4.66288   -0.53739   -2.60013
          2      34000  540.05095   -0.66980    0.00000   -0.67062    0.00000   -4.66288   -0.53739   -2.60013
          2      34100  541.37345   -0.66980    0.00000   -0.67062    0.00000   -4.66288   -0.53739   -2.60013
          2      34200  543.70556   -0.66980    0.00000   -0.67062    0.00000   -4.66288   -0.53739   -2.60013
          2      34300  545.14516   -0.66980    0.00000   -0.67062    0.00000   -4.66288   -0.53739   -2.60013
          2      34400  546.92351   -0.66980    0.00000   -0.67062    0.00000   -4.66288   -0.53739   -2.60013
          2      34500  547.94336   -0.66980    0.00000   -0.67062    0.00000   -4.66288   -0.53739   -2.60013
          2      34600  549.28371   -0.66980    0.00000   -0.67062    0.00000   -4.66288   -0.53739   -2.60013
          2      34700  550.95793   -0.66980    0.00000   -0.67062    0.00000   -4.66288   -0.53739   -2.60013
          2      34800  551.65352   -0.66981    0.00000   -0.67062    0.00000   -4.66288   -0.53739   -2.60013
          2      34900  553.07551   -0.66981    0.00000   -0.67062    0.00000   -4.66288   -0.53739   -2.60013
          2      35000  554.67432   -0.66981    0.00000   -0.67062    0.00000   -4.66288   -0.53739   -2.60013
          2      35100  556.68740   -0.66981    0.00000   -0.67062    0.00000   -4.66288   -0.53739   -2.60013
          2      35200  558.17031   -0.66981    0.00000   -0.67062    0.00000   -4.66288   -0.53739   -2.60013
          2      35300  559.67381   -0.66981    0.00000   -0.67062    0.00000   -4.66288   -0.53739   -2.60013
          2      35400  561.43323   -0.66981    0.00000   -0.67062    0.00000   -4.66288   -0.53739   -2.60013
          2      35500  563.71633   -0.66981    0.00000   -0.67062    0.00000   -4.66288   -0.53739   -2.60013
          2      35600  565.08871   -0.66981    0.00000   -0.67062    0.00000   -4.66288   -0.53739   -2.60013
          2      35700  566.63188   -0.66982    0.00000   -0.67062    0.00000   -4.66288   -0.53739   -2.60013
          2      35800  568.83634   -0.66982    0.00000   -0.67062    0.00000   -4.66288   -0.53739   -2.60013
          2      35900  570.63037   -0.66982    0.00000   -0.67062    0.00000   -4.66288   -0.53739   -2.60013
          2      36000  571.93922   -0.66982    0.00000   -0.67062    0.00000   -4.66288   -0.53739   -2.60013
          2      36100  573.35449   -0.66982    0.00000   -0.67062    0.00000   -4.66288   -0.53739   -2.60013
          2      36200  574.92054   -0.66982    0.00000   -0.67062    0.00000   -4.66288   -0.53739   -2.60013
          2      36300  576.47036   -0.66982    0.00000   -0.67062    0.00000   -4.66288   -0.53739   -2.60013
          2      36400  577.90078   -0.66982    0.00000   -0.67062    0.00000   -4.66288   -0.53739   -2.60013
          2      36500  579.22160   -0.66983    0.00000   -0.67062    0.00000   -4.66288   -0.53739   -2.60013
          2      36600  581.14230   -0.66983    0.00000   -0.67062    0.00000   -4.66288   -0.53739   -2.60013
          2      36700  582.89176   -0.66983    0.00000   -0.67062    0.00000   -4.66288   -0.53739   -2.60013
          2      36800  584.29481   -0.66983    0.00000   -0.67062    0.00000   -4.66288   -0.53739   -2.60013
          2      36900  585.87072   -0.66983    0.00000   -0.67062    0.00000   -4.66288   -0.53739   -2.60013
          2      37000  587.71604   -0.66983    0.00000   -0.67062    0.00000   -4.66288   -0.53739   -2.60013
          2      37100  588.43075   -0.66983    0.00000   -0.67062    0.00000   -4.66288   -0.53739   -2.60013
          2      37200  590.36003   -0.66983    0.00000   -0.67062    0.00000   -4.66288   -0.53739   -2.60013
          2      37300  590.89308   -0.66983    0.00000   -0.67062    0.00000   -4.66288   -0.53739   -2.60013
          2      37400  592.77896   -0.66983    0.00000   -0.67062    0.00000   -4.66288   -0.53739   -2.60013
          2      37500  595.35863   -0.66984    0.00000   -0.67062    0.00000   -4.66288   -0.53739   -2.60013
          2      37600  596.55585   -0.66984    0.00000   -0.67062    0.00000   -4.66288   -0.53739   -2.60013
          2      37700  598.31200   -0.66984    0.00000   -0.67062    0.00000   -4.66288   -0.53739   -2.60013
          2      37800  599.34307   -0.66984    0.00000   -0.67062    0.00000   -4.66288   -0.53739   -2.60013
          2      37889  600.00023   -0.66984    0.00000   -0.67062    0.00000   -4.66288   -0.53739   -2.60013
