          1          0    0.00000   -0.99410    0.00000   -0.99410    0.00000   -3.65463    3.65463    0.00000
          1          1    7.58137   -0.99410    0.00000   -0.99410    0.00000   -1.03991   -0.99410    0.00000
          2          0    7.58137   -0.53454    0.00000   -0.99410    0.00000   -1.03991   -0.99410   -1.01701
          2          1   17.70205   -0.68842    0.00000   -0.97401    0.00000   -1.02185   -0.99410   -1.01701
          2          2   36.50970   -0.76980    0.00000   -1.00129    0.00000   -1.01429   -1.00129   -1.01701
          2          3   62.37531   -0.81765    0.00000   -1.00357    0.00000   -1.01320   -1.00357   -1.01701
          2          4   96.49189   -0.85002    0.00000   -1.01007    0.00000   -1.01261   -1.01007   -1.01701
          2          5  134.27648   -0.87319    0.00000   -1.01089    0.00000   -1.01252   -1.01089   -1.01701
          2          6  197.72689   -0.89057    0.00000   -1.01135    0.00000   -1.01250   -1.01135   -1.01701
          2          7  314.49375   -0.90408    0.00000   -1.01171    0.00000   -1.01247   -1.01171   -1.01701
