          1          0    0.00000   -1.03519    0.00000   -1.03519    0.00000   -3.43075    3.43075    0.00000
          1          1    0.03462   -1.03480    0.00000   -1.03283    0.00000   -3.43075   -1.03283    0.00000
          2          0    0.03462   -0.41684    0.00000   -1.03283    0.00000   -3.43075   -1.03283   -2.23179
          2        100    5.19429   -0.98818    0.00000   -1.03834    0.00000   -3.43075   -1.03840   -2.23179
          2        200   10.95788   -1.00345    0.00000   -1.03888    0.00000   -3.43075   -1.03932   -2.23179
          2        300   16.62388   -1.01026    0.00000   -1.03863    0.00000   -3.43075   -1.03973   -2.23179
          2        400   22.12214   -1.01432    0.00000   -1.03943    0.00000   -3.43075   -1.03984   -2.23179
          2        500   27.47499   -1.01710    0.00000   -1.03962    0.00000   -3.43075   -1.04001   -2.23179
          2        600   33.86541   -1.01915    0.00000   -1.03944    0.00000   -3.43075   -1.04007   -2.23179
          2        700   39.81801   -1.02075    0.00000   -1.03990    0.00000   -3.43075   -1.04013   -2.23179
          2        800   45.77204   -1.02204    0.00000   -1.04002    0.00000   -3.43075   -1.04027   -2.23179
          2        900   51.32008   -1.02311    0.00000   -1.03965    0.00000   -3.43075   -1.04027   -2.23179
          2       1000   56.88256   -1.02401    0.00000   -1.03967    0.00000   -3.43075   -1.04027   -2.23179
          2       1100   63.18023   -1.02478    0.00000   -1.04004    0.00000   -3.43075   -1.04027   -2.23179
          2       1200   69.09948   -1.02546    0.00000   -1.04001    0.00000   -3.43075   -1.04037   -2.23179
          2       1300   75.28363   -1.02606    0.00000   -1.04016    0.00000   -3.43075   -1.04037   -2.23179
          2       1400   81.47146   -1.02659    0.00000   -1.04000    0.00000   -3.43075   -1.04037   -2.23179
          2       1500   87.43465   -1.02706    0.00000   -1.03990    0.00000   -3.43075   -1.04037   -2.23179
          2       1600   93.50775   -1.02750    0.00000   -1.03983    0.00000   -3.43075   -1.04037   -2.23179
          2       1700   99.07182   -1.02789    0.00000   -1.03992    0.00000   -3.43075   -1.04037   -2.23179
          2       1800  105.04076   -1.02825    0.00000   -1.03993    0.00000   -3.43075   -1.04037   -2.23179
          2       1900  111.01889   -1.02858    0.00000   -1.04011    0.00000   -3.43075   -1.04038   -2.23179
          2       2000  116.35289   -1.02889    0.00000   -1.04037    0.00000   -3.43075   -1.04045   -2.23179
          2       2100  122.07045   -1.02917    0.00000   -1.04016    0.00000   -3.43075   -1.04045   -2.23179
          2       2200  127.97984   -1.02943    0.00000   -1.04024    0.00000   -3.43075   -1.04047   -2.23179
          2       2300  133.47816   -1.02968    0.00000   -1.04005    0.00000   -3.43075   -1.04047   -2.23179
          2       2400  139.27614   -1.02991    0.00000   -1.04019    0.00000   -3.43075   -1.04047   -2.23179
          2       2500  145.40832   -1.03013    0.00000   -1.04003    0.00000   -3.43075   -1.04048   -2.23179
          2       2600  151.00801   -1.03033    0.00000   -1.04018    0.00000   -3.43075   -1.04048   -2.23179
          2       2700  156.68117   -1.03053    0.00000   -1.04031    0.00000   -3.43075   -1.04048   -2.23179
          2       2800  162.19247   -1.03071    0.00000   -1.04026    0.00000   -3.43075   -1.04048   -2.23179
          2       2900  167.62824   -1.03088    0.00000   -1.04021    0.00000   -3.43075   -1.04048   -2.23179
          2       3000  173.51232   -1.03105    0.00000   -1.04028    0.00000   -3.43075   -1.04051   -2.23179
          2       3100  179.06279   -1.03121    0.00000   -1.04043    0.00000   -3.43075   -1.04051   -2.23179
          2       3200  184.54556   -1.03135    0.00000   -1.04005    0.00000   -3.43075   -1.04051   -2.23179
          2       3300  189.97082   -1.03150    0.00000   -1.04039    0.00000   -3.43075   -1.04051   -2.23179
          2       3400  195.94488   -1.03163    0.00000   -1.04023    0.00000   -3.43075   -1.04051   -2.23179
          2       3500  201.67605   -1.03176    0.00000   -1.04029    0.00000   -3.43075   -1.04051   -2.23179
          2       3600  207.54621   -1.03189    0.00000   -1.04043    0.00000   -3.43075   -1.04052   -2.23179
          2       3700  213.39266   -1.03201    0.00000   -1.04019    0.00000   -3.43075   -1.04052   -2.23179
          2       3800  218.89367   -1.03212    0.00000   -1.04034    0.00000   -3.43075   -1.04052   -2.23179
          2       3900  224.38422   -1.03223    0.00000   -1.04020    0.00000   -3.43075   -1.04052   -2.23179
          2       4000  230.27582   -1.03234    0.00000   -1.04028    0.00000   -3.43075   -1.04052   -2.23179
          2       4100  236.03475   -1.03244    0.00000   -1.04029    0.00000   -3.43075   -1.04052   -2.23179
          2       4200  242.11993   -1.03254    0.00000   -1.04032    0.00000   -3.43075   -1.04060   -2.23179
          2       4300  247.79663   -1.03263    0.00000   -1.04044    0.00000   -3.43075   -1.04060   -2.23179
          2       4400  253.46899   -1.03273    0.00000   -1.04035    0.00000   -3.43075   -1.04060   -2.23179
          2       4500  258.94124   -1.03282    0.00000   -1.04036    0.00000   -3.43075   -1.04060   -2.23179
          2       4600  264.90229   -1.03290    0.00000   -1.04046    0.00000   -3.43075   -1.04060   -2.23179
          2       4700  270.47252   -1.03298    0.00000   -1.04033    0.00000   -3.43075   -1.04060   -2.23179
          2       4800  276.18742   -1.03306    0.00000   -1.04034    0.00000   -3.43075   -1.04060   -2.23179
          2       4900  282.04972   -1.03314    0.00000   -1.04043    0.00000   -3.43075   -1.04060   -2.23179
          2       5000  288.11547   -1.03322    0.00000   -1.04042    0.00000   -3.43075   -1.04060   -2.23179
          2       5100  293.87028   -1.03329    0.00000   -1.04043    0.00000   -3.43075   -1.04060   -2.23179
          2       5200  299.74438   -1.03336    0.00000   -1.04039    0.00000   -3.43075   -1.04060   -2.23179
          2       5300  305.55011   -1.03343    0.00000   -1.04034    0.00000   -3.43075   -1.04060   -2.23179
          2       5400  311.34703   -1.03350    0.00000   -1.04031    0.00000   -3.43075   -1.04060   -2.23179
          2       5500  317.00249   -1.03357    0.00000   -1.04030    0.00000   -3.43075   -1.04060   -2.23179
          2       5600  322.88353   -1.03363    0.00000   -1.04035    0.00000   -3.43075   -1.04060   -2.23179
          2       5700  328.93448   -1.03369    0.00000   -1.04049    0.00000   -3.43075   -1.04060   -2.23179
          2       5800  334.43264   -1.03375    0.00000   -1.04045    0.00000   -3.43075   -1.04060   -2.23179
          2       5900  339.81267   -1.03381    0.00000   -1.04037    0.00000   -3.43075   -1.04060   -2.23179
          2       6000  345.93059   -1.03387    0.00000   -1.04032    0.00000   -3.43075   -1.04060   -2.23179
          2       6100  351.85034   -1.03392    0.00000   -1.04047    0.00000   -3.43075   -1.04060   -2.23179
          2       6200  357.54600   -1.03398    0.00000   -1.04040    0.00000   -3.43075   -1.04060   -2.23179
          2       6300  363.36469   -1.03403    0.00000   -1.04042    0.00000   -3.43075   -1.04060   -2.23179
          2       6400  369.44561   -1.03408    0.00000   -1.04030    0.00000   -3.43075   -1.04060   -2.23179
          2       6500  375.61303   -1.03414    0.00000   -1.04050    0.00000   -3.43075   -1.04060   -2.23179
          2       6600  381.33733   -1.03419    0.00000   -1.04041    0.00000   -3.43075   -1.04060   -2.23179
          2       6700  387.10997   -1.03423    0.00000   -1.04031    0.00000   -3.43075   -1.04060   -2.23179
          2       6800  393.02524   -1.03428    0.00000   -1.04030    0.00000   -3.43075   -1.04060   -2.23179
          2       6900  398.61564   -1.03433    0.00000   -1.04036    0.00000   -3.43075   -1.04060   -2.23179
          2       7000  404.38564   -1.03437    0.00000   -1.04051    0.00000   -3.43075   -1.04060   -2.23179
          2       7100  410.67335   -1.03442    0.00000   -1.04032    0.00000   -3.43075   -1.04060   -2.23179
          2       7200  416.33284   -1.03446    0.00000   -1.04042    0.00000   -3.43075   -1.04060   -2.23179
          2       7300  422.36039   -1.03450    0.00000   -1.04029    0.00000   -3.43075   -1.04060   -2.23179
          2       7400  428.16000   -1.03455    0.00000   -1.04040    0.00000   -3.43075   -1.04060   -2.23179
          2       7500  434.26784   -1.03459    0.00000   -1.04047    0.00000   -3.43075   -1.04060   -2.23179
          2       7600  440.30717   -1.03463    0.00000   -1.04045    0.00000   -3.43075   -1.04060   -2.23179
          2       7700  446.26679   -1.03467    0.00000   -1.04048    0.00000   -3.43075   -1.04060   -2.23179
          2       7800  452.03360   -1.03471    0.00000   -1.04046    0.00000   -3.43075   -1.04060   -2.23179
          2       7900  457.92654   -1.03474    0.00000   -1.04042    0.00000   -3.43075   -1.04060   -2.23179
          2       8000  463.84237   -1.03478    0.00000   -1.04047    0.00000   -3.43075   -1.04060   -2.23179
          2       8100  469.55770   -1.03482    0.00000   -1.04046    0.00000   -3.43075   -1.04060   -2.23179
          2       8200  475.30325   -1.03485    0.00000   -1.04039    0.00000   -3.43075   -1.04062   -2.23179
          2       8300  480.86436   -1.03489    0.00000   -1.04034    0.00000   -3.43075   -1.04062   -2.23179
          2       8400  486.85231   -1.03492    0.00000   -1.04050    0.00000   -3.43075   -1.04062   -2.23179
          2       8500  492.70140   -1.03496    0.00000   -1.04051    0.00000   -3.43075   -1.04062   -2.23179
          2       8600  498.08255   -1.03499    0.00000   -1.04046    0.00000   -3.43075   -1.04062   -2.23179
          2       8700  504.55880   -1.03502    0.00000   -1.04048    0.00000   -3.43075   -1.04062   -2.23179
          2       8800  510.58382   -1.03506    0.00000   -1.04046    0.00000   -3.43075   -1.04062   -2.23179
          2       8900  516.74230   -1.03509    0.00000   -1.04043    0.00000   -3.43075   -1.04062   -2.23179
          2       9000  522.23138   -1.03512    0.00000   -1.04043    0.00000   -3.43075   -1.04062   -2.23179
          2       9100  527.85653   -1.03515    0.00000   -1.04039    0.00000   -3.43075   -1.04062   -2.23179
          2       9200  533.89933   -1.03518    0.00000   -1.04053    0.00000   -3.43075   -1.04062   -2.23179
          2       9300  539.74111   -1.03521    0.00000   -1.04052    0.00000   -3.43075   -1.04062   -2.23179
          2       9400  545.39159   -1.03524    0.00000   -1.04039    0.00000   -3.43075   -1.04062   -2.23179
          2       9500  551.57218   -1.03527    0.00000   -1.04057    0.00000   -3.43075   -1.04062   -2.23179
          2       9600  556.96521   -1.03530    0.00000   -1.04047    0.00000   -3.43075   -1.04062   -2.23179
          2       9700  562.97618   -1.03532    0.00000   -1.04048    0.00000   -3.43075   -1.04062   -2.23179
          2       9800  569.05235   -1.03535    0.00000   -1.04046    0.00000   -3.43075   -1.04062   -2.23179
          2       9900  574.83788   -1.03538    0.00000   -1.04048    0.00000   -3.43075   -1.04062   -2.23179
          2      10000  580.44958   -1.03540    0.00000   -1.04058    0.00000   -3.43075   -1.04062   -2.23179
          2      10100  586.25903   -1.03543    0.00000   -1.04041    0.00000   -3.43075   -1.04062   -2.23179
          2      10200  591.97597   -1.03546    0.00000   -1.04033    0.00000   -3.43075   -1.04062   -2.23179
          2      10300  598.07771   -1.03548    0.00000   -1.04061    0.00000   -3.43075   -1.04062   -2.23179
          2      10400  603.80126   -1.03551    0.00000   -1.04051    0.00000   -3.43075   -1.04062   -2.23179
          2      10500  609.79790   -1.03553    0.00000   -1.04050    0.00000   -3.43075   -1.04062   -2.23179
          2      10600  615.47198   -1.03556    0.00000   -1.04050    0.00000   -3.43075   -1.04062   -2.23179
          2      10700  620.88051   -1.03558    0.00000   -1.04034    0.00000   -3.43075   -1.04062   -2.23179
          2      10800  626.77066   -1.03560    0.00000   -1.04038    0.00000   -3.43075   -1.04062   -2.23179
          2      10900  632.39648   -1.03563    0.00000   -1.04051    0.00000   -3.43075   -1.04062   -2.23179
          2      11000  638.06215   -1.03565    0.00000   -1.04042    0.00000   -3.43075   -1.04062   -2.23179
          2      11100  644.03450   -1.03567    0.00000   -1.04037    0.00000   -3.43075   -1.04062   -2.23179
          2      11200  649.60195   -1.03569    0.00000   -1.04048    0.00000   -3.43075   -1.04062   -2.23179
          2      11300  655.38311   -1.03572    0.00000   -1.04047    0.00000   -3.43075   -1.04062   -2.23179
          2      11400  661.65118   -1.03574    0.00000   -1.04058    0.00000   -3.43075   -1.04062   -2.23179
          2      11500  667.66487   -1.03576    0.00000   -1.04041    0.00000   -3.43075   -1.04062   -2.23179
          2      11600  673.48373   -1.03578    0.00000   -1.04052    0.00000   -3.43075   -1.04062   -2.23179
          2      11700  678.93907   -1.03580    0.00000   -1.04057    0.00000   -3.43075   -1.04062   -2.23179
          2      11800  684.63873   -1.03582    0.00000   -1.04050    0.00000   -3.43075   -1.04062   -2.23179
          2      11900  690.43564   -1.03584    0.00000   -1.04053    0.00000   -3.43075   -1.04062   -2.23179
          2      12000  696.37205   -1.03586    0.00000   -1.04044    0.00000   -3.43075   -1.04062   -2.23179
          2      12100  702.19137   -1.03588    0.00000   -1.04040    0.00000   -3.43075   -1.04062   -2.23179
          2      12200  708.00678   -1.03590    0.00000   -1.04042    0.00000   -3.43075   -1.04062   -2.23179
          2      12300  713.86542   -1.03592    0.00000   -1.04052    0.00000   -3.43075   -1.04062   -2.23179
          2      12400  719.74885   -1.03594    0.00000   -1.04046    0.00000   -3.43075   -1.04062   -2.23179
          2      12500  725.76206   -1.03596    0.00000   -1.04054    0.00000   -3.43075   -1.04062   -2.23179
          2      12600  731.45694   -1.03598    0.00000   -1.04046    0.00000   -3.43075   -1.04062   -2.23179
          2      12700  737.12289   -1.03600    0.00000   -1.04057    0.00000   -3.43075   -1.04062   -2.23179
          2      12800  742.43279   -1.03602    0.00000   -1.04056    0.00000   -3.43075   -1.04062   -2.23179
          2      12900  748.21924   -1.03604    0.00000   -1.04040    0.00000   -3.43075   -1.04062   -2.23179
          2      13000  753.85324   -1.03605    0.00000   -1.04051    0.00000   -3.43075   -1.04062   -2.23179
          2      13100  759.79037   -1.03607    0.00000   -1.04045    0.00000   -3.43075   -1.04062   -2.23179
          2      13200  766.16617   -1.03609    0.00000   -1.04049    0.00000   -3.43075   -1.04063   -2.23179
          2      13300  772.01175   -1.03611    0.00000   -1.04046    0.00000   -3.43075   -1.04063   -2.23179
          2      13400  777.93210   -1.03612    0.00000   -1.04047    0.00000   -3.43075   -1.04063   -2.23179
          2      13500  783.86067   -1.03614    0.00000   -1.04054    0.00000   -3.43075   -1.04063   -2.23179
          2      13600  789.93891   -1.03616    0.00000   -1.04056    0.00000   -3.43075   -1.04063   -2.23179
          2      13700  795.81970   -1.03617    0.00000   -1.04044    0.00000   -3.43075   -1.04063   -2.23179
          2      13800  801.96722   -1.03619    0.00000   -1.04051    0.00000   -3.43075   -1.04063   -2.23179
          2      13900  807.80909   -1.03621    0.00000   -1.04049    0.00000   -3.43075   -1.04063   -2.23179
          2      14000  814.21973   -1.03622    0.00000   -1.04060    0.00000   -3.43075   -1.04064   -2.23179
          2      14100  820.49950   -1.03624    0.00000   -1.04048    0.00000   -3.43075   -1.04064   -2.23179
          2      14200  826.23733   -1.03625    0.00000   -1.04057    0.00000   -3.43075   -1.04064   -2.23179
          2      14300  831.82400   -1.03627    0.00000   -1.04050    0.00000   -3.43075   -1.04064   -2.23179
          2      14400  838.10113   -1.03628    0.00000   -1.04055    0.00000   -3.43075   -1.04064   -2.23179
          2      14500  843.56317   -1.03630    0.00000   -1.04046    0.00000   -3.43075   -1.04064   -2.23179
          2      14600  849.03493   -1.03631    0.00000   -1.04049    0.00000   -3.43075   -1.04064   -2.23179
          2      14700  854.81996   -1.03633    0.00000   -1.04055    0.00000   -3.43075   -1.04064   -2.23179
          2      14800  860.47001   -1.03634    0.00000   -1.04039    0.00000   -3.43075   -1.04064   -2.23179
          2      14900  866.68069   -1.03636    0.00000   -1.04048    0.00000   -3.43075   -1.04064   -2.23179
          2      15000  872.34804   -1.03637    0.00000   -1.04049    0.00000   -3.43075   -1.04064   -2.23179
          2      15100  878.16827   -1.03639    0.00000   -1.04051    0.00000   -3.43075   -1.04064   -2.23179
          2      15200  883.79524   -1.03640    0.00000   -1.04056    0.00000   -3.43075   -1.04064   -2.23179
          2      15300  889.60545   -1.03642    0.00000   -1.04039    0.00000   -3.43075   -1.04064   -2.23179
          2      15400  895.32493   -1.03643    0.00000   -1.04051    0.00000   -3.43075   -1.04064   -2.23179
          2      15500  900.87265   -1.03644    0.00000   -1.04047    0.00000   -3.43075   -1.04064   -2.23179
          2      15600  906.61657   -1.03646    0.00000   -1.04057    0.00000   -3.43075   -1.04064   -2.23179
          2      15700  912.59241   -1.03647    0.00000   -1.04056    0.00000   -3.43075   -1.04066   -2.23179
          2      15800  918.53407   -1.03648    0.00000   -1.04058    0.00000   -3.43075   -1.04066   -2.23179
          2      15900  924.00063   -1.03650    0.00000   -1.04045    0.00000   -3.43075   -1.04066   -2.23179
          2      16000  929.92950   -1.03651    0.00000   -1.04044    0.00000   -3.43075   -1.04066   -2.23179
          2      16100  935.63293   -1.03652    0.00000   -1.04049    0.00000   -3.43075   -1.04066   -2.23179
          2      16200  941.43546   -1.03654    0.00000   -1.04057    0.00000   -3.43075   -1.04066   -2.23179
          2      16300  947.57057   -1.03655    0.00000   -1.04047    0.00000   -3.43075   -1.04066   -2.23179
          2      16400  953.49109   -1.03656    0.00000   -1.04060    0.00000   -3.43075   -1.04066   -2.23179
          2      16500  959.99309   -1.03657    0.00000   -1.04053    0.00000   -3.43075   -1.04066   -2.23179
          2      16600  965.35920   -1.03659    0.00000   -1.04046    0.00000   -3.43075   -1.04066   -2.23179
          2      16700  971.28948   -1.03660    0.00000   -1.04056    0.00000   -3.43075   -1.04066   -2.23179
          2      16800  977.19978   -1.03661    0.00000   -1.04053    0.00000   -3.43075   -1.04066   -2.23179
          2      16900  983.43054   -1.03662    0.00000   -1.04051    0.00000   -3.43075   -1.04066   -2.23179
          2      17000  989.46940   -1.03664    0.00000   -1.04058    0.00000   -3.43075   -1.04066   -2.23179
          2      17100  995.87179   -1.03665    0.00000   -1.04053    0.00000   -3.43075   -1.04066   -2.23179
          2      17200 1001.43347   -1.03666    0.00000   -1.04047    0.00000   -3.43075   -1.04066   -2.23179
          2      17300 1007.31321   -1.03667    0.00000   -1.04044    0.00000   -3.43075   -1.04066   -2.23179
          2      17400 1012.95727   -1.03668    0.00000   -1.04059    0.00000   -3.43075   -1.04066   -2.23179
          2      17500 1018.27175   -1.03669    0.00000   -1.04059    0.00000   -3.43075   -1.04066   -2.23179
          2      17600 1024.03210   -1.03671    0.00000   -1.04048    0.00000   -3.43075   -1.04066   -2.23179
          2      17700 1030.05124   -1.03672    0.00000   -1.04055    0.00000   -3.43075   -1.04066   -2.23179
          2      17800 1035.79986   -1.03673    0.00000   -1.04051    0.00000   -3.43075   -1.04066   -2.23179
          2      17900 1041.43783   -1.03674    0.00000   -1.04051    0.00000   -3.43075   -1.04066   -2.23179
          2      18000 1046.90307   -1.03675    0.00000   -1.04056    0.00000   -3.43075   -1.04066   -2.23179
          2      18100 1052.93790   -1.03676    0.00000   -1.04050    0.00000   -3.43075   -1.04066   -2.23179
          2      18200 1058.91953   -1.03677    0.00000   -1.04055    0.00000   -3.43075   -1.04066   -2.23179
          2      18300 1064.70655   -1.03678    0.00000   -1.04059    0.00000   -3.43075   -1.04066   -2.23179
          2      18400 1070.57550   -1.03679    0.00000   -1.04053    0.00000   -3.43075   -1.04066   -2.23179
          2      18500 1076.27001   -1.03680    0.00000   -1.04054    0.00000   -3.43075   -1.04066   -2.23179
          2      18600 1081.84467   -1.03681    0.00000   -1.04058    0.00000   -3.43075   -1.04066   -2.23179
          2      18700 1087.43905   -1.03682    0.00000   -1.04056    0.00000   -3.43075   -1.04066   -2.23179
          2      18800 1092.85549   -1.03683    0.00000   -1.04057    0.00000   -3.43075   -1.04066   -2.23179
          2      18900 1098.71940   -1.03684    0.00000   -1.04054    0.00000   -3.43075   -1.04066   -2.23179
          2      19000 1104.46632   -1.03685    0.00000   -1.04056    0.00000   -3.43075   -1.04066   -2.23179
          2      19100 1110.22675   -1.03686    0.00000   -1.04050    0.00000   -3.43075   -1.04066   -2.23179
          2      19200 1116.11684   -1.03687    0.00000   -1.04053    0.00000   -3.43075   -1.04066   -2.23179
          2      19300 1122.14113   -1.03688    0.00000   -1.04055    0.00000   -3.43075   -1.04066   -2.23179
          2      19400 1128.35791   -1.03689    0.00000   -1.04053    0.00000   -3.43075   -1.04066   -2.23179
          2      19500 1134.15462   -1.03690    0.00000   -1.04051    0.00000   -3.43075   -1.04066   -2.23179
          2      19600 1140.04639   -1.03691    0.00000   -1.04051    0.00000   -3.43075   -1.04066   -2.23179
          2      19700 1145.30808   -1.03692    0.00000   -1.04050    0.00000   -3.43075   -1.04066   -2.23179
          2      19800 1151.06065   -1.03693    0.00000   -1.04056    0.00000   -3.43075   -1.04066   -2.23179
          2      19900 1157.30601   -1.03694    0.00000   -1.04053    0.00000   -3.43075   -1.04066   -2.23179
          2      20000 1162.96488   -1.03695    0.00000   -1.04059    0.00000   -3.43075   -1.04066   -2.23179
          2      20100 1168.60955   -1.03696    0.00000   -1.04053    0.00000   -3.43075   -1.04066   -2.23179
          2      20200 1174.68569   -1.03697    0.00000   -1.04058    0.00000   -3.43075   -1.04066   -2.23179
          2      20300 1180.46341   -1.03698    0.00000   -1.04055    0.00000   -3.43075   -1.04066   -2.23179
          2      20400 1186.08425   -1.03699    0.00000   -1.04052    0.00000   -3.43075   -1.04066   -2.23179
          2      20500 1192.46011   -1.03700    0.00000   -1.04045    0.00000   -3.43075   -1.04066   -2.23179
          2      20600 1197.93838   -1.03701    0.00000   -1.04052    0.00000   -3.43075   -1.04066   -2.23179
          2      20700 1203.92428   -1.03702    0.00000   -1.04055    0.00000   -3.43075   -1.04067   -2.23179
          2      20800 1209.64280   -1.03702    0.00000   -1.04051    0.00000   -3.43075   -1.04067   -2.23179
          2      20900 1215.45799   -1.03703    0.00000   -1.04050    0.00000   -3.43075   -1.04067   -2.23179
          2      21000 1221.32593   -1.03704    0.00000   -1.04054    0.00000   -3.43075   -1.04067   -2.23179
          2      21100 1227.64789   -1.03705    0.00000   -1.04053    0.00000   -3.43075   -1.04067   -2.23179
          2      21200 1233.83601   -1.03706    0.00000   -1.04061    0.00000   -3.43075   -1.04067   -2.23179
          2      21300 1239.48938   -1.03707    0.00000   -1.04047    0.00000   -3.43075   -1.04067   -2.23179
          2      21400 1245.37674   -1.03708    0.00000   -1.04050    0.00000   -3.43075   -1.04067   -2.23179
          2      21500 1250.89472   -1.03708    0.00000   -1.04055    0.00000   -3.43075   -1.04067   -2.23179
          2      21600 1256.89308   -1.03709    0.00000   -1.04053    0.00000   -3.43075   -1.04067   -2.23179
          2      21700 1262.87707   -1.03710    0.00000   -1.04062    0.00000   -3.43075   -1.04067   -2.23179
          2      21800 1268.25302   -1.03711    0.00000   -1.04055    0.00000   -3.43075   -1.04067   -2.23179
          2      21900 1274.40002   -1.03712    0.00000   -1.04047    0.00000   -3.43075   -1.04067   -2.23179
          2      22000 1279.96604   -1.03713    0.00000   -1.04052    0.00000   -3.43075   -1.04067   -2.23179
          2      22100 1285.84136   -1.03713    0.00000   -1.04050    0.00000   -3.43075   -1.04067   -2.23179
          2      22200 1292.23918   -1.03714    0.00000   -1.04044    0.00000   -3.43075   -1.04067   -2.23179
          2      22300 1297.79917   -1.03715    0.00000   -1.04059    0.00000   -3.43075   -1.04067   -2.23179
          2      22400 1303.55363   -1.03716    0.00000   -1.04061    0.00000   -3.43075   -1.04067   -2.23179
          2      22500 1309.36413   -1.03717    0.00000   -1.04047    0.00000   -3.43075   -1.04067   -2.23179
          2      22600 1315.30594   -1.03717    0.00000   -1.04047    0.00000   -3.43075   -1.04067   -2.23179
          2      22700 1320.73314   -1.03718    0.00000   -1.04055    0.00000   -3.43075   -1.04067   -2.23179
          2      22800 1326.32830   -1.03719    0.00000   -1.04058    0.00000   -3.43075   -1.04067   -2.23179
          2      22900 1332.12474   -1.03720    0.00000   -1.04057    0.00000   -3.43075   -1.04067   -2.23179
          2      23000 1338.13810   -1.03720    0.00000   -1.04059    0.00000   -3.43075   -1.04067   -2.23179
          2      23100 1343.96728   -1.03721    0.00000   -1.04058    0.00000   -3.43075   -1.04067   -2.23179
          2      23200 1349.74184   -1.03722    0.00000   -1.04053    0.00000   -3.43075   -1.04067   -2.23179
          2      23300 1355.38694   -1.03723    0.00000   -1.04051    0.00000   -3.43075   -1.04067   -2.23179
          2      23400 1361.20200   -1.03723    0.00000   -1.04055    0.00000   -3.43075   -1.04067   -2.23179
          2      23500 1367.65878   -1.03724    0.00000   -1.04046    0.00000   -3.43075   -1.04067   -2.23179
          2      23600 1373.49662   -1.03725    0.00000   -1.04058    0.00000   -3.43075   -1.04067   -2.23179
          2      23700 1379.23614   -1.03726    0.00000   -1.04051    0.00000   -3.43075   -1.04067   -2.23179
          2      23800 1385.04571   -1.03726    0.00000   -1.04057    0.00000   -3.43075   -1.04067   -2.23179
          2      23900 1390.80526   -1.03727    0.00000   -1.04060    0.00000   -3.43075   -1.04067   -2.23179
          2      24000 1396.48270   -1.03728    0.00000   -1.04061    0.00000   -3.43075   -1.04067   -2.23179
          2      24100 1402.49207   -1.03728    0.00000   -1.04054    0.00000   -3.43075   -1.04067   -2.23179
          2      24200 1408.24571   -1.03729    0.00000   -1.04057    0.00000   -3.43075   -1.04067   -2.23179
          2      24300 1413.92833   -1.03730    0.00000   -1.04060    0.00000   -3.43075   -1.04067   -2.23179
          2      24400 1420.03517   -1.03731    0.00000   -1.04059    0.00000   -3.43075   -1.04067   -2.23179
          2      24500 1425.28013   -1.03731    0.00000   -1.04054    0.00000   -3.43075   -1.04067   -2.23179
          2      24600 1430.98979   -1.03732    0.00000   -1.04053    0.00000   -3.43075   -1.04067   -2.23179
          2      24700 1436.56303   -1.03733    0.00000   -1.04061    0.00000   -3.43075   -1.04067   -2.23179
          2      24800 1442.52939   -1.03733    0.00000   -1.04056    0.00000   -3.43075   -1.04067   -2.23179
          2      24900 1448.66576   -1.03734    0.00000   -1.04060    0.00000   -3.43075   -1.04067   -2.23179
          2      25000 1454.51180   -1.03735    0.00000   -1.04054    0.00000   -3.43075   -1.04067   -2.23179
          2      25100 1460.77717   -1.03735    0.00000   -1.04063    0.00000   -3.43075   -1.04067   -2.23179
          2      25200 1466.88056   -1.03736    0.00000   -1.04058    0.00000   -3.43075   -1.04067   -2.23179
          2      25300 1472.38219   -1.03737    0.00000   -1.04055    0.00000   -3.43075   -1.04067   -2.23179
          2      25400 1478.44754   -1.03737    0.00000   -1.04060    0.00000   -3.43075   -1.04067   -2.23179
          2      25500 1484.48688   -1.03738    0.00000   -1.04061    0.00000   -3.43075   -1.04067   -2.23179
          2      25600 1490.12900   -1.03739    0.00000   -1.04057    0.00000   -3.43075   -1.04067   -2.23179
          2      25700 1496.00689   -1.03739    0.00000   -1.04056    0.00000   -3.43075   -1.04067   -2.23179
          2      25800 1501.84259   -1.03740    0.00000   -1.04052    0.00000   -3.43075   -1.04067   -2.23179
          2      25900 1507.37278   -1.03741    0.00000   -1.04056    0.00000   -3.43075   -1.04067   -2.23179
          2      26000 1513.07292   -1.03741    0.00000   -1.04059    0.00000   -3.43075   -1.04067   -2.23179
          2      26100 1518.63221   -1.03742    0.00000   -1.04056    0.00000   -3.43075   -1.04067   -2.23179
          2      26200 1524.02052   -1.03742    0.00000   -1.04052    0.00000   -3.43075   -1.04067   -2.23179
          2      26300 1529.68976   -1.03743    0.00000   -1.04058    0.00000   -3.43075   -1.04067   -2.23179
          2      26400 1535.62457   -1.03744    0.00000   -1.04054    0.00000   -3.43075   -1.04067   -2.23179
          2      26500 1541.32152   -1.03744    0.00000   -1.04056    0.00000   -3.43075   -1.04067   -2.23179
          2      26600 1547.07161   -1.03745    0.00000   -1.04056    0.00000   -3.43075   -1.04067   -2.23179
          2      26700 1553.01225   -1.03746    0.00000   -1.04059    0.00000   -3.43075   -1.04067   -2.23179
          2      26800 1558.47981   -1.03746    0.00000   -1.04054    0.00000   -3.43075   -1.04067   -2.23179
          2      26900 1563.86231   -1.03747    0.00000   -1.04056    0.00000   -3.43075   -1.04067   -2.23179
          2      27000 1569.98269   -1.03747    0.00000   -1.04060    0.00000   -3.43075   -1.04067   -2.23179
          2      27100 1575.68458   -1.03748    0.00000   -1.04049    0.00000   -3.43075   -1.04067   -2.23179
          2      27200 1581.77818   -1.03749    0.00000   -1.04055    0.00000   -3.43075   -1.04067   -2.23179
          2      27300 1587.50516   -1.03749    0.00000   -1.04056    0.00000   -3.43075   -1.04067   -2.23179
          2      27400 1593.29426   -1.03750    0.00000   -1.04061    0.00000   -3.43075   -1.04067   -2.23179
          2      27500 1598.98293   -1.03750    0.00000   -1.04056    0.00000   -3.43075   -1.04067   -2.23179
          2      27600 1604.90753   -1.03751    0.00000   -1.04055    0.00000   -3.43075   -1.04067   -2.23179
          2      27700 1610.62206   -1.03751    0.00000   -1.04054    0.00000   -3.43075   -1.04067   -2.23179
          2      27800 1616.56840   -1.03752    0.00000   -1.04061    0.00000   -3.43075   -1.04067   -2.23179
          2      27900 1622.53900   -1.03753    0.00000   -1.04050    0.00000   -3.43075   -1.04067   -2.23179
          2      28000 1627.87222   -1.03753    0.00000   -1.04060    0.00000   -3.43075   -1.04067   -2.23179
          2      28100 1633.85633   -1.03754    0.00000   -1.04056    0.00000   -3.43075   -1.04067   -2.23179
          2      28200 1639.58285   -1.03754    0.00000   -1.04060    0.00000   -3.43075   -1.04067   -2.23179
          2      28300 1645.24286   -1.03755    0.00000   -1.04048    0.00000   -3.43075   -1.04067   -2.23179
          2      28400 1651.04045   -1.03755    0.00000   -1.04054    0.00000   -3.43075   -1.04067   -2.23179
          2      28500 1657.10940   -1.03756    0.00000   -1.04055    0.00000   -3.43075   -1.04067   -2.23179
          2      28600 1662.74703   -1.03756    0.00000   -1.04060    0.00000   -3.43075   -1.04067   -2.23179
          2      28700 1668.73261   -1.03757    0.00000   -1.04058    0.00000   -3.43075   -1.04067   -2.23179
          2      28800 1674.84122   -1.03758    0.00000   -1.04055    0.00000   -3.43075   -1.04067   -2.23179
          2      28900 1680.81158   -1.03758    0.00000   -1.04055    0.00000   -3.43075   -1.04067   -2.23179
          2      29000 1686.42143   -1.03759    0.00000   -1.04056    0.00000   -3.43075   -1.04067   -2.23179
          2      29100 1691.93708   -1.03759    0.00000   -1.04059    0.00000   -3.43075   -1.04067   -2.23179
          2      29200 1697.95195   -1.03760    0.00000   -1.04057    0.00000   -3.43075   -1.04067   -2.23179
          2      29300 1704.07284   -1.03760    0.00000   -1.04052    0.00000   -3.43075   -1.04067   -2.23179
          2      29400 1709.69254   -1.03761    0.00000   -1.04055    0.00000   -3.43075   -1.04067   -2.23179
          2      29500 1715.28399   -1.03761    0.00000   -1.04050    0.00000   -3.43075   -1.04067   -2.23179
          2      29600 1721.30260   -1.03762    0.00000   -1.04059    0.00000   -3.43075   -1.04067   -2.23179
          2      29700 1726.73915   -1.03762    0.00000   -1.04054    0.00000   -3.43075   -1.04067   -2.23179
          2      29800 1732.64508   -1.03763    0.00000   -1.04055    0.00000   -3.43075   -1.04067   -2.23179
          2      29900 1737.84289   -1.03763    0.00000   -1.04055    0.00000   -3.43075   -1.04067   -2.23179
          2      30000 1743.82015   -1.03764    0.00000   -1.04059    0.00000   -3.43075   -1.04067   -2.23179
          2      30100 1749.43442   -1.03764    0.00000   -1.04059    0.00000   -3.43075   -1.04067   -2.23179
          2      30200 1754.75012   -1.03765    0.00000   -1.04055    0.00000   -3.43075   -1.04067   -2.23179
          2      30300 1760.98455   -1.03765    0.00000   -1.04060    0.00000   -3.43075   -1.04067   -2.23179
          2      30400 1766.92527   -1.03766    0.00000   -1.04051    0.00000   -3.43075   -1.04067   -2.23179
          2      30500 1772.82040   -1.03766    0.00000   -1.04062    0.00000   -3.43075   -1.04067   -2.23179
          2      30600 1778.76812   -1.03767    0.00000   -1.04062    0.00000   -3.43075   -1.04067   -2.23179
          2      30700 1784.65169   -1.03767    0.00000   -1.04060    0.00000   -3.43075   -1.04067   -2.23179
          2      30800 1790.33248   -1.03768    0.00000   -1.04058    0.00000   -3.43075   -1.04067   -2.23179
          2      30900 1796.58174   -1.03768    0.00000   -1.04053    0.00000   -3.43075   -1.04067   -2.23179
          2      31000 1802.43159   -1.03769    0.00000   -1.04060    0.00000   -3.43075   -1.04067   -2.23179
          2      31100 1808.16111   -1.03769    0.00000   -1.04054    0.00000   -3.43075   -1.04067   -2.23179
          2      31200 1813.83152   -1.03770    0.00000   -1.04058    0.00000   -3.43075   -1.04067   -2.23179
          2      31300 1819.79166   -1.03770    0.00000   -1.04063    0.00000   -3.43075   -1.04067   -2.23179
          2      31400 1825.70383   -1.03771    0.00000   -1.04056    0.00000   -3.43075   -1.04067   -2.23179
          2      31500 1831.58323   -1.03771    0.00000   -1.04058    0.00000   -3.43075   -1.04067   -2.23179
          2      31600 1837.47062   -1.03772    0.00000   -1.04053    0.00000   -3.43075   -1.04067   -2.23179
          2      31700 1843.68674   -1.03772    0.00000   -1.04059    0.00000   -3.43075   -1.04067   -2.23179
          2      31800 1849.27092   -1.03773    0.00000   -1.04056    0.00000   -3.43075   -1.04067   -2.23179
          2      31900 1855.11382   -1.03773    0.00000   -1.04054    0.00000   -3.43075   -1.04067   -2.23179
          2      32000 1860.77701   -1.03774    0.00000   -1.04059    0.00000   -3.43075   -1.04067   -2.23179
          2      32100 1866.60803   -1.03774    0.00000   -1.04051    0.00000   -3.43075   -1.04067   -2.23179
          2      32200 1872.40875   -1.03774    0.00000   -1.04055    0.00000   -3.43075   -1.04067   -2.23179
          2      32300 1878.01896   -1.03775    0.00000   -1.04062    0.00000   -3.43075   -1.04067   -2.23179
          2      32400 1883.83231   -1.03775    0.00000   -1.04055    0.00000   -3.43075   -1.04067   -2.23179
          2      32500 1889.74943   -1.03776    0.00000   -1.04055    0.00000   -3.43075   -1.04067   -2.23179
          2      32600 1896.31704   -1.03776    0.00000   -1.04056    0.00000   -3.43075   -1.04067   -2.23179
          2      32700 1902.55937   -1.03777    0.00000   -1.04060    0.00000   -3.43075   -1.04067   -2.23179
          2      32800 1908.63241   -1.03777    0.00000   -1.04062    0.00000   -3.43075   -1.04067   -2.23179
          2      32900 1914.64942   -1.03778    0.00000   -1.04061    0.00000   -3.43075   -1.04067   -2.23179
          2      33000 1920.48516   -1.03778    0.00000   -1.04058    0.00000   -3.43075   -1.04067   -2.23179
          2      33100 1926.44494   -1.03779    0.00000   -1.04056    0.00000   -3.43075   -1.04067   -2.23179
          2      33200 1932.01044   -1.03779    0.00000   -1.04056    0.00000   -3.43075   -1.04067   -2.23179
          2      33300 1937.63070   -1.03779    0.00000   -1.04055    0.00000   -3.43075   -1.04067   -2.23179
          2      33400 1942.96532   -1.03780    0.00000   -1.04057    0.00000   -3.43075   -1.04067   -2.23179
          2      33500 1948.96972   -1.03780    0.00000   -1.04057    0.00000   -3.43075   -1.04067   -2.23179
          2      33600 1955.30341   -1.03781    0.00000   -1.04062    0.00000   -3.43075   -1.04067   -2.23179
          2      33700 1960.95481   -1.03781    0.00000   -1.04060    0.00000   -3.43075   -1.04067   -2.23179
          2      33800 1966.41088   -1.03782    0.00000   -1.04055    0.00000   -3.43075   -1.04067   -2.23179
          2      33900 1972.09329   -1.03782    0.00000   -1.04056    0.00000   -3.43075   -1.04067   -2.23179
          2      34000 1977.81293   -1.03782    0.00000   -1.04053    0.00000   -3.43075   -1.04068   -2.23179
          2      34100 1983.24089   -1.03783    0.00000   -1.04057    0.00000   -3.43075   -1.04068   -2.23179
          2      34200 1990.42678   -1.03783    0.00000   -1.04059    0.00000   -3.43075   -1.04068   -2.23179
          2      34300 1996.13900   -1.03784    0.00000   -1.04052    0.00000   -3.43075   -1.04068   -2.23179
          2      34400 2001.80781   -1.03784    0.00000   -1.04059    0.00000   -3.43075   -1.04068   -2.23179
          2      34500 2007.69320   -1.03784    0.00000   -1.04056    0.00000   -3.43075   -1.04068   -2.23179
          2      34600 2013.65617   -1.03785    0.00000   -1.04055    0.00000   -3.43075   -1.04068   -2.23179
          2      34700 2019.19292   -1.03785    0.00000   -1.04059    0.00000   -3.43075   -1.04068   -2.23179
          2      34800 2025.39619   -1.03786    0.00000   -1.04056    0.00000   -3.43075   -1.04068   -2.23179
          2      34900 2031.37063   -1.03786    0.00000   -1.04063    0.00000   -3.43075   -1.04068   -2.23179
          2      35000 2037.23640   -1.03787    0.00000   -1.04058    0.00000   -3.43075   -1.04068   -2.23179
          2      35100 2043.45179   -1.03787    0.00000   -1.04061    0.00000   -3.43075   -1.04068   -2.23179
          2      35200 2049.22847   -1.03787    0.00000   -1.04058    0.00000   -3.43075   -1.04068   -2.23179
          2      35300 2054.90110   -1.03788    0.00000   -1.04056    0.00000   -3.43075   -1.04068   -2.23179
          2      35400 2060.47123   -1.03788    0.00000   -1.04055    0.00000   -3.43075   -1.04068   -2.23179
          2      35500 2066.12824   -1.03789    0.00000   -1.04057    0.00000   -3.43075   -1.04068   -2.23179
          2      35600 2071.56236   -1.03789    0.00000   -1.04061    0.00000   -3.43075   -1.04068   -2.23179
          2      35700 2077.99009   -1.03789    0.00000   -1.04056    0.00000   -3.43075   -1.04068   -2.23179
          2      35800 2083.78759   -1.03790    0.00000   -1.04056    0.00000   -3.43075   -1.04068   -2.23179
          2      35900 2089.47555   -1.03790    0.00000   -1.04059    0.00000   -3.43075   -1.04068   -2.23179
          2      36000 2094.87107   -1.03790    0.00000   -1.04060    0.00000   -3.43075   -1.04069   -2.23179
          2      36100 2100.77087   -1.03791    0.00000   -1.04057    0.00000   -3.43075   -1.04069   -2.23179
          2      36200 2106.39604   -1.03791    0.00000   -1.04056    0.00000   -3.43075   -1.04069   -2.23179
          2      36300 2112.21942   -1.03792    0.00000   -1.04057    0.00000   -3.43075   -1.04069   -2.23179
          2      36400 2118.11166   -1.03792    0.00000   -1.04057    0.00000   -3.43075   -1.04069   -2.23179
          2      36500 2124.01069   -1.03792    0.00000   -1.04064    0.00000   -3.43075   -1.04069   -2.23179
          2      36600 2130.11688   -1.03793    0.00000   -1.04062    0.00000   -3.43075   -1.04069   -2.23179
          2      36700 2135.88907   -1.03793    0.00000   -1.04060    0.00000   -3.43075   -1.04069   -2.23179
          2      36800 2141.69440   -1.03794    0.00000   -1.04062    0.00000   -3.43075   -1.04069   -2.23179
          2      36900 2147.21094   -1.03794    0.00000   -1.04057    0.00000   -3.43075   -1.04069   -2.23179
          2      37000 2153.06533   -1.03794    0.00000   -1.04064    0.00000   -3.43075   -1.04069   -2.23179
          2      37100 2158.81117   -1.03795    0.00000   -1.04059    0.00000   -3.43075   -1.04069   -2.23179
          2      37200 2164.61453   -1.03795    0.00000   -1.04061    0.00000   -3.43075   -1.04069   -2.23179
          2      37300 2170.36918   -1.03795    0.00000   -1.04062    0.00000   -3.43075   -1.04069   -2.23179
          2      37400 2176.27095   -1.03796    0.00000   -1.04057    0.00000   -3.43075   -1.04069   -2.23179
          2      37500 2182.15918   -1.03796    0.00000   -1.04058    0.00000   -3.43075   -1.04069   -2.23179
          2      37600 2188.00455   -1.03796    0.00000   -1.04054    0.00000   -3.43075   -1.04069   -2.23179
          2      37700 2194.25842   -1.03797    0.00000   -1.04062    0.00000   -3.43075   -1.04069   -2.23179
          2      37800 2200.26047   -1.03797    0.00000   -1.04057    0.00000   -3.43075   -1.04069   -2.23179
          2      37900 2206.35285   -1.03798    0.00000   -1.04061    0.00000   -3.43075   -1.04069   -2.23179
          2      38000 2212.38711   -1.03798    0.00000   -1.04059    0.00000   -3.43075   -1.04069   -2.23179
          2      38100 2218.37267   -1.03798    0.00000   -1.04059    0.00000   -3.43075   -1.04069   -2.23179
          2      38200 2224.18582   -1.03799    0.00000   -1.04053    0.00000   -3.43075   -1.04069   -2.23179
          2      38300 2230.18976   -1.03799    0.00000   -1.04052    0.00000   -3.43075   -1.04069   -2.23179
          2      38400 2236.08008   -1.03799    0.00000   -1.04056    0.00000   -3.43075   -1.04069   -2.23179
          2      38500 2241.84346   -1.03800    0.00000   -1.04055    0.00000   -3.43075   -1.04069   -2.23179
          2      38600 2248.08567   -1.03800    0.00000   -1.04061    0.00000   -3.43075   -1.04069   -2.23179
          2      38700 2253.84137   -1.03800    0.00000   -1.04057    0.00000   -3.43075   -1.04069   -2.23179
          2      38800 2259.90721   -1.03801    0.00000   -1.04058    0.00000   -3.43075   -1.04069   -2.23179
          2      38900 2265.56604   -1.03801    0.00000   -1.04057    0.00000   -3.43075   -1.04069   -2.23179
          2      39000 2271.13162   -1.03801    0.00000   -1.04060    0.00000   -3.43075   -1.04069   -2.23179
          2      39100 2277.16485   -1.03802    0.00000   -1.04060    0.00000   -3.43075   -1.04069   -2.23179
          2      39200 2283.20172   -1.03802    0.00000   -1.04060    0.00000   -3.43075   -1.04069   -2.23179
          2      39300 2289.35656   -1.03802    0.00000   -1.04060    0.00000   -3.43075   -1.04069   -2.23179
          2      39400 2295.62160   -1.03803    0.00000   -1.04058    0.00000   -3.43075   -1.04069   -2.23179
          2      39500 2301.17893   -1.03803    0.00000   -1.04062    0.00000   -3.43075   -1.04069   -2.23179
          2      39600 2306.95912   -1.03803    0.00000   -1.04054    0.00000   -3.43075   -1.04069   -2.23179
          2      39700 2312.94990   -1.03804    0.00000   -1.04054    0.00000   -3.43075   -1.04069   -2.23179
          2      39800 2319.52874   -1.03804    0.00000   -1.04057    0.00000   -3.43075   -1.04069   -2.23179
          2      39900 2326.10829   -1.03804    0.00000   -1.04056    0.00000   -3.43075   -1.04069   -2.23179
          2      40000 2332.33001   -1.03805    0.00000   -1.04062    0.00000   -3.43075   -1.04069   -2.23179
          2      40100 2337.80574   -1.03805    0.00000   -1.04060    0.00000   -3.43075   -1.04069   -2.23179
          2      40200 2343.88464   -1.03805    0.00000   -1.04063    0.00000   -3.43075   -1.04069   -2.23179
          2      40300 2349.68527   -1.03806    0.00000   -1.04059    0.00000   -3.43075   -1.04069   -2.23179
          2      40400 2355.27676   -1.03806    0.00000   -1.04065    0.00000   -3.43075   -1.04069   -2.23179
          2      40500 2360.98907   -1.03806    0.00000   -1.04062    0.00000   -3.43075   -1.04069   -2.23179
          2      40600 2367.15077   -1.03807    0.00000   -1.04061    0.00000   -3.43075   -1.04069   -2.23179
          2      40700 2373.69715   -1.03807    0.00000   -1.04058    0.00000   -3.43075   -1.04069   -2.23179
          2      40800 2379.89200   -1.03807    0.00000   -1.04057    0.00000   -3.43075   -1.04069   -2.23179
          2      40900 2385.97523   -1.03808    0.00000   -1.04060    0.00000   -3.43075   -1.04069   -2.23179
          2      41000 2391.54260   -1.03808    0.00000   -1.04059    0.00000   -3.43075   -1.04069   -2.23179
          2      41100 2397.05012   -1.03808    0.00000   -1.04056    0.00000   -3.43075   -1.04069   -2.23179
          2      41200 2402.76231   -1.03809    0.00000   -1.04060    0.00000   -3.43075   -1.04069   -2.23179
          2      41300 2408.71205   -1.03809    0.00000   -1.04059    0.00000   -3.43075   -1.04069   -2.23179
          2      41400 2415.00352   -1.03809    0.00000   -1.04061    0.00000   -3.43075   -1.04069   -2.23179
          2      41500 2421.08407   -1.03810    0.00000   -1.04062    0.00000   -3.43075   -1.04069   -2.23179
          2      41600 2426.98691   -1.03810    0.00000   -1.04053    0.00000   -3.43075   -1.04069   -2.23179
          2      41700 2432.98013   -1.03810    0.00000   -1.04059    0.00000   -3.43075   -1.04069   -2.23179
          2      41800 2439.51970   -1.03811    0.00000   -1.04064    0.00000   -3.43075   -1.04069   -2.23179
          2      41900 2445.52738   -1.03811    0.00000   -1.04060    0.00000   -3.43075   -1.04069   -2.23179
          2      42000 2451.42661   -1.03811    0.00000   -1.04063    0.00000   -3.43075   -1.04069   -2.23179
          2      42100 2456.93347   -1.03811    0.00000   -1.04062    0.00000   -3.43075   -1.04069   -2.23179
          2      42200 2462.31505   -1.03812    0.00000   -1.04057    0.00000   -3.43075   -1.04069   -2.23179
          2      42300 2468.02070   -1.03812    0.00000   -1.04062    0.00000   -3.43075   -1.04069   -2.23179
          2      42400 2473.82416   -1.03812    0.00000   -1.04061    0.00000   -3.43075   -1.04069   -2.23179
          2      42500 2479.46117   -1.03813    0.00000   -1.04061    0.00000   -3.43075   -1.04069   -2.23179
          2      42600 2485.33596   -1.03813    0.00000   -1.04057    0.00000   -3.43075   -1.04069   -2.23179
          2      42700 2490.99870   -1.03813    0.00000   -1.04061    0.00000   -3.43075   -1.04069   -2.23179
          2      42800 2496.77863   -1.03814    0.00000   -1.04061    0.00000   -3.43075   -1.04069   -2.23179
          2      42900 2502.69079   -1.03814    0.00000   -1.04058    0.00000   -3.43075   -1.04069   -2.23179
          2      43000 2508.81139   -1.03814    0.00000   -1.04063    0.00000   -3.43075   -1.04069   -2.23179
          2      43100 2514.50643   -1.03814    0.00000   -1.04062    0.00000   -3.43075   -1.04069   -2.23179
          2      43200 2520.29897   -1.03815    0.00000   -1.04057    0.00000   -3.43075   -1.04069   -2.23179
          2      43300 2526.02393   -1.03815    0.00000   -1.04062    0.00000   -3.43075   -1.04069   -2.23179
          2      43400 2532.40539   -1.03815    0.00000   -1.04053    0.00000   -3.43075   -1.04069   -2.23179
          2      43500 2538.07026   -1.03816    0.00000   -1.04057    0.00000   -3.43075   -1.04069   -2.23179
          2      43600 2543.91851   -1.03816    0.00000   -1.04062    0.00000   -3.43075   -1.04069   -2.23179
          2      43700 2549.96392   -1.03816    0.00000   -1.04056    0.00000   -3.43075   -1.04069   -2.23179
          2      43800 2555.33682   -1.03817    0.00000   -1.04063    0.00000   -3.43075   -1.04069   -2.23179
          2      43900 2561.13580   -1.03817    0.00000   -1.04056    0.00000   -3.43075   -1.04069   -2.23179
          2      44000 2566.70001   -1.03817    0.00000   -1.04056    0.00000   -3.43075   -1.04069   -2.23179
          2      44100 2572.34290   -1.03817    0.00000   -1.04059    0.00000   -3.43075   -1.04069   -2.23179
          2      44200 2578.29953   -1.03818    0.00000   -1.04059    0.00000   -3.43075   -1.04069   -2.23179
          2      44300 2583.99828   -1.03818    0.00000   -1.04065    0.00000   -3.43075   -1.04069   -2.23179
          2      44400 2589.34232   -1.03818    0.00000   -1.04061    0.00000   -3.43075   -1.04069   -2.23179
          2      44500 2595.10993   -1.03819    0.00000   -1.04064    0.00000   -3.43075   -1.04069   -2.23179
          2      44600 2600.59336   -1.03819    0.00000   -1.04056    0.00000   -3.43075   -1.04069   -2.23179
          2      44700 2606.33561   -1.03819    0.00000   -1.04060    0.00000   -3.43075   -1.04069   -2.23179
          2      44800 2611.88097   -1.03819    0.00000   -1.04059    0.00000   -3.43075   -1.04069   -2.23179
          2      44900 2617.60202   -1.03820    0.00000   -1.04055    0.00000   -3.43075   -1.04069   -2.23179
          2      45000 2623.44851   -1.03820    0.00000   -1.04065    0.00000   -3.43075   -1.04069   -2.23179
          2      45100 2629.57867   -1.03820    0.00000   -1.04059    0.00000   -3.43075   -1.04069   -2.23179
          2      45200 2635.22664   -1.03820    0.00000   -1.04056    0.00000   -3.43075   -1.04069   -2.23179
          2      45300 2641.26100   -1.03821    0.00000   -1.04060    0.00000   -3.43075   -1.04069   -2.23179
          2      45400 2647.38998   -1.03821    0.00000   -1.04062    0.00000   -3.43075   -1.04069   -2.23179
          2      45500 2653.54380   -1.03821    0.00000   -1.04057    0.00000   -3.43075   -1.04069   -2.23179
          2      45600 2659.55665   -1.03822    0.00000   -1.04062    0.00000   -3.43075   -1.04069   -2.23179
          2      45700 2665.21389   -1.03822    0.00000   -1.04057    0.00000   -3.43075   -1.04069   -2.23179
          2      45800 2670.93775   -1.03822    0.00000   -1.04060    0.00000   -3.43075   -1.04069   -2.23179
          2      45900 2677.10459   -1.03822    0.00000   -1.04062    0.00000   -3.43075   -1.04069   -2.23179
          2      46000 2682.82152   -1.03823    0.00000   -1.04058    0.00000   -3.43075   -1.04069   -2.23179
          2      46100 2688.77851   -1.03823    0.00000   -1.04060    0.00000   -3.43075   -1.04069   -2.23179
          2      46200 2694.28825   -1.03823    0.00000   -1.04060    0.00000   -3.43075   -1.04069   -2.23179
          2      46300 2700.39299   -1.03823    0.00000   -1.04062    0.00000   -3.43075   -1.04069   -2.23179
          2      46400 2706.26649   -1.03824    0.00000   -1.04063    0.00000   -3.43075   -1.04069   -2.23179
          2      46500 2712.56032   -1.03824    0.00000   -1.04062    0.00000   -3.43075   -1.04069   -2.23179
          2      46600 2718.10367   -1.03824    0.00000   -1.04059    0.00000   -3.43075   -1.04069   -2.23179
          2      46700 2723.65215   -1.03825    0.00000   -1.04062    0.00000   -3.43075   -1.04069   -2.23179
          2      46800 2729.71674   -1.03825    0.00000   -1.04064    0.00000   -3.43075   -1.04069   -2.23179
          2      46900 2735.14076   -1.03825    0.00000   -1.04057    0.00000   -3.43075   -1.04069   -2.23179
          2      47000 2740.89238   -1.03825    0.00000   -1.04062    0.00000   -3.43075   -1.04069   -2.23179
          2      47100 2746.48060   -1.03826    0.00000   -1.04059    0.00000   -3.43075   -1.04069   -2.23179
          2      47200 2752.53040   -1.03826    0.00000   -1.04064    0.00000   -3.43075   -1.04069   -2.23179
          2      47300 2758.25643   -1.03826    0.00000   -1.04063    0.00000   -3.43075   -1.04069   -2.23179
          2      47400 2763.66251   -1.03826    0.00000   -1.04063    0.00000   -3.43075   -1.04069   -2.23179
          2      47500 2769.84588   -1.03827    0.00000   -1.04061    0.00000   -3.43075   -1.04069   -2.23179
          2      47600 2775.48691   -1.03827    0.00000   -1.04068    0.00000   -3.43075   -1.04069   -2.23179
          2      47700 2781.36797   -1.03827    0.00000   -1.04057    0.00000   -3.43075   -1.04069   -2.23179
          2      47800 2787.00134   -1.03827    0.00000   -1.04060    0.00000   -3.43075   -1.04069   -2.23179
          2      47900 2792.88272   -1.03828    0.00000   -1.04058    0.00000   -3.43075   -1.04069   -2.23179
          2      48000 2798.23653   -1.03828    0.00000   -1.04054    0.00000   -3.43075   -1.04069   -2.23179
          2      48100 2804.50842   -1.03828    0.00000   -1.04057    0.00000   -3.43075   -1.04069   -2.23179
          2      48200 2810.28051   -1.03828    0.00000   -1.04057    0.00000   -3.43075   -1.04069   -2.23179
          2      48300 2815.82259   -1.03829    0.00000   -1.04062    0.00000   -3.43075   -1.04069   -2.23179
          2      48400 2821.80191   -1.03829    0.00000   -1.04060    0.00000   -3.43075   -1.04069   -2.23179
          2      48500 2827.73631   -1.03829    0.00000   -1.04063    0.00000   -3.43075   -1.04069   -2.23179
          2      48600 2833.30621   -1.03829    0.00000   -1.04062    0.00000   -3.43075   -1.04069   -2.23179
          2      48700 2839.27393   -1.03830    0.00000   -1.04058    0.00000   -3.43075   -1.04069   -2.23179
          2      48800 2845.44753   -1.03830    0.00000   -1.04061    0.00000   -3.43075   -1.04069   -2.23179
          2      48900 2850.96612   -1.03830    0.00000   -1.04064    0.00000   -3.43075   -1.04069   -2.23179
          2      49000 2856.70442   -1.03830    0.00000   -1.04059    0.00000   -3.43075   -1.04069   -2.23179
          2      49100 2862.35716   -1.03831    0.00000   -1.04063    0.00000   -3.43075   -1.04069   -2.23179
          2      49200 2868.25679   -1.03831    0.00000   -1.04063    0.00000   -3.43075   -1.04069   -2.23179
          2      49300 2874.04736   -1.03831    0.00000   -1.04057    0.00000   -3.43075   -1.04069   -2.23179
          2      49400 2879.68477   -1.03831    0.00000   -1.04060    0.00000   -3.43075   -1.04069   -2.23179
          2      49500 2885.61137   -1.03832    0.00000   -1.04057    0.00000   -3.43075   -1.04069   -2.23179
          2      49600 2891.02799   -1.03832    0.00000   -1.04060    0.00000   -3.43075   -1.04069   -2.23179
          2      49700 2897.20716   -1.03832    0.00000   -1.04055    0.00000   -3.43075   -1.04069   -2.23179
          2      49800 2902.77133   -1.03832    0.00000   -1.04061    0.00000   -3.43075   -1.04069   -2.23179
          2      49900 2908.79533   -1.03833    0.00000   -1.04058    0.00000   -3.43075   -1.04069   -2.23179
          2      50000 2914.83129   -1.03833    0.00000   -1.04058    0.00000   -3.43075   -1.04069   -2.23179
          2      50100 2920.59368   -1.03833    0.00000   -1.04062    0.00000   -3.43075   -1.04069   -2.23179
          2      50200 2926.05004   -1.03833    0.00000   -1.04063    0.00000   -3.43075   -1.04069   -2.23179
          2      50300 2931.81375   -1.03833    0.00000   -1.04063    0.00000   -3.43075   -1.04069   -2.23179
          2      50400 2937.97169   -1.03834    0.00000   -1.04060    0.00000   -3.43075   -1.04069   -2.23179
          2      50500 2944.28702   -1.03834    0.00000   -1.04057    0.00000   -3.43075   -1.04069   -2.23179
          2      50600 2950.51967   -1.03834    0.00000   -1.04056    0.00000   -3.43075   -1.04069   -2.23179
          2      50700 2956.48029   -1.03834    0.00000   -1.04058    0.00000   -3.43075   -1.04069   -2.23179
          2      50800 2962.27143   -1.03835    0.00000   -1.04057    0.00000   -3.43075   -1.04069   -2.23179
          2      50900 2968.05153   -1.03835    0.00000   -1.04062    0.00000   -3.43075   -1.04069   -2.23179
          2      51000 2973.86909   -1.03835    0.00000   -1.04063    0.00000   -3.43075   -1.04069   -2.23179
          2      51100 2979.61768   -1.03835    0.00000   -1.04061    0.00000   -3.43075   -1.04069   -2.23179
          2      51200 2985.34188   -1.03836    0.00000   -1.04055    0.00000   -3.43075   -1.04069   -2.23179
          2      51300 2990.74353   -1.03836    0.00000   -1.04058    0.00000   -3.43075   -1.04069   -2.23179
          2      51400 2996.61124   -1.03836    0.00000   -1.04059    0.00000   -3.43075   -1.04069   -2.23179
          2      51500 3002.77446   -1.03836    0.00000   -1.04058    0.00000   -3.43075   -1.04069   -2.23179
          2      51600 3007.61482   -1.03836    0.00000   -1.04062    0.00000   -3.43075   -1.04069   -2.23179
          2      51700 3013.49231   -1.03837    0.00000   -1.04061    0.00000   -3.43075   -1.04069   -2.23179
          2      51800 3019.47302   -1.03837    0.00000   -1.04060    0.00000   -3.43075   -1.04069   -2.23179
          2      51900 3024.85745   -1.03837    0.00000   -1.04063    0.00000   -3.43075   -1.04069   -2.23179
          2      52000 3030.28367   -1.03837    0.00000   -1.04057    0.00000   -3.43075   -1.04069   -2.23179
          2      52100 3036.11742   -1.03838    0.00000   -1.04064    0.00000   -3.43075   -1.04069   -2.23179
          2      52200 3041.56223   -1.03838    0.00000   -1.04059    0.00000   -3.43075   -1.04069   -2.23179
          2      52300 3047.23678   -1.03838    0.00000   -1.04060    0.00000   -3.43075   -1.04069   -2.23179
          2      52400 3052.50787   -1.03838    0.00000   -1.04061    0.00000   -3.43075   -1.04069   -2.23179
          2      52500 3058.26868   -1.03838    0.00000   -1.04058    0.00000   -3.43075   -1.04069   -2.23179
          2      52600 3064.43730   -1.03839    0.00000   -1.04061    0.00000   -3.43075   -1.04069   -2.23179
          2      52700 3070.49771   -1.03839    0.00000   -1.04062    0.00000   -3.43075   -1.04069   -2.23179
          2      52800 3076.13127   -1.03839    0.00000   -1.04064    0.00000   -3.43075   -1.04069   -2.23179
          2      52900 3082.23061   -1.03839    0.00000   -1.04058    0.00000   -3.43075   -1.04069   -2.23179
          2      53000 3088.33335   -1.03840    0.00000   -1.04060    0.00000   -3.43075   -1.04069   -2.23179
          2      53100 3094.72483   -1.03840    0.00000   -1.04059    0.00000   -3.43075   -1.04069   -2.23179
          2      53200 3100.43978   -1.03840    0.00000   -1.04062    0.00000   -3.43075   -1.04069   -2.23179
          2      53300 3106.47485   -1.03840    0.00000   -1.04058    0.00000   -3.43075   -1.04069   -2.23179
          2      53400 3112.19767   -1.03840    0.00000   -1.04059    0.00000   -3.43075   -1.04069   -2.23179
          2      53500 3118.44643   -1.03841    0.00000   -1.04058    0.00000   -3.43075   -1.04069   -2.23179
          2      53600 3124.15406   -1.03841    0.00000   -1.04061    0.00000   -3.43075   -1.04069   -2.23179
          2      53700 3129.53456   -1.03841    0.00000   -1.04063    0.00000   -3.43075   -1.04069   -2.23179
          2      53800 3135.49452   -1.03841    0.00000   -1.04060    0.00000   -3.43075   -1.04069   -2.23179
          2      53900 3140.85948   -1.03841    0.00000   -1.04066    0.00000   -3.43075   -1.04069   -2.23179
          2      54000 3146.09699   -1.03842    0.00000   -1.04063    0.00000   -3.43075   -1.04069   -2.23179
          2      54100 3151.60980   -1.03842    0.00000   -1.04063    0.00000   -3.43075   -1.04069   -2.23179
          2      54200 3157.64721   -1.03842    0.00000   -1.04058    0.00000   -3.43075   -1.04069   -2.23179
          2      54300 3163.33934   -1.03842    0.00000   -1.04056    0.00000   -3.43075   -1.04069   -2.23179
          2      54400 3169.26735   -1.03843    0.00000   -1.04063    0.00000   -3.43075   -1.04069   -2.23179
          2      54500 3175.62049   -1.03843    0.00000   -1.04059    0.00000   -3.43075   -1.04069   -2.23179
          2      54600 3181.47128   -1.03843    0.00000   -1.04058    0.00000   -3.43075   -1.04069   -2.23179
          2      54700 3187.76011   -1.03843    0.00000   -1.04057    0.00000   -3.43075   -1.04069   -2.23179
          2      54800 3193.79015   -1.03843    0.00000   -1.04061    0.00000   -3.43075   -1.04069   -2.23179
          2      54900 3199.87954   -1.03844    0.00000   -1.04058    0.00000   -3.43075   -1.04069   -2.23179
          2      55000 3205.51147   -1.03844    0.00000   -1.04062    0.00000   -3.43075   -1.04069   -2.23179
          2      55100 3211.35350   -1.03844    0.00000   -1.04061    0.00000   -3.43075   -1.04069   -2.23179
          2      55200 3216.82914   -1.03844    0.00000   -1.04064    0.00000   -3.43075   -1.04069   -2.23179
          2      55300 3222.84698   -1.03844    0.00000   -1.04058    0.00000   -3.43075   -1.04069   -2.23179
          2      55400 3229.22930   -1.03845    0.00000   -1.04057    0.00000   -3.43075   -1.04069   -2.23179
          2      55500 3234.78301   -1.03845    0.00000   -1.04056    0.00000   -3.43075   -1.04069   -2.23179
          2      55600 3240.54697   -1.03845    0.00000   -1.04062    0.00000   -3.43075   -1.04069   -2.23179
          2      55700 3246.42240   -1.03845    0.00000   -1.04061    0.00000   -3.43075   -1.04069   -2.23179
          2      55800 3252.13529   -1.03845    0.00000   -1.04058    0.00000   -3.43075   -1.04069   -2.23179
          2      55900 3257.89331   -1.03846    0.00000   -1.04056    0.00000   -3.43075   -1.04069   -2.23179
          2      56000 3264.07985   -1.03846    0.00000   -1.04057    0.00000   -3.43075   -1.04069   -2.23179
          2      56100 3270.26596   -1.03846    0.00000   -1.04057    0.00000   -3.43075   -1.04069   -2.23179
          2      56200 3276.68260   -1.03846    0.00000   -1.04059    0.00000   -3.43075   -1.04069   -2.23179
          2      56300 3282.49344   -1.03846    0.00000   -1.04061    0.00000   -3.43075   -1.04069   -2.23179
          2      56400 3288.44068   -1.03847    0.00000   -1.04064    0.00000   -3.43075   -1.04069   -2.23179
          2      56500 3294.21568   -1.03847    0.00000   -1.04063    0.00000   -3.43075   -1.04069   -2.23179
          2      56600 3299.48790   -1.03847    0.00000   -1.04062    0.00000   -3.43075   -1.04069   -2.23179
          2      56700 3305.38597   -1.03847    0.00000   -1.04059    0.00000   -3.43075   -1.04069   -2.23179
          2      56800 3311.25754   -1.03847    0.00000   -1.04063    0.00000   -3.43075   -1.04069   -2.23179
          2      56900 3316.76583   -1.03848    0.00000   -1.04059    0.00000   -3.43075   -1.04069   -2.23179
          2      57000 3322.90591   -1.03848    0.00000   -1.04063    0.00000   -3.43075   -1.04069   -2.23179
          2      57100 3328.54250   -1.03848    0.00000   -1.04065    0.00000   -3.43075   -1.04069   -2.23179
          2      57200 3334.46778   -1.03848    0.00000   -1.04063    0.00000   -3.43075   -1.04069   -2.23179
          2      57300 3340.12429   -1.03848    0.00000   -1.04061    0.00000   -3.43075   -1.04069   -2.23179
          2      57400 3345.83488   -1.03849    0.00000   -1.04060    0.00000   -3.43075   -1.04069   -2.23179
          2      57500 3351.81792   -1.03849    0.00000   -1.04060    0.00000   -3.43075   -1.04069   -2.23179
          2      57600 3357.80166   -1.03849    0.00000   -1.04064    0.00000   -3.43075   -1.04069   -2.23179
          2      57700 3363.78251   -1.03849    0.00000   -1.04058    0.00000   -3.43075   -1.04069   -2.23179
          2      57800 3369.97108   -1.03849    0.00000   -1.04064    0.00000   -3.43075   -1.04069   -2.23179
          2      57900 3375.68323   -1.03850    0.00000   -1.04063    0.00000   -3.43075   -1.04069   -2.23179
          2      58000 3381.40094   -1.03850    0.00000   -1.04058    0.00000   -3.43075   -1.04069   -2.23179
          2      58100 3387.41743   -1.03850    0.00000   -1.04062    0.00000   -3.43075   -1.04069   -2.23179
          2      58200 3392.86328   -1.03850    0.00000   -1.04057    0.00000   -3.43075   -1.04069   -2.23179
          2      58300 3398.73195   -1.03850    0.00000   -1.04060    0.00000   -3.43075   -1.04069   -2.23179
          2      58400 3404.69661   -1.03850    0.00000   -1.04058    0.00000   -3.43075   -1.04069   -2.23179
          2      58500 3410.39293   -1.03851    0.00000   -1.04063    0.00000   -3.43075   -1.04069   -2.23179
          2      58600 3416.27890   -1.03851    0.00000   -1.04063    0.00000   -3.43075   -1.04069   -2.23179
          2      58700 3421.86919   -1.03851    0.00000   -1.04060    0.00000   -3.43075   -1.04069   -2.23179
          2      58800 3427.68361   -1.03851    0.00000   -1.04061    0.00000   -3.43075   -1.04069   -2.23179
          2      58900 3433.45602   -1.03851    0.00000   -1.04060    0.00000   -3.43075   -1.04069   -2.23179
          2      59000 3439.29298   -1.03852    0.00000   -1.04064    0.00000   -3.43075   -1.04069   -2.23179
          2      59100 3445.22823   -1.03852    0.00000   -1.04064    0.00000   -3.43075   -1.04069   -2.23179
          2      59200 3451.17743   -1.03852    0.00000   -1.04062    0.00000   -3.43075   -1.04069   -2.23179
          2      59300 3456.91836   -1.03852    0.00000   -1.04064    0.00000   -3.43075   -1.04069   -2.23179
          2      59400 3462.68994   -1.03852    0.00000   -1.04058    0.00000   -3.43075   -1.04069   -2.23179
          2      59500 3468.19509   -1.03853    0.00000   -1.04066    0.00000   -3.43075   -1.04069   -2.23179
          2      59600 3474.28178   -1.03853    0.00000   -1.04063    0.00000   -3.43075   -1.04069   -2.23179
          2      59700 3480.01742   -1.03853    0.00000   -1.04063    0.00000   -3.43075   -1.04069   -2.23179
          2      59800 3485.65483   -1.03853    0.00000   -1.04058    0.00000   -3.43075   -1.04069   -2.23179
          2      59900 3491.40537   -1.03853    0.00000   -1.04061    0.00000   -3.43075   -1.04069   -2.23179
          2      60000 3497.31228   -1.03853    0.00000   -1.04059    0.00000   -3.43075   -1.04069   -2.23179
          2      60100 3502.81885   -1.03854    0.00000   -1.04058    0.00000   -3.43075   -1.04069   -2.23179
          2      60200 3508.69025   -1.03854    0.00000   -1.04059    0.00000   -3.43075   -1.04069   -2.23179
          2      60300 3514.34764   -1.03854    0.00000   -1.04063    0.00000   -3.43075   -1.04069   -2.23179
          2      60400 3520.38938   -1.03854    0.00000   -1.04060    0.00000   -3.43075   -1.04069   -2.23179
          2      60500 3526.43871   -1.03854    0.00000   -1.04064    0.00000   -3.43075   -1.04069   -2.23179
          2      60600 3532.39111   -1.03854    0.00000   -1.04056    0.00000   -3.43075   -1.04069   -2.23179
          2      60700 3538.05757   -1.03855    0.00000   -1.04060    0.00000   -3.43075   -1.04069   -2.23179
          2      60800 3543.93073   -1.03855    0.00000   -1.04060    0.00000   -3.43075   -1.04069   -2.23179
          2      60900 3550.03731   -1.03855    0.00000   -1.04062    0.00000   -3.43075   -1.04069   -2.23179
          2      61000 3555.87122   -1.03855    0.00000   -1.04061    0.00000   -3.43075   -1.04069   -2.23179
          2      61100 3561.48066   -1.03855    0.00000   -1.04056    0.00000   -3.43075   -1.04069   -2.23179
          2      61200 3567.11081   -1.03856    0.00000   -1.04056    0.00000   -3.43075   -1.04069   -2.23179
          2      61300 3573.18414   -1.03856    0.00000   -1.04060    0.00000   -3.43075   -1.04069   -2.23179
          2      61400 3578.91050   -1.03856    0.00000   -1.04058    0.00000   -3.43075   -1.04069   -2.23179
          2      61500 3585.38891   -1.03856    0.00000   -1.04062    0.00000   -3.43075   -1.04069   -2.23179
          2      61600 3592.09645   -1.03856    0.00000   -1.04061    0.00000   -3.43075   -1.04069   -2.23179
          2      61700 3598.42456   -1.03856    0.00000   -1.04057    0.00000   -3.43075   -1.04069   -2.23179
          2      61726 3600.07764   -1.03856    0.00000   -1.04065    0.00000   -3.43075   -1.04069   -2.23179
