          1          0    0.00000   -1.00259    0.00000   -1.00259    0.00000   -3.64903    3.64903    0.00000
          1          1    0.46462   -1.00376    0.00000   -0.99972    0.00000   -3.64903   -0.99972    0.00000
          2          0    0.46462   -0.40079    0.00000   -0.99972    0.00000   -3.64903   -0.99972   -2.32437
          2        100   49.93559   -0.96128    0.00000   -1.00863    0.00000   -3.64903   -1.01259   -2.32437
          2        200  103.41802   -0.97761    0.00000   -1.01003    0.00000   -3.64903   -1.01457   -2.32437
          2        300  162.87875   -0.98487    0.00000   -1.01229    0.00000   -3.64903   -1.01540   -2.32437
          2        400  222.14066   -0.98923    0.00000   -1.01209    0.00000   -3.64903   -1.01595   -2.32437
          2        500  280.43664   -0.99220    0.00000   -1.01486    0.00000   -3.64903   -1.01603   -2.32437
          2        600  340.78013   -0.99440    0.00000   -1.01419    0.00000   -3.64903   -1.01624   -2.32437
          2        700  401.12801   -0.99612    0.00000   -1.01560    0.00000   -3.64903   -1.01661   -2.32437
          2        800  462.74436   -0.99748    0.00000   -1.01440    0.00000   -3.64903   -1.01697   -2.32437
          2        900  524.16326   -0.99863    0.00000   -1.01457    0.00000   -3.64903   -1.01697   -2.32437
          2       1000  584.56616   -0.99960    0.00000   -1.01554    0.00000   -3.64903   -1.01697   -2.32437
          2       1100  648.57163   -1.00044    0.00000   -1.01466    0.00000   -3.64903   -1.01697   -2.32437
          2       1200  712.65505   -1.00117    0.00000   -1.01508    0.00000   -3.64903   -1.01700   -2.32437
          2       1300  777.55438   -1.00181    0.00000   -1.01501    0.00000   -3.64903   -1.01700   -2.32437
          2       1400  838.40498   -1.00238    0.00000   -1.01472    0.00000   -3.64903   -1.01700   -2.32437
          2       1500  898.61780   -1.00290    0.00000   -1.01641    0.00000   -3.64903   -1.01700   -2.32437
          2       1600  961.99090   -1.00336    0.00000   -1.01592    0.00000   -3.64903   -1.01700   -2.32437
          2       1700 1025.42053   -1.00378    0.00000   -1.01600    0.00000   -3.64903   -1.01717   -2.32437
          2       1800 1090.12828   -1.00417    0.00000   -1.01625    0.00000   -3.64903   -1.01720   -2.32437
          2       1900 1153.37024   -1.00452    0.00000   -1.01598    0.00000   -3.64903   -1.01720   -2.32437
          2       2000 1218.08720   -1.00485    0.00000   -1.01584    0.00000   -3.64903   -1.01720   -2.32437
          2       2100 1285.62204   -1.00516    0.00000   -1.01659    0.00000   -3.64903   -1.01724   -2.32437
          2       2200 1350.00647   -1.00544    0.00000   -1.01614    0.00000   -3.64903   -1.01724   -2.32437
          2       2300 1415.53372   -1.00571    0.00000   -1.01592    0.00000   -3.64903   -1.01731   -2.32437
          2       2400 1479.28980   -1.00596    0.00000   -1.01641    0.00000   -3.64903   -1.01737   -2.32437
          2       2500 1540.84605   -1.00619    0.00000   -1.01664    0.00000   -3.64903   -1.01737   -2.32437
          2       2600 1601.17206   -1.00641    0.00000   -1.01669    0.00000   -3.64903   -1.01737   -2.32437
          2       2700 1661.89335   -1.00662    0.00000   -1.01695    0.00000   -3.64903   -1.01737   -2.32437
          2       2800 1723.18225   -1.00682    0.00000   -1.01653    0.00000   -3.64903   -1.01737   -2.32437
          2       2900 1787.61490   -1.00700    0.00000   -1.01651    0.00000   -3.64903   -1.01737   -2.32437
          2       3000 1852.41317   -1.00718    0.00000   -1.01600    0.00000   -3.64903   -1.01737   -2.32437
          2       3100 1915.84154   -1.00735    0.00000   -1.01644    0.00000   -3.64903   -1.01737   -2.32437
          2       3200 1979.12383   -1.00751    0.00000   -1.01606    0.00000   -3.64903   -1.01737   -2.32437
          2       3300 2041.42833   -1.00767    0.00000   -1.01571    0.00000   -3.64903   -1.01737   -2.32437
          2       3400 2102.28803   -1.00781    0.00000   -1.01659    0.00000   -3.64903   -1.01750   -2.32437
          2       3500 2164.87082   -1.00795    0.00000   -1.01650    0.00000   -3.64903   -1.01750   -2.32437
          2       3600 2225.55088   -1.00809    0.00000   -1.01667    0.00000   -3.64903   -1.01750   -2.32437
          2       3700 2288.62457   -1.00822    0.00000   -1.01677    0.00000   -3.64903   -1.01750   -2.32437
          2       3800 2354.04862   -1.00834    0.00000   -1.01635    0.00000   -3.64903   -1.01750   -2.32437
          2       3900 2418.87237   -1.00846    0.00000   -1.01676    0.00000   -3.64903   -1.01750   -2.32437
          2       4000 2482.83391   -1.00858    0.00000   -1.01667    0.00000   -3.64903   -1.01750   -2.32437
          2       4100 2546.73659   -1.00869    0.00000   -1.01704    0.00000   -3.64903   -1.01750   -2.32437
          2       4200 2609.52400   -1.00880    0.00000   -1.01695    0.00000   -3.64903   -1.01750   -2.32437
          2       4300 2675.61836   -1.00890    0.00000   -1.01607    0.00000   -3.64903   -1.01750   -2.32437
          2       4400 2738.34515   -1.00900    0.00000   -1.01629    0.00000   -3.64903   -1.01750   -2.32437
          2       4500 2806.22264   -1.00909    0.00000   -1.01688    0.00000   -3.64903   -1.01750   -2.32437
          2       4600 2871.45571   -1.00919    0.00000   -1.01641    0.00000   -3.64903   -1.01750   -2.32437
          2       4700 2934.86679   -1.00928    0.00000   -1.01686    0.00000   -3.64903   -1.01750   -2.32437
          2       4800 3000.50867   -1.00936    0.00000   -1.01752    0.00000   -3.64903   -1.01752   -2.32437
          2       4900 3066.38347   -1.00945    0.00000   -1.01705    0.00000   -3.64903   -1.01752   -2.32437
          2       5000 3127.79007   -1.00953    0.00000   -1.01693    0.00000   -3.64903   -1.01752   -2.32437
          2       5100 3191.12592   -1.00961    0.00000   -1.01645    0.00000   -3.64903   -1.01752   -2.32437
          2       5200 3260.63280   -1.00969    0.00000   -1.01659    0.00000   -3.64903   -1.01752   -2.32437
          2       5300 3322.04614   -1.00976    0.00000   -1.01689    0.00000   -3.64903   -1.01752   -2.32437
          2       5400 3383.07580   -1.00984    0.00000   -1.01635    0.00000   -3.64903   -1.01752   -2.32437
          2       5500 3448.01874   -1.00991    0.00000   -1.01719    0.00000   -3.64903   -1.01752   -2.32437
          2       5600 3516.79067   -1.00998    0.00000   -1.01630    0.00000   -3.64903   -1.01752   -2.32437
          2       5700 3584.42505   -1.01004    0.00000   -1.01649    0.00000   -3.64903   -1.01752   -2.32437
          2       5722 3600.03737   -1.01006    0.00000   -1.01712    0.00000   -3.64903   -1.01752   -2.32437
