 445716580275160
       6402
 3600.15480
   -1.01307
    0.00000
   -1.01890
    0.00000

   -0.00121
   -0.02395
    0.02417
    0.03195
    0.01564
   -0.02668
   -0.03499
    0.02360
    0.03623
    0.03777
    0.00307
   -0.01573
    0.04336
   -0.02251
    0.02388
   -0.05574
    0.04781
    0.04036
   -0.05657
   -0.02924
   -0.06373
   -0.02326
   -0.05572
   -0.05741
   -0.02897
    0.00403
    0.02396
    0.02732
   -0.04125
    0.00761
   -0.03898
   -0.03599
   -0.00263
    0.06673
   -0.06092
   -0.01775
   -0.01498
   -0.03376
   -0.03428
   -0.04890
   -0.01112
    0.03847
   -0.01080
   -0.02364
   -0.03347
    0.05538
   -0.03509
   -0.02570
    0.06051
   -0.03373
   -0.03124
    0.02264
   -0.01387
    0.06824
    0.05088
    0.04945
    0.02967
   -0.03406
   -0.00888
   -0.03908
    0.01889
    0.01954
    0.06688
   -0.04849
   -0.00281
   -0.02345
   -0.01230
   -0.06339
    0.04993
    0.03835
   -0.01444
    0.01841
    0.00225
   -0.06403
   -0.06025
   -0.00744
    0.06723
   -0.03917
   -0.06110
    0.00728
    0.05389
    0.02822
    0.05494
   -0.03356
   -0.04813
   -0.03927
    0.03776
   -0.02022
   -0.07170
   -0.01306
   -0.01622
   -0.01587
   -0.05390
    0.03220
   -0.00119
    0.03334
   -0.06759
    0.01410
    0.04107
   -0.05084
    0.02925
    0.01064
    0.00203
    0.02310
    0.04587
   -0.06327
    0.03089
   -0.01550
   -0.04995
    0.05684
   -0.05870
    0.00563
   -0.00641
    0.04502
    0.01941
   -0.03379
    0.06823
   -0.06670
   -0.01893
    0.00438
    0.01395
   -0.02365
    0.00570
    0.02641
    0.02793
   -0.02787
    0.06769
   -0.01065
    0.00215
    0.04236
    0.01696
   -0.03152
   -0.03895
   -0.04478
   -0.05592
   -0.05936
    0.04276
    0.06179
   -0.06643
   -0.02539
    0.03979
    0.03286
   -0.00270
    0.07732
    0.00056
    0.00756
   -0.00392
   -0.00222
   -0.06340
   -0.05304
    0.03964
    0.00786
   -0.04802
   -0.01177
   -0.04122
    0.02045
   -0.01586
    0.04657
    0.04701
   -0.02085
   -0.07374
   -0.05408
    0.04696
   -0.03003
    0.02156
   -0.06204
   -0.02616
    0.03202
    0.05608
   -0.00543
   -0.06106
    0.04330
    0.02575
   -0.01762
   -0.05666
   -0.05649
    0.00143
   -0.01419
    0.03172
   -0.02462
   -0.04765
   -0.07080
   -0.00172
   -0.07547
    0.06111
   -0.01598
   -0.03825
   -0.05261
   -0.04486
   -0.03527
   -0.01665
    0.01744
    0.03541
    0.05051
   -0.02289
    0.05274
    0.02054
    0.00672
   -0.00221
    0.02223
   -0.05126
   -0.05236
    0.00674
   -0.02801
   -0.00784
   -0.01359
   -0.06673
   -0.01219
   -0.04400
    0.03151
    0.01422
    0.02627
   -0.06413
    0.01784
    0.04833
   -0.04824
    0.02518
   -0.00828
    0.02914
    0.03815
    0.05511
    0.05667
   -0.04373
    0.01619
   -0.05554
   -0.07173
   -0.03625
    0.01897
   -0.04425
    0.04269
   -0.07372
   -0.04141
    0.01347
    0.04181
    0.05532
   -0.02934
   -0.05116
    0.04986
   -0.00315
   -0.00021
    0.04300
   -0.00614
   -0.06406
   -0.01851
    0.05737
    0.01551
    0.06269
    0.01019
   -0.03824
   -0.00111
    0.07081
   -0.01212
    0.06810
    0.01663
    0.04813
    0.07140
    0.06073
    0.04503
   -0.01927
   -0.02355
    0.03813
    0.02584
   -0.01960
    0.01609
    0.05728
    0.06423
   -0.02393
    0.05940
    0.04564
   -0.06249
    0.05627
    0.02902
   -0.02920
    0.00958
   -0.01260
   -0.05187
    0.04461
    0.01124
   -0.02883
   -0.05288
    0.06310
    0.00723
   -0.02753
    0.01876
    0.03231
   -0.05543
   -0.05664
    0.00196
    0.05108
    0.05460
    0.02390
   -0.01036
   -0.03351
    0.05422
   -0.05686
   -0.05372
    0.05839
    0.03397
    0.06561
    0.01467
   -0.05603
   -0.06741
   -0.00836
   -0.05782
    0.04558
   -0.03891
    0.00047
    0.06080
   -0.05903
    0.05891
   -0.00040
    0.03610
    0.04160
   -0.00892
   -0.03179
   -0.02117
    0.05068
   -0.02549
    0.01565
    0.03516
    0.02810
   -0.01611
   -0.02627
    0.01690
    0.03388
   -0.03003
   -0.06202
    0.05285
   -0.06397
    0.04406
   -0.01118
    0.05350
    0.04430
   -0.04016
    0.00391
   -0.03831
   -0.02631
   -0.02409
   -0.00978
    0.04445
    0.03656
   -0.01627
   -0.01920
    0.00090
   -0.00176
    0.00095
   -0.02200
   -0.03935
   -0.03804
   -0.04143
   -0.05500
    0.05380
    0.04625
   -0.06731
   -0.07164
   -0.04139
   -0.04798
   -0.04143
    0.01321
   -0.03606
    0.05441
    0.02016
    0.05138
   -0.05986
   -0.06570
    0.00051
   -0.03464
   -0.04712
    0.01775
    0.03391
    0.03655
    0.03794
   -0.06368
    0.05119
    0.00430
    0.06069
    0.01128
    0.03797
   -0.07747
    0.02468
   -0.02777
    0.07563
    0.05123
    0.02194
   -0.04649
    0.04395
   -0.01902
   -0.03579
   -0.05575
   -0.05379
   -0.02938
   -0.03419
    0.00735
    0.01266
   -0.03531
    0.00680
    0.05782
    0.05840
    0.06842
    0.06107
   -0.03746
    0.05569
    0.04714
    0.00889
   -0.02530
   -0.01715
   -0.07519
   -0.01441
   -0.04461
    0.02911
    0.00811
    0.06983
   -0.06709
   -0.06583
    0.05258
   -0.00592
    0.01869
    0.04640
   -0.06631
   -0.00954
    0.05348
   -0.06347
    0.00823
    0.01333
   -0.05058
    0.03460
    0.01018
   -0.02816
   -0.01736
   -0.03203
    0.02208
    0.04545
    0.04029
    0.05999
   -0.02156
    0.05264
    0.01525
   -0.05875
    0.04416
    0.00915
   -0.00318
    0.01661
   -0.04995
    0.04381
   -0.02063
    0.01772
    0.06718
   -0.03396
    0.05761
    0.01807
    0.00606
    0.03687
    0.02458
    0.06897
   -0.03725
    0.02583
    0.01102
   -0.05316
    0.03242
    0.00881
   -0.06896
    0.04635
   -0.03734
   -0.03413
   -0.07343
    0.03058
    0.01915
   -0.00335
   -0.06884
   -0.04897
    0.03511
    0.01861
   -0.00716
    0.04685
   -0.00576
    0.01626
   -0.03666
   -0.03771
    0.01222
   -0.02970
   -0.04333
   -0.01516
    0.07049
   -0.03566
   -0.05493
    0.04015
    0.02044
   -0.00802
    0.04440
    0.04225
   -0.03719
   -0.03635
   -0.03734
    0.00467
   -0.02094
   -0.05534
   -0.04215
   -0.04877
    0.05527
   -0.01694
    0.06167
    0.02563
   -0.06104
    0.01174
    0.01125
   -0.02680
    0.05046
   -0.01572
    0.01885
    0.06413
   -0.03266
    0.02299
   -0.02705
   -0.00906
    0.05972
   -0.03640
   -0.04761
    0.01584
    0.03427
    0.06048
   -0.05824
   -0.02333
    0.01539
    0.05939
    0.03610
    0.05641
    0.03488
    0.01942
    0.04455
   -0.03769
   -0.03998
    0.02641
   -0.06191
   -0.01052
   -0.06199
    0.01583
    0.01387
   -0.03110
    0.04386
    0.06417
    0.01454
   -0.03320
    0.04521
   -0.03395
    0.03036
    0.02013
    0.05226
    0.03205
    0.04679
    0.00424
   -0.01653
    0.03207
    0.03572
    0.05822
    0.08119
    0.01099
   -0.03485
   -0.05602
    0.00118
    0.05793
   -0.00149
   -0.03279
   -0.00706
   -0.07114
   -0.00904
    0.03807
    0.06095
    0.01094
    0.04896
   -0.03150
    0.04780
   -0.05567
   -0.04055
    0.06461
    0.05433
   -0.04595
    0.00911
   -0.03871
    0.03922
    0.01785
    0.01118
   -0.02039
   -0.04488
    0.06206
   -0.01855
   -0.03766
   -0.04164
    0.04987
   -0.00916
    0.04648
   -0.02734
    0.06168
   -0.02849
    0.05940
    0.02169
    0.05569
    0.03845
    0.04155
    0.01543
   -0.04511

   -0.00124
   -0.02403
    0.02405
    0.03209
    0.01577
   -0.02681
   -0.03527
    0.02362
    0.03641
    0.03815
    0.00317
   -0.01573
    0.04354
   -0.02278
    0.02394
   -0.05611
    0.04822
    0.04063
   -0.05692
   -0.02961
   -0.06427
   -0.02362
   -0.05619
   -0.05774
   -0.02912
    0.00386
    0.02407
    0.02761
   -0.04151
    0.00747
   -0.03936
   -0.03631
   -0.00263
    0.06728
   -0.06137
   -0.01783
   -0.01504
   -0.03400
   -0.03447
   -0.04924
   -0.01112
    0.03875
   -0.01083
   -0.02386
   -0.03368
    0.05587
   -0.03518
   -0.02576
    0.06086
   -0.03394
   -0.03150
    0.02287
   -0.01402
    0.06853
    0.05126
    0.04940
    0.02970
   -0.03414
   -0.00892
   -0.03939
    0.01901
    0.01955
    0.06755
   -0.04889
   -0.00273
   -0.02352
   -0.01246
   -0.06388
    0.05046
    0.03850
   -0.01454
    0.01849
    0.00229
   -0.06442
   -0.06057
   -0.00744
    0.06798
   -0.03934
   -0.06134
    0.00725
    0.05428
    0.02849
    0.05523
   -0.03379
   -0.04864
   -0.03963
    0.03797
   -0.02029
   -0.07206
   -0.01307
   -0.01615
   -0.01590
   -0.05434
    0.03244
   -0.00118
    0.03359
   -0.06785
    0.01446
    0.04117
   -0.05119
    0.02940
    0.01083
    0.00198
    0.02335
    0.04625
   -0.06369
    0.03105
   -0.01569
   -0.05042
    0.05707
   -0.05911
    0.00550
   -0.00640
    0.04512
    0.01935
   -0.03403
    0.06883
   -0.06719
   -0.01912
    0.00441
    0.01416
   -0.02376
    0.00562
    0.02672
    0.02818
   -0.02772
    0.06807
   -0.01074
    0.00228
    0.04251
    0.01697
   -0.03193
   -0.03931
   -0.04499
   -0.05623
   -0.05963
    0.04311
    0.06198
   -0.06678
   -0.02533
    0.04009
    0.03294
   -0.00279
    0.07799
    0.00049
    0.00736
   -0.00380
   -0.00211
   -0.06379
   -0.05325
    0.03988
    0.00812
   -0.04815
   -0.01185
   -0.04141
    0.02069
   -0.01596
    0.04700
    0.04728
   -0.02083
   -0.07447
   -0.05441
    0.04760
   -0.03011
    0.02151
   -0.06246
   -0.02633
    0.03231
    0.05657
   -0.00555
   -0.06157
    0.04351
    0.02578
   -0.01785
   -0.05693
   -0.05684
    0.00144
   -0.01434
    0.03184
   -0.02455
   -0.04813
   -0.07129
   -0.00168
   -0.07598
    0.06131
   -0.01618
   -0.03841
   -0.05284
   -0.04525
   -0.03549
   -0.01667
    0.01764
    0.03562
    0.05102
   -0.02316
    0.05316
    0.02077
    0.00678
   -0.00248
    0.02221
   -0.05157
   -0.05269
    0.00686
   -0.02804
   -0.00770
   -0.01365
   -0.06729
   -0.01221
   -0.04451
    0.03172
    0.01433
    0.02620
   -0.06445
    0.01809
    0.04853
   -0.04841
    0.02527
   -0.00845
    0.02935
    0.03828
    0.05551
    0.05714
   -0.04412
    0.01645
   -0.05591
   -0.07224
   -0.03651
    0.01908
   -0.04445
    0.04323
   -0.07417
   -0.04164
    0.01354
    0.04196
    0.05561
   -0.02943
   -0.05167
    0.05025
   -0.00331
   -0.00031
    0.04329
   -0.00632
   -0.06441
   -0.01850
    0.05754
    0.01582
    0.06325
    0.01038
   -0.03849
   -0.00117
    0.07128
   -0.01210
    0.06842
    0.01659
    0.04822
    0.07187
    0.06118
    0.04544
   -0.01951
   -0.02368
    0.03840
    0.02605
   -0.01946
    0.01612
    0.05771
    0.06439
   -0.02401
    0.05983
    0.04589
   -0.06290
    0.05685
    0.02924
   -0.02927
    0.00962
   -0.01258
   -0.05211
    0.04524
    0.01130
   -0.02906
   -0.05332
    0.06347
    0.00751
   -0.02759
    0.01871
    0.03249
   -0.05591
   -0.05691
    0.00192
    0.05152
    0.05475
    0.02426
   -0.01059
   -0.03374
    0.05470
   -0.05715
   -0.05404
    0.05864
    0.03404
    0.06612
    0.01477
   -0.05640
   -0.06790
   -0.00836
   -0.05818
    0.04581
   -0.03894
    0.00031
    0.06105
   -0.05933
    0.05941
   -0.00018
    0.03637
    0.04182
   -0.00877
   -0.03192
   -0.02126
    0.05112
   -0.02570
    0.01593
    0.03533
    0.02847
   -0.01613
   -0.02652
    0.01713
    0.03403
   -0.03002
   -0.06229
    0.05338
   -0.06447
    0.04424
   -0.01138
    0.05392
    0.04449
   -0.04043
    0.00404
   -0.03856
   -0.02658
   -0.02412
   -0.00969
    0.04475
    0.03680
   -0.01640
   -0.01916
    0.00087
   -0.00181
    0.00110
   -0.02209
   -0.03944
   -0.03834
   -0.04168
   -0.05539
    0.05431
    0.04647
   -0.06763
   -0.07209
   -0.04169
   -0.04847
   -0.04152
    0.01325
   -0.03648
    0.05483
    0.02045
    0.05175
   -0.06025
   -0.06611
    0.00076
   -0.03490
   -0.04726
    0.01771
    0.03438
    0.03670
    0.03832
   -0.06417
    0.05129
    0.00412
    0.06107
    0.01141
    0.03825
   -0.07782
    0.02486
   -0.02770
    0.07623
    0.05152
    0.02221
   -0.04699
    0.04413
   -0.01924
   -0.03593
   -0.05629
   -0.05416
   -0.02952
   -0.03446
    0.00742
    0.01278
   -0.03556
    0.00697
    0.05834
    0.05876
    0.06888
    0.06134
   -0.03775
    0.05582
    0.04748
    0.00907
   -0.02500
   -0.01715
   -0.07568
   -0.01435
   -0.04512
    0.02931
    0.00829
    0.07021
   -0.06736
   -0.06626
    0.05291
   -0.00599
    0.01886
    0.04673
   -0.06671
   -0.00987
    0.05383
   -0.06378
    0.00822
    0.01353
   -0.05068
    0.03474
    0.01033
   -0.02823
   -0.01753
   -0.03252
    0.02214
    0.04575
    0.04052
    0.06034
   -0.02162
    0.05288
    0.01541
   -0.05922
    0.04443
    0.00936
   -0.00318
    0.01673
   -0.05024
    0.04436
   -0.02077
    0.01783
    0.06763
   -0.03434
    0.05782
    0.01828
    0.00595
    0.03710
    0.02477
    0.06933
   -0.03761
    0.02610
    0.01097
   -0.05354
    0.03265
    0.00897
   -0.06923
    0.04666
   -0.03741
   -0.03451
   -0.07403
    0.03082
    0.01957
   -0.00322
   -0.06936
   -0.04922
    0.03536
    0.01852
   -0.00731
    0.04727
   -0.00565
    0.01626
   -0.03700
   -0.03794
    0.01234
   -0.02998
   -0.04370
   -0.01547
    0.07099
   -0.03599
   -0.05524
    0.04038
    0.02042
   -0.00821
    0.04473
    0.04243
   -0.03758
   -0.03643
   -0.03752
    0.00467
   -0.02119
   -0.05589
   -0.04260
   -0.04917
    0.05571
   -0.01704
    0.06212
    0.02590
   -0.06135
    0.01188
    0.01132
   -0.02697
    0.05077
   -0.01592
    0.01895
    0.06451
   -0.03288
    0.02322
   -0.02717
   -0.00911
    0.06003
   -0.03648
   -0.04788
    0.01587
    0.03440
    0.06083
   -0.05883
   -0.02335
    0.01556
    0.05966
    0.03628
    0.05672
    0.03487
    0.01943
    0.04472
   -0.03804
   -0.04017
    0.02668
   -0.06230
   -0.01063
   -0.06244
    0.01565
    0.01412
   -0.03139
    0.04400
    0.06460
    0.01454
   -0.03326
    0.04536
   -0.03444
    0.03042
    0.02036
    0.05284
    0.03248
    0.04717
    0.00388
   -0.01644
    0.03231
    0.03607
    0.05862
    0.08187
    0.01085
   -0.03516
   -0.05645
    0.00130
    0.05804
   -0.00125
   -0.03299
   -0.00707
   -0.07169
   -0.00924
    0.03819
    0.06124
    0.01109
    0.04923
   -0.03159
    0.04815
   -0.05599
   -0.04079
    0.06505
    0.05466
   -0.04630
    0.00924
   -0.03894
    0.03946
    0.01798
    0.01131
   -0.02032
   -0.04534
    0.06241
   -0.01864
   -0.03789
   -0.04209
    0.05015
   -0.00921
    0.04681
   -0.02736
    0.06217
   -0.02867
    0.05998
    0.02200
    0.05614
    0.03859
    0.04183
    0.01580
   -0.04532
