 424120582722162
       3521
 3601.51771
   -1.00774
    0.00000
   -1.01567
    0.00000

    0.04494
    0.03312
    0.05467
    0.05240
    0.05446
   -0.06355
   -0.04863
   -0.06824
    0.03857
   -0.00244
    0.03919
    0.00885
    0.01577
   -0.05602
   -0.07014
    0.05784
   -0.04584
    0.01409
    0.00556
   -0.06194
    0.05193
    0.03820
    0.04963
    0.04928
   -0.00343
    0.04060
    0.03178
    0.01007
   -0.05816
    0.00368
   -0.02715
    0.02778
    0.02576
   -0.02889
   -0.00977
   -0.00279
    0.06355
    0.02981
    0.01898
   -0.06736
    0.01050
    0.02300
    0.01937
   -0.07167
    0.03714
    0.04568
    0.01753
    0.01831
   -0.04197
   -0.04357
   -0.00961
   -0.05955
   -0.01115
    0.01798
   -0.05337
    0.05842
   -0.05094
    0.05690
   -0.04702
    0.00669
   -0.06246
    0.03403
   -0.06173
   -0.05900
   -0.05527
    0.02884
   -0.00104
   -0.03739
   -0.05932
    0.00195
    0.02079
   -0.04344
    0.05992
    0.00228
   -0.04584
    0.05905
    0.06972
   -0.04685
    0.05676
    0.02728
   -0.02144
   -0.07827
   -0.02162
    0.06597
    0.06206
    0.01356
    0.06296
    0.03459
    0.06415
    0.05350
   -0.06957
    0.03176
    0.00404
    0.03013
    0.06975
    0.05270
    0.06243
   -0.01507
    0.05392
   -0.00358
   -0.06667
    0.04079
    0.02213
   -0.03419
    0.05900
    0.00301
    0.02789
   -0.03980
   -0.01382
    0.05459
    0.06151
   -0.04826
    0.03020
   -0.02394
    0.05514
   -0.02651
   -0.04841
   -0.02723
   -0.01610
   -0.06451
   -0.04054
    0.05583
    0.01430
    0.04610
   -0.05559
    0.03309
   -0.06140
    0.05513
    0.03331
    0.01068
   -0.00252
   -0.06627
    0.06179
   -0.05859
   -0.02001
   -0.06815
    0.05845
    0.02589
   -0.03574
    0.02231
   -0.00981
    0.04260
    0.01904
    0.00914
   -0.05940
   -0.00828
   -0.03315
    0.06369
   -0.06688
    0.00166
   -0.01137
   -0.03936
   -0.01831
   -0.06057
    0.02476
    0.03707
    0.00560
   -0.01749
    0.04954
    0.02271
   -0.05501
   -0.03554
   -0.01009
    0.01847
    0.05046
    0.02305
    0.00053
   -0.05836
    0.00366
   -0.00786
   -0.03369
   -0.01500
    0.05427
    0.06200
    0.02408
   -0.04127
    0.02903
    0.01241
   -0.00918
    0.01394
   -0.01140
   -0.05625
   -0.06153
   -0.04308
    0.01493
    0.04545
    0.03213
    0.00122
    0.05747
   -0.04325
    0.02611
   -0.03995
    0.05105
   -0.01969
    0.01751
    0.05379
    0.04761
   -0.06950
    0.02584
    0.06370
    0.05055
    0.06580
   -0.01068
   -0.06608
   -0.01087
   -0.04471
   -0.07336
   -0.00542
   -0.01858
   -0.00128
    0.05488
   -0.00372
    0.00646
    0.02790
    0.01667
    0.05575
   -0.03893
    0.06394
   -0.06893
   -0.05154
   -0.00811
   -0.00184
   -0.00880
   -0.01861
   -0.01041
    0.00629
    0.02707
   -0.03040
    0.06561
    0.00087
    0.00232
    0.02627
   -0.00102
   -0.00883
   -0.03853
    0.00737
    0.01737
   -0.02012
    0.00731
   -0.02362
    0.06275
    0.00943
    0.04780
   -0.05667
    0.05129
    0.01535
    0.02490
    0.04220
   -0.01123
   -0.00661
    0.06724
    0.04928
   -0.03803
   -0.01708
   -0.05647
   -0.00782
   -0.00941
    0.04035
   -0.02732
    0.06451
   -0.04201
    0.02942
   -0.05153
    0.04024
   -0.07018
   -0.00972
   -0.05036
    0.01370
   -0.04564
    0.07010
    0.02547
    0.06848
    0.06165
    0.04724
    0.05546
   -0.02273
    0.02615
    0.02027
   -0.00714
   -0.01830
   -0.05942
   -0.02268
   -0.03718
    0.05077
    0.04025
    0.03283
   -0.00619
    0.06923
    0.00884
   -0.04174
   -0.04259
    0.03934
   -0.02105
    0.03365
   -0.03532
   -0.05448
    0.05063
    0.05705
   -0.01156
   -0.01702
    0.05853
    0.01642
   -0.03519
    0.03733
    0.06365
    0.05443
    0.04312
    0.06112
   -0.05344
    0.02867
    0.04085
    0.03975
    0.00843
    0.03363
    0.02094
   -0.03711
    0.04446
   -0.06141
   -0.04500
    0.02356
   -0.03233
    0.00637
    0.04003
   -0.02280
   -0.06520
   -0.04148
   -0.02302
    0.00315
   -0.05184
    0.03363
   -0.04950
    0.05527
   -0.04393
    0.05726
   -0.06568
    0.00318
    0.02051
    0.01132
   -0.04648
   -0.06759
    0.01267
   -0.04430
   -0.01890
   -0.05718
    0.02694
    0.01849
    0.02418
   -0.05770
    0.01484
   -0.05031
   -0.05294
   -0.05915
   -0.03884
   -0.01845
    0.00476
    0.01194
   -0.06433
    0.05959
    0.02218
    0.01324
   -0.04405
   -0.05419
   -0.03101
   -0.00567
   -0.06568
   -0.02219
    0.00796
    0.04448
    0.00608
   -0.04044
    0.02656
    0.05189
    0.06439
    0.00176
   -0.04389
   -0.04074
    0.06499
   -0.01234
    0.01732
   -0.06692
   -0.03293
    0.05437
   -0.03229
   -0.00286
    0.07059
   -0.01649
    0.06516
   -0.07707
    0.05199
   -0.05653
   -0.05593
    0.02803
   -0.03918
   -0.01553
    0.00492
   -0.03676
    0.02953
    0.05825
   -0.06830
    0.00185
    0.00262
   -0.02281
   -0.01235
   -0.02696
   -0.01359
    0.02536
    0.06646
   -0.03552
    0.01737
    0.01749
   -0.01059
    0.00135
   -0.04670
   -0.01587
   -0.01433
    0.00684
   -0.03261
   -0.05195
   -0.03624
   -0.05813
    0.02377
   -0.02035
   -0.03651
   -0.03508
    0.04097
   -0.05079
    0.02918
   -0.04435
    0.00372
    0.01149
    0.04549
   -0.02940
    0.02430
   -0.06503
    0.03837
   -0.04784
    0.04604
    0.03648
    0.00735
    0.01735
   -0.03168
   -0.02958
    0.05616
   -0.00452
   -0.02803
   -0.04419
   -0.04908
    0.03863
    0.00916
    0.01720
    0.03753
    0.01546
   -0.02793
   -0.05154
    0.00269
    0.03802
   -0.04612
   -0.02924
    0.03697
   -0.04418
    0.05615
   -0.06157
   -0.05484
   -0.03053
    0.06018
    0.05849
   -0.06558
   -0.02776
    0.04342
   -0.03824
    0.00237
    0.06391
    0.01130
    0.00245
    0.03027
    0.03119
    0.04071
   -0.05926
    0.05058
   -0.01997
   -0.01404
    0.05421
    0.00425
    0.00236
    0.01466
    0.02549
   -0.00788
    0.02175
   -0.04725
   -0.01533
   -0.00888
    0.06764
    0.01276
   -0.05012
   -0.02217
    0.03515
   -0.01572
    0.04882
    0.00252
    0.01344
   -0.05657
   -0.02005
    0.06363
    0.02954
   -0.04910
   -0.05326
    0.04525
   -0.00838
    0.06744
    0.06757
   -0.02784
    0.05448
   -0.02729
   -0.02371
    0.03577
   -0.05378
    0.01836
   -0.05568
    0.03132
   -0.04635
   -0.06090
   -0.05616
   -0.04199
    0.05527
   -0.00336
    0.04353
   -0.06515
   -0.01226
    0.03184
   -0.06258
    0.05093
   -0.01751
    0.04114
   -0.01941
    0.03905
   -0.05834
   -0.01494
    0.00624
    0.01615
   -0.00613
   -0.00624
   -0.00311
    0.03358
   -0.00657
    0.03498
    0.02492
   -0.01274
   -0.06654
    0.00538
    0.05666
    0.00680
    0.04549
    0.03546
    0.01387
   -0.02084
    0.01985
   -0.01564
   -0.00921
    0.00661
   -0.07067
   -0.04553
   -0.03871
    0.03625
   -0.05030
    0.02608
   -0.02495
    0.00472
    0.04579
    0.04325
   -0.01472
   -0.02858
   -0.04083
    0.06254
    0.03547
    0.01286
   -0.05981
    0.06612
   -0.05177
   -0.00359
   -0.07406
   -0.00196
   -0.05295
    0.00520
   -0.03948
    0.00178
   -0.01830
   -0.01508
   -0.06847
   -0.02963
   -0.03367
   -0.04003
   -0.06128
   -0.04597
   -0.03309
   -0.02186
   -0.01330
    0.00842
   -0.04196
   -0.04284
    0.00483

    0.04543
    0.03324
    0.05507
    0.05310
    0.05508
   -0.06421
   -0.04902
   -0.06886
    0.03900
   -0.00253
    0.03950
    0.00932
    0.01592
   -0.05653
   -0.07075
    0.05828
   -0.04649
    0.01407
    0.00579
   -0.06265
    0.05236
    0.03860
    0.05008
    0.05005
   -0.00347
    0.04096
    0.03198
    0.01026
   -0.05870
    0.00343
   -0.02785
    0.02811
    0.02611
   -0.02929
   -0.00989
   -0.00278
    0.06392
    0.03005
    0.01903
   -0.06799
    0.01049
    0.02324
    0.01955
   -0.07213
    0.03766
    0.04608
    0.01772
    0.01829
   -0.04246
   -0.04399
   -0.00974
   -0.06005
   -0.01102
    0.01829
   -0.05382
    0.05899
   -0.05136
    0.05745
   -0.04760
    0.00671
   -0.06285
    0.03405
   -0.06223
   -0.05948
   -0.05571
    0.02892
   -0.00105
   -0.03789
   -0.05991
    0.00205
    0.02099
   -0.04385
    0.06054
    0.00218
   -0.04608
    0.05958
    0.07024
   -0.04749
    0.05722
    0.02775
   -0.02158
   -0.07912
   -0.02180
    0.06655
    0.06258
    0.01384
    0.06366
    0.03476
    0.06475
    0.05369
   -0.07018
    0.03199
    0.00388
    0.03030
    0.07027
    0.05341
    0.06314
   -0.01482
    0.05428
   -0.00368
   -0.06726
    0.04116
    0.02252
   -0.03451
    0.05957
    0.00302
    0.02797
   -0.04006
   -0.01356
    0.05513
    0.06184
   -0.04869
    0.03021
   -0.02414
    0.05563
   -0.02664
   -0.04898
   -0.02724
   -0.01609
   -0.06538
   -0.04081
    0.05613
    0.01452
    0.04637
   -0.05593
    0.03343
   -0.06213
    0.05563
    0.03339
    0.01095
   -0.00276
   -0.06688
    0.06255
   -0.05906
   -0.02022
   -0.06864
    0.05906
    0.02596
   -0.03624
    0.02227
   -0.00982
    0.04299
    0.01925
    0.00913
   -0.05991
   -0.00854
   -0.03352
    0.06411
   -0.06732
    0.00163
   -0.01148
   -0.03987
   -0.01844
   -0.06124
    0.02535
    0.03737
    0.00570
   -0.01775
    0.04985
    0.02295
   -0.05564
   -0.03592
   -0.01002
    0.01859
    0.05084
    0.02335
    0.00047
   -0.05891
    0.00378
   -0.00778
   -0.03388
   -0.01518
    0.05505
    0.06249
    0.02445
   -0.04140
    0.02914
    0.01214
   -0.00921
    0.01408
   -0.01158
   -0.05649
   -0.06216
   -0.04352
    0.01492
    0.04583
    0.03238
    0.00129
    0.05774
   -0.04382
    0.02647
   -0.04039
    0.05157
   -0.01991
    0.01747
    0.05443
    0.04803
   -0.07029
    0.02613
    0.06432
    0.05114
    0.06624
   -0.01083
   -0.06653
   -0.01098
   -0.04497
   -0.07421
   -0.00542
   -0.01868
   -0.00144
    0.05553
   -0.00391
    0.00653
    0.02813
    0.01674
    0.05635
   -0.03927
    0.06446
   -0.06957
   -0.05212
   -0.00820
   -0.00182
   -0.00884
   -0.01863
   -0.01033
    0.00626
    0.02719
   -0.03080
    0.06637
    0.00095
    0.00221
    0.02662
   -0.00075
   -0.00904
   -0.03863
    0.00752
    0.01752
   -0.02035
    0.00727
   -0.02365
    0.06331
    0.00973
    0.04805
   -0.05720
    0.05175
    0.01523
    0.02527
    0.04251
   -0.01155
   -0.00643
    0.06790
    0.04955
   -0.03828
   -0.01731
   -0.05717
   -0.00788
   -0.00958
    0.04101
   -0.02753
    0.06459
   -0.04229
    0.02933
   -0.05199
    0.04074
   -0.07109
   -0.00971
   -0.05070
    0.01370
   -0.04588
    0.07074
    0.02576
    0.06918
    0.06211
    0.04771
    0.05598
   -0.02304
    0.02644
    0.02039
   -0.00738
   -0.01834
   -0.05987
   -0.02282
   -0.03770
    0.05113
    0.04048
    0.03314
   -0.00626
    0.06970
    0.00889
   -0.04230
   -0.04286
    0.03965
   -0.02119
    0.03428
   -0.03560
   -0.05485
    0.05119
    0.05764
   -0.01166
   -0.01724
    0.05862
    0.01644
   -0.03546
    0.03764
    0.06431
    0.05517
    0.04352
    0.06168
   -0.05382
    0.02900
    0.04142
    0.03988
    0.00856
    0.03364
    0.02098
   -0.03762
    0.04463
   -0.06182
   -0.04546
    0.02372
   -0.03260
    0.00612
    0.04033
   -0.02305
   -0.06546
   -0.04187
   -0.02314
    0.00336
   -0.05235
    0.03388
   -0.04980
    0.05574
   -0.04413
    0.05791
   -0.06619
    0.00321
    0.02072
    0.01145
   -0.04697
   -0.06828
    0.01290
   -0.04464
   -0.01896
   -0.05760
    0.02696
    0.01866
    0.02473
   -0.05821
    0.01467
   -0.05054
   -0.05319
   -0.05952
   -0.03908
   -0.01860
    0.00503
    0.01191
   -0.06494
    0.06014
    0.02265
    0.01315
   -0.04430
   -0.05439
   -0.03152
   -0.00568
   -0.06611
   -0.02236
    0.00822
    0.04467
    0.00630
   -0.04069
    0.02694
    0.05222
    0.06482
    0.00208
   -0.04421
   -0.04129
    0.06546
   -0.01246
    0.01755
   -0.06752
   -0.03339
    0.05463
   -0.03281
   -0.00297
    0.07125
   -0.01647
    0.06571
   -0.07776
    0.05244
   -0.05719
   -0.05642
    0.02789
   -0.03961
   -0.01542
    0.00512
   -0.03730
    0.02979
    0.05862
   -0.06895
    0.00164
    0.00254
   -0.02310
   -0.01229
   -0.02724
   -0.01367
    0.02575
    0.06684
   -0.03582
    0.01740
    0.01753
   -0.01072
    0.00126
   -0.04700
   -0.01605
   -0.01463
    0.00690
   -0.03287
   -0.05235
   -0.03688
   -0.05858
    0.02387
   -0.02051
   -0.03702
   -0.03534
    0.04134
   -0.05105
    0.02938
   -0.04461
    0.00365
    0.01167
    0.04587
   -0.02965
    0.02454
   -0.06571
    0.03871
   -0.04830
    0.04643
    0.03694
    0.00754
    0.01747
   -0.03216
   -0.02997
    0.05678
   -0.00471
   -0.02829
   -0.04462
   -0.04973
    0.03895
    0.00924
    0.01763
    0.03780
    0.01570
   -0.02837
   -0.05172
    0.00256
    0.03849
   -0.04676
   -0.02945
    0.03734
   -0.04464
    0.05671
   -0.06220
   -0.05538
   -0.03079
    0.06077
    0.05900
   -0.06605
   -0.02809
    0.04378
   -0.03850
    0.00233
    0.06441
    0.01136
    0.00229
    0.03064
    0.03119
    0.04083
   -0.05975
    0.05128
   -0.02048
   -0.01406
    0.05473
    0.00425
    0.00243
    0.01484
    0.02556
   -0.00798
    0.02215
   -0.04753
   -0.01522
   -0.00886
    0.06852
    0.01277
   -0.05052
   -0.02229
    0.03528
   -0.01570
    0.04918
    0.00249
    0.01354
   -0.05728
   -0.02016
    0.06389
    0.02990
   -0.04969
   -0.05346
    0.04570
   -0.00849
    0.06796
    0.06785
   -0.02818
    0.05509
   -0.02748
   -0.02400
    0.03609
   -0.05414
    0.01856
   -0.05612
    0.03157
   -0.04684
   -0.06160
   -0.05657
   -0.04235
    0.05592
   -0.00324
    0.04398
   -0.06568
   -0.01242
    0.03197
   -0.06308
    0.05140
   -0.01766
    0.04139
   -0.01955
    0.03955
   -0.05879
   -0.01497
    0.00647
    0.01617
   -0.00614
   -0.00615
   -0.00315
    0.03409
   -0.00666
    0.03528
    0.02542
   -0.01313
   -0.06714
    0.00550
    0.05693
    0.00676
    0.04607
    0.03594
    0.01411
   -0.02121
    0.01996
   -0.01579
   -0.00927
    0.00658
   -0.07115
   -0.04594
   -0.03928
    0.03640
   -0.05057
    0.02625
   -0.02539
    0.00443
    0.04618
    0.04363
   -0.01467
   -0.02871
   -0.04131
    0.06297
    0.03585
    0.01297
   -0.06042
    0.06670
   -0.05236
   -0.00349
   -0.07495
   -0.00185
   -0.05333
    0.00527
   -0.03986
    0.00214
   -0.01871
   -0.01542
   -0.06886
   -0.02984
   -0.03388
   -0.04011
   -0.06160
   -0.04619
   -0.03344
   -0.02190
   -0.01347
    0.00862
   -0.04231
   -0.04331
    0.00471
