          1          0    0.00000   -0.53070    0.00000   -0.53070    0.00000   -4.43052    4.43052    0.00000
          1          1    0.01336   -0.51306    0.00000   -0.49839    0.00000   -4.43052   -0.49839    0.00000
          2          0    0.01336   -0.18088    0.00000   -0.49839    0.00000   -4.43052   -0.49839   -2.46446
          2        100    6.21069   -0.56954    0.00000   -0.57857    0.00000   -4.43052   -0.57857   -2.46446
          2        200   11.82316   -0.58444    0.00000   -0.59723    0.00000   -4.43052   -0.59723   -2.46446
          2        300   18.98965   -0.59106    0.00000   -0.60528    0.00000   -4.43052   -0.60528   -2.46446
          2        400   24.83971   -0.59493    0.00000   -0.61000    0.00000   -4.43052   -0.61000   -2.46446
          2        500   31.36260   -0.59749    0.00000   -0.61318    0.00000   -4.43052   -0.61318   -2.46446
          2        600   37.41652   -0.59933    0.00000   -0.61552    0.00000   -4.43052   -0.61552   -2.46446
          2        700   43.82498   -0.60072    0.00000   -0.61732    0.00000   -4.43052   -0.61732   -2.46446
          2        800   48.62383   -0.60182    0.00000   -0.61877    0.00000   -4.43052   -0.61877   -2.46446
          2        900   54.70169   -0.60270    0.00000   -0.61996    0.00000   -4.43052   -0.61996   -2.46446
          2       1000   61.40484   -0.60352    0.00000   -0.60478    0.00000   -4.43052   -0.62069   -2.46446
          2       1100   67.51658   -0.60431    0.00000   -0.60994    0.00000   -4.43052   -0.62082   -2.46446
          2       1200   73.76042   -0.60502    0.00000   -0.60817    0.00000   -4.43052   -0.62091   -2.46446
          2       1300   80.73336   -0.60564    0.00000   -0.60555    0.00000   -4.43052   -0.62096   -2.46446
          2       1400   86.28335   -0.60624    0.00000   -0.61600    0.00000   -4.43052   -0.62105   -2.46446
          2       1500   93.17051   -0.60676    0.00000   -0.61381    0.00000   -4.43052   -0.62108   -2.46446
          2       1600  100.56769   -0.60724    0.00000   -0.60716    0.00000   -4.43052   -0.62115   -2.46446
          2       1700  107.91718   -0.60768    0.00000   -0.61559    0.00000   -4.43052   -0.62115   -2.46446
          2       1800  114.03800   -0.60810    0.00000   -0.61374    0.00000   -4.43052   -0.62122   -2.46446
          2       1900  120.27950   -0.60847    0.00000   -0.61068    0.00000   -4.43052   -0.62122   -2.46446
          2       2000  127.07236   -0.60881    0.00000   -0.62096    0.00000   -4.43052   -0.62131   -2.46446
          2       2100  133.75652   -0.60915    0.00000   -0.61444    0.00000   -4.43052   -0.62131   -2.46446
          2       2200  140.39510   -0.60944    0.00000   -0.60992    0.00000   -4.43052   -0.62131   -2.46446
          2       2300  146.62121   -0.60973    0.00000   -0.61447    0.00000   -4.43052   -0.62138   -2.46446
          2       2400  153.33355   -0.60999    0.00000   -0.61953    0.00000   -4.43052   -0.62139   -2.46446
          2       2500  159.31016   -0.61025    0.00000   -0.61990    0.00000   -4.43052   -0.62139   -2.46446
          2       2600  165.57472   -0.61049    0.00000   -0.61653    0.00000   -4.43052   -0.62139   -2.46446
          2       2700  172.29818   -0.61071    0.00000   -0.61053    0.00000   -4.43052   -0.62141   -2.46446
          2       2800  178.82029   -0.61092    0.00000   -0.60512    0.00000   -4.43052   -0.62148   -2.46446
          2       2900  185.85473   -0.61112    0.00000   -0.61125    0.00000   -4.43052   -0.62149   -2.46446
          2       3000  192.72313   -0.61131    0.00000   -0.61139    0.00000   -4.43052   -0.62150   -2.46446
          2       3100  200.09354   -0.61150    0.00000   -0.61151    0.00000   -4.43052   -0.62150   -2.46446
          2       3200  207.62160   -0.61167    0.00000   -0.61163    0.00000   -4.43052   -0.62150   -2.46446
          2       3300  213.30864   -0.61184    0.00000   -0.61174    0.00000   -4.43052   -0.62150   -2.46446
          2       3400  221.71604   -0.61199    0.00000   -0.61185    0.00000   -4.43052   -0.62150   -2.46446
          2       3500  227.64905   -0.61214    0.00000   -0.61196    0.00000   -4.43052   -0.62150   -2.46446
          2       3600  233.43814   -0.61229    0.00000   -0.61206    0.00000   -4.43052   -0.62157   -2.46446
          2       3700  239.35293   -0.61243    0.00000   -0.60978    0.00000   -4.43052   -0.62158   -2.46446
          2       3800  245.93838   -0.61257    0.00000   -0.61368    0.00000   -4.43052   -0.62158   -2.46446
          2       3900  252.92661   -0.61269    0.00000   -0.61652    0.00000   -4.43052   -0.62158   -2.46446
          2       4000  259.24246   -0.61282    0.00000   -0.61949    0.00000   -4.43052   -0.62160   -2.46446
          2       4100  266.50175   -0.61294    0.00000   -0.62031    0.00000   -4.43052   -0.62161   -2.46446
          2       4200  272.85553   -0.61306    0.00000   -0.61660    0.00000   -4.43052   -0.62161   -2.46446
          2       4300  278.99815   -0.61317    0.00000   -0.61419    0.00000   -4.43052   -0.62161   -2.46446
          2       4400  286.77206   -0.61328    0.00000   -0.61084    0.00000   -4.43052   -0.62161   -2.46446
          2       4500  292.57834   -0.61338    0.00000   -0.61696    0.00000   -4.43052   -0.62161   -2.46446
          2       4600  299.31099   -0.61348    0.00000   -0.62062    0.00000   -4.43052   -0.62161   -2.46446
          2       4700  305.67360   -0.61358    0.00000   -0.61931    0.00000   -4.43052   -0.62161   -2.46446
          2       4800  312.08120   -0.61367    0.00000   -0.61620    0.00000   -4.43052   -0.62161   -2.46446
          2       4900  318.23430   -0.61376    0.00000   -0.61410    0.00000   -4.43052   -0.62161   -2.46446
          2       5000  324.04891   -0.61385    0.00000   -0.61342    0.00000   -4.43052   -0.62161   -2.46446
          2       5100  329.77013   -0.61394    0.00000   -0.61842    0.00000   -4.43052   -0.62161   -2.46446
          2       5200  336.52988   -0.61402    0.00000   -0.62159    0.00000   -4.43052   -0.62161   -2.46446
          2       5300  343.72128   -0.61410    0.00000   -0.61854    0.00000   -4.43052   -0.62163   -2.46446
          2       5400  349.79737   -0.61417    0.00000   -0.61587    0.00000   -4.43052   -0.62167   -2.46446
          2       5500  354.78733   -0.61425    0.00000   -0.61032    0.00000   -4.43052   -0.62169   -2.46446
          2       5600  361.73150   -0.61432    0.00000   -0.61769    0.00000   -4.43052   -0.62169   -2.46446
          2       5700  368.91247   -0.61439    0.00000   -0.62147    0.00000   -4.43052   -0.62169   -2.46446
          2       5800  375.95107   -0.61447    0.00000   -0.61683    0.00000   -4.43052   -0.62170   -2.46446
          2       5900  381.42897   -0.61453    0.00000   -0.61068    0.00000   -4.43052   -0.62170   -2.46446
          2       6000  387.78826   -0.61460    0.00000   -0.61877    0.00000   -4.43052   -0.62170   -2.46446
          2       6100  395.28585   -0.61467    0.00000   -0.61978    0.00000   -4.43052   -0.62170   -2.46446
          2       6200  401.45640   -0.61473    0.00000   -0.61588    0.00000   -4.43052   -0.62170   -2.46446
          2       6300  407.44463   -0.61479    0.00000   -0.61443    0.00000   -4.43052   -0.62170   -2.46446
          2       6400  413.60509   -0.61485    0.00000   -0.62101    0.00000   -4.43052   -0.62172   -2.46446
          2       6500  420.64492   -0.61491    0.00000   -0.61768    0.00000   -4.43052   -0.62172   -2.46446
          2       6600  427.37164   -0.61497    0.00000   -0.61140    0.00000   -4.43052   -0.62172   -2.46446
          2       6700  433.84512   -0.61503    0.00000   -0.61968    0.00000   -4.43052   -0.62173   -2.46446
          2       6800  440.34303   -0.61508    0.00000   -0.61846    0.00000   -4.43052   -0.62173   -2.46446
          2       6900  447.12895   -0.61514    0.00000   -0.61118    0.00000   -4.43052   -0.62173   -2.46446
          2       7000  454.18715   -0.61519    0.00000   -0.62040    0.00000   -4.43052   -0.62173   -2.46446
          2       7100  460.44817   -0.61524    0.00000   -0.61734    0.00000   -4.43052   -0.62173   -2.46446
          2       7200  466.99842   -0.61530    0.00000   -0.61577    0.00000   -4.43052   -0.62173   -2.46446
          2       7300  473.74738   -0.61535    0.00000   -0.62082    0.00000   -4.43052   -0.62173   -2.46446
          2       7400  479.43524   -0.61539    0.00000   -0.61593    0.00000   -4.43052   -0.62173   -2.46446
          2       7500  485.32139   -0.61544    0.00000   -0.61896    0.00000   -4.43052   -0.62173   -2.46446
          2       7600  490.98198   -0.61549    0.00000   -0.61865    0.00000   -4.43052   -0.62173   -2.46446
          2       7700  495.81976   -0.61554    0.00000   -0.61340    0.00000   -4.43052   -0.62173   -2.46446
          2       7800  501.65878   -0.61558    0.00000   -0.62129    0.00000   -4.43052   -0.62173   -2.46446
          2       7900  508.68891   -0.61563    0.00000   -0.61701    0.00000   -4.43052   -0.62173   -2.46446
          2       8000  514.81867   -0.61567    0.00000   -0.61725    0.00000   -4.43052   -0.62173   -2.46446
          2       8100  521.29503   -0.61571    0.00000   -0.62006    0.00000   -4.43052   -0.62173   -2.46446
          2       8200  528.15892   -0.61575    0.00000   -0.61575    0.00000   -4.43052   -0.62173   -2.46446
          2       8300  534.47949   -0.61579    0.00000   -0.62000    0.00000   -4.43052   -0.62173   -2.46446
          2       8400  541.20733   -0.61583    0.00000   -0.61818    0.00000   -4.43052   -0.62173   -2.46446
          2       8500  547.44424   -0.61587    0.00000   -0.61523    0.00000   -4.43052   -0.62173   -2.46446
          2       8600  553.73910   -0.61591    0.00000   -0.62162    0.00000   -4.43052   -0.62173   -2.46446
          2       8700  559.90514   -0.61595    0.00000   -0.61673    0.00000   -4.43052   -0.62173   -2.46446
          2       8800  565.81304   -0.61599    0.00000   -0.61849    0.00000   -4.43052   -0.62173   -2.46446
          2       8900  572.84668   -0.61602    0.00000   -0.61944    0.00000   -4.43052   -0.62173   -2.46446
          2       9000  579.17794   -0.61606    0.00000   -0.61275    0.00000   -4.43052   -0.62173   -2.46446
          2       9100  585.35506   -0.61609    0.00000   -0.62089    0.00000   -4.43052   -0.62173   -2.46446
          2       9200  592.94736   -0.61613    0.00000   -0.61779    0.00000   -4.43052   -0.62173   -2.46446
          2       9300  599.27476   -0.61616    0.00000   -0.61671    0.00000   -4.43052   -0.62173   -2.46446
          2       9311  600.01654   -0.61617    0.00000   -0.61644    0.00000   -4.43052   -0.62173   -2.46446
