 427854439529141
       5716
 3600.13532
   -1.01133
    0.00000
   -1.01802
    0.00000

    0.07545
    0.00804
   -0.06354
   -0.01213
    0.06110
   -0.01776
   -0.03655
    0.06536
   -0.02082
    0.04823
   -0.05791
   -0.04962
    0.00059
   -0.05545
    0.05160
    0.03378
   -0.05636
    0.00673
    0.01354
    0.04770
   -0.05189
    0.00630
   -0.04330
    0.01277
    0.03445
   -0.02510
   -0.05123
   -0.07268
   -0.05950
    0.03550
   -0.02288
   -0.06920
   -0.00797
   -0.06154
   -0.01801
    0.04166
   -0.01105
   -0.07069
   -0.04873
    0.05172
    0.01354
    0.05881
   -0.00103
   -0.03356
    0.00520
   -0.00259
   -0.02833
    0.02856
   -0.00729
    0.04632
    0.02394
    0.00701
   -0.00252
   -0.06120
   -0.03486
    0.03533
    0.00444
   -0.01085
    0.03876
    0.00134
   -0.01889
   -0.04669
    0.05125
    0.01853
    0.03449
    0.03544
    0.02640
    0.00099
    0.00344
   -0.04886
   -0.01981
   -0.01773
   -0.06783
    0.04918
   -0.06378
   -0.02709
    0.01717
   -0.00696
   -0.00658
   -0.01265
   -0.04155
    0.02186
   -0.02989
    0.01826
    0.06130
    0.04779
    0.02980
   -0.05031
   -0.04624
   -0.06161
    0.05881
    0.05148
    0.02767
   -0.03674
   -0.02715
    0.02806
    0.08543
   -0.01585
   -0.06066
    0.03322
    0.04601
   -0.04714
   -0.02906
   -0.05196
   -0.03707
    0.05983
    0.02506
   -0.00671
   -0.05417
   -0.07224
   -0.04530
    0.04439
   -0.03882
   -0.02140
   -0.07274
   -0.00417
    0.04170
   -0.05841
    0.06823
    0.03547
    0.04481
   -0.03105
    0.04511
   -0.02576
    0.05054
    0.01399
   -0.02596
   -0.03842
   -0.00414
    0.04960
    0.03824
    0.03413
   -0.01916
    0.04000
    0.06764
   -0.05433
    0.02778
   -0.05991
    0.02844
   -0.06684
    0.02278
   -0.06725
   -0.00180
    0.01820
   -0.04755
    0.00514
    0.00725
    0.07157
    0.02303
    0.01181
   -0.01506
    0.06703
    0.03124
   -0.06016
   -0.02865
    0.03584
   -0.07331
    0.00085
   -0.06026
    0.04306
   -0.05831
   -0.05056
   -0.01427
   -0.01683
   -0.03945
   -0.03151
   -0.06185
   -0.04980
   -0.03637
    0.01379
   -0.00337
    0.02340
   -0.02080
   -0.02474
    0.00788
   -0.05810
   -0.04618
   -0.03563
   -0.02424
   -0.04073
    0.02250
    0.00457
    0.04102
   -0.06074
   -0.04961
    0.06272
    0.00665
    0.01184
    0.06219
   -0.05419
   -0.06154
    0.00432
    0.01482
   -0.01175
    0.02903
    0.01151
    0.04172
   -0.01530
    0.06075
   -0.02675
    0.00626
    0.03126
   -0.01354
    0.03503
    0.00398
    0.04854
    0.01026
    0.00135
   -0.05460
    0.06123
   -0.02470
    0.03399
    0.05008
   -0.01355
   -0.04145
   -0.04565
    0.06586
    0.00963
    0.05537
    0.05329
   -0.00357
    0.07330
   -0.05883
    0.06257
    0.00155
    0.01463
   -0.00689
    0.00018
    0.00601
   -0.02719
    0.04548
   -0.02783
    0.03832
    0.04010
    0.00116
    0.01518
    0.06900
    0.00830
    0.05791
    0.04053
   -0.01415
   -0.02006
   -0.04248
   -0.00332
    0.06526
    0.05730
   -0.04123
   -0.06120
    0.01750
   -0.05073
    0.03176
    0.00338
    0.04898
   -0.04286
   -0.03893
   -0.04611
   -0.03395
    0.05048
    0.00914
   -0.05256
    0.07308
    0.06351
    0.04642
   -0.02218
    0.03099
   -0.06766
    0.00432
   -0.03544
   -0.05492
   -0.03454
   -0.04380
   -0.00159
    0.05857
    0.06319
   -0.02441
    0.03915
    0.04653
    0.01794
   -0.04562
   -0.04159
    0.03579
    0.06428
   -0.01706
    0.00668
   -0.04603
   -0.05205
   -0.01886
   -0.03555
   -0.05634
   -0.02225
    0.03569
    0.00105
   -0.00396
    0.03481
   -0.06854
    0.06444
   -0.05778
   -0.05608
    0.05587
   -0.00950
    0.00833
   -0.05539
    0.07050
    0.04011
   -0.05677
    0.05963
   -0.03911
   -0.02889
    0.06651
   -0.03245
   -0.03825
   -0.04795
   -0.00739
    0.05529
    0.04195
    0.05464
   -0.01353
   -0.02663
    0.02216
    0.03608
   -0.04933
    0.04354
   -0.05895
   -0.00603
   -0.01345
   -0.02136
    0.00240
    0.00024
   -0.00775
   -0.05852
    0.04314
    0.06141
   -0.02151
   -0.03496
   -0.02478
   -0.02156
   -0.05492
   -0.01574
    0.01169
   -0.02611
   -0.07142
    0.05661
   -0.02644
    0.04007
    0.07209
   -0.06322
   -0.04289
    0.05302
   -0.00176
    0.06263
    0.01108
    0.01576
   -0.05145
    0.02845
   -0.07412
    0.02791
   -0.01121
    0.02498
    0.02076
    0.00736
    0.04174
   -0.03134
   -0.06673
   -0.03306
    0.04321
   -0.01644
    0.04903
   -0.02019
   -0.04053
    0.06341
    0.02307
    0.01806
   -0.01636
    0.04881
   -0.01762
    0.03108
    0.00596
   -0.05460
   -0.03908
   -0.04948
    0.00758
   -0.03761
   -0.02945
    0.05113
   -0.03135
   -0.01551
    0.03303
    0.05451
   -0.03127
   -0.06222
    0.04739
    0.04268
    0.05983
   -0.05085
    0.01468
   -0.00631
    0.03196
   -0.01407
    0.05854
    0.03974
    0.04952
   -0.03108
   -0.04024
    0.03816
   -0.05302
    0.06580
   -0.01453
   -0.02991
   -0.04283
    0.00021
    0.00933
    0.00745
    0.00954
   -0.06200
   -0.01207
    0.00974
   -0.03928
   -0.05181
    0.02626
    0.05271
    0.00608
    0.01494
    0.01279
    0.04007
   -0.03068
   -0.07224
   -0.04125
    0.04891
   -0.04842
    0.04850
   -0.05364
    0.02281
    0.00394
    0.07404
    0.07541
   -0.01700
   -0.06717
   -0.01862
   -0.04367
    0.02761
   -0.00542
    0.04715
    0.01075
    0.02365
   -0.05949
   -0.01730
   -0.04109
   -0.03679
    0.06365
   -0.03832
   -0.00900
    0.00690
   -0.04241
    0.02033
   -0.03945
    0.01149
   -0.01134
    0.01117
    0.05003
    0.04846
   -0.01180
    0.04237
   -0.03853
   -0.07703
   -0.03430
   -0.07068
   -0.00396
    0.03108
   -0.00862
    0.07657
   -0.04952
    0.04558
   -0.01880
   -0.02982
    0.02105
   -0.05660
    0.00000
   -0.00088
   -0.01978
   -0.02557
   -0.03936
   -0.03619
    0.04714
    0.05865
    0.01462
   -0.00684
    0.03125
   -0.03322
   -0.05981
   -0.03739
   -0.06274
    0.00095
   -0.05468
    0.05277
   -0.01799
   -0.01466
   -0.07049
    0.04292
   -0.02086
   -0.07133
   -0.05002
   -0.06250
    0.00045
    0.05358
    0.01495
    0.02379
   -0.00841
    0.00257
    0.00820
   -0.05835
   -0.06806
   -0.00411
    0.06245
   -0.01384
   -0.02962
    0.02429
   -0.02851
   -0.00388
   -0.05887
    0.03489
   -0.02052
   -0.02107
   -0.04291
   -0.03486
   -0.05493
    0.03127
   -0.01813
    0.03479
    0.04179
    0.00512
    0.02189
    0.01902
    0.05246
   -0.00327
    0.03189
   -0.02657
    0.00780
   -0.01185
   -0.01408
    0.04376
   -0.02705
    0.04411
   -0.05437
   -0.02554
   -0.05202
    0.03373
    0.00140
   -0.06144
   -0.00466
    0.05112
    0.02283
    0.04887
   -0.00791
   -0.04421
   -0.06801
   -0.03121
   -0.05028
   -0.02445
   -0.00071
   -0.00709
    0.06572
   -0.07556
   -0.04639
    0.00686
    0.00483
   -0.01141
   -0.01017
   -0.06623
    0.03124
    0.04382
   -0.00589
    0.02177
    0.06919
    0.05246
   -0.04759
   -0.06549
    0.01042
    0.01082
    0.04580
   -0.02036
   -0.00652
   -0.04533
    0.04653
   -0.01575
   -0.05451
    0.03511
    0.05405
   -0.00172
   -0.04286
    0.00128
    0.03271
   -0.04042
   -0.03630
   -0.00770
   -0.02978
   -0.07175
    0.01732
   -0.06795
   -0.01458
    0.06146

    0.07552
    0.00792
   -0.06422
   -0.01208
    0.06144
   -0.01821
   -0.03663
    0.06562
   -0.02082
    0.04863
   -0.05843
   -0.05011
    0.00060
   -0.05543
    0.05214
    0.03406
   -0.05690
    0.00615
    0.01344
    0.04843
   -0.05179
    0.00600
   -0.04337
    0.01310
    0.03425
   -0.02500
   -0.05127
   -0.07303
   -0.05970
    0.03607
   -0.02315
   -0.06981
   -0.00811
   -0.06204
   -0.01814
    0.04213
   -0.01111
   -0.07122
   -0.04909
    0.05214
    0.01368
    0.05952
   -0.00125
   -0.03338
    0.00535
   -0.00249
   -0.02890
    0.02834
   -0.00765
    0.04688
    0.02416
    0.00689
   -0.00239
   -0.06170
   -0.03501
    0.03552
    0.00435
   -0.01107
    0.03921
    0.00119
   -0.01889
   -0.04694
    0.05184
    0.01856
    0.03471
    0.03589
    0.02674
    0.00101
    0.00322
   -0.04903
   -0.01978
   -0.01809
   -0.06818
    0.04925
   -0.06437
   -0.02774
    0.01716
   -0.00691
   -0.00694
   -0.01282
   -0.04210
    0.02197
   -0.03029
    0.01872
    0.06175
    0.04782
    0.03013
   -0.05069
   -0.04650
   -0.06186
    0.05932
    0.05160
    0.02753
   -0.03668
   -0.02757
    0.02863
    0.08560
   -0.01639
   -0.06158
    0.03360
    0.04620
   -0.04732
   -0.02908
   -0.05235
   -0.03727
    0.06044
    0.02496
   -0.00679
   -0.05492
   -0.07245
   -0.04554
    0.04449
   -0.03935
   -0.02101
   -0.07331
   -0.00438
    0.04215
   -0.05880
    0.06862
    0.03592
    0.04535
   -0.03096
    0.04556
   -0.02609
    0.05080
    0.01428
   -0.02628
   -0.03891
   -0.00406
    0.04998
    0.03864
    0.03484
   -0.01946
    0.04024
    0.06818
   -0.05488
    0.02862
   -0.06021
    0.02883
   -0.06712
    0.02269
   -0.06735
   -0.00172
    0.01828
   -0.04821
    0.00521
    0.00747
    0.07287
    0.02305
    0.01238
   -0.01531
    0.06787
    0.03177
   -0.06091
   -0.02860
    0.03605
   -0.07392
    0.00136
   -0.06071
    0.04345
   -0.05865
   -0.05076
   -0.01446
   -0.01693
   -0.03947
   -0.03179
   -0.06211
   -0.05002
   -0.03646
    0.01423
   -0.00354
    0.02349
   -0.02100
   -0.02474
    0.00773
   -0.05850
   -0.04687
   -0.03591
   -0.02467
   -0.04112
    0.02250
    0.00449
    0.04101
   -0.06129
   -0.05034
    0.06336
    0.00711
    0.01178
    0.06260
   -0.05454
   -0.06211
    0.00442
    0.01500
   -0.01163
    0.02912
    0.01153
    0.04171
   -0.01574
    0.06128
   -0.02710
    0.00642
    0.03140
   -0.01367
    0.03512
    0.00423
    0.04876
    0.01020
    0.00154
   -0.05517
    0.06136
   -0.02478
    0.03407
    0.05074
   -0.01349
   -0.04200
   -0.04561
    0.06637
    0.00980
    0.05626
    0.05381
   -0.00355
    0.07386
   -0.05928
    0.06292
    0.00134
    0.01471
   -0.00689
    0.00008
    0.00572
   -0.02752
    0.04602
   -0.02819
    0.03872
    0.04049
    0.00119
    0.01546
    0.06969
    0.00814
    0.05868
    0.04083
   -0.01432
   -0.02093
   -0.04305
   -0.00295
    0.06644
    0.05773
   -0.04166
   -0.06168
    0.01755
   -0.05140
    0.03168
    0.00327
    0.04958
   -0.04297
   -0.03969
   -0.04625
   -0.03364
    0.05084
    0.00901
   -0.05279
    0.07325
    0.06413
    0.04631
   -0.02217
    0.03092
   -0.06791
    0.00406
   -0.03555
   -0.05499
   -0.03510
   -0.04464
   -0.00158
    0.05845
    0.06376
   -0.02450
    0.03950
    0.04700
    0.01751
   -0.04601
   -0.04159
    0.03603
    0.06497
   -0.01684
    0.00683
   -0.04641
   -0.05277
   -0.01899
   -0.03591
   -0.05686
   -0.02237
    0.03586
    0.00099
   -0.00416
    0.03517
   -0.06917
    0.06493
   -0.05793
   -0.05627
    0.05645
   -0.00919
    0.00804
   -0.05553
    0.07093
    0.04016
   -0.05734
    0.05987
   -0.03976
   -0.02898
    0.06697
   -0.03254
   -0.03859
   -0.04871
   -0.00720
    0.05587
    0.04239
    0.05520
   -0.01355
   -0.02680
    0.02219
    0.03621
   -0.04949
    0.04419
   -0.05994
   -0.00565
   -0.01324
   -0.02137
    0.00246
   -0.00001
   -0.00765
   -0.05884
    0.04330
    0.06191
   -0.02191
   -0.03501
   -0.02518
   -0.02191
   -0.05559
   -0.01525
    0.01190
   -0.02639
   -0.07201
    0.05623
   -0.02639
    0.04071
    0.07280
   -0.06363
   -0.04320
    0.05342
   -0.00184
    0.06316
    0.01120
    0.01583
   -0.05193
    0.02855
   -0.07444
    0.02799
   -0.01134
    0.02508
    0.02096
    0.00759
    0.04241
   -0.03153
   -0.06712
   -0.03326
    0.04357
   -0.01672
    0.04917
   -0.02031
   -0.04060
    0.06393
    0.02286
    0.01817
   -0.01659
    0.04979
   -0.01795
    0.03130
    0.00634
   -0.05522
   -0.03938
   -0.04991
    0.00748
   -0.03794
   -0.02980
    0.05131
   -0.03151
   -0.01531
    0.03349
    0.05532
   -0.03156
   -0.06281
    0.04779
    0.04296
    0.05984
   -0.05152
    0.01503
   -0.00624
    0.03183
   -0.01439
    0.05862
    0.04001
    0.04997
   -0.03168
   -0.04038
    0.03834
   -0.05365
    0.06663
   -0.01466
   -0.03028
   -0.04329
    0.00054
    0.00912
    0.00748
    0.00962
   -0.06229
   -0.01204
    0.00991
   -0.03967
   -0.05199
    0.02640
    0.05340
    0.00658
    0.01471
    0.01257
    0.04059
   -0.03122
   -0.07274
   -0.04176
    0.04930
   -0.04894
    0.04907
   -0.05394
    0.02288
    0.00427
    0.07437
    0.07545
   -0.01735
   -0.06763
   -0.01867
   -0.04396
    0.02756
   -0.00556
    0.04695
    0.01066
    0.02374
   -0.06013
   -0.01735
   -0.04116
   -0.03684
    0.06408
   -0.03826
   -0.00895
    0.00669
   -0.04280
    0.02065
   -0.04003
    0.01134
   -0.01126
    0.01117
    0.05086
    0.04906
   -0.01202
    0.04265
   -0.03873
   -0.07735
   -0.03431
   -0.07109
   -0.00388
    0.03172
   -0.00901
    0.07695
   -0.04965
    0.04598
   -0.01940
   -0.03030
    0.02126
   -0.05712
    0.00010
   -0.00073
   -0.02003
   -0.02574
   -0.03942
   -0.03650
    0.04750
    0.05918
    0.01500
   -0.00741
    0.03165
   -0.03304
   -0.06074
   -0.03762
   -0.06337
    0.00094
   -0.05513
    0.05320
   -0.01836
   -0.01462
   -0.07083
    0.04326
   -0.02100
   -0.07166
   -0.05029
   -0.06258
    0.00083
    0.05445
    0.01552
    0.02404
   -0.00855
    0.00266
    0.00857
   -0.05898
   -0.06888
   -0.00409
    0.06300
   -0.01391
   -0.02973
    0.02463
   -0.02883
   -0.00376
   -0.05925
    0.03476
   -0.02062
   -0.02124
   -0.04293
   -0.03495
   -0.05566
    0.03166
   -0.01866
    0.03520
    0.04224
    0.00486
    0.02247
    0.01921
    0.05321
   -0.00316
    0.03200
   -0.02678
    0.00782
   -0.01188
   -0.01379
    0.04399
   -0.02728
    0.04456
   -0.05491
   -0.02545
   -0.05244
    0.03427
    0.00108
   -0.06185
   -0.00477
    0.05156
    0.02297
    0.04902
   -0.00753
   -0.04461
   -0.06837
   -0.03151
   -0.05064
   -0.02471
   -0.00119
   -0.00671
    0.06603
   -0.07637
   -0.04629
    0.00729
    0.00502
   -0.01154
   -0.01067
   -0.06668
    0.03153
    0.04432
   -0.00591
    0.02197
    0.06968
    0.05248
   -0.04809
   -0.06592
    0.01071
    0.01102
    0.04627
   -0.02070
   -0.00655
   -0.04599
    0.04684
   -0.01623
   -0.05522
    0.03530
    0.05436
   -0.00155
   -0.04362
    0.00132
    0.03303
   -0.04061
   -0.03693
   -0.00749
   -0.03020
   -0.07222
    0.01745
   -0.06860
   -0.01488
    0.06186
