 439054545687839
       6406
 3600.34375
   -1.00845
    0.00000
   -1.01439
    0.00000

    0.04454
   -0.03742
    0.03945
    0.05161
    0.05026
   -0.01304
    0.03306
    0.05972
    0.06153
    0.00072
   -0.05921
   -0.01894
   -0.01061
    0.02237
   -0.04456
    0.05135
    0.01618
    0.00997
   -0.04136
   -0.03854
   -0.04069
    0.06212
   -0.06641
   -0.06821
    0.03245
    0.02156
   -0.04483
    0.02637
    0.00789
   -0.04143
   -0.06155
   -0.05453
   -0.03428
    0.00656
   -0.03390
    0.03228
    0.04169
   -0.05920
   -0.02051
    0.04427
    0.06174
    0.05980
   -0.07121
    0.01846
    0.01910
    0.01100
    0.02232
   -0.00180
   -0.06134
    0.03589
    0.01734
   -0.00158
    0.05201
   -0.01010
    0.00783
    0.05863
   -0.04692
    0.07035
   -0.00094
    0.00429
   -0.00794
   -0.03255
   -0.05379
    0.00043
   -0.05545
    0.05203
   -0.02986
   -0.05322
   -0.02640
    0.02234
   -0.01461
    0.06433
    0.00200
    0.03344
    0.04167
    0.05560
   -0.07338
    0.02709
   -0.05779
    0.06068
    0.05365
   -0.03129
   -0.05464
    0.04982
    0.00677
    0.03325
   -0.07379
   -0.06531
    0.01108
   -0.04826
   -0.01151
    0.06774
   -0.06646
   -0.02017
   -0.02853
    0.00066
    0.01267
    0.00174
   -0.03626
   -0.04904
   -0.00264
    0.00051
   -0.02347
    0.02407
    0.05337
    0.03648
    0.04618
   -0.02883
    0.04605
    0.01711
    0.05808
   -0.06331
   -0.03302
    0.06097
    0.05060
   -0.03895
    0.01211
   -0.01641
    0.04167
   -0.00126
   -0.00055
    0.05061
    0.02698
   -0.02013
    0.04245
    0.03564
   -0.05134
   -0.00287
    0.01869
   -0.01275
   -0.06358
    0.02425
    0.05423
    0.00410
    0.04380
    0.02919
    0.03710
    0.01641
   -0.02149
    0.06209
   -0.02367
    0.05154
    0.06111
   -0.05216
    0.05496
   -0.01549
    0.05512
   -0.01212
   -0.02073
   -0.00576
   -0.00437
    0.06174
   -0.01435
   -0.00987
    0.02895
   -0.07096
    0.03220
   -0.01642
    0.02781
   -0.03991
    0.03261
    0.01192
    0.05020
    0.02354
    0.01436
    0.05529
    0.00700
   -0.01058
   -0.02532
   -0.00087
   -0.04699
    0.05314
   -0.05546
    0.02801
   -0.01395
   -0.02165
    0.00843
   -0.04562
    0.00793
    0.06626
    0.02741
    0.01254
   -0.06462
   -0.06463
    0.01748
    0.05884
    0.03096
   -0.04386
   -0.04585
   -0.02967
    0.06352
    0.07787
   -0.03999
    0.06305
   -0.00926
   -0.01261
    0.01947
   -0.04620
   -0.04617
   -0.01449
   -0.00227
   -0.07235
   -0.05631
    0.05748
    0.06831
   -0.05238
    0.06886
   -0.06412
    0.00821
    0.07088
   -0.05177
    0.03930
    0.03242
   -0.02333
   -0.04020
    0.01823
    0.06277
   -0.01935
   -0.00184
    0.02434
   -0.05469
    0.02725
    0.02624
    0.02415
    0.07031
    0.01395
   -0.06190
    0.02160
    0.02548
    0.02429
    0.04731
   -0.03786
    0.05379
    0.01131
    0.05827
    0.03431
    0.03884
   -0.03602
    0.07567
    0.02703
   -0.04459
   -0.04023
    0.05154
    0.00289
   -0.02969
    0.01968
    0.00428
   -0.04507
   -0.00879
    0.00677
    0.04448
   -0.02295
    0.03886
   -0.04932
   -0.05968
   -0.01239
    0.03063
    0.04859
   -0.06555
   -0.04136
   -0.03059
   -0.03480
    0.01540
    0.01053
    0.05521
    0.03432
   -0.05469
   -0.05616
    0.05197
    0.00513
   -0.01263
    0.06761
    0.01303
   -0.00940
    0.02875
   -0.00642
    0.00189
    0.06154
   -0.06126
   -0.05908
    0.07550
    0.06189
    0.02401
    0.00761
   -0.01716
    0.04360
   -0.00836
    0.00018
   -0.06068
    0.01689
   -0.03582
    0.00564
    0.05712
   -0.04626
   -0.03946
    0.05662
    0.02258
   -0.03853
    0.07226
   -0.01394
   -0.05782
   -0.01487
    0.00300
    0.03013
    0.02927
   -0.06056
   -0.05863
    0.02670
    0.01602
    0.03187
    0.05176
    0.06888
   -0.04610
    0.03261
    0.07222
    0.06811
   -0.04935
   -0.00217
   -0.01269
   -0.00934
   -0.03138
   -0.02511
   -0.03915
    0.02829
   -0.01708
    0.01991
   -0.02597
   -0.03615
   -0.04509
   -0.01777
    0.05239
   -0.00433
    0.01909
    0.01658
   -0.05774
    0.00991
   -0.01291
   -0.02976
    0.01791
    0.02764
    0.05893
   -0.05878
    0.06295
   -0.04238
   -0.04976
   -0.05635
   -0.03681
    0.04141
   -0.06119
   -0.04377
    0.04431
   -0.01514
    0.03635
    0.04573
   -0.03909
   -0.06794
   -0.02268
   -0.02820
   -0.00798
    0.05815
    0.03361
    0.05866
    0.08143
   -0.03127
    0.05538
   -0.04961
    0.04788
   -0.06701
    0.01692
    0.03435
    0.00177
    0.05342
    0.04093
   -0.02358
   -0.02929
    0.05503
   -0.06034
   -0.05984
    0.04515
   -0.06459
   -0.05825
    0.04431
   -0.03686
   -0.04973
    0.03943
    0.02772
    0.02599
    0.06492
    0.05605
    0.00318
   -0.02567
   -0.01556
   -0.01804
   -0.00247
   -0.00571
   -0.01577
   -0.02063
    0.00480
   -0.05531
    0.02982
   -0.01826
    0.02948
   -0.06265
   -0.05820
    0.02509
    0.01280
   -0.04096
    0.05426
   -0.00404
    0.06065
    0.04886
   -0.05745
    0.03026
    0.02323
   -0.02590
   -0.02775
    0.00676
    0.00415
   -0.01710
   -0.04318
   -0.04403
    0.04732
   -0.01221
    0.02696
   -0.01961
    0.06803
    0.04907
    0.00526
   -0.03553
    0.02081
   -0.06030
    0.00694
    0.05557
   -0.03578
    0.03403
    0.06511
    0.03121
    0.00713
    0.06075
   -0.04776
   -0.01948
   -0.00645
    0.02816
   -0.05698
   -0.05510
    0.02811
   -0.05271
   -0.00351
   -0.00657
    0.06356
   -0.04005
    0.04928
   -0.02093
    0.03819
   -0.04512
    0.02820
    0.05565
    0.02715
    0.00038
    0.06659
   -0.02704
   -0.06391
    0.06167
   -0.03842
   -0.00674
    0.01278
    0.00317
   -0.00057
   -0.03415
    0.04953
   -0.01282
   -0.04591
    0.01780
   -0.00934
    0.05606
   -0.03882
   -0.04574
    0.05525
   -0.02032
    0.02918
    0.03629
   -0.01644
    0.00271
    0.06351
    0.02214
   -0.01817
   -0.05055
    0.04921
    0.02788
    0.04262
   -0.00373
    0.01511
   -0.01830
   -0.06929
    0.00508
   -0.05854
    0.01090
    0.04535
    0.03329
   -0.04096
   -0.02829
    0.00559
   -0.05978
   -0.05479
    0.03463
    0.06228
    0.03262
    0.00134
   -0.01101
   -0.04224
   -0.05204
   -0.00303
    0.01661
   -0.00626
   -0.02582
    0.02223
    0.01623
    0.04471
   -0.03515
    0.02450
    0.02986
   -0.05289
   -0.04803
    0.05969
   -0.04633
   -0.04099
   -0.04883
   -0.02432
    0.05006
    0.03518
    0.03185
    0.06331
    0.03660
   -0.03545
    0.04507
   -0.05247
   -0.04336
   -0.04009
   -0.06278
   -0.01262
    0.01250
    0.00616
   -0.00207
   -0.01563
    0.05637
    0.01828
   -0.00057
    0.02286
   -0.01608
   -0.00510
   -0.05214
    0.06371
    0.01219
   -0.03242
   -0.02663
    0.06092
   -0.05046
    0.07128
   -0.06090
   -0.04701
   -0.01665
    0.02662
   -0.00617
   -0.00247
   -0.02715
    0.04659
    0.02487
   -0.05492
    0.02936
   -0.01518
   -0.01350
   -0.04834
   -0.01735
    0.00702
   -0.03012
   -0.05840
    0.04904
    0.07156
   -0.04046
    0.04900
    0.02246
    0.01139
   -0.00143
   -0.02766
    0.06242
   -0.03327
   -0.05575
   -0.00155
   -0.01620
    0.02304
    0.04966
   -0.03168
   -0.06637
   -0.06079
   -0.05865
    0.02982
   -0.04589
   -0.02541
    0.06175
    0.05091

    0.04480
   -0.03757
    0.03965
    0.05200
    0.05059
   -0.01314
    0.03337
    0.06017
    0.06210
    0.00081
   -0.05937
   -0.01916
   -0.01048
    0.02251
   -0.04491
    0.05168
    0.01623
    0.01002
   -0.04181
   -0.03892
   -0.04117
    0.06242
   -0.06679
   -0.06881
    0.03270
    0.02158
   -0.04530
    0.02640
    0.00788
   -0.04182
   -0.06193
   -0.05479
   -0.03455
    0.00663
   -0.03399
    0.03259
    0.04215
   -0.05959
   -0.02053
    0.04447
    0.06186
    0.06008
   -0.07186
    0.01860
    0.01915
    0.01082
    0.02241
   -0.00182
   -0.06189
    0.03618
    0.01739
   -0.00173
    0.05247
   -0.01006
    0.00790
    0.05914
   -0.04741
    0.07096
   -0.00087
    0.00450
   -0.00784
   -0.03265
   -0.05431
    0.00039
   -0.05582
    0.05234
   -0.03019
   -0.05352
   -0.02678
    0.02247
   -0.01467
    0.06474
    0.00208
    0.03376
    0.04190
    0.05598
   -0.07391
    0.02720
   -0.05822
    0.06103
    0.05402
   -0.03143
   -0.05515
    0.05023
    0.00683
    0.03360
   -0.07452
   -0.06575
    0.01102
   -0.04854
   -0.01155
    0.06820
   -0.06672
   -0.02037
   -0.02874
    0.00065
    0.01297
    0.00161
   -0.03650
   -0.04960
   -0.00251
    0.00047
   -0.02348
    0.02403
    0.05382
    0.03668
    0.04671
   -0.02896
    0.04620
    0.01719
    0.05840
   -0.06373
   -0.03334
    0.06136
    0.05085
   -0.03906
    0.01232
   -0.01646
    0.04201
   -0.00125
   -0.00058
    0.05125
    0.02730
   -0.02032
    0.04272
    0.03590
   -0.05185
   -0.00301
    0.01898
   -0.01281
   -0.06408
    0.02443
    0.05465
    0.00425
    0.04389
    0.02934
    0.03728
    0.01644
   -0.02179
    0.06259
   -0.02392
    0.05195
    0.06163
   -0.05255
    0.05540
   -0.01555
    0.05545
   -0.01233
   -0.02096
   -0.00581
   -0.00455
    0.06218
   -0.01466
   -0.01009
    0.02901
   -0.07132
    0.03244
   -0.01652
    0.02811
   -0.04018
    0.03281
    0.01197
    0.05055
    0.02376
    0.01451
    0.05570
    0.00698
   -0.01053
   -0.02529
   -0.00096
   -0.04737
    0.05370
   -0.05592
    0.02823
   -0.01400
   -0.02189
    0.00869
   -0.04598
    0.00810
    0.06662
    0.02760
    0.01244
   -0.06496
   -0.06489
    0.01742
    0.05943
    0.03118
   -0.04411
   -0.04619
   -0.02975
    0.06386
    0.07850
   -0.04035
    0.06363
   -0.00920
   -0.01293
    0.01954
   -0.04648
   -0.04647
   -0.01456
   -0.00215
   -0.07295
   -0.05672
    0.05792
    0.06892
   -0.05280
    0.06911
   -0.06444
    0.00834
    0.07115
   -0.05216
    0.03945
    0.03249
   -0.02348
   -0.04058
    0.01843
    0.06324
   -0.01941
   -0.00207
    0.02448
   -0.05493
    0.02736
    0.02641
    0.02431
    0.07063
    0.01405
   -0.06219
    0.02190
    0.02548
    0.02444
    0.04751
   -0.03809
    0.05446
    0.01153
    0.05848
    0.03468
    0.03906
   -0.03594
    0.07648
    0.02721
   -0.04490
   -0.04034
    0.05177
    0.00276
   -0.03000
    0.01979
    0.00441
   -0.04541
   -0.00871
    0.00663
    0.04454
   -0.02308
    0.03912
   -0.04964
   -0.06003
   -0.01250
    0.03057
    0.04914
   -0.06611
   -0.04191
   -0.03067
   -0.03491
    0.01540
    0.01086
    0.05554
    0.03435
   -0.05491
   -0.05654
    0.05250
    0.00507
   -0.01272
    0.06803
    0.01321
   -0.00959
    0.02912
   -0.00639
    0.00239
    0.06202
   -0.06145
   -0.05943
    0.07600
    0.06242
    0.02428
    0.00752
   -0.01709
    0.04379
   -0.00826
    0.00018
   -0.06096
    0.01704
   -0.03610
    0.00578
    0.05759
   -0.04638
   -0.03982
    0.05707
    0.02263
   -0.03877
    0.07280
   -0.01405
   -0.05827
   -0.01501
    0.00277
    0.03016
    0.02957
   -0.06104
   -0.05909
    0.02685
    0.01608
    0.03216
    0.05191
    0.06943
   -0.04623
    0.03284
    0.07273
    0.06877
   -0.04946
   -0.00223
   -0.01272
   -0.00934
   -0.03157
   -0.02541
   -0.03947
    0.02847
   -0.01737
    0.01982
   -0.02598
   -0.03626
   -0.04525
   -0.01769
    0.05289
   -0.00432
    0.01917
    0.01693
   -0.05813
    0.00975
   -0.01303
   -0.02991
    0.01801
    0.02761
    0.05952
   -0.05930
    0.06342
   -0.04260
   -0.04996
   -0.05663
   -0.03706
    0.04157
   -0.06164
   -0.04394
    0.04458
   -0.01522
    0.03674
    0.04601
   -0.03924
   -0.06818
   -0.02264
   -0.02832
   -0.00808
    0.05852
    0.03369
    0.05914
    0.08187
   -0.03148
    0.05550
   -0.04988
    0.04807
   -0.06751
    0.01714
    0.03466
    0.00187
    0.05348
    0.04126
   -0.02378
   -0.02949
    0.05541
   -0.06062
   -0.06020
    0.04549
   -0.06509
   -0.05851
    0.04438
   -0.03714
   -0.05008
    0.03983
    0.02782
    0.02612
    0.06535
    0.05648
    0.00308
   -0.02586
   -0.01568
   -0.01821
   -0.00263
   -0.00588
   -0.01583
   -0.02076
    0.00492
   -0.05568
    0.03021
   -0.01848
    0.02977
   -0.06289
   -0.05871
    0.02525
    0.01280
   -0.04121
    0.05446
   -0.00409
    0.06115
    0.04923
   -0.05760
    0.03058
    0.02330
   -0.02597
   -0.02787
    0.00683
    0.00408
   -0.01710
   -0.04342
   -0.04433
    0.04763
   -0.01205
    0.02735
   -0.01988
    0.06834
    0.04943
    0.00526
   -0.03584
    0.02070
   -0.06076
    0.00711
    0.05567
   -0.03605
    0.03421
    0.06544
    0.03138
    0.00722
    0.06101
   -0.04798
   -0.01969
   -0.00655
    0.02832
   -0.05752
   -0.05530
    0.02826
   -0.05297
   -0.00367
   -0.00656
    0.06395
   -0.04050
    0.04953
   -0.02095
    0.03849
   -0.04535
    0.02847
    0.05590
    0.02733
    0.00057
    0.06715
   -0.02735
   -0.06441
    0.06184
   -0.03855
   -0.00670
    0.01295
    0.00324
   -0.00054
   -0.03454
    0.04981
   -0.01287
   -0.04625
    0.01776
   -0.00929
    0.05627
   -0.03896
   -0.04584
    0.05552
   -0.02050
    0.02941
    0.03659
   -0.01652
    0.00267
    0.06386
    0.02213
   -0.01832
   -0.05081
    0.04949
    0.02799
    0.04272
   -0.00392
    0.01498
   -0.01824
   -0.06957
    0.00518
   -0.05887
    0.01097
    0.04557
    0.03351
   -0.04122
   -0.02858
    0.00572
   -0.06016
   -0.05518
    0.03475
    0.06259
    0.03278
    0.00133
   -0.01118
   -0.04228
   -0.05249
   -0.00298
    0.01656
   -0.00636
   -0.02608
    0.02254
    0.01633
    0.04509
   -0.03535
    0.02459
    0.03016
   -0.05318
   -0.04835
    0.06008
   -0.04652
   -0.04122
   -0.04921
   -0.02446
    0.05026
    0.03552
    0.03221
    0.06385
    0.03681
   -0.03567
    0.04549
   -0.05275
   -0.04379
   -0.04031
   -0.06321
   -0.01258
    0.01262
    0.00624
   -0.00206
   -0.01571
    0.05653
    0.01836
   -0.00049
    0.02307
   -0.01606
   -0.00507
   -0.05238
    0.06404
    0.01216
   -0.03261
   -0.02688
    0.06129
   -0.05081
    0.07158
   -0.06129
   -0.04739
   -0.01679
    0.02686
   -0.00620
   -0.00243
   -0.02737
    0.04683
    0.02517
   -0.05533
    0.02954
   -0.01537
   -0.01341
   -0.04862
   -0.01758
    0.00709
   -0.03027
   -0.05882
    0.04946
    0.07208
   -0.04081
    0.04935
    0.02267
    0.01132
   -0.00145
   -0.02784
    0.06293
   -0.03326
   -0.05603
   -0.00127
   -0.01617
    0.02329
    0.05001
   -0.03199
   -0.06680
   -0.06108
   -0.05906
    0.02984
   -0.04604
   -0.02546
    0.06210
    0.05133
