 444663027426152
       3545
 3600.49855
   -1.00215
    0.00000
   -1.01020
    0.00000

   -0.00001
   -0.03663
    0.00672
   -0.05508
    0.02545
    0.04949
    0.05991
    0.03028
   -0.02627
    0.01980
   -0.05703
    0.03651
   -0.04443
   -0.05398
   -0.00385
   -0.00544
   -0.03483
   -0.05270
    0.06451
   -0.00288
   -0.01691
    0.01875
   -0.00626
   -0.00532
    0.02764
   -0.07388
   -0.01934
   -0.00987
   -0.06035
   -0.04856
    0.03112
   -0.04819
   -0.04878
   -0.03418
   -0.03857
   -0.02367
    0.01255
   -0.07112
   -0.01894
   -0.00852
   -0.02797
    0.00875
   -0.01379
    0.03967
   -0.02515
   -0.05035
    0.06470
   -0.04520
   -0.00625
   -0.00366
   -0.06939
   -0.02199
   -0.00790
   -0.03677
    0.02958
   -0.05991
    0.04012
   -0.04974
    0.01890
    0.04760
   -0.03862
   -0.02331
   -0.04173
    0.02424
   -0.04148
    0.02710
    0.00407
    0.03641
   -0.06010
   -0.02687
   -0.02442
    0.04671
    0.07427
    0.05979
    0.05491
   -0.02764
   -0.00753
    0.00133
    0.04357
    0.01096
   -0.02694
   -0.01480
    0.06538
    0.02967
    0.05387
   -0.02962
    0.01271
   -0.07161
    0.02006
    0.03344
    0.04519
    0.01942
   -0.01838
   -0.02216
    0.06951
   -0.00639
   -0.01414
   -0.04488
   -0.04815
   -0.01050
   -0.02338
    0.06616
   -0.07955
   -0.04378
   -0.07369
    0.03408
    0.03237
    0.05533
    0.07064
   -0.04819
   -0.05177
    0.02576
    0.01402
   -0.06276
   -0.05586
   -0.00408
   -0.05128
   -0.01408
    0.04298
   -0.00164
   -0.05500
   -0.03972
    0.03814
    0.04344
    0.02535
   -0.04648
   -0.03103
   -0.01051
   -0.00053
    0.00912
    0.03724
   -0.04164
   -0.00003
   -0.01681
   -0.01738
    0.00028
   -0.02146
    0.04678
   -0.04978
   -0.05956
   -0.02742
    0.06598
    0.05028
   -0.04364
   -0.03736
    0.03569
    0.02755
    0.05103
   -0.05385
   -0.07641
   -0.00140
    0.04267
    0.01275
   -0.00022
    0.01678
    0.05423
    0.04303
    0.06252
   -0.05908
    0.05918
   -0.07166
   -0.00886
   -0.03819
   -0.02524
    0.04462
    0.05753
    0.04571
   -0.00144
    0.03195
   -0.01212
    0.00645
    0.04087
    0.02160
   -0.00408
   -0.06489
   -0.03973
   -0.01289
   -0.06583
    0.00346
    0.04187
   -0.02550
    0.00012
    0.04975
   -0.00162
    0.03117
   -0.02558
    0.04738
    0.03099
    0.03688
    0.01293
   -0.00554
   -0.00117
   -0.00298
   -0.06064
    0.00570
   -0.03471
    0.03576
    0.05728
   -0.00809
    0.03427
   -0.06156
    0.00851
   -0.06723
    0.01997
   -0.01602
    0.05318
   -0.01295
   -0.01099
   -0.02001
   -0.00376
    0.04741
   -0.00560
   -0.04540
   -0.02871
   -0.05195
    0.06104
    0.00100
    0.06907
   -0.04186
   -0.06047
    0.05988
   -0.00894
   -0.03659
   -0.01526
    0.01844
    0.06181
    0.01207
    0.06675
   -0.02603
   -0.00968
    0.02026
   -0.04405
    0.00116
   -0.05795
    0.00100
   -0.00219
   -0.00918
   -0.03356
   -0.05044
   -0.04085
    0.04600
    0.02617
    0.05551
   -0.02396
    0.03792
    0.01986
   -0.02800
    0.03845
   -0.01120
    0.04839
   -0.04313
   -0.03852
   -0.02060
    0.05555
    0.03073
   -0.01808
    0.06116
   -0.03439
    0.02731
   -0.04345
    0.05780
   -0.00115
   -0.03710
   -0.02049
   -0.05037
   -0.02635
   -0.01849
    0.04948
   -0.03445
    0.00552
   -0.00169
    0.04198
   -0.03370
   -0.05054
    0.00211
    0.03532
    0.06647
   -0.06008
   -0.00307
   -0.00511
    0.06396
   -0.00233
    0.01588
   -0.06527
   -0.04504
   -0.02537
    0.03490
   -0.06219
   -0.01611
    0.00222
    0.02049
   -0.00683
   -0.03655
   -0.02859
   -0.01791
    0.04677
   -0.04474
    0.05636
   -0.02945
    0.03410
   -0.02557
   -0.00782
    0.01494
    0.03848
   -0.06469
   -0.06870
    0.02412
   -0.01218
   -0.06384
    0.04320
    0.05527
   -0.01592
   -0.04872
    0.04297
    0.03951
    0.02220
    0.02230
    0.03838
    0.03909
    0.07244
    0.00507
    0.01187
    0.06278
   -0.01258
   -0.00217
   -0.01072
    0.01069
   -0.05759
   -0.07134
    0.05061
   -0.05051
   -0.00410
   -0.01414
   -0.00602
    0.07271
   -0.02100
    0.04718
    0.03992
    0.00136
   -0.05492
    0.01298
   -0.05796
   -0.04768
    0.04929
   -0.02616
   -0.03662
    0.04585
   -0.00350
    0.06977
    0.06313
   -0.02719
    0.01889
   -0.05977
    0.03125
   -0.00848
   -0.06123
    0.03597
   -0.05963
   -0.00769
   -0.00254
    0.00353
    0.01917
    0.05497
   -0.01654
    0.05412
   -0.06506
    0.02249
   -0.04720
   -0.04806
    0.00134
    0.00379
    0.00083
    0.03864
    0.04659
   -0.03429
   -0.03035
   -0.03683
   -0.05427
    0.02250
   -0.05860
    0.02444
   -0.01657
   -0.00234
   -0.05856
    0.04431
   -0.05215
    0.03160
    0.02534
    0.02863
    0.03576
   -0.07161
    0.03276
   -0.02246
    0.05161
   -0.01898
   -0.05578
    0.05079
   -0.02341
    0.01116
    0.02438
   -0.04376
   -0.05555
   -0.01353
    0.02934
    0.03307
    0.05969
    0.00889
    0.02277
    0.05976
   -0.02277
    0.01321
   -0.05320
   -0.06012
    0.01749
    0.01893
   -0.05136
    0.03756
   -0.04643
    0.03411
    0.02794
    0.01555
    0.00350
   -0.06471
   -0.06983
   -0.00046
   -0.05947
   -0.01205
    0.01303
   -0.03404
   -0.00360
    0.04412
   -0.01623
   -0.06625
    0.03912
   -0.03494
   -0.00713
    0.03749
    0.04747
   -0.00267
   -0.04267
    0.00312
    0.03166
   -0.00831
   -0.02146
   -0.05220
   -0.06220
   -0.02990
   -0.04168
   -0.01956
    0.01124
   -0.03123
   -0.02950
    0.07974
    0.01844
    0.01277
   -0.00151
    0.01072
   -0.06515
   -0.03242
    0.03401
   -0.06456
    0.04154
   -0.00934
   -0.07213
   -0.04080
   -0.03751
    0.01647
   -0.05457
   -0.04621
   -0.05179
   -0.00891
    0.05567
    0.06696
    0.02013
   -0.02488
    0.00900
    0.01031
   -0.07713
   -0.04759
    0.00528
    0.04952
    0.05480
    0.01225
   -0.06624
   -0.03830
   -0.00092
   -0.05666
   -0.01910
   -0.00930
   -0.01885
    0.05266
   -0.07241
   -0.01528
    0.04433
   -0.02873
    0.06267
   -0.01872
    0.06035
   -0.00860
    0.06084
    0.00782
    0.04049
   -0.00195
    0.01848
    0.00059
   -0.02871
   -0.06429
    0.01155
    0.04243
   -0.04841
   -0.00366
    0.06582
    0.00304
   -0.04705
   -0.06205
    0.02029
   -0.06649
   -0.00423
   -0.02899
   -0.05246
   -0.04086
    0.02316
   -0.03812
    0.06425
   -0.02946
   -0.03417
    0.02992
    0.03570
   -0.01935
    0.01534
   -0.06112
   -0.03433
   -0.06087
    0.04994
   -0.06439
   -0.04445
   -0.06785
   -0.00072
    0.06061
    0.00176
   -0.00632
    0.05888
    0.04152
   -0.03730
    0.03908
   -0.07030
    0.02812
   -0.05797
    0.05646
    0.04119
   -0.00186
   -0.06534
    0.07212
   -0.02418
   -0.01189
    0.06547
   -0.07227
    0.00188
   -0.05667
   -0.03618
   -0.06495
    0.04207
    0.02990
    0.03617
    0.05477
    0.05009
   -0.01513
   -0.01501
    0.02168
    0.03083
    0.02605
   -0.07312
   -0.05446
    0.05605
    0.01996
    0.03165
    0.06757
   -0.03881
   -0.01175
    0.06339
   -0.00818
    0.08196
    0.02157
    0.04080
    0.05904
    0.03296
    0.06393
    0.03760
    0.06929
    0.06414
   -0.03145
    0.05850
   -0.01905
   -0.04243
   -0.03352
    0.00639
   -0.05128
   -0.06772
   -0.04948
   -0.01496

   -0.00007
   -0.03673
    0.00649
   -0.05572
    0.02574
    0.04997
    0.06052
    0.03027
   -0.02682
    0.01999
   -0.05727
    0.03664
   -0.04499
   -0.05463
   -0.00398
   -0.00547
   -0.03514
   -0.05326
    0.06514
   -0.00294
   -0.01718
    0.01894
   -0.00644
   -0.00539
    0.02793
   -0.07447
   -0.01926
   -0.00979
   -0.06069
   -0.04906
    0.03140
   -0.04846
   -0.04925
   -0.03440
   -0.03904
   -0.02379
    0.01269
   -0.07158
   -0.01878
   -0.00861
   -0.02836
    0.00883
   -0.01393
    0.04005
   -0.02520
   -0.05102
    0.06515
   -0.04533
   -0.00621
   -0.00379
   -0.06997
   -0.02208
   -0.00796
   -0.03712
    0.02982
   -0.06065
    0.04056
   -0.05035
    0.01902
    0.04811
   -0.03898
   -0.02344
   -0.04206
    0.02416
   -0.04195
    0.02731
    0.00412
    0.03680
   -0.06087
   -0.02690
   -0.02463
    0.04713
    0.07494
    0.06025
    0.05535
   -0.02799
   -0.00762
    0.00138
    0.04374
    0.01099
   -0.02726
   -0.01501
    0.06583
    0.02980
    0.05453
   -0.02969
    0.01276
   -0.07228
    0.02046
    0.03361
    0.04554
    0.01937
   -0.01869
   -0.02259
    0.07017
   -0.00642
   -0.01424
   -0.04530
   -0.04843
   -0.01058
   -0.02335
    0.06700
   -0.08043
   -0.04420
   -0.07456
    0.03442
    0.03284
    0.05574
    0.07084
   -0.04878
   -0.05237
    0.02622
    0.01437
   -0.06331
   -0.05629
   -0.00423
   -0.05159
   -0.01426
    0.04327
   -0.00162
   -0.05559
   -0.04025
    0.03832
    0.04368
    0.02570
   -0.04663
   -0.03130
   -0.01066
   -0.00063
    0.00943
    0.03753
   -0.04191
    0.00009
   -0.01696
   -0.01769
    0.00014
   -0.02143
    0.04684
   -0.05012
   -0.06017
   -0.02763
    0.06674
    0.05081
   -0.04390
   -0.03745
    0.03630
    0.02778
    0.05156
   -0.05428
   -0.07721
   -0.00127
    0.04277
    0.01294
   -0.00004
    0.01711
    0.05490
    0.04350
    0.06299
   -0.05937
    0.05956
   -0.07230
   -0.00881
   -0.03847
   -0.02559
    0.04522
    0.05786
    0.04639
   -0.00140
    0.03256
   -0.01209
    0.00638
    0.04109
    0.02176
   -0.00409
   -0.06529
   -0.04010
   -0.01328
   -0.06628
    0.00331
    0.04245
   -0.02568
    0.00004
    0.05019
   -0.00136
    0.03161
   -0.02581
    0.04773
    0.03131
    0.03710
    0.01310
   -0.00553
   -0.00116
   -0.00289
   -0.06107
    0.00553
   -0.03497
    0.03635
    0.05784
   -0.00839
    0.03483
   -0.06223
    0.00849
   -0.06806
    0.02000
   -0.01637
    0.05399
   -0.01305
   -0.01098
   -0.02034
   -0.00361
    0.04800
   -0.00572
   -0.04575
   -0.02889
   -0.05247
    0.06150
    0.00130
    0.06964
   -0.04229
   -0.06080
    0.06023
   -0.00865
   -0.03695
   -0.01564
    0.01848
    0.06243
    0.01255
    0.06716
   -0.02628
   -0.00968
    0.02037
   -0.04446
    0.00142
   -0.05850
    0.00118
   -0.00218
   -0.00920
   -0.03388
   -0.05097
   -0.04117
    0.04659
    0.02649
    0.05607
   -0.02416
    0.03819
    0.01990
   -0.02823
    0.03897
   -0.01134
    0.04889
   -0.04340
   -0.03891
   -0.02087
    0.05589
    0.03073
   -0.01806
    0.06186
   -0.03455
    0.02769
   -0.04398
    0.05803
   -0.00137
   -0.03742
   -0.02058
   -0.05096
   -0.02640
   -0.01870
    0.05025
   -0.03464
    0.00549
   -0.00182
    0.04236
   -0.03405
   -0.05083
    0.00239
    0.03557
    0.06716
   -0.06074
   -0.00289
   -0.00470
    0.06443
   -0.00242
    0.01619
   -0.06593
   -0.04559
   -0.02556
    0.03525
   -0.06288
   -0.01643
    0.00210
    0.02055
   -0.00690
   -0.03717
   -0.02871
   -0.01829
    0.04712
   -0.04516
    0.05698
   -0.02966
    0.03445
   -0.02590
   -0.00814
    0.01499
    0.03874
   -0.06515
   -0.06922
    0.02447
   -0.01223
   -0.06434
    0.04333
    0.05562
   -0.01623
   -0.04912
    0.04357
    0.04007
    0.02242
    0.02239
    0.03871
    0.03954
    0.07299
    0.00515
    0.01216
    0.06329
   -0.01244
   -0.00187
   -0.01076
    0.01064
   -0.05837
   -0.07191
    0.05108
   -0.05108
   -0.00419
   -0.01423
   -0.00568
    0.07307
   -0.02125
    0.04752
    0.04043
    0.00133
   -0.05534
    0.01283
   -0.05824
   -0.04813
    0.04962
   -0.02630
   -0.03690
    0.04637
   -0.00359
    0.07066
    0.06352
   -0.02739
    0.01923
   -0.06038
    0.03127
   -0.00862
   -0.06167
    0.03641
   -0.06003
   -0.00791
   -0.00235
    0.00351
    0.01931
    0.05560
   -0.01650
    0.05440
   -0.06551
    0.02270
   -0.04739
   -0.04813
    0.00129
    0.00399
    0.00091
    0.03899
    0.04691
   -0.03461
   -0.03058
   -0.03717
   -0.05478
    0.02255
   -0.05915
    0.02452
   -0.01658
   -0.00258
   -0.05882
    0.04500
   -0.05234
    0.03187
    0.02538
    0.02893
    0.03579
   -0.07229
    0.03304
   -0.02278
    0.05211
   -0.01928
   -0.05601
    0.05089
   -0.02358
    0.01142
    0.02441
   -0.04411
   -0.05609
   -0.01366
    0.02968
    0.03335
    0.06056
    0.00882
    0.02298
    0.06040
   -0.02294
    0.01319
   -0.05359
   -0.06079
    0.01774
    0.01926
   -0.05198
    0.03806
   -0.04694
    0.03467
    0.02812
    0.01562
    0.00369
   -0.06520
   -0.07058
   -0.00023
   -0.05998
   -0.01235
    0.01304
   -0.03416
   -0.00343
    0.04464
   -0.01635
   -0.06679
    0.03954
   -0.03543
   -0.00742
    0.03794
    0.04781
   -0.00265
   -0.04324
    0.00329
    0.03187
   -0.00837
   -0.02181
   -0.05265
   -0.06256
   -0.03012
   -0.04248
   -0.01970
    0.01124
   -0.03128
   -0.02949
    0.08053
    0.01854
    0.01290
   -0.00143
    0.01095
   -0.06571
   -0.03259
    0.03439
   -0.06499
    0.04208
   -0.00938
   -0.07280
   -0.04117
   -0.03764
    0.01644
   -0.05472
   -0.04672
   -0.05242
   -0.00889
    0.05612
    0.06749
    0.02036
   -0.02512
    0.00911
    0.01048
   -0.07792
   -0.04805
    0.00528
    0.05003
    0.05515
    0.01230
   -0.06683
   -0.03871
   -0.00100
   -0.05690
   -0.01936
   -0.00913
   -0.01913
    0.05307
   -0.07282
   -0.01522
    0.04445
   -0.02914
    0.06300
   -0.01915
    0.06085
   -0.00855
    0.06156
    0.00805
    0.04051
   -0.00195
    0.01858
    0.00083
   -0.02903
   -0.06510
    0.01141
    0.04297
   -0.04877
   -0.00372
    0.06657
    0.00289
   -0.04737
   -0.06255
    0.02050
   -0.06716
   -0.00434
   -0.02952
   -0.05305
   -0.04121
    0.02317
   -0.03846
    0.06480
   -0.03006
   -0.03444
    0.02994
    0.03598
   -0.01957
    0.01515
   -0.06150
   -0.03461
   -0.06168
    0.05036
   -0.06477
   -0.04484
   -0.06842
   -0.00122
    0.06115
    0.00187
   -0.00629
    0.05968
    0.04161
   -0.03764
    0.03935
   -0.07105
    0.02835
   -0.05861
    0.05706
    0.04131
   -0.00195
   -0.06595
    0.07293
   -0.02466
   -0.01198
    0.06598
   -0.07304
    0.00163
   -0.05709
   -0.03656
   -0.06562
    0.04253
    0.03023
    0.03667
    0.05521
    0.05057
   -0.01520
   -0.01521
    0.02190
    0.03093
    0.02634
   -0.07379
   -0.05487
    0.05683
    0.02018
    0.03193
    0.06820
   -0.03924
   -0.01203
    0.06381
   -0.00832
    0.08278
    0.02173
    0.04118
    0.05940
    0.03305
    0.06441
    0.03805
    0.06984
    0.06438
   -0.03168
    0.05887
   -0.01907
   -0.04272
   -0.03359
    0.00625
   -0.05186
   -0.06831
   -0.05017
   -0.01505
