 438634108355064
       6384
 3600.26153
   -1.01255
    0.00000
   -1.01870
    0.00000

    0.07521
    0.00784
   -0.06351
   -0.01215
    0.06097
   -0.01808
   -0.03658
    0.06539
   -0.02081
    0.04847
   -0.05805
   -0.05000
    0.00069
   -0.05504
    0.05161
    0.03399
   -0.05636
    0.00612
    0.01344
    0.04797
   -0.05171
    0.00600
   -0.04322
    0.01298
    0.03422
   -0.02501
   -0.05105
   -0.07270
   -0.05935
    0.03584
   -0.02307
   -0.06933
   -0.00786
   -0.06203
   -0.01777
    0.04202
   -0.01109
   -0.07075
   -0.04881
    0.05156
    0.01350
    0.05907
   -0.00147
   -0.03363
    0.00544
   -0.00253
   -0.02826
    0.02824
   -0.00742
    0.04641
    0.02406
    0.00683
   -0.00241
   -0.06129
   -0.03483
    0.03545
    0.00445
   -0.01094
    0.03891
    0.00139
   -0.01907
   -0.04649
    0.05165
    0.01793
    0.03461
    0.03561
    0.02637
    0.00088
    0.00341
   -0.04889
   -0.01987
   -0.01795
   -0.06772
    0.04898
   -0.06407
   -0.02719
    0.01707
   -0.00700
   -0.00715
   -0.01258
   -0.04164
    0.02190
   -0.03004
    0.01834
    0.06127
    0.04764
    0.02976
   -0.05032
   -0.04638
   -0.06171
    0.05906
    0.05142
    0.02749
   -0.03653
   -0.02705
    0.02847
    0.08498
   -0.01609
   -0.06098
    0.03372
    0.04604
   -0.04702
   -0.02878
   -0.05211
   -0.03734
    0.06008
    0.02514
   -0.00682
   -0.05461
   -0.07227
   -0.04558
    0.04417
   -0.03910
   -0.02129
   -0.07291
   -0.00424
    0.04201
   -0.05845
    0.06795
    0.03560
    0.04475
   -0.03096
    0.04517
   -0.02588
    0.05023
    0.01408
   -0.02599
   -0.03881
   -0.00412
    0.04955
    0.03830
    0.03454
   -0.01910
    0.04010
    0.06756
   -0.05455
    0.02795
   -0.06010
    0.02840
   -0.06663
    0.02291
   -0.06694
   -0.00180
    0.01831
   -0.04766
    0.00541
    0.00719
    0.07202
    0.02307
    0.01230
   -0.01523
    0.06740
    0.03152
   -0.06017
   -0.02852
    0.03583
   -0.07333
    0.00098
   -0.06051
    0.04326
   -0.05842
   -0.05084
   -0.01473
   -0.01688
   -0.03937
   -0.03172
   -0.06191
   -0.04973
   -0.03639
    0.01374
   -0.00323
    0.02330
   -0.02103
   -0.02465
    0.00809
   -0.05808
   -0.04595
   -0.03541
   -0.02447
   -0.04105
    0.02230
    0.00473
    0.04076
   -0.06103
   -0.04968
    0.06285
    0.00662
    0.01186
    0.06223
   -0.05443
   -0.06166
    0.00446
    0.01482
   -0.01146
    0.02881
    0.01162
    0.04169
   -0.01524
    0.06085
   -0.02639
    0.00642
    0.03124
   -0.01352
    0.03475
    0.00422
    0.04833
    0.01039
    0.00136
   -0.05479
    0.06139
   -0.02457
    0.03393
    0.05056
   -0.01332
   -0.04152
   -0.04521
    0.06611
    0.00985
    0.05563
    0.05338
   -0.00339
    0.07321
   -0.05874
    0.06273
    0.00126
    0.01457
   -0.00719
    0.00004
    0.00604
   -0.02717
    0.04581
   -0.02837
    0.03854
    0.04009
    0.00140
    0.01507
    0.06902
    0.00835
    0.05812
    0.04055
   -0.01398
   -0.02044
   -0.04264
   -0.00322
    0.06612
    0.05733
   -0.04145
   -0.06136
    0.01738
   -0.05095
    0.03147
    0.00355
    0.04906
   -0.04284
   -0.03928
   -0.04602
   -0.03357
    0.05064
    0.00913
   -0.05247
    0.07285
    0.06369
    0.04604
   -0.02221
    0.03122
   -0.06798
    0.00409
   -0.03513
   -0.05491
   -0.03488
   -0.04399
   -0.00184
    0.05821
    0.06316
   -0.02435
    0.03912
    0.04662
    0.01747
   -0.04589
   -0.04142
    0.03567
    0.06455
   -0.01684
    0.00672
   -0.04597
   -0.05220
   -0.01911
   -0.03540
   -0.05658
   -0.02236
    0.03562
    0.00096
   -0.00386
    0.03474
   -0.06859
    0.06463
   -0.05771
   -0.05589
    0.05630
   -0.00935
    0.00801
   -0.05502
    0.07055
    0.03997
   -0.05704
    0.05943
   -0.03923
   -0.02881
    0.06665
   -0.03227
   -0.03820
   -0.04835
   -0.00733
    0.05541
    0.04202
    0.05463
   -0.01327
   -0.02679
    0.02188
    0.03593
   -0.04910
    0.04376
   -0.05944
   -0.00565
   -0.01352
   -0.02113
    0.00224
   -0.00010
   -0.00736
   -0.05852
    0.04312
    0.06151
   -0.02189
   -0.03463
   -0.02491
   -0.02158
   -0.05524
   -0.01561
    0.01176
   -0.02620
   -0.07167
    0.05634
   -0.02634
    0.04026
    0.07213
   -0.06353
   -0.04298
    0.05281
   -0.00204
    0.06285
    0.01109
    0.01585
   -0.05148
    0.02823
   -0.07403
    0.02770
   -0.01106
    0.02527
    0.02060
    0.00755
    0.04198
   -0.03131
   -0.06651
   -0.03286
    0.04319
   -0.01651
    0.04951
   -0.02000
   -0.04044
    0.06327
    0.02303
    0.01796
   -0.01615
    0.04932
   -0.01761
    0.03093
    0.00612
   -0.05491
   -0.03918
   -0.04965
    0.00755
   -0.03780
   -0.02955
    0.05118
   -0.03152
   -0.01534
    0.03318
    0.05450
   -0.03146
   -0.06216
    0.04744
    0.04305
    0.06002
   -0.05103
    0.01478
   -0.00628
    0.03180
   -0.01427
    0.05841
    0.03959
    0.04962
   -0.03141
   -0.04022
    0.03787
   -0.05311
    0.06591
   -0.01460
   -0.03043
   -0.04312
    0.00060
    0.00911
    0.00734
    0.00946
   -0.06192
   -0.01210
    0.00978
   -0.03925
   -0.05143
    0.02614
    0.05313
    0.00655
    0.01481
    0.01263
    0.04027
   -0.03111
   -0.07214
   -0.04119
    0.04889
   -0.04875
    0.04871
   -0.05333
    0.02276
    0.00433
    0.07400
    0.07515
   -0.01747
   -0.06722
   -0.01858
   -0.04369
    0.02756
   -0.00556
    0.04695
    0.01053
    0.02345
   -0.05967
   -0.01722
   -0.04117
   -0.03663
    0.06376
   -0.03818
   -0.00900
    0.00691
   -0.04219
    0.02063
   -0.03969
    0.01133
   -0.01106
    0.01121
    0.05044
    0.04867
   -0.01181
    0.04225
   -0.03838
   -0.07698
   -0.03413
   -0.07069
   -0.00387
    0.03118
   -0.00894
    0.07656
   -0.04920
    0.04565
   -0.01900
   -0.02987
    0.02093
   -0.05685
   -0.00006
   -0.00061
   -0.01975
   -0.02515
   -0.03937
   -0.03619
    0.04736
    0.05875
    0.01491
   -0.00706
    0.03163
   -0.03305
   -0.06008
   -0.03740
   -0.06271
    0.00097
   -0.05456
    0.05275
   -0.01810
   -0.01433
   -0.07037
    0.04290
   -0.02094
   -0.07118
   -0.05019
   -0.06235
    0.00079
    0.05407
    0.01521
    0.02424
   -0.00855
    0.00252
    0.00830
   -0.05855
   -0.06811
   -0.00428
    0.06276
   -0.01360
   -0.02969
    0.02458
   -0.02869
   -0.00373
   -0.05902
    0.03436
   -0.02053
   -0.02088
   -0.04287
   -0.03490
   -0.05513
    0.03140
   -0.01844
    0.03518
    0.04182
    0.00483
    0.02200
    0.01900
    0.05281
   -0.00301
    0.03182
   -0.02660
    0.00776
   -0.01153
   -0.01372
    0.04386
   -0.02704
    0.04464
   -0.05434
   -0.02517
   -0.05191
    0.03409
    0.00131
   -0.06166
   -0.00463
    0.05122
    0.02316
    0.04882
   -0.00756
   -0.04404
   -0.06795
   -0.03125
   -0.05000
   -0.02441
   -0.00091
   -0.00661
    0.06564
   -0.07554
   -0.04617
    0.00708
    0.00505
   -0.01144
   -0.01041
   -0.06638
    0.03149
    0.04413
   -0.00588
    0.02181
    0.06926
    0.05208
   -0.04776
   -0.06586
    0.01048
    0.01088
    0.04620
   -0.02064
   -0.00666
   -0.04532
    0.04680
   -0.01586
   -0.05480
    0.03501
    0.05415
   -0.00177
   -0.04329
    0.00128
    0.03267
   -0.04028
   -0.03670
   -0.00751
   -0.02982
   -0.07166
    0.01711
   -0.06804
   -0.01472
    0.06146

    0.07573
    0.00803
   -0.06378
   -0.01217
    0.06143
   -0.01811
   -0.03664
    0.06579
   -0.02099
    0.04867
   -0.05854
   -0.05033
    0.00066
   -0.05525
    0.05220
    0.03406
   -0.05679
    0.00605
    0.01362
    0.04827
   -0.05192
    0.00606
   -0.04352
    0.01297
    0.03431
   -0.02528
   -0.05142
   -0.07316
   -0.05971
    0.03612
   -0.02319
   -0.06960
   -0.00793
   -0.06240
   -0.01789
    0.04226
   -0.01132
   -0.07112
   -0.04910
    0.05203
    0.01366
    0.05944
   -0.00157
   -0.03381
    0.00546
   -0.00248
   -0.02858
    0.02842
   -0.00744
    0.04682
    0.02441
    0.00691
   -0.00254
   -0.06162
   -0.03500
    0.03559
    0.00455
   -0.01095
    0.03927
    0.00133
   -0.01905
   -0.04687
    0.05198
    0.01805
    0.03467
    0.03592
    0.02662
    0.00082
    0.00352
   -0.04922
   -0.01986
   -0.01816
   -0.06807
    0.04931
   -0.06438
   -0.02746
    0.01702
   -0.00707
   -0.00715
   -0.01273
   -0.04193
    0.02195
   -0.03014
    0.01853
    0.06166
    0.04793
    0.02988
   -0.05051
   -0.04672
   -0.06214
    0.05927
    0.05168
    0.02743
   -0.03667
   -0.02726
    0.02878
    0.08561
   -0.01618
   -0.06155
    0.03382
    0.04634
   -0.04733
   -0.02896
   -0.05224
   -0.03745
    0.06047
    0.02535
   -0.00686
   -0.05507
   -0.07268
   -0.04579
    0.04447
   -0.03937
   -0.02136
   -0.07352
   -0.00435
    0.04217
   -0.05888
    0.06833
    0.03591
    0.04518
   -0.03118
    0.04547
   -0.02600
    0.05059
    0.01424
   -0.02626
   -0.03904
   -0.00414
    0.04991
    0.03856
    0.03479
   -0.01931
    0.04044
    0.06806
   -0.05509
    0.02811
   -0.06054
    0.02857
   -0.06702
    0.02301
   -0.06734
   -0.00182
    0.01830
   -0.04799
    0.00539
    0.00726
    0.07264
    0.02316
    0.01227
   -0.01532
    0.06785
    0.03183
   -0.06072
   -0.02862
    0.03615
   -0.07384
    0.00104
   -0.06097
    0.04344
   -0.05874
   -0.05103
   -0.01462
   -0.01697
   -0.03957
   -0.03210
   -0.06224
   -0.05009
   -0.03656
    0.01382
   -0.00327
    0.02362
   -0.02125
   -0.02474
    0.00801
   -0.05843
   -0.04632
   -0.03568
   -0.02464
   -0.04115
    0.02245
    0.00474
    0.04108
   -0.06141
   -0.05009
    0.06319
    0.00676
    0.01185
    0.06265
   -0.05484
   -0.06195
    0.00451
    0.01478
   -0.01157
    0.02917
    0.01164
    0.04195
   -0.01544
    0.06131
   -0.02662
    0.00618
    0.03148
   -0.01362
    0.03501
    0.00421
    0.04868
    0.01036
    0.00143
   -0.05508
    0.06175
   -0.02471
    0.03432
    0.05086
   -0.01333
   -0.04192
   -0.04553
    0.06662
    0.00993
    0.05597
    0.05392
   -0.00344
    0.07390
   -0.05920
    0.06322
    0.00128
    0.01473
   -0.00727
    0.00011
    0.00603
   -0.02719
    0.04586
   -0.02848
    0.03878
    0.04033
    0.00145
    0.01529
    0.06956
    0.00847
    0.05857
    0.04084
   -0.01418
   -0.02056
   -0.04283
   -0.00315
    0.06658
    0.05763
   -0.04158
   -0.06195
    0.01748
   -0.05121
    0.03172
    0.00347
    0.04940
   -0.04317
   -0.03944
   -0.04627
   -0.03386
    0.05084
    0.00913
   -0.05280
    0.07331
    0.06392
    0.04634
   -0.02220
    0.03134
   -0.06840
    0.00410
   -0.03545
   -0.05534
   -0.03521
   -0.04422
   -0.00180
    0.05863
    0.06358
   -0.02457
    0.03928
    0.04694
    0.01746
   -0.04628
   -0.04160
    0.03592
    0.06506
   -0.01700
    0.00687
   -0.04625
   -0.05268
   -0.01914
   -0.03572
   -0.05689
   -0.02248
    0.03584
    0.00101
   -0.00401
    0.03513
   -0.06910
    0.06504
   -0.05804
   -0.05627
    0.05664
   -0.00934
    0.00801
   -0.05534
    0.07109
    0.04020
   -0.05735
    0.05989
   -0.03950
   -0.02889
    0.06723
   -0.03254
   -0.03865
   -0.04862
   -0.00740
    0.05570
    0.04228
    0.05495
   -0.01341
   -0.02692
    0.02194
    0.03604
   -0.04929
    0.04417
   -0.05976
   -0.00564
   -0.01363
   -0.02129
    0.00216
   -0.00009
   -0.00737
   -0.05890
    0.04338
    0.06182
   -0.02213
   -0.03496
   -0.02512
   -0.02165
   -0.05556
   -0.01560
    0.01190
   -0.02648
   -0.07218
    0.05655
   -0.02653
    0.04056
    0.07266
   -0.06394
   -0.04314
    0.05310
   -0.00216
    0.06317
    0.01121
    0.01588
   -0.05185
    0.02848
   -0.07443
    0.02780
   -0.01111
    0.02524
    0.02078
    0.00761
    0.04225
   -0.03151
   -0.06687
   -0.03313
    0.04350
   -0.01663
    0.04974
   -0.02034
   -0.04071
    0.06368
    0.02316
    0.01810
   -0.01626
    0.04971
   -0.01773
    0.03123
    0.00623
   -0.05527
   -0.03943
   -0.05006
    0.00764
   -0.03807
   -0.02990
    0.05156
   -0.03173
   -0.01543
    0.03326
    0.05498
   -0.03166
   -0.06260
    0.04775
    0.04324
    0.06042
   -0.05134
    0.01503
   -0.00648
    0.03198
   -0.01419
    0.05881
    0.03976
    0.04999
   -0.03171
   -0.04037
    0.03819
   -0.05339
    0.06640
   -0.01465
   -0.03052
   -0.04337
    0.00062
    0.00918
    0.00737
    0.00966
   -0.06225
   -0.01204
    0.00982
   -0.03954
   -0.05164
    0.02624
    0.05359
    0.00663
    0.01505
    0.01273
    0.04066
   -0.03121
   -0.07266
   -0.04159
    0.04932
   -0.04909
    0.04908
   -0.05371
    0.02284
    0.00433
    0.07450
    0.07549
   -0.01750
   -0.06772
   -0.01868
   -0.04408
    0.02768
   -0.00566
    0.04712
    0.01056
    0.02380
   -0.06004
   -0.01728
   -0.04125
   -0.03686
    0.06410
   -0.03838
   -0.00909
    0.00686
   -0.04257
    0.02072
   -0.03997
    0.01140
   -0.01105
    0.01136
    0.05072
    0.04899
   -0.01200
    0.04256
   -0.03860
   -0.07766
   -0.03432
   -0.07121
   -0.00391
    0.03138
   -0.00902
    0.07708
   -0.04952
    0.04599
   -0.01913
   -0.03013
    0.02098
   -0.05722
   -0.00011
   -0.00053
   -0.01980
   -0.02537
   -0.03965
   -0.03648
    0.04750
    0.05915
    0.01516
   -0.00708
    0.03174
   -0.03314
   -0.06059
   -0.03753
   -0.06314
    0.00111
   -0.05497
    0.05315
   -0.01819
   -0.01441
   -0.07074
    0.04313
   -0.02110
   -0.07158
   -0.05043
   -0.06257
    0.00071
    0.05443
    0.01534
    0.02431
   -0.00861
    0.00257
    0.00842
   -0.05890
   -0.06855
   -0.00426
    0.06299
   -0.01373
   -0.02989
    0.02466
   -0.02893
   -0.00390
   -0.05924
    0.03455
   -0.02061
   -0.02107
   -0.04298
   -0.03512
   -0.05560
    0.03160
   -0.01864
    0.03547
    0.04199
    0.00480
    0.02210
    0.01920
    0.05316
   -0.00303
    0.03212
   -0.02688
    0.00791
   -0.01161
   -0.01396
    0.04408
   -0.02731
    0.04492
   -0.05491
   -0.02528
   -0.05219
    0.03444
    0.00118
   -0.06218
   -0.00461
    0.05152
    0.02334
    0.04900
   -0.00765
   -0.04438
   -0.06829
   -0.03148
   -0.05038
   -0.02463
   -0.00090
   -0.00661
    0.06603
   -0.07621
   -0.04653
    0.00722
    0.00516
   -0.01159
   -0.01056
   -0.06668
    0.03169
    0.04446
   -0.00604
    0.02198
    0.06972
    0.05219
   -0.04813
   -0.06638
    0.01065
    0.01099
    0.04645
   -0.02077
   -0.00665
   -0.04557
    0.04697
   -0.01599
   -0.05515
    0.03525
    0.05450
   -0.00174
   -0.04360
    0.00129
    0.03287
   -0.04049
   -0.03700
   -0.00763
   -0.03009
   -0.07228
    0.01724
   -0.06854
   -0.01490
    0.06177
