          1          0    0.00000   -0.99907    0.05847   -0.99907    0.05847   -3.74781    3.74781    0.00000
          1          3    2.34177   -0.46021   -0.13669   -0.08151   -0.30916   -3.74781   -0.08151    0.00000
          2          0    2.34177   -0.15043   -0.07686   -0.08151   -0.30916   -3.74781   -0.08151   -1.91466
          2        100   84.08003   -0.85956    0.04857   -1.00676    0.10909   -3.74781   -0.09263   -1.91466
          2        200  168.43177   -0.90390    0.06528   -1.01023    0.10964   -3.74781   -0.09263   -1.91466
          2        300  261.96167   -0.92382    0.07290   -1.01113    0.10871   -3.74781   -0.09263   -1.91466
          2        400  345.68555   -0.93575    0.07751   -1.01068    0.10856   -3.74781   -0.09263   -1.91466
          2        500  456.43073   -0.94394    0.08069   -1.01090    0.10810   -3.74781   -0.09263   -1.91466
          2        600  570.54070   -0.94998    0.08305   -1.01090    0.10853   -3.74781   -0.09263   -1.91466
          2        700  668.69324   -0.95469    0.08489   -1.01104    0.10858   -3.74781   -0.09263   -1.91466
          2        800  760.96617   -0.95849    0.08637   -1.01099    0.10835   -3.74781   -0.09263   -1.91466
          2        900  866.57001   -0.96164    0.08761   -1.01021    0.10811   -3.74781   -0.09263   -1.91466
          2       1000  963.33981   -0.96431    0.08866   -1.01246    0.10829   -3.74781   -0.09263   -1.91466
          2       1100 1061.93707   -0.96661    0.08956   -1.01160    0.10849   -3.74781   -0.09263   -1.91466
          2       1200 1158.53817   -0.96861    0.09035   -1.01277    0.10857   -3.74781   -0.09263   -1.91466
          2       1300 1252.63490   -0.97039    0.09105   -1.01220    0.10864   -3.74781   -0.09263   -1.91466
          2       1400 1349.29550   -0.97197    0.09167   -1.01224    0.10813   -3.74781   -0.09263   -1.91466
          2       1500 1442.34775   -0.97339    0.09222   -1.01227    0.10835   -3.74781   -0.09263   -1.91466
          2       1600 1538.08881   -0.97467    0.09273   -1.01250    0.10839   -3.74781   -0.09263   -1.91466
          2       1700 1633.81745   -0.97585    0.09319   -1.01241    0.10835   -3.74781   -0.09263   -1.91466
          2       1800 1722.57094   -0.97692    0.09362   -1.01230    0.10841   -3.74781   -0.09263   -1.91466
          2       1900 1815.54078   -0.97791    0.09400   -1.01249    0.10835   -3.74781   -0.09263   -1.91466
          2       2000 1897.18754   -0.97882    0.09436   -1.01243    0.10827   -3.74781   -0.09263   -1.91466
          2       2100 2006.84779   -0.97966    0.09470   -1.01270    0.10832   -3.74781   -0.09263   -1.91466
          2       2200 2099.69177   -0.98045    0.09501   -1.01278    0.10826   -3.74781   -0.09263   -1.91466
          2       2300 2197.55592   -0.98119    0.09530   -1.01151    0.10805   -3.74781   -0.09263   -1.91466
          2       2400 2289.94252   -0.98188    0.09557   -1.01294    0.10834   -3.74781   -0.09263   -1.91466
          2       2500 2395.43593   -0.98252    0.09583   -1.01272    0.10802   -3.74781   -0.09263   -1.91466
          2       2600 2509.38455   -0.98313    0.09607   -1.01306    0.10836   -3.74781   -0.09263   -1.91466
          2       2700 2614.71830   -0.98371    0.09629   -1.01255    0.10798   -3.74781   -0.09263   -1.91466
          2       2800 2746.08204   -0.98426    0.09651   -1.01359    0.10834   -3.74781   -0.09263   -1.91466
          2       2900 2838.12102   -0.98477    0.09671   -1.01252    0.10823   -3.74781   -0.09263   -1.91466
          2       3000 2961.96300   -0.98526    0.09691   -1.01325    0.10833   -3.74781   -0.09263   -1.91466
          2       3100 3064.05034   -0.98573    0.09709   -1.01316    0.10845   -3.74781   -0.09263   -1.91466
          2       3200 3176.02471   -0.98617    0.09727   -1.01321    0.10836   -3.74781   -0.09263   -1.91466
          2       3300 3322.83949   -0.98660    0.09743   -1.01303    0.10840   -3.74781   -0.09263   -1.91466
          2       3400 3428.50173   -0.98700    0.09759   -1.01347    0.10840   -3.74781   -0.09263   -1.91466
          2       3500 3514.87997   -0.98739    0.09775   -1.01296    0.10839   -3.74781   -0.09263   -1.91466
          2       3571 3600.36136   -0.98766    0.09785   -1.01291    0.10858   -3.74781   -0.09263   -1.91466
