          0          0    0.00000   -1.03513   -0.01524   -1.03513   -0.01524
          1          0    0.40453   -1.03513   -0.01524   -1.03513   -0.01524
          1        100   12.12464   -1.03851   -0.01409   -1.03950   -0.01409
          1        200   24.58250   -1.03911   -0.01411   -1.03967   -0.01430
          1        300   35.72426   -1.03936   -0.01412   -1.03989   -0.01413
          1        400   48.53306   -1.03952   -0.01413   -1.03988   -0.01432
          1        500   61.27130   -1.03962   -0.01413   -1.04005   -0.01423
          1        600   72.99222   -1.03969   -0.01413   -1.04031   -0.01412
          1        700   84.69108   -1.03975   -0.01413   -1.04007   -0.01407
          1        800   96.05399   -1.03980   -0.01414   -1.04011   -0.01431
          1        900  107.94937   -1.03984   -0.01414   -1.04028   -0.01423
          1       1000  120.85258   -1.03987   -0.01414   -1.04028   -0.01417
          1       1100  132.53914   -1.03990   -0.01414   -1.04022   -0.01420
          1       1200  144.49278   -1.03993   -0.01414   -1.04024   -0.01407
          1       1300  155.89408   -1.03995   -0.01414   -1.04017   -0.01412
          1       1400  167.25311   -1.03997   -0.01414   -1.04020   -0.01423
          1       1500  178.57334   -1.03999   -0.01415   -1.04013   -0.01412
          1       1600  190.48258   -1.04000   -0.01415   -1.04040   -0.01417
          1       1700  201.91281   -1.04002   -0.01415   -1.04028   -0.01417
          1       1800  213.51323   -1.04003   -0.01415   -1.04028   -0.01416
          1       1900  225.69024   -1.04004   -0.01415   -1.04025   -0.01420
          1       2000  237.70441   -1.04005   -0.01415   -1.04033   -0.01409
          1       2100  249.47768   -1.04007   -0.01415   -1.04022   -0.01418
          1       2200  261.28770   -1.04008   -0.01415   -1.04022   -0.01415
          1       2300  273.35996   -1.04008   -0.01415   -1.04027   -0.01413
          1       2400  285.58211   -1.04009   -0.01415   -1.04032   -0.01416
          1       2500  297.14784   -1.04010   -0.01415   -1.04036   -0.01417
          1       2600  309.35739   -1.04011   -0.01415   -1.04042   -0.01420
          1       2700  320.99343   -1.04012   -0.01415   -1.04031   -0.01412
          1       2800  333.12869   -1.04012   -0.01415   -1.04034   -0.01413
          1       2900  344.95953   -1.04013   -0.01415   -1.04033   -0.01410
          1       3000  357.26541   -1.04014   -0.01415   -1.04039   -0.01418
          1       3100  369.01656   -1.04014   -0.01415   -1.04032   -0.01422
          1       3200  380.53887   -1.04015   -0.01415   -1.04025   -0.01413
          1       3300  391.58667   -1.04015   -0.01415   -1.04025   -0.01422
          1       3400  403.64916   -1.04016   -0.01415   -1.04040   -0.01415
          1       3500  416.74190   -1.04016   -0.01415   -1.04035   -0.01419
          1       3600  429.45412   -1.04017   -0.01415   -1.04035   -0.01413
          1       3700  441.02439   -1.04017   -0.01415   -1.04030   -0.01418
          1       3800  453.12198   -1.04018   -0.01415   -1.04032   -0.01414
          1       3900  464.61546   -1.04018   -0.01415   -1.04032   -0.01419
          1       4000  476.23387   -1.04018   -0.01415   -1.04028   -0.01412
          1       4100  488.41059   -1.04019   -0.01415   -1.04034   -0.01417
          1       4200  500.95983   -1.04019   -0.01415   -1.04032   -0.01411
          1       4300  512.57412   -1.04019   -0.01415   -1.04029   -0.01407
          1       4400  525.63926   -1.04020   -0.01415   -1.04031   -0.01414
          1       4500  537.91589   -1.04020   -0.01415   -1.04038   -0.01421
          1       4600  549.58581   -1.04020   -0.01415   -1.04039   -0.01420
          1       4700  561.87055   -1.04021   -0.01416   -1.04034   -0.01421
          1       4800  572.76523   -1.04021   -0.01416   -1.04037   -0.01415
          1       4900  584.93156   -1.04021   -0.01416   -1.04033   -0.01420
          1       5000  597.88145   -1.04022   -0.01416   -1.04038   -0.01416
          1       5100  609.67064   -1.04022   -0.01416   -1.04033   -0.01416
          1       5200  621.52286   -1.04022   -0.01416   -1.04035   -0.01411
          1       5300  634.25951   -1.04022   -0.01416   -1.04042   -0.01420
          1       5400  646.32091   -1.04023   -0.01416   -1.04034   -0.01423
          1       5500  658.04480   -1.04023   -0.01416   -1.04040   -0.01418
          1       5600  669.87910   -1.04023   -0.01416   -1.04040   -0.01413
          1       5700  680.71632   -1.04023   -0.01416   -1.04041   -0.01415
          1       5800  692.40776   -1.04024   -0.01416   -1.04038   -0.01418
          1       5900  704.28207   -1.04024   -0.01416   -1.04038   -0.01413
          1       6000  715.99732   -1.04024   -0.01416   -1.04037   -0.01417
          1       6100  728.83746   -1.04024   -0.01416   -1.04032   -0.01412
          1       6200  740.91384   -1.04024   -0.01416   -1.04037   -0.01418
          1       6300  753.04055   -1.04025   -0.01416   -1.04040   -0.01412
          1       6400  765.27993   -1.04025   -0.01416   -1.04044   -0.01420
          1       6500  776.93925   -1.04025   -0.01416   -1.04038   -0.01420
          1       6600  788.47325   -1.04025   -0.01416   -1.04043   -0.01417
          1       6700  800.59640   -1.04025   -0.01416   -1.04040   -0.01419
          1       6800  812.00197   -1.04026   -0.01416   -1.04037   -0.01416
          1       6900  823.65276   -1.04026   -0.01416   -1.04037   -0.01417
          1       7000  835.37134   -1.04026   -0.01416   -1.04032   -0.01418
          1       7100  847.69714   -1.04026   -0.01416   -1.04038   -0.01416
          1       7200  859.55557   -1.04026   -0.01416   -1.04036   -0.01415
          1       7300  872.05587   -1.04026   -0.01416   -1.04043   -0.01412
          1       7400  884.51016   -1.04027   -0.01416   -1.04037   -0.01419
          1       7500  895.83985   -1.04027   -0.01416   -1.04040   -0.01418
          1       7600  907.38635   -1.04027   -0.01416   -1.04042   -0.01414
          1       7700  918.96195   -1.04027   -0.01416   -1.04041   -0.01412
          1       7800  930.53905   -1.04027   -0.01416   -1.04038   -0.01423
          1       7900  941.71317   -1.04027   -0.01416   -1.04038   -0.01414
          1       8000  953.24796   -1.04027   -0.01416   -1.04035   -0.01412
          1       8100  964.65787   -1.04028   -0.01416   -1.04039   -0.01420
          1       8200  977.07221   -1.04028   -0.01416   -1.04042   -0.01419
          1       8300  989.15210   -1.04028   -0.01416   -1.04039   -0.01417
          1       8400 1001.15602   -1.04028   -0.01416   -1.04037   -0.01415
          1       8500 1012.80497   -1.04028   -0.01416   -1.04036   -0.01418
          1       8600 1024.35394   -1.04028   -0.01416   -1.04038   -0.01414
          1       8700 1035.90505   -1.04028   -0.01416   -1.04040   -0.01418
          1       8800 1047.36520   -1.04028   -0.01416   -1.04045   -0.01420
          1       8900 1058.59586   -1.04029   -0.01416   -1.04043   -0.01412
          1       9000 1070.30767   -1.04029   -0.01416   -1.04040   -0.01415
          1       9100 1082.23623   -1.04029   -0.01416   -1.04035   -0.01417
          1       9200 1093.32233   -1.04029   -0.01416   -1.04040   -0.01415
          1       9300 1105.39462   -1.04029   -0.01416   -1.04043   -0.01418
          1       9400 1118.04493   -1.04029   -0.01416   -1.04043   -0.01415
          1       9500 1130.15890   -1.04029   -0.01416   -1.04041   -0.01418
          1       9600 1141.73353   -1.04029   -0.01416   -1.04041   -0.01418
          1       9700 1153.08871   -1.04029   -0.01416   -1.04037   -0.01417
          1       9800 1165.22387   -1.04030   -0.01416   -1.04039   -0.01416
          1       9900 1177.12133   -1.04030   -0.01416   -1.04038   -0.01422
          1      10000 1188.48606   -1.04030   -0.01416   -1.04038   -0.01417
          1      10100 1200.56868   -1.04030   -0.01416   -1.04038   -0.01416
          1      10200 1211.76623   -1.04030   -0.01416   -1.04043   -0.01418
          1      10300 1223.35616   -1.04030   -0.01416   -1.04037   -0.01415
          1      10400 1234.96329   -1.04030   -0.01416   -1.04044   -0.01414
          1      10500 1247.56509   -1.04030   -0.01416   -1.04040   -0.01419
          1      10600 1259.52415   -1.04030   -0.01416   -1.04039   -0.01416
          1      10700 1272.02633   -1.04030   -0.01416   -1.04040   -0.01413
          1      10800 1283.75721   -1.04031   -0.01416   -1.04038   -0.01418
          1      10900 1295.71311   -1.04031   -0.01416   -1.04045   -0.01418
          1      11000 1307.23100   -1.04031   -0.01416   -1.04038   -0.01412
          1      11100 1318.77124   -1.04031   -0.01416   -1.04040   -0.01420
          1      11200 1330.87167   -1.04031   -0.01416   -1.04039   -0.01423
          1      11300 1342.93172   -1.04031   -0.01416   -1.04043   -0.01413
          1      11400 1354.69390   -1.04031   -0.01416   -1.04038   -0.01417
          1      11500 1366.41359   -1.04031   -0.01416   -1.04043   -0.01418
          1      11600 1378.24382   -1.04031   -0.01416   -1.04043   -0.01418
          1      11700 1389.14109   -1.04031   -0.01416   -1.04045   -0.01417
          1      11800 1400.69358   -1.04031   -0.01416   -1.04039   -0.01420
          1      11900 1412.90908   -1.04031   -0.01416   -1.04039   -0.01419
          1      12000 1424.60566   -1.04032   -0.01416   -1.04044   -0.01416
          1      12100 1435.93018   -1.04032   -0.01416   -1.04040   -0.01417
          1      12200 1447.51006   -1.04032   -0.01416   -1.04046   -0.01416
          1      12300 1459.41903   -1.04032   -0.01416   -1.04042   -0.01418
          1      12400 1470.83972   -1.04032   -0.01416   -1.04045   -0.01415
          1      12500 1482.50707   -1.04032   -0.01416   -1.04039   -0.01418
          1      12600 1494.30821   -1.04032   -0.01416   -1.04045   -0.01419
          1      12700 1505.85230   -1.04032   -0.01416   -1.04043   -0.01415
          1      12800 1519.44898   -1.04032   -0.01416   -1.04044   -0.01418
          1      12900 1531.17922   -1.04032   -0.01416   -1.04042   -0.01420
          1      13000 1544.54922   -1.04032   -0.01416   -1.04040   -0.01420
          1      13100 1558.03785   -1.04032   -0.01416   -1.04043   -0.01417
          1      13200 1569.78579   -1.04032   -0.01416   -1.04038   -0.01415
          1      13300 1581.50312   -1.04032   -0.01416   -1.04039   -0.01415
          1      13400 1593.00960   -1.04032   -0.01416   -1.04042   -0.01417
          1      13500 1605.41692   -1.04033   -0.01416   -1.04041   -0.01420
          1      13600 1616.59438   -1.04033   -0.01416   -1.04040   -0.01415
          1      13700 1628.53246   -1.04033   -0.01416   -1.04042   -0.01418
          1      13800 1640.07740   -1.04033   -0.01416   -1.04039   -0.01418
          1      13900 1651.59516   -1.04033   -0.01416   -1.04041   -0.01421
          1      14000 1663.12178   -1.04033   -0.01416   -1.04044   -0.01420
          1      14100 1674.32009   -1.04033   -0.01416   -1.04037   -0.01414
          1      14200 1686.17940   -1.04033   -0.01416   -1.04036   -0.01415
          1      14300 1697.48166   -1.04033   -0.01416   -1.04043   -0.01417
          1      14400 1709.18828   -1.04033   -0.01416   -1.04045   -0.01415
          1      14500 1720.76511   -1.04033   -0.01416   -1.04043   -0.01415
          1      14600 1732.88425   -1.04033   -0.01416   -1.04036   -0.01416
          1      14700 1744.40116   -1.04033   -0.01416   -1.04040   -0.01419
          1      14800 1755.35819   -1.04033   -0.01416   -1.04043   -0.01416
          1      14900 1767.72018   -1.04033   -0.01416   -1.04042   -0.01417
          1      15000 1779.22374   -1.04033   -0.01416   -1.04038   -0.01413
          1      15100 1791.00449   -1.04033   -0.01416   -1.04044   -0.01417
          1      15200 1802.79730   -1.04034   -0.01416   -1.04040   -0.01411
          1      15300 1814.44061   -1.04034   -0.01416   -1.04044   -0.01416
          1      15400 1825.59514   -1.04034   -0.01416   -1.04046   -0.01418
          1      15500 1837.76742   -1.04034   -0.01416   -1.04042   -0.01420
          1      15600 1849.69058   -1.04034   -0.01416   -1.04042   -0.01418
          1      15700 1861.41000   -1.04034   -0.01416   -1.04044   -0.01417
          1      15800 1873.20390   -1.04034   -0.01416   -1.04043   -0.01419
          1      15900 1885.06639   -1.04034   -0.01416   -1.04042   -0.01418
          1      16000 1897.91058   -1.04034   -0.01416   -1.04040   -0.01422
          1      16100 1909.32913   -1.04034   -0.01416   -1.04041   -0.01419
          1      16200 1921.02204   -1.04034   -0.01416   -1.04040   -0.01417
          1      16300 1932.74967   -1.04034   -0.01416   -1.04044   -0.01416
          1      16400 1944.51057   -1.04034   -0.01416   -1.04043   -0.01413
          1      16500 1956.92739   -1.04034   -0.01416   -1.04043   -0.01414
          1      16600 1970.56977   -1.04034   -0.01416   -1.04043   -0.01421
          1      16700 1982.66730   -1.04034   -0.01416   -1.04040   -0.01417
          1      16800 1994.73579   -1.04034   -0.01416   -1.04042   -0.01420
          1      16900 2005.90244   -1.04034   -0.01416   -1.04046   -0.01417
          1      17000 2018.01607   -1.04034   -0.01416   -1.04045   -0.01416
          1      17100 2029.30554   -1.04034   -0.01416   -1.04044   -0.01415
          1      17200 2040.91515   -1.04034   -0.01416   -1.04043   -0.01416
          1      17300 2052.25223   -1.04035   -0.01416   -1.04039   -0.01418
          1      17400 2063.79894   -1.04035   -0.01416   -1.04041   -0.01414
          1      17500 2075.41347   -1.04035   -0.01416   -1.04041   -0.01413
          1      17600 2087.00906   -1.04035   -0.01416   -1.04041   -0.01416
          1      17700 2098.14188   -1.04035   -0.01416   -1.04043   -0.01415
          1      17800 2109.38591   -1.04035   -0.01416   -1.04041   -0.01416
          1      17900 2120.79932   -1.04035   -0.01416   -1.04044   -0.01416
          1      18000 2132.78749   -1.04035   -0.01416   -1.04045   -0.01417
          1      18100 2144.57684   -1.04035   -0.01416   -1.04046   -0.01417
          1      18200 2156.37894   -1.04035   -0.01416   -1.04042   -0.01421
          1      18300 2168.64219   -1.04035   -0.01416   -1.04040   -0.01416
          1      18400 2179.90423   -1.04035   -0.01416   -1.04042   -0.01419
          1      18500 2191.76264   -1.04035   -0.01416   -1.04044   -0.01418
          1      18600 2203.39056   -1.04035   -0.01416   -1.04044   -0.01416
          1      18700 2214.25216   -1.04035   -0.01416   -1.04040   -0.01414
          1      18800 2225.22650   -1.04035   -0.01416   -1.04042   -0.01415
          1      18900 2236.71258   -1.04035   -0.01416   -1.04044   -0.01415
          1      19000 2248.93825   -1.04035   -0.01416   -1.04045   -0.01416
          1      19100 2260.61367   -1.04035   -0.01416   -1.04044   -0.01418
          1      19200 2273.13244   -1.04035   -0.01416   -1.04045   -0.01417
          1      19300 2284.75764   -1.04035   -0.01416   -1.04043   -0.01416
          1      19400 2296.70340   -1.04035   -0.01416   -1.04044   -0.01417
          1      19500 2308.69377   -1.04035   -0.01416   -1.04042   -0.01420
          1      19600 2320.77079   -1.04035   -0.01416   -1.04044   -0.01419
          1      19700 2332.37204   -1.04035   -0.01416   -1.04043   -0.01415
          1      19800 2344.53741   -1.04036   -0.01416   -1.04045   -0.01419
          1      19900 2356.06836   -1.04036   -0.01416   -1.04047   -0.01417
          1      20000 2367.76935   -1.04036   -0.01416   -1.04041   -0.01419
          1      20100 2378.95239   -1.04036   -0.01416   -1.04044   -0.01415
          1      20200 2391.42830   -1.04036   -0.01416   -1.04043   -0.01416
          1      20300 2403.71007   -1.04036   -0.01416   -1.04041   -0.01415
          1      20400 2415.21407   -1.04036   -0.01416   -1.04046   -0.01417
          1      20500 2426.51520   -1.04036   -0.01416   -1.04043   -0.01417
          1      20600 2437.64310   -1.04036   -0.01416   -1.04045   -0.01415
          1      20700 2449.47339   -1.04036   -0.01416   -1.04044   -0.01420
          1      20800 2460.29056   -1.04036   -0.01416   -1.04042   -0.01416
          1      20900 2472.43391   -1.04036   -0.01416   -1.04045   -0.01419
          1      21000 2484.01170   -1.04036   -0.01416   -1.04041   -0.01415
          1      21100 2495.02525   -1.04036   -0.01416   -1.04045   -0.01419
          1      21200 2506.63575   -1.04036   -0.01416   -1.04042   -0.01419
          1      21300 2518.19644   -1.04036   -0.01416   -1.04044   -0.01414
          1      21400 2529.32193   -1.04036   -0.01416   -1.04042   -0.01418
          1      21500 2540.13489   -1.04036   -0.01416   -1.04044   -0.01417
          1      21600 2551.71986   -1.04036   -0.01416   -1.04039   -0.01417
          1      21700 2563.41520   -1.04036   -0.01416   -1.04043   -0.01420
          1      21800 2574.86101   -1.04036   -0.01416   -1.04044   -0.01416
          1      21900 2586.62128   -1.04036   -0.01416   -1.04044   -0.01415
          1      22000 2597.85046   -1.04036   -0.01416   -1.04042   -0.01416
          1      22100 2609.47473   -1.04036   -0.01416   -1.04045   -0.01416
          1      22200 2621.05425   -1.04036   -0.01416   -1.04042   -0.01418
          1      22300 2632.41683   -1.04036   -0.01416   -1.04042   -0.01421
          1      22400 2644.13016   -1.04036   -0.01416   -1.04041   -0.01414
          1      22500 2655.50126   -1.04036   -0.01416   -1.04043   -0.01417
          1      22600 2667.14052   -1.04036   -0.01416   -1.04043   -0.01419
          1      22700 2679.54741   -1.04036   -0.01416   -1.04044   -0.01419
          1      22800 2691.36206   -1.04036   -0.01416   -1.04042   -0.01413
          1      22900 2702.87728   -1.04037   -0.01416   -1.04045   -0.01414
          1      23000 2714.24322   -1.04037   -0.01416   -1.04040   -0.01415
          1      23100 2726.05950   -1.04037   -0.01416   -1.04042   -0.01416
          1      23200 2737.74961   -1.04037   -0.01416   -1.04041   -0.01414
          1      23300 2749.05879   -1.04037   -0.01416   -1.04043   -0.01416
          1      23400 2760.38129   -1.04037   -0.01416   -1.04047   -0.01418
          1      23500 2771.10423   -1.04037   -0.01416   -1.04041   -0.01415
          1      23600 2782.70609   -1.04037   -0.01416   -1.04043   -0.01417
          1      23700 2793.96388   -1.04037   -0.01416   -1.04043   -0.01417
          1      23800 2805.52319   -1.04037   -0.01416   -1.04045   -0.01415
          1      23900 2816.97172   -1.04037   -0.01416   -1.04039   -0.01416
          1      24000 2829.16714   -1.04037   -0.01416   -1.04046   -0.01417
          1      24100 2841.63790   -1.04037   -0.01416   -1.04042   -0.01415
          1      24200 2853.16441   -1.04037   -0.01416   -1.04044   -0.01419
          1      24300 2864.80785   -1.04037   -0.01416   -1.04045   -0.01419
          1      24400 2876.60337   -1.04037   -0.01416   -1.04045   -0.01415
          1      24500 2888.52087   -1.04037   -0.01416   -1.04043   -0.01417
          1      24600 2899.97838   -1.04037   -0.01416   -1.04045   -0.01416
          1      24700 2911.63770   -1.04037   -0.01416   -1.04041   -0.01416
          1      24800 2923.37110   -1.04037   -0.01416   -1.04040   -0.01415
          1      24900 2935.03194   -1.04037   -0.01416   -1.04046   -0.01417
          1      25000 2948.05626   -1.04037   -0.01416   -1.04042   -0.01416
          1      25100 2959.70572   -1.04037   -0.01416   -1.04046   -0.01417
          1      25200 2971.09349   -1.04037   -0.01416   -1.04044   -0.01416
          1      25300 2982.82564   -1.04037   -0.01416   -1.04047   -0.01417
          1      25400 2994.72524   -1.04037   -0.01416   -1.04043   -0.01418
          1      25500 3006.57294   -1.04037   -0.01416   -1.04047   -0.01418
          1      25600 3017.63999   -1.04037   -0.01416   -1.04042   -0.01414
          1      25700 3029.07214   -1.04037   -0.01416   -1.04042   -0.01420
          1      25800 3041.10189   -1.04037   -0.01416   -1.04045   -0.01414
          1      25900 3053.11319   -1.04037   -0.01416   -1.04044   -0.01417
          1      26000 3064.68842   -1.04037   -0.01416   -1.04046   -0.01417
          1      26100 3076.13406   -1.04037   -0.01416   -1.04045   -0.01418
          1      26200 3087.35178   -1.04037   -0.01416   -1.04043   -0.01417
          1      26300 3099.79077   -1.04037   -0.01416   -1.04041   -0.01416
          1      26400 3112.17133   -1.04037   -0.01416   -1.04041   -0.01417
          1      26500 3124.44963   -1.04037   -0.01416   -1.04045   -0.01418
          1      26600 3135.97858   -1.04037   -0.01416   -1.04044   -0.01418
          1      26700 3148.32609   -1.04037   -0.01416   -1.04044   -0.01417
          1      26800 3159.91571   -1.04038   -0.01416   -1.04040   -0.01417
          1      26900 3171.26737   -1.04038   -0.01416   -1.04044   -0.01416
          1      27000 3183.11284   -1.04038   -0.01416   -1.04045   -0.01415
          1      27100 3194.28031   -1.04038   -0.01416   -1.04045   -0.01419
          1      27200 3205.94341   -1.04038   -0.01416   -1.04047   -0.01416
          1      27300 3217.53202   -1.04038   -0.01416   -1.04046   -0.01416
          1      27400 3230.12843   -1.04038   -0.01416   -1.04044   -0.01416
          1      27500 3241.29337   -1.04038   -0.01416   -1.04045   -0.01418
          1      27600 3252.68011   -1.04038   -0.01416   -1.04048   -0.01417
          1      27700 3265.04184   -1.04038   -0.01416   -1.04043   -0.01415
          1      27800 3276.91709   -1.04038   -0.01416   -1.04044   -0.01415
          1      27900 3289.00646   -1.04038   -0.01416   -1.04046   -0.01417
          1      28000 3300.58448   -1.04038   -0.01416   -1.04046   -0.01419
          1      28100 3312.57495   -1.04038   -0.01416   -1.04043   -0.01415
          1      28200 3324.31815   -1.04038   -0.01416   -1.04044   -0.01417
          1      28300 3336.62378   -1.04038   -0.01416   -1.04046   -0.01416
          1      28400 3348.51288   -1.04038   -0.01416   -1.04047   -0.01416
          1      28500 3359.86713   -1.04038   -0.01416   -1.04044   -0.01417
          1      28600 3371.47939   -1.04038   -0.01416   -1.04043   -0.01418
          1      28700 3383.47336   -1.04038   -0.01416   -1.04042   -0.01417
          1      28800 3394.94265   -1.04038   -0.01416   -1.04046   -0.01417
          1      28900 3406.50680   -1.04038   -0.01416   -1.04046   -0.01415
          1      29000 3418.35211   -1.04038   -0.01416   -1.04043   -0.01418
          1      29100 3429.66138   -1.04038   -0.01416   -1.04047   -0.01417
          1      29200 3441.32446   -1.04038   -0.01416   -1.04043   -0.01417
          1      29300 3453.42766   -1.04038   -0.01416   -1.04042   -0.01416
          1      29400 3465.34225   -1.04038   -0.01416   -1.04045   -0.01417
          1      29500 3477.14438   -1.04038   -0.01416   -1.04045   -0.01418
          1      29600 3488.85230   -1.04038   -0.01416   -1.04046   -0.01418
          1      29700 3500.91844   -1.04038   -0.01416   -1.04044   -0.01417
          1      29800 3512.17168   -1.04038   -0.01416   -1.04044   -0.01418
          1      29900 3523.55975   -1.04038   -0.01416   -1.04046   -0.01416
          1      30000 3534.98974   -1.04038   -0.01416   -1.04044   -0.01415
          1      30100 3545.86370   -1.04038   -0.01416   -1.04044   -0.01417
          1      30200 3557.28963   -1.04038   -0.01416   -1.04044   -0.01416
          1      30300 3568.53946   -1.04038   -0.01416   -1.04043   -0.01415
          1      30400 3580.34543   -1.04038   -0.01416   -1.04041   -0.01417
          1      30500 3590.85189   -1.04038   -0.01416   -1.04043   -0.01418
          1      30591 3600.03640   -1.04038   -0.01416   -1.04041   -0.01418
