          1          0    0.00000   -1.00401    0.05844   -1.00401    0.05844   -3.63403    3.63403    0.00000
          1          1   28.53790   -1.00401    0.05844   -1.00401    0.05844   -1.04301    3.63403    0.00000
          1          2   83.80466   -0.99462    0.03874   -0.96995    0.00074   -1.02705   -0.96995    0.00000
          2          0   83.80466   -0.37532   -0.03667   -0.96995    0.00074   -1.02705   -0.96995   -0.99850
          2          1  167.02193   -0.53593   -0.03243   -1.00662    0.00051   -1.01550   -1.00662   -0.99850
          3          0  167.02193   -0.17294   -0.04881   -1.00662    0.00051   -1.01550   -1.00662   -1.01106
          3          1  280.90285   -0.34322   -0.04665   -1.00735    0.00004   -1.01490   -1.00735   -1.01106
          3          2  426.40104   -0.45611   -0.04305   -1.00874    0.00003   -1.01451   -1.00874   -1.01106
          3          3  591.09292   -0.53663   -0.03948   -1.01127    0.00001   -1.01428   -1.01127   -1.01106
          4          0  591.09292   -0.12029   -0.05044   -1.01127    0.00001   -1.01428   -1.01127   -1.01277
          4          1  947.14676   -0.23407   -0.05006   -1.01264   -0.00000   -1.01416   -1.01264   -1.01277
          4          2 1767.88174   -0.32216   -0.04859   -1.01292    0.00000   -1.01411   -1.01292   -1.01277
          5          0 1767.88174   -0.08042   -0.05032   -1.01292    0.00000   -1.01411   -1.01292   -1.01352
          5          1 3377.66979   -0.17566   -0.05062   -1.01322    0.00000   -1.01408   -1.01322   -1.01352
