          0          0    0.00000   -0.27917    0.44129   -0.27917    0.44129
          0          3    0.05611    0.11855    0.44010    0.11855    0.44010
          0          7    0.11993    0.11855    0.44010    0.35390    0.48099
          0         13    0.20340    0.11855    0.44010    0.12084    0.38863
          0         25    0.36520    0.11855    0.44010    0.13542   -0.03959
          1          0    0.78354   -0.27917    0.44129   -0.27917    0.44129
          1        100    1.51807   -0.40017    1.06520   -0.39634    1.08085
          1        200    2.55186   -0.42023    1.08782   -0.42002    1.10581
          1        300    3.68910   -0.42652    1.10360   -0.43718    1.12759
          1        400    4.48209   -0.42978    1.11076   -0.42984    1.11364
          1        500    5.73263   -0.43184    1.11448   -0.43283    1.11694
          1        600    6.94084   -0.43328    1.11672   -0.43713    1.12810
          1        700    8.34551   -0.43437    1.11815   -0.43463    1.11844
          1        800    9.46186   -0.43522    1.11916   -0.43615    1.12160
          1        900   10.60445   -0.43590    1.11989   -0.43710    1.12064
          1       1000   11.73761   -0.43646    1.12042   -0.43623    1.11802
          1       1100   12.79916   -0.43694    1.12082   -0.43699    1.11828
          1       1200   14.23761   -0.43735    1.12111   -0.43704    1.11780
          1       1300   15.34870   -0.43770    1.12133   -0.43725    1.11782
          1       1400   16.48440   -0.43801    1.12149   -0.43746    1.11785
          1       1500   17.45213   -0.43828    1.12161   -0.43764    1.11786
          1       1600   18.65129   -0.43853    1.12170   -0.43780    1.11787
          1       1700   19.92450   -0.43875    1.12176   -0.43795    1.11787
          1       1800   20.88887   -0.43895    1.12181   -0.43809    1.11788
          1       1900   21.95935   -0.43913    1.12185   -0.43822    1.11789
          1       2000   22.96490   -0.43930    1.12187   -0.43834    1.11790
          1       2100   24.01522   -0.43945    1.12189   -0.43846    1.11791
          1       2200   25.02878   -0.43959    1.12190   -0.43856    1.11792
          1       2300   25.95343   -0.43972    1.12190   -0.43866    1.11794
          1       2400   27.22881   -0.43984    1.12190   -0.43876    1.11795
          1       2500   28.32733   -0.43995    1.12189   -0.43885    1.11796
          1       2600   29.32383   -0.44005    1.12188   -0.43894    1.11797
          1       2700   30.70728   -0.44015    1.12187   -0.43902    1.11798
          1       2800   31.95967   -0.44024    1.12186   -0.43910    1.11799
          1       2900   33.15719   -0.44032    1.12184   -0.43917    1.11800
          1       3000   34.42795   -0.44041    1.12183   -0.43925    1.11802
          1       3100   35.44703   -0.44048    1.12181   -0.43932    1.11803
          1       3200   36.68870   -0.44055    1.12179   -0.43938    1.11804
          1       3300   37.72930   -0.44062    1.12177   -0.43945    1.11805
          1       3400   38.74724   -0.44069    1.12175   -0.43951    1.11806
          1       3500   39.89961   -0.44075    1.12173   -0.43957    1.11807
          1       3600   40.90013   -0.44081    1.12171   -0.43963    1.11808
          1       3700   42.27604   -0.44086    1.12169   -0.43968    1.11809
          1       3800   43.53610   -0.44091    1.12167   -0.43974    1.11810
          1       3900   44.53576   -0.44096    1.12165   -0.43979    1.11811
          1       4000   45.71531   -0.44101    1.12163   -0.43984    1.11813
          1       4100   46.75334   -0.44106    1.12161   -0.43989    1.11814
          1       4200   47.97354   -0.44110    1.12159   -0.43994    1.11815
          1       4300   49.46997   -0.44114    1.12157   -0.43998    1.11816
          1       4400   50.58547   -0.44119    1.12155   -0.44003    1.11817
          1       4500   51.75049   -0.44122    1.12153   -0.44008    1.11818
          1       4600   52.80246   -0.44126    1.12151   -0.44012    1.11819
          1       4700   54.04179   -0.44130    1.12149   -0.44016    1.11820
          1       4800   54.93784   -0.44133    1.12147   -0.44020    1.11821
          1       4900   56.30876   -0.44137    1.12145   -0.44024    1.11822
          1       5000   57.31065   -0.44140    1.12143   -0.44028    1.11823
          1       5100   58.26790   -0.44143    1.12141   -0.44032    1.11824
          1       5200   59.25237   -0.44146    1.12139   -0.44036    1.11825
          1       5300   60.25116   -0.44149    1.12137   -0.44040    1.11826
          1       5400   61.21509   -0.44152    1.12136   -0.44044    1.11827
          1       5500   62.26819   -0.44154    1.12134   -0.44047    1.11828
          1       5600   63.58725   -0.44157    1.12132   -0.44051    1.11829
          1       5700   64.90265   -0.44159    1.12130   -0.44054    1.11830
          1       5800   66.07047   -0.44162    1.12128   -0.44058    1.11831
          1       5900   67.12302   -0.44164    1.12127   -0.44061    1.11832
          1       6000   68.24173   -0.44167    1.12125   -0.44065    1.11833
          1       6100   69.43653   -0.44169    1.12123   -0.44068    1.11834
          1       6200   70.58489   -0.44171    1.12121   -0.44071    1.11835
          1       6300   71.95193   -0.44173    1.12120   -0.44075    1.11836
          1       6400   73.02391   -0.44175    1.12118   -0.44078    1.11837
          1       6500   74.21482   -0.44177    1.12117   -0.44081    1.11838
          1       6600   75.10523   -0.44179    1.12115   -0.44084    1.11839
          1       6700   76.13999   -0.44181    1.12113   -0.44087    1.11839
          1       6800   77.37572   -0.44183    1.12112   -0.44088    1.11834
          1       6900   78.34698   -0.44185    1.12110   -0.44037    1.11772
          1       7000   79.55577   -0.44187    1.12109   -0.43967    1.11702
          1       7100   80.67467   -0.44189    1.12108   -0.44055    1.11891
          1       7200   81.89612   -0.44190    1.12106   -0.44129    1.12068
          1       7300   83.00153   -0.44192    1.12105   -0.44151    1.12150
          1       7400   84.20764   -0.44194    1.12104   -0.43894    1.11511
          1       7500   85.38727   -0.44196    1.12103   -0.44192    1.12196
          1       7600   86.60400   -0.44197    1.12103   -0.44264    1.12844
          1       7700   87.66384   -0.44199    1.12102   -0.43853    1.11340
          1       7800   88.81106   -0.44200    1.12101   -0.44077    1.11769
          1       7900   90.15171   -0.44201    1.12101   -0.44265    1.12835
          1       8000   91.22025   -0.44203    1.12100   -0.43860    1.11352
          1       8100   92.49240   -0.44204    1.12099   -0.44063    1.11749
          1       8200   93.59206   -0.44205    1.12099   -0.44265    1.12827
          1       8300   94.73655   -0.44207    1.12098   -0.43867    1.11363
          1       8400   95.84104   -0.44208    1.12097   -0.44051    1.11730
          1       8500   96.82827   -0.44209    1.12097   -0.44266    1.12818
          1       8600   97.81322   -0.44210    1.12096   -0.43873    1.11373
          1       8700   98.90224   -0.44212    1.12096   -0.44039    1.11712
          1       8800   99.95060   -0.44213    1.12095   -0.44266    1.12810
          1       8900  100.97782   -0.44214    1.12094   -0.43879    1.11382
          1       9000  102.04775   -0.44215    1.12094   -0.44028    1.11696
          1       9100  102.96825   -0.44216    1.12093   -0.44266    1.12802
          1       9200  104.02501   -0.44217    1.12092   -0.43884    1.11390
          1       9300  104.94773   -0.44218    1.12092   -0.44019    1.11682
          1       9400  106.03147   -0.44219    1.12091   -0.44266    1.12794
          1       9500  107.15522   -0.44220    1.12090   -0.43889    1.11397
          1       9600  108.12232   -0.44221    1.12090   -0.44012    1.11669
          1       9700  109.27196   -0.44222    1.12089   -0.44266    1.12787
          1       9800  110.37552   -0.44223    1.12088   -0.43893    1.11404
          1       9900  111.68720   -0.44224    1.12088   -0.44008    1.11659
          1      10000  112.73320   -0.44225    1.12087   -0.44265    1.12780
          1      10100  113.88265   -0.44226    1.12086   -0.43898    1.11410
          1      10200  114.83220   -0.44227    1.12085   -0.44007    1.11652
          1      10300  116.00902   -0.44228    1.12085   -0.44264    1.12774
          1      10400  117.17239   -0.44229    1.12084   -0.43903    1.11417
          1      10500  118.36513   -0.44229    1.12083   -0.44012    1.11650
          1      10600  119.31722   -0.44230    1.12082   -0.44261    1.12771
          1      10700  120.52473   -0.44231    1.12081   -0.43914    1.11446
          1      10800  121.71846   -0.44232    1.12081   -0.44246    1.12335
          1      10900  122.75606   -0.44233    1.12079   -0.44288    1.11955
          1      11000  123.91683   -0.44234    1.12078   -0.44013    1.11699
          1      11100  124.96229   -0.44235    1.12077   -0.44291    1.11851
          1      11200  126.15586   -0.44236    1.12076   -0.44141    1.11813
          1      11300  127.18044   -0.44236    1.12074   -0.44285    1.12011
          1      11400  128.37016   -0.44237    1.12073   -0.44180    1.11955
          1      11500  129.65157   -0.44238    1.12072   -0.44296    1.11651
          1      11600  130.88955   -0.44239    1.12071   -0.44129    1.11448
          1      11700  132.12120   -0.44239    1.12070   -0.44286    1.12478
          1      11800  133.09501   -0.44240    1.12069   -0.44190    1.11386
          1      11900  134.06460   -0.44241    1.12068   -0.44280    1.12576
          1      12000  135.06400   -0.44242    1.12067   -0.44238    1.11500
          1      12100  136.19674   -0.44242    1.12066   -0.44272    1.12086
          1      12200  137.42827   -0.44243    1.12066   -0.44250    1.12718
          1      12300  138.65689   -0.44243    1.12065   -0.44244    1.12721
          1      12400  139.74904   -0.44244    1.12065   -0.44258    1.12677
          1      12500  140.95847   -0.44245    1.12064   -0.44256    1.12677
          1      12600  142.29421   -0.44245    1.12064   -0.44257    1.12680
          1      12700  143.63720   -0.44246    1.12063   -0.44257    1.12689
          1      12800  144.67836   -0.44246    1.12063   -0.44251    1.12739
          1      12900  145.70343   -0.44247    1.12062   -0.44246    1.12717
          1      13000  146.85626   -0.44247    1.12062   -0.44257    1.12655
          1      13100  148.18909   -0.44248    1.12061   -0.44247    1.12771
          1      13200  149.12128   -0.44248    1.12061   -0.44257    1.12648
          1      13300  150.40339   -0.44249    1.12060   -0.44249    1.12758
          1      13400  151.42409   -0.44249    1.12060   -0.44256    1.12670
          1      13500  152.37681   -0.44250    1.12059   -0.44251    1.12717
          1      13600  153.57201   -0.44250    1.12059   -0.44253    1.12723
          1      13700  154.69303   -0.44251    1.12059   -0.44254    1.12704
          1      13800  155.85328   -0.44251    1.12058   -0.44254    1.12705
          1      13900  156.74486   -0.44251    1.12058   -0.44254    1.12704
          1      14000  157.73660   -0.44252    1.12057   -0.44254    1.12703
          1      14100  158.86573   -0.44252    1.12057   -0.44254    1.12702
          1      14200  160.08532   -0.44253    1.12056   -0.44254    1.12701
          1      14300  161.24167   -0.44253    1.12056   -0.44254    1.12699
          1      14400  162.40192   -0.44253    1.12056   -0.44255    1.12698
          1      14500  163.49711   -0.44254    1.12055   -0.44255    1.12696
          1      14600  164.98897   -0.44254    1.12055   -0.44255    1.12694
          1      14700  166.21004   -0.44255    1.12054   -0.44255    1.12691
          1      14800  167.49111   -0.44255    1.12054   -0.44256    1.12683
          1      14900  168.67977   -0.44255    1.12054   -0.44259    1.12646
          1      15000  169.82571   -0.44256    1.12053   -0.44261    1.12634
          1      15100  170.77289   -0.44256    1.12053   -0.44260    1.12637
          1      15200  172.04611   -0.44256    1.12052   -0.44260    1.12642
          1      15300  173.26116   -0.44257    1.12052   -0.44260    1.12647
          1      15400  174.41391   -0.44257    1.12052   -0.44259    1.12653
          1      15500  175.50799   -0.44257    1.12051   -0.44258    1.12660
          1      15600  176.35209   -0.44258    1.12051   -0.44258    1.12665
          1      15700  177.50197   -0.44258    1.12050   -0.44258    1.12666
          1      15800  178.55344   -0.44258    1.12050   -0.44258    1.12663
          1      15900  179.78698   -0.44259    1.12050   -0.44259    1.12659
          1      16000  180.77280   -0.44259    1.12049   -0.44260    1.12654
          1      16100  182.12740   -0.44259    1.12049   -0.44260    1.12650
          1      16200  183.25405   -0.44260    1.12048   -0.44261    1.12644
          1      16300  184.38821   -0.44260    1.12048   -0.44262    1.12638
          1      16400  185.47382   -0.44260    1.12048   -0.44264    1.12631
          1      16500  186.66370   -0.44260    1.12047   -0.44266    1.12620
          1      16600  187.92544   -0.44261    1.12047   -0.44269    1.12602
          1      16700  189.02085   -0.44261    1.12046   -0.44288    1.12468
          1      16800  190.30945   -0.44261    1.12046   -0.44303    1.12274
          1      16900  191.32775   -0.44262    1.12045   -0.44188    1.11889
          1      17000  192.56421   -0.44262    1.12045   -0.44066    1.11463
          1      17100  193.72363   -0.44262    1.12044   -0.44303    1.11632
          1      17200  194.77006   -0.44262    1.12044   -0.44287    1.12153
          1      17300  195.98157   -0.44263    1.12043   -0.44288    1.12460
          1      17400  197.12943   -0.44263    1.12043   -0.44185    1.11878
          1      17500  198.33580   -0.44263    1.12043   -0.44193    1.11495
          1      17600  199.27246   -0.44263    1.12042   -0.44283    1.12237
          1      17700  200.42558   -0.44264    1.12042   -0.44305    1.12245
          1      17800  201.24826   -0.44264    1.12041   -0.44095    1.11447
          1      17900  202.35737   -0.44264    1.12041   -0.44287    1.12129
          1      18000  203.73286   -0.44264    1.12040   -0.44272    1.12145
          1      18100  204.66752   -0.44265    1.12040   -0.44208    1.11512
          1      18200  205.85191   -0.44265    1.12040   -0.44273    1.12524
          1      18300  206.91288   -0.44265    1.12039   -0.44109    1.11638
          1      18400  207.92806   -0.44265    1.12039   -0.44285    1.12165
          1      18500  209.07484   -0.44266    1.12038   -0.44188    1.11884
          1      18600  210.22777   -0.44266    1.12038   -0.44294    1.11941
          1      18700  211.40850   -0.44266    1.12038   -0.44208    1.11945
          1      18800  212.54943   -0.44266    1.12037   -0.44293    1.11958
          1      18900  213.82738   -0.44267    1.12037   -0.44181    1.11859
          1      19000  214.97987   -0.44267    1.12036   -0.44282    1.12233
          1      19100  216.12990   -0.44267    1.12036   -0.44100    1.11582
          1      19200  217.27559   -0.44267    1.12036   -0.44276    1.12512
          1      19300  218.31394   -0.44267    1.12035   -0.44242    1.11558
          1      19400  219.23559   -0.44268    1.12035   -0.44245    1.12060
          1      19500  220.21787   -0.44268    1.12035   -0.44283    1.12201
          1      19600  221.56488   -0.44268    1.12034   -0.44124    1.11483
          1      19700  222.67769   -0.44268    1.12034   -0.44294    1.12195
          1      19800  223.83684   -0.44268    1.12034   -0.44284    1.12184
          1      19900  224.92466   -0.44269    1.12033   -0.44170    1.11498
          1      20000  226.00153   -0.44269    1.12033   -0.44212    1.11952
          1      20100  227.01041   -0.44269    1.12033   -0.44277    1.12488
          1      20200  228.00096   -0.44269    1.12032   -0.44297    1.11891
          1      20300  229.23701   -0.44269    1.12032   -0.44127    1.11497
          1      20400  230.19471   -0.44269    1.12032   -0.44204    1.11921
          1      20500  231.37124   -0.44270    1.12031   -0.44288    1.12419
          1      20600  232.37188   -0.44270    1.12031   -0.44280    1.12290
          1      20700  233.48193   -0.44270    1.12031   -0.44299    1.11819
          1      20800  234.65440   -0.44270    1.12030   -0.44163    1.11508
          1      20900  235.65814   -0.44270    1.12030   -0.44136    1.11684
          1      21000  236.75293   -0.44270    1.12030   -0.44216    1.11958
          1      21100  237.73082   -0.44271    1.12029   -0.44303    1.12251
          1      21200  238.80497   -0.44271    1.12029   -0.44282    1.12452
          1      21300  240.00443   -0.44271    1.12029   -0.44278    1.12440
          1      21400  240.94388   -0.44271    1.12029   -0.44281    1.12254
          1      21500  242.01245   -0.44271    1.12028   -0.44291    1.12042
          1      21600  243.34599   -0.44271    1.12028   -0.44295    1.11951
          1      21700  244.37367   -0.44272    1.12028   -0.44297    1.11895
          1      21800  245.35191   -0.44272    1.12027   -0.44298    1.11856
          1      21900  246.51767   -0.44272    1.12027   -0.44299    1.11844
          1      22000  247.52632   -0.44272    1.12027   -0.44298    1.11866
          1      22100  248.78151   -0.44272    1.12027   -0.44297    1.11910
          1      22200  249.99876   -0.44272    1.12026   -0.44295    1.11973
          1      22300  251.10115   -0.44273    1.12026   -0.44289    1.12077
          1      22400  252.29249   -0.44273    1.12026   -0.44279    1.12303
          1      22500  253.34426   -0.44273    1.12026   -0.44279    1.12440
          1      22600  254.39158   -0.44273    1.12025   -0.44286    1.12415
          1      22700  255.58882   -0.44273    1.12025   -0.44305    1.12204
          1      22800  256.75823   -0.44273    1.12025   -0.44210    1.11923
          1      22900  257.91313   -0.44273    1.12025   -0.44141    1.11668
          1      23000  259.28396   -0.44274    1.12024   -0.44175    1.11549
          1      23100  260.37811   -0.44274    1.12024   -0.44301    1.11806
          1      23200  261.56130   -0.44274    1.12024   -0.44284    1.12193
          1      23300  262.72845   -0.44274    1.12024   -0.44285    1.12418
          1      23400  264.19880   -0.44274    1.12023   -0.44235    1.12003
          1      23500  265.34291   -0.44274    1.12023   -0.44123    1.11584
          1      23600  266.53840   -0.44274    1.12023   -0.44299    1.11687
          1      23700  267.76059   -0.44274    1.12023   -0.44280    1.12301
          1      23800  268.97734   -0.44275    1.12022   -0.44299    1.12273
          1      23900  270.13756   -0.44275    1.12022   -0.44150    1.11720
          1      24000  271.18864   -0.44275    1.12022   -0.44268    1.11636
          1      24100  272.08215   -0.44275    1.12022   -0.44278    1.12355
          1      24200  273.17818   -0.44275    1.12021   -0.44262    1.12078
          1      24300  274.42045   -0.44275    1.12021   -0.44140    1.11525
          1      24400  275.56636   -0.44275    1.12021   -0.44292    1.12063
          1      24500  276.50406   -0.44275    1.12021   -0.44302    1.12237
          1      24600  277.82442   -0.44276    1.12021   -0.44123    1.11536
          1      24700  278.98407   -0.44276    1.12020   -0.44291    1.12079
          1      24800  280.28210   -0.44276    1.12020   -0.44280    1.12124
          1      24900  281.50944   -0.44276    1.12020   -0.44191    1.11578
          1      25000  282.71899   -0.44276    1.12020   -0.44279    1.12394
          1      25100  283.67837   -0.44276    1.12019   -0.44189    1.11825
          1      25200  284.85516   -0.44276    1.12019   -0.44298    1.11905
          1      25300  285.83757   -0.44276    1.12019   -0.44302    1.12225
          1      25400  286.98435   -0.44276    1.12019   -0.44204    1.11593
          1      25500  288.44562   -0.44277    1.12019   -0.44284    1.12407
          1      25600  289.51597   -0.44277    1.12018   -0.44131    1.11573
          1      25700  290.58618   -0.44277    1.12018   -0.44279    1.12337
          1      25800  291.77904   -0.44277    1.12018   -0.44153    1.11720
          1      25900  292.66724   -0.44277    1.12018   -0.44287    1.12165
          1      26000  293.77596   -0.44277    1.12018   -0.44175    1.11782
          1      26100  294.96649   -0.44277    1.12017   -0.44288    1.12141
          1      26200  296.08187   -0.44277    1.12017   -0.44167    1.11759
          1      26300  297.23874   -0.44277    1.12017   -0.44283    1.12239
          1      26400  298.41575   -0.44277    1.12017   -0.44143    1.11656
          1      26500  299.74464   -0.44278    1.12017   -0.44280    1.12407
          1      26600  300.79140   -0.44278    1.12017   -0.44147    1.11536
          1      26700  301.77572   -0.44278    1.12016   -0.44291    1.12343
          1      26800  302.96812   -0.44278    1.12016   -0.44273    1.11665
          1      26900  304.16680   -0.44278    1.12016   -0.44245    1.12011
          1      27000  305.04791   -0.44278    1.12016   -0.44292    1.12076
          1      27100  306.20419   -0.44278    1.12016   -0.44142    1.11644
          1      27200  307.20409   -0.44278    1.12015   -0.44288    1.12370
          1      27300  308.25124   -0.44278    1.12015   -0.44288    1.11694
          1      27400  309.27190   -0.44278    1.12015   -0.44209    1.11877
          1      27500  310.53984   -0.44278    1.12015   -0.44279    1.12371
          1      27600  311.63210   -0.44279    1.12015   -0.44219    1.11625
          1      27700  312.59473   -0.44279    1.12015   -0.44232    1.11963
          1      27800  313.68489   -0.44279    1.12014   -0.44280    1.12346
          1      27900  314.73851   -0.44279    1.12014   -0.44228    1.11633
          1      28000  315.75774   -0.44279    1.12014   -0.44208    1.11868
          1      28100  316.96455   -0.44279    1.12014   -0.44285    1.12392
          1      28200  318.04031   -0.44279    1.12014   -0.44302    1.11826
          1      28300  319.52720   -0.44279    1.12014   -0.44143    1.11640
          1      28400  320.78254   -0.44279    1.12013   -0.44303    1.12185
          1      28500  321.89638   -0.44279    1.12013   -0.44281    1.12298
          1      28600  322.97841   -0.44279    1.12013   -0.44294    1.11714
          1      28700  324.14613   -0.44280    1.12013   -0.44146    1.11663
          1      28800  325.33493   -0.44280    1.12013   -0.44257    1.12036
          1      28900  326.45447   -0.44280    1.12013   -0.44282    1.12397
          1      29000  327.61901   -0.44280    1.12012   -0.44296    1.12015
          1      29100  328.80537   -0.44280    1.12012   -0.44231    1.11648
          1      29200  329.88435   -0.44280    1.12012   -0.44145    1.11652
          1      29300  330.93242   -0.44280    1.12012   -0.44234    1.11963
          1      29400  331.94291   -0.44280    1.12012   -0.44292    1.12317
          1      29500  333.23035   -0.44280    1.12012   -0.44285    1.12227
          1      29600  334.54743   -0.44280    1.12012   -0.44302    1.11830
          1      29700  335.46362   -0.44280    1.12011   -0.44171    1.11565
          1      29800  336.51782   -0.44280    1.12011   -0.44191    1.11792
          1      29900  337.90180   -0.44280    1.12011   -0.44305    1.12149
          1      30000  338.93061   -0.44281    1.12011   -0.44285    1.12385
          1      30100  340.02259   -0.44281    1.12011   -0.44294    1.12077
          1      30200  341.34315   -0.44281    1.12011   -0.44305    1.11756
          1      30300  342.37514   -0.44281    1.12011   -0.44195    1.11598
          1      30400  343.62343   -0.44281    1.12010   -0.44145    1.11620
          1      30500  344.82943   -0.44281    1.12010   -0.44203    1.11828
          1      30600  345.97886   -0.44281    1.12010   -0.44252    1.12012
          1      30700  347.06249   -0.44281    1.12010   -0.44299    1.12235
          1      30800  348.03563   -0.44281    1.12010   -0.44291    1.12320
          1      30900  349.26137   -0.44281    1.12010   -0.44284    1.12387
          1      31000  350.42305   -0.44281    1.12010   -0.44282    1.12292
          1      31100  351.54562   -0.44281    1.12009   -0.44291    1.12134
          1      31200  352.93395   -0.44281    1.12009   -0.44295    1.12066
          1      31300  354.11232   -0.44281    1.12009   -0.44296    1.11992
          1      31400  355.47069   -0.44282    1.12009   -0.44299    1.11921
          1      31500  356.43342   -0.44282    1.12009   -0.44301    1.11864
          1      31600  357.66660   -0.44282    1.12009   -0.44303    1.11806
          1      31700  358.87586   -0.44282    1.12009   -0.44305    1.11777
          1      31800  359.95852   -0.44282    1.12009   -0.44305    1.11778
          1      31900  361.06257   -0.44282    1.12008   -0.44303    1.11805
          1      32000  362.29257   -0.44282    1.12008   -0.44301    1.11862
          1      32100  363.59858   -0.44282    1.12008   -0.44299    1.11924
          1      32200  364.75399   -0.44282    1.12008   -0.44297    1.11992
          1      32300  365.75260   -0.44282    1.12008   -0.44295    1.12064
          1      32400  366.78818   -0.44282    1.12008   -0.44292    1.12127
          1      32500  367.92666   -0.44282    1.12008   -0.44284    1.12271
          1      32600  369.16617   -0.44282    1.12008   -0.44282    1.12370
          1      32700  370.22667   -0.44282    1.12007   -0.44290    1.12331
          1      32800  371.11550   -0.44282    1.12007   -0.44297    1.12238
          1      32900  372.13878   -0.44283    1.12007   -0.44284    1.12080
          1      33000  373.11995   -0.44283    1.12007   -0.44218    1.11876
          1      33100  374.16278   -0.44283    1.12007   -0.44176    1.11736
          1      33200  375.24493   -0.44283    1.12007   -0.44157    1.11578
          1      33300  376.25137   -0.44283    1.12007   -0.44239    1.11681
          1      33400  377.49803   -0.44283    1.12007   -0.44300    1.11897
          1      33500  378.66124   -0.44283    1.12006   -0.44293    1.12124
          1      33600  379.76477   -0.44283    1.12006   -0.44284    1.12372
          1      33700  380.92060   -0.44283    1.12006   -0.44299    1.12216
          1      33800  382.01923   -0.44283    1.12006   -0.44221    1.11887
          1      33900  383.24232   -0.44283    1.12006   -0.44152    1.11651
          1      34000  384.26423   -0.44283    1.12006   -0.44235    1.11675
          1      34100  385.48176   -0.44283    1.12006   -0.44297    1.11993
          1      34200  386.44963   -0.44283    1.12006   -0.44283    1.12324
          1      34300  387.72422   -0.44283    1.12006   -0.44299    1.12213
          1      34400  388.88063   -0.44283    1.12005   -0.44214    1.11839
          1      34500  390.35463   -0.44283    1.12005   -0.44169    1.11576
          1      34600  391.24961   -0.44284    1.12005   -0.44301    1.11874
          1      34700  392.29367   -0.44284    1.12005   -0.44284    1.12300
          1      34800  393.65552   -0.44284    1.12005   -0.44301    1.12188
          1      34900  394.62401   -0.44284    1.12005   -0.44192    1.11767
          1      35000  395.72548   -0.44284    1.12005   -0.44241    1.11689
          1      35100  396.95132   -0.44284    1.12005   -0.44294    1.12105
          1      35200  398.12411   -0.44284    1.12005   -0.44296    1.12242
          1      35300  399.21953   -0.44284    1.12005   -0.44210    1.11817
          1      35400  400.19318   -0.44284    1.12004   -0.44236    1.11680
          1      35500  401.35857   -0.44284    1.12004   -0.44293    1.12135
          1      35600  402.36582   -0.44284    1.12004   -0.44299    1.12198
          1      35700  403.58643   -0.44284    1.12004   -0.44170    1.11705
          1      35800  404.48163   -0.44284    1.12004   -0.44305    1.11791
          1      35900  405.67021   -0.44284    1.12004   -0.44284    1.12357
          1      36000  406.78219   -0.44284    1.12004   -0.44221    1.11881
          1      36100  407.80480   -0.44284    1.12004   -0.44230    1.11668
          1      36200  408.82317   -0.44284    1.12004   -0.44288    1.12210
          1      36300  410.00090   -0.44284    1.12004   -0.44273    1.12041
          1      36400  411.32181   -0.44284    1.12003   -0.44184    1.11592
          1      36500  412.54836   -0.44284    1.12003   -0.44292    1.12144
          1      36600  413.42738   -0.44285    1.12003   -0.44291    1.12079
          1      36700  414.73455   -0.44285    1.12003   -0.44189    1.11597
          1      36800  416.06136   -0.44285    1.12003   -0.44290    1.12186
          1      36900  417.03363   -0.44285    1.12003   -0.44245    1.11964
          1      37000  418.28562   -0.44285    1.12003   -0.44242    1.11694
          1      37100  419.38855   -0.44285    1.12003   -0.44284    1.12326
          1      37200  420.55706   -0.44285    1.12003   -0.44215    1.11832
          1      37300  421.68543   -0.44285    1.12003   -0.44305    1.11809
          1      37400  422.83606   -0.44285    1.12002   -0.44297    1.12238
          1      37500  424.06201   -0.44285    1.12002   -0.44155    1.11619
          1      37600  425.23170   -0.44285    1.12002   -0.44293    1.12133
          1      37700  426.10677   -0.44285    1.12002   -0.44229    1.11911
          1      37800  427.42889   -0.44285    1.12002   -0.44279    1.11757
          1      37900  428.81480   -0.44285    1.12002   -0.44297    1.12233
          1      38000  429.82082   -0.44285    1.12002   -0.44165    1.11596
          1      38100  430.69527   -0.44285    1.12002   -0.44286    1.12271
          1      38200  431.98480   -0.44285    1.12002   -0.44210    1.11798
          1      38300  433.22027   -0.44285    1.12002   -0.44296    1.12044
          1      38400  434.21458   -0.44285    1.12002   -0.44255    1.11988
          1      38500  435.34132   -0.44285    1.12001   -0.44286    1.11769
          1      38600  436.31095   -0.44285    1.12001   -0.44300    1.12172
          1      38700  437.32261   -0.44286    1.12001   -0.44240    1.11689
          1      38800  438.46465   -0.44286    1.12001   -0.44294    1.12282
          1      38900  439.74823   -0.44286    1.12001   -0.44179    1.11596
          1      39000  440.94674   -0.44286    1.12001   -0.44286    1.12342
          1      39100  442.01883   -0.44286    1.12001   -0.44158    1.11619
          1      39200  443.13407   -0.44286    1.12001   -0.44285    1.12320
          1      39300  444.08113   -0.44286    1.12001   -0.44159    1.11644
          1      39400  445.22996   -0.44286    1.12001   -0.44285    1.12307
          1      39500  446.20949   -0.44286    1.12001   -0.44159    1.11645
          1      39600  447.58233   -0.44286    1.12001   -0.44285    1.12316
          1      39700  448.74981   -0.44286    1.12000   -0.44158    1.11624
          1      39800  449.92678   -0.44286    1.12000   -0.44286    1.12337
          1      39900  451.12683   -0.44286    1.12000   -0.44177    1.11599
          1      40000  452.10851   -0.44286    1.12000   -0.44293    1.12287
          1      40100  453.09573   -0.44286    1.12000   -0.44237    1.11683
          1      40200  454.14269   -0.44286    1.12000   -0.44300    1.12170
          1      40300  455.39652   -0.44286    1.12000   -0.44275    1.11769
          1      40400  456.33602   -0.44286    1.12000   -0.44276    1.12030
          1      40500  457.46464   -0.44286    1.12000   -0.44297    1.12017
          1      40600  458.43966   -0.44286    1.12000   -0.44217    1.11820
          1      40700  459.58838   -0.44286    1.12000   -0.44290    1.12202
          1      40800  460.45163   -0.44286    1.12000   -0.44160    1.11638
          1      40900  461.48592   -0.44286    1.12000   -0.44293    1.12293
          1      41000  462.46738   -0.44286    1.11999   -0.44260    1.11741
          1      41100  463.43216   -0.44287    1.11999   -0.44289    1.12054
          1      41200  464.79804   -0.44287    1.11999   -0.44296    1.12058
          1      41300  466.07049   -0.44287    1.11999   -0.44193    1.11742
          1      41400  467.14150   -0.44287    1.11999   -0.44286    1.12327
          1      41500  468.49022   -0.44287    1.11999   -0.44251    1.11714
          1      41600  469.54535   -0.44287    1.11999   -0.44294    1.12063
          1      41700  470.76068   -0.44287    1.11999   -0.44295    1.12083
          1      41800  471.87481   -0.44287    1.11999   -0.44172    1.11675
          1      41900  473.19779   -0.44287    1.11999   -0.44296    1.12253
          1      42000  474.18473   -0.44287    1.11999   -0.44293    1.11798
          1      42100  475.28691   -0.44287    1.11999   -0.44217    1.11825
          1      42200  476.52403   -0.44287    1.11999   -0.44286    1.12298
          1      42300  477.63651   -0.44287    1.11998   -0.44255    1.11726
          1      42400  478.65247   -0.44287    1.11998   -0.44240    1.11929
          1      42500  479.80336   -0.44287    1.11998   -0.44290    1.12215
          1      42600  480.95464   -0.44287    1.11998   -0.44222    1.11656
          1      42700  482.04176   -0.44287    1.11998   -0.44270    1.12007
          1      42800  483.21222   -0.44287    1.11998   -0.44292    1.12180
          1      42900  484.09610   -0.44287    1.11998   -0.44222    1.11656
          1      43000  485.11169   -0.44287    1.11998   -0.44254    1.11967
          1      43100  486.22659   -0.44287    1.11998   -0.44289    1.12238
          1      43200  487.37764   -0.44287    1.11998   -0.44256    1.11726
          1      43300  488.58365   -0.44287    1.11998   -0.44221    1.11861
          1      43400  489.62663   -0.44287    1.11998   -0.44286    1.12309
          1      43500  490.77765   -0.44287    1.11998   -0.44285    1.11796
          1      43600  491.98275   -0.44287    1.11998   -0.44204    1.11760
          1      43700  493.09110   -0.44287    1.11997   -0.44300    1.12188
          1      43800  494.46369   -0.44287    1.11997   -0.44296    1.12071
          1      43900  495.72247   -0.44288    1.11997   -0.44181    1.11616
          1      44000  496.79006   -0.44288    1.11997   -0.44248    1.11948
          1      44100  497.88844   -0.44288    1.11997   -0.44287    1.12294
          1      44200  498.96339   -0.44288    1.11997   -0.44300    1.11819
          1      44300  499.87408   -0.44288    1.11997   -0.44178    1.11685
          1      44400  500.89660   -0.44288    1.11997   -0.44303    1.12112
          1      44500  501.95011   -0.44288    1.11997   -0.44290    1.12229
          1      44600  502.89875   -0.44288    1.11997   -0.44276    1.11789
          1      44700  503.96249   -0.44288    1.11997   -0.44188    1.11714
          1      44800  504.97150   -0.44288    1.11997   -0.44303    1.12112
          1      44900  505.97659   -0.44288    1.11997   -0.44289    1.12250
          1      45000  506.92885   -0.44288    1.11997   -0.44290    1.11809
          1      45100  507.85739   -0.44288    1.11997   -0.44173    1.11660
          1      45200  509.08066   -0.44288    1.11996   -0.44259    1.11972
          1      45300  510.19886   -0.44288    1.11996   -0.44288    1.12308
          1      45400  511.80781   -0.44288    1.11996   -0.44296    1.12056
          1      45500  513.00097   -0.44288    1.11996   -0.44244    1.11702
          1      45600  513.96057   -0.44288    1.11996   -0.44218    1.11789
          1      45700  515.02443   -0.44288    1.11996   -0.44303    1.12108
          1      45800  515.99681   -0.44288    1.11996   -0.44288    1.12282
          1      45900  516.89580   -0.44288    1.11996   -0.44297    1.12017
          1      46000  518.04093   -0.44288    1.11996   -0.44240    1.11695
          1      46100  519.27014   -0.44288    1.11996   -0.44210    1.11766
          1      46200  520.34053   -0.44288    1.11996   -0.44306    1.12070
          1      46300  521.32525   -0.44288    1.11996   -0.44289    1.12303
          1      46400  522.64556   -0.44288    1.11996   -0.44296    1.12108
          1      46500  523.69832   -0.44288    1.11996   -0.44281    1.11805
          1      46600  524.89996   -0.44288    1.11996   -0.44173    1.11635
          1      46700  526.17285   -0.44288    1.11996   -0.44219    1.11810
          1      46800  527.20585   -0.44288    1.11995   -0.44304    1.12093
          1      46900  528.17471   -0.44288    1.11995   -0.44291    1.12295
          1      47000  529.12678   -0.44289    1.11995   -0.44295    1.12145
          1      47100  529.98026   -0.44289    1.11995   -0.44301    1.11937
          1      47200  531.25293   -0.44289    1.11995   -0.44256    1.11731
          1      47300  532.46756   -0.44289    1.11995   -0.44179    1.11670
          1      47400  533.42688   -0.44289    1.11995   -0.44219    1.11831
          1      47500  534.35423   -0.44289    1.11995   -0.44304    1.12087
          1      47600  535.48855   -0.44289    1.11995   -0.44297    1.12225
          1      47700  536.67747   -0.44289    1.11995   -0.44289    1.12259
          1      47800  537.77372   -0.44289    1.11995   -0.44296    1.12089
          1      47900  538.73316   -0.44289    1.11995   -0.44306    1.11853
          1      48000  539.73798   -0.44289    1.11995   -0.44264    1.11748
          1      48100  540.90816   -0.44289    1.11995   -0.44176    1.11649
          1      48200  542.09690   -0.44289    1.11995   -0.44206    1.11753
          1      48300  543.13459   -0.44289    1.11995   -0.44223    1.11851
          1      48400  544.20996   -0.44289    1.11995   -0.44306    1.12063
          1      48500  545.42844   -0.44289    1.11994   -0.44302    1.12137
          1      48600  546.57447   -0.44289    1.11994   -0.44291    1.12289
          1      48700  547.54876   -0.44289    1.11994   -0.44289    1.12262
          1      48800  548.87503   -0.44289    1.11994   -0.44296    1.12129
          1      48900  549.84954   -0.44289    1.11994   -0.44296    1.12068
          1      49000  551.01299   -0.44289    1.11994   -0.44301    1.11939
          1      49100  552.04888   -0.44289    1.11994   -0.44284    1.11812
          1      49200  553.28188   -0.44289    1.11994   -0.44269    1.11763
          1      49300  554.35053   -0.44289    1.11994   -0.44217    1.11662
          1      49400  555.52783   -0.44289    1.11994   -0.44179    1.11653
          1      49500  556.69264   -0.44289    1.11994   -0.44183    1.11674
          1      49600  557.95032   -0.44289    1.11994   -0.44196    1.11721
          1      49700  559.20590   -0.44289    1.11994   -0.44223    1.11795
          1      49800  560.38453   -0.44289    1.11994   -0.44219    1.11820
          1      49900  561.57006   -0.44289    1.11994   -0.44223    1.11843
          1      50000  562.67930   -0.44289    1.11994   -0.44229    1.11867
          1      50100  563.72941   -0.44289    1.11994   -0.44239    1.11900
          1      50200  564.86916   -0.44289    1.11994   -0.44256    1.11948
          1      50300  565.90191   -0.44289    1.11993   -0.44280    1.12003
          1      50400  567.02733   -0.44289    1.11993   -0.44300    1.12041
          1      50500  568.20450   -0.44289    1.11993   -0.44306    1.12058
          1      50600  569.65585   -0.44290    1.11993   -0.44306    1.12061
          1      50700  570.96576   -0.44290    1.11993   -0.44306    1.12055
          1      50800  572.09804   -0.44290    1.11993   -0.44295    1.12032
          1      50900  573.29868   -0.44290    1.11993   -0.44272    1.11984
          1      51000  574.75198   -0.44290    1.11993   -0.44248    1.11926
          1      51100  575.75175   -0.44290    1.11993   -0.44234    1.11882
          1      51200  576.66619   -0.44290    1.11993   -0.44227    1.11855
          1      51300  577.81302   -0.44290    1.11993   -0.44222    1.11835
          1      51400  578.88277   -0.44290    1.11993   -0.44219    1.11813
          1      51500  579.90723   -0.44290    1.11993   -0.44218    1.11775
          1      51600  581.00817   -0.44290    1.11993   -0.44190    1.11694
          1      51700  581.95343   -0.44290    1.11993   -0.44186    1.11670
          1      51800  582.80233   -0.44290    1.11993   -0.44183    1.11653
          1      51900  583.77117   -0.44290    1.11993   -0.44260    1.11745
          1      52000  584.89148   -0.44290    1.11993   -0.44283    1.11803
          1      52100  586.07764   -0.44290    1.11993   -0.44295    1.11843
          1      52200  587.25657   -0.44290    1.11993   -0.44297    1.12053
          1      52300  588.31968   -0.44290    1.11992   -0.44296    1.12103
          1      52400  589.60934   -0.44290    1.11992   -0.44291    1.12240
          1      52500  590.59442   -0.44290    1.11992   -0.44290    1.12265
          1      52600  591.78793   -0.44290    1.11992   -0.44303    1.12127
          1      52700  593.10189   -0.44290    1.11992   -0.44305    1.12069
          1      52800  594.07497   -0.44290    1.11992   -0.44226    1.11848
          1      52900  594.97949   -0.44290    1.11992   -0.44212    1.11758
          1      53000  596.08737   -0.44290    1.11992   -0.44187    1.11667
          1      53100  597.28805   -0.44290    1.11992   -0.44279    1.11793
          1      53200  598.47021   -0.44290    1.11992   -0.44301    1.11961
          1      53300  599.31889   -0.44290    1.11992   -0.44296    1.12104
          1      53345  600.13525   -0.44290    1.11992   -0.44232    1.11868
