          1          0    0.00000   -1.00559    0.04576   -1.00559    0.04576   -3.72646    3.72646    0.00000
          1          1    1.27859   -0.66001   -0.01256   -0.40108    0.01328   -3.72646   -0.66001    0.00000
          2          0    1.27859   -0.29784   -0.04689   -0.40108    0.01328   -3.72646   -0.66001   -2.19323
          2        100   87.93533   -0.93714    0.00649   -1.01623    0.03501   -3.72646   -0.66001   -2.19323
          2        200  147.48295   -0.96126    0.00952   -1.01715    0.03594   -3.72646   -0.66001   -2.19323
          2        300  213.91506   -0.97189    0.01089   -1.01715    0.03500   -3.72646   -0.66001   -2.19323
          2        400  272.26244   -0.97822    0.01170   -1.01813    0.03420   -3.72646   -0.66001   -2.19323
          2        500  331.44072   -0.98255    0.01226   -1.01816    0.03438   -3.72646   -0.66001   -2.19323
          2        600  415.83468   -0.98574    0.01267   -1.01870    0.03365   -3.72646   -0.66001   -2.19323
          2        700  500.92790   -0.98823    0.01299   -1.01788    0.03458   -3.72646   -0.66001   -2.19323
          2        800  587.41660   -0.99023    0.01325   -1.01867    0.03383   -3.72646   -0.66001   -2.19323
          2        900  699.09912   -0.99188    0.01347   -1.01853    0.03361   -3.72646   -0.66001   -2.19323
          2       1000  775.12155   -0.99328    0.01365   -1.01824    0.03413   -3.72646   -0.66001   -2.19323
          2       1100  850.59030   -0.99449    0.01381   -1.01858    0.03412   -3.72646   -0.66001   -2.19323
          2       1200  916.05028   -0.99554    0.01395   -1.01857    0.03391   -3.72646   -0.66001   -2.19323
          2       1300  989.63688   -0.99647    0.01407   -1.01829    0.03402   -3.72646   -0.66001   -2.19323
          2       1400 1071.40426   -0.99729    0.01418   -1.01858    0.03379   -3.72646   -0.66001   -2.19323
          2       1500 1155.04250   -0.99804    0.01428   -1.01862    0.03436   -3.72646   -0.66001   -2.19323
          2       1600 1247.19187   -0.99871    0.01436   -1.01855    0.03433   -3.72646   -0.66001   -2.19323
          2       1700 1329.48689   -0.99932    0.01444   -1.01875    0.03383   -3.72646   -0.66001   -2.19323
          2       1800 1388.30372   -0.99988    0.01452   -1.01865    0.03391   -3.72646   -0.66001   -2.19323
          2       1900 1447.91543   -1.00039    0.01458   -1.01885    0.03402   -3.72646   -0.66001   -2.19323
          2       2000 1510.69422   -1.00087    0.01465   -1.01878    0.03397   -3.72646   -0.66001   -2.19323
          2       2100 1587.87955   -1.00131    0.01470   -1.01895    0.03396   -3.72646   -0.66001   -2.19323
          2       2200 1662.56841   -1.00172    0.01476   -1.01857    0.03425   -3.72646   -0.66001   -2.19323
          2       2300 1730.23407   -1.00210    0.01481   -1.01864    0.03385   -3.72646   -0.66001   -2.19323
          2       2400 1801.56021   -1.00246    0.01485   -1.01864    0.03422   -3.72646   -0.66001   -2.19323
          2       2500 1903.01341   -1.00280    0.01490   -1.01893    0.03406   -3.72646   -0.66001   -2.19323
          2       2600 1993.96478   -1.00312    0.01494   -1.01899    0.03405   -3.72646   -0.66001   -2.19323
          2       2700 2080.03939   -1.00342    0.01498   -1.01885    0.03421   -3.72646   -0.66001   -2.19323
          2       2800 2161.88477   -1.00370    0.01502   -1.01894    0.03415   -3.72646   -0.66001   -2.19323
          2       2900 2254.13130   -1.00397    0.01505   -1.01871    0.03435   -3.72646   -0.66001   -2.19323
          2       3000 2325.71950   -1.00423    0.01526   -1.01872    0.03423   -3.72646   -0.66001   -2.19323
          2       3100 2421.83023   -1.00447    0.01557   -1.01898    0.03404   -3.72646   -0.66001   -2.19323
          2       3200 2481.78490   -1.00471    0.01586   -1.01863    0.03434   -3.72646   -0.66001   -2.19323
          2       3300 2567.20141   -1.00493    0.01613   -1.01890    0.03411   -3.72646   -0.66001   -2.19323
          2       3400 2637.14710   -1.00514    0.01640   -1.01863    0.03418   -3.72646   -0.66001   -2.19323
          2       3500 2716.27262   -1.00534    0.01665   -1.01901    0.03412   -3.72646   -0.66001   -2.19323
          2       3600 2829.40383   -1.00553    0.01690   -1.01890    0.03412   -3.72646   -0.66001   -2.19323
          2       3700 2903.09748   -1.00572    0.01713   -1.01903    0.03399   -3.72646   -0.66001   -2.19323
          2       3800 2981.18481   -1.00590    0.01735   -1.01895    0.03392   -3.72646   -0.66001   -2.19323
          2       3900 3063.58169   -1.00607    0.01757   -1.01907    0.03409   -3.72646   -0.66001   -2.19323
          2       4000 3142.13786   -1.00623    0.01778   -1.01902    0.03408   -3.72646   -0.66001   -2.19323
          2       4100 3248.60041   -1.00639    0.01798   -1.01892    0.03400   -3.72646   -0.66001   -2.19323
          2       4200 3328.48392   -1.00655    0.01817   -1.01894    0.03406   -3.72646   -0.66001   -2.19323
          2       4300 3440.33981   -1.00669    0.01835   -1.01904    0.03407   -3.72646   -0.66001   -2.19323
          2       4400 3530.14133   -1.00684    0.01853   -1.01892    0.03388   -3.72646   -0.66001   -2.19323
          2       4480 3600.17266   -1.00695    0.01867   -1.01884    0.03403   -3.72646   -0.66001   -2.19323
