          1          0    0.00000   -0.98593    0.06712   -0.98593    0.06712   -3.67632    3.67632    0.00000
          1          3    1.35347   -0.45798   -0.09316   -0.05941   -0.29457   -3.67632   -0.05941    0.00000
          2          0    1.35347   -0.14895   -0.06977   -0.05941   -0.29457   -3.67632   -0.05941   -1.86787
          2        100   55.24692   -0.84673    0.10849   -0.99662    0.15449   -3.67632   -0.05941   -1.86787
          2        200  107.20313   -0.89207    0.12088   -1.00017    0.15396   -3.67632   -0.05941   -1.86787
          2        300  158.95600   -0.91242    0.12662   -0.99997    0.15391   -3.67632   -0.05941   -1.86787
          2        400  211.06622   -0.92462    0.13012   -1.00089    0.15431   -3.67632   -0.05941   -1.86787
          2        500  273.33520   -0.93298    0.13254   -1.00192    0.15450   -3.67632   -0.05941   -1.86787
          2        600  345.28685   -0.93916    0.13435   -1.00072    0.15449   -3.67632   -0.05941   -1.86787
          2        700  422.12981   -0.94396    0.13577   -1.00212    0.15423   -3.67632   -0.05941   -1.86787
          2        800  503.45648   -0.94784    0.13693   -1.00138    0.15332   -3.67632   -0.05941   -1.86787
          2        900  577.46482   -0.95105    0.13789   -1.00183    0.15385   -3.67632   -0.05941   -1.86787
          2       1000  657.57146   -0.95377    0.13871   -1.00164    0.15445   -3.67632   -0.05941   -1.86787
          2       1100  742.03445   -0.95611    0.13941   -1.00197    0.15474   -3.67632   -0.05941   -1.86787
          2       1200  817.04109   -0.95815    0.14003   -1.00264    0.15410   -3.67632   -0.05941   -1.86787
          2       1300  897.55922   -0.95996    0.14058   -1.00188    0.15338   -3.67632   -0.05941   -1.86787
          2       1400  982.79053   -0.96156    0.14106   -1.00250    0.15503   -3.67632   -0.05941   -1.86787
          2       1500 1065.38464   -0.96301    0.14150   -1.00246    0.15473   -3.67632   -0.05941   -1.86787
          2       1600 1152.17921   -0.96431    0.14190   -1.00223    0.15440   -3.67632   -0.05941   -1.86787
          2       1700 1242.55607   -0.96551    0.14227   -1.00261    0.15389   -3.67632   -0.05941   -1.86787
          2       1800 1361.79457   -0.96659    0.14260   -1.00257    0.15362   -3.67632   -0.05941   -1.86787
          2       1900 1448.06604   -0.96760    0.14291   -1.00306    0.15484   -3.67632   -0.05941   -1.86787
          2       2000 1558.96460   -0.96852    0.14319   -1.00276    0.15483   -3.67632   -0.05941   -1.86787
          2       2100 1681.66371   -0.96938    0.14346   -1.00252    0.15457   -3.67632   -0.05941   -1.86787
          2       2200 1795.62924   -0.97018    0.14370   -1.00284    0.15413   -3.67632   -0.05941   -1.86787
          2       2300 1903.81550   -0.97093    0.14393   -1.00284    0.15380   -3.67632   -0.05941   -1.86787
          2       2400 2020.62168   -0.97163    0.14415   -1.00245    0.15392   -3.67632   -0.05941   -1.86787
          2       2500 2136.70093   -0.97229    0.14435   -1.00306    0.15484   -3.67632   -0.05941   -1.86787
          2       2600 2230.60098   -0.97291    0.14455   -1.00281    0.15454   -3.67632   -0.05941   -1.86787
          2       2700 2319.99089   -0.97350    0.14473   -1.00300    0.15404   -3.67632   -0.05941   -1.86787
          2       2800 2418.64297   -0.97405    0.14490   -1.00268    0.15371   -3.67632   -0.05941   -1.86787
          2       2900 2517.05586   -0.97457    0.14506   -1.00310    0.15482   -3.67632   -0.05941   -1.86787
          2       3000 2607.01596   -0.97507    0.14522   -1.00288    0.15451   -3.67632   -0.05941   -1.86787
          2       3100 2712.44386   -0.97555    0.14536   -1.00319    0.15405   -3.67632   -0.05941   -1.86787
          2       3200 2802.93156   -0.97600    0.14550   -1.00290    0.15425   -3.67632   -0.05941   -1.86787
          2       3300 2899.66222   -0.97643    0.14564   -1.00302    0.15474   -3.67632   -0.05941   -1.86787
          2       3400 3004.32228   -0.97684    0.14577   -1.00295    0.15425   -3.67632   -0.05941   -1.86787
          2       3500 3108.99929   -0.97724    0.14589   -1.00312    0.15388   -3.67632   -0.05941   -1.86787
          2       3600 3214.65332   -0.97761    0.14601   -1.00322    0.15480   -3.67632   -0.05941   -1.86787
          2       3700 3322.00341   -0.97798    0.14612   -1.00283    0.15434   -3.67632   -0.05941   -1.86787
          2       3800 3439.59055   -0.97833    0.14623   -1.00308    0.15393   -3.67632   -0.05941   -1.86787
          2       3900 3524.43378   -0.97866    0.14633   -1.00327    0.15478   -3.67632   -0.05941   -1.86787
          2       3968 3600.72443   -0.97888    0.14640   -1.00321    0.15413   -3.67632   -0.05941   -1.86787
