          1          0    0.00000   -1.03631   -0.02800   -1.03631   -0.02800   -3.43075    3.43075    0.00000
          1          1    0.07030   -0.72041   -0.03390   -0.52125   -0.02865   -3.43075   -0.52125    0.00000
          2          0    0.07030   -0.30628   -0.04809   -0.52125   -0.02865   -3.43075   -0.52125   -1.97600
          2        100   15.98483   -0.95096   -0.03244   -1.03773   -0.02913   -3.43075   -1.03939   -1.97600
          2        200   33.02169   -0.97744   -0.03157   -1.03962   -0.02896   -3.43075   -1.04020   -1.97600
          2        300   48.90735   -0.98919   -0.03117   -1.04015   -0.02887   -3.43075   -1.04058   -1.97600
          2        400   64.58932   -0.99619   -0.03092   -1.04015   -0.02932   -3.43075   -1.04074   -1.97600
          2        500   80.80933   -1.00095   -0.03075   -1.04040   -0.02936   -3.43075   -1.04074   -1.97600
          2        600   97.95044   -1.00446   -0.03062   -1.04042   -0.02931   -3.43075   -1.04093   -1.97600
          2        700  114.27524   -1.00719   -0.03052   -1.04024   -0.02920   -3.43075   -1.04093   -1.97600
          2        800  130.46081   -1.00939   -0.03044   -1.04036   -0.02925   -3.43075   -1.04103   -1.97600
          2        900  145.67791   -1.01122   -0.03037   -1.04079   -0.02915   -3.43075   -1.04103   -1.97600
          2       1000  161.68422   -1.01276   -0.03031   -1.04046   -0.02899   -3.43075   -1.04106   -1.97600
          2       1100  177.30391   -1.01409   -0.03026   -1.04033   -0.02905   -3.43075   -1.04108   -1.97600
          2       1200  193.27220   -1.01525   -0.03022   -1.04094   -0.02927   -3.43075   -1.04108   -1.97600
          2       1300  209.59572   -1.01627   -0.03018   -1.04073   -0.02899   -3.43075   -1.04108   -1.97600
          2       1400  225.48897   -1.01718   -0.03014   -1.04093   -0.02918   -3.43075   -1.04108   -1.97600
          2       1500  240.70275   -1.01800   -0.03011   -1.04093   -0.02918   -3.43075   -1.04109   -1.97600
          2       1600  255.82980   -1.01874   -0.03009   -1.04090   -0.02918   -3.43075   -1.04112   -1.97600
          2       1700  271.81972   -1.01941   -0.03006   -1.04079   -0.02909   -3.43075   -1.04112   -1.97600
          2       1800  287.68794   -1.02003   -0.03004   -1.04082   -0.02905   -3.43075   -1.04112   -1.97600
          2       1900  303.53280   -1.02060   -0.03001   -1.04081   -0.02920   -3.43075   -1.04113   -1.97600
          2       2000  319.52355   -1.02112   -0.02999   -1.04082   -0.02916   -3.43075   -1.04113   -1.97600
          2       2100  335.83494   -1.02161   -0.02997   -1.04104   -0.02926   -3.43075   -1.04113   -1.97600
          2       2200  352.45393   -1.02206   -0.02996   -1.04092   -0.02923   -3.43075   -1.04117   -1.97600
          2       2300  368.42140   -1.02248   -0.02994   -1.04100   -0.02925   -3.43075   -1.04117   -1.97600
          2       2400  384.16794   -1.02288   -0.02993   -1.04086   -0.02910   -3.43075   -1.04117   -1.97600
          2       2500  400.04211   -1.02325   -0.02991   -1.04062   -0.02918   -3.43075   -1.04121   -1.97600
          2       2600  416.87557   -1.02360   -0.02990   -1.04086   -0.02905   -3.43075   -1.04121   -1.97600
          2       2700  433.01658   -1.02393   -0.02988   -1.04088   -0.02922   -3.43075   -1.04121   -1.97600
          2       2800  448.92727   -1.02425   -0.02987   -1.04110   -0.02931   -3.43075   -1.04121   -1.97600
          2       2900  464.55583   -1.02454   -0.02986   -1.04094   -0.02920   -3.43075   -1.04121   -1.97600
          2       3000  479.93071   -1.02483   -0.02985   -1.04095   -0.02918   -3.43075   -1.04121   -1.97600
          2       3100  495.39792   -1.02509   -0.02984   -1.04098   -0.02913   -3.43075   -1.04121   -1.97600
          2       3200  511.12126   -1.02535   -0.02983   -1.04090   -0.02908   -3.43075   -1.04121   -1.97600
          2       3300  527.73427   -1.02559   -0.02982   -1.04110   -0.02917   -3.43075   -1.04121   -1.97600
          2       3400  542.88059   -1.02583   -0.02981   -1.04096   -0.02928   -3.43075   -1.04121   -1.97600
          2       3500  558.31091   -1.02605   -0.02980   -1.04105   -0.02918   -3.43075   -1.04121   -1.97600
          2       3600  574.14262   -1.02626   -0.02979   -1.04089   -0.02926   -3.43075   -1.04121   -1.97600
          2       3700  589.85721   -1.02647   -0.02979   -1.04091   -0.02920   -3.43075   -1.04122   -1.97600
          2       3800  606.18058   -1.02667   -0.02978   -1.04102   -0.02915   -3.43075   -1.04122   -1.97600
          2       3900  621.81352   -1.02686   -0.02977   -1.04089   -0.02922   -3.43075   -1.04122   -1.97600
          2       4000  637.68930   -1.02704   -0.02976   -1.04094   -0.02921   -3.43075   -1.04128   -1.97600
          2       4100  654.23919   -1.02721   -0.02976   -1.04089   -0.02919   -3.43075   -1.04128   -1.97600
          2       4200  669.35658   -1.02738   -0.02975   -1.04106   -0.02918   -3.43075   -1.04128   -1.97600
          2       4300  685.84358   -1.02755   -0.02974   -1.04113   -0.02920   -3.43075   -1.04128   -1.97600
          2       4400  701.68799   -1.02770   -0.02974   -1.04105   -0.02925   -3.43075   -1.04128   -1.97600
          2       4500  717.67670   -1.02786   -0.02973   -1.04100   -0.02926   -3.43075   -1.04128   -1.97600
          2       4600  734.78285   -1.02800   -0.02973   -1.04092   -0.02920   -3.43075   -1.04128   -1.97600
          2       4700  750.34794   -1.02814   -0.02972   -1.04099   -0.02919   -3.43075   -1.04128   -1.97600
          2       4800  766.17559   -1.02828   -0.02971   -1.04106   -0.02929   -3.43075   -1.04128   -1.97600
          2       4900  782.74697   -1.02842   -0.02971   -1.04108   -0.02913   -3.43075   -1.04128   -1.97600
          2       5000  799.70242   -1.02855   -0.02970   -1.04094   -0.02916   -3.43075   -1.04128   -1.97600
          2       5100  815.75284   -1.02867   -0.02970   -1.04101   -0.02926   -3.43075   -1.04128   -1.97600
          2       5200  830.44489   -1.02879   -0.02969   -1.04094   -0.02912   -3.43075   -1.04128   -1.97600
          2       5300  845.22957   -1.02891   -0.02969   -1.04107   -0.02926   -3.43075   -1.04128   -1.97600
          2       5400  860.69367   -1.02903   -0.02969   -1.04110   -0.02916   -3.43075   -1.04128   -1.97600
          2       5500  875.69452   -1.02914   -0.02968   -1.04114   -0.02912   -3.43075   -1.04128   -1.97600
          2       5600  891.55352   -1.02925   -0.02968   -1.04101   -0.02916   -3.43075   -1.04128   -1.97600
          2       5700  907.80286   -1.02936   -0.02967   -1.04107   -0.02928   -3.43075   -1.04128   -1.97600
          2       5800  923.35192   -1.02946   -0.02967   -1.04105   -0.02916   -3.43075   -1.04128   -1.97600
          2       5900  939.12206   -1.02956   -0.02966   -1.04107   -0.02919   -3.43075   -1.04128   -1.97600
          2       6000  954.50526   -1.02966   -0.02966   -1.04117   -0.02922   -3.43075   -1.04128   -1.97600
          2       6100  970.55704   -1.02976   -0.02966   -1.04113   -0.02917   -3.43075   -1.04128   -1.97600
          2       6200  986.40402   -1.02985   -0.02965   -1.04121   -0.02926   -3.43075   -1.04128   -1.97600
          2       6300 1002.19587   -1.02994   -0.02965   -1.04112   -0.02920   -3.43075   -1.04128   -1.97600
          2       6400 1017.60115   -1.03003   -0.02965   -1.04112   -0.02918   -3.43075   -1.04128   -1.97600
          2       6500 1033.64078   -1.03012   -0.02964   -1.04117   -0.02915   -3.43075   -1.04128   -1.97600
          2       6600 1049.89117   -1.03020   -0.02964   -1.04113   -0.02918   -3.43075   -1.04128   -1.97600
          2       6700 1065.79604   -1.03029   -0.02964   -1.04105   -0.02922   -3.43075   -1.04131   -1.97600
          2       6800 1081.07989   -1.03037   -0.02963   -1.04104   -0.02925   -3.43075   -1.04131   -1.97600
          2       6900 1097.39741   -1.03045   -0.02963   -1.04115   -0.02923   -3.43075   -1.04131   -1.97600
          2       7000 1113.13343   -1.03053   -0.02963   -1.04112   -0.02918   -3.43075   -1.04131   -1.97600
          2       7100 1128.39416   -1.03060   -0.02962   -1.04111   -0.02923   -3.43075   -1.04131   -1.97600
          2       7200 1144.18274   -1.03068   -0.02962   -1.04118   -0.02914   -3.43075   -1.04131   -1.97600
          2       7300 1159.85246   -1.03075   -0.02962   -1.04116   -0.02927   -3.43075   -1.04131   -1.97600
          2       7400 1175.97959   -1.03082   -0.02961   -1.04117   -0.02921   -3.43075   -1.04131   -1.97600
          2       7500 1191.71684   -1.03089   -0.02961   -1.04113   -0.02920   -3.43075   -1.04131   -1.97600
          2       7600 1207.03945   -1.03096   -0.02961   -1.04121   -0.02920   -3.43075   -1.04131   -1.97600
          2       7700 1222.42995   -1.03103   -0.02961   -1.04117   -0.02921   -3.43075   -1.04131   -1.97600
          2       7800 1237.57803   -1.03110   -0.02960   -1.04105   -0.02923   -3.43075   -1.04131   -1.97600
          2       7900 1254.03662   -1.03116   -0.02960   -1.04102   -0.02918   -3.43075   -1.04131   -1.97600
          2       8000 1269.48923   -1.03122   -0.02960   -1.04115   -0.02921   -3.43075   -1.04131   -1.97600
          2       8100 1285.50693   -1.03129   -0.02960   -1.04118   -0.02915   -3.43075   -1.04131   -1.97600
          2       8200 1301.34646   -1.03135   -0.02959   -1.04112   -0.02921   -3.43075   -1.04131   -1.97600
          2       8300 1317.33241   -1.03141   -0.02959   -1.04123   -0.02922   -3.43075   -1.04131   -1.97600
          2       8400 1334.10403   -1.03147   -0.02959   -1.04101   -0.02916   -3.43075   -1.04131   -1.97600
          2       8500 1349.96733   -1.03153   -0.02959   -1.04105   -0.02919   -3.43075   -1.04131   -1.97600
          2       8600 1365.62658   -1.03158   -0.02958   -1.04115   -0.02922   -3.43075   -1.04131   -1.97600
          2       8700 1381.29758   -1.03164   -0.02958   -1.04120   -0.02921   -3.43075   -1.04131   -1.97600
          2       8800 1397.56851   -1.03170   -0.02958   -1.04110   -0.02923   -3.43075   -1.04131   -1.97600
          2       8900 1413.68347   -1.03175   -0.02958   -1.04115   -0.02915   -3.43075   -1.04131   -1.97600
          2       9000 1429.23916   -1.03180   -0.02958   -1.04126   -0.02918   -3.43075   -1.04131   -1.97600
          2       9100 1444.66937   -1.03186   -0.02957   -1.04108   -0.02911   -3.43075   -1.04131   -1.97600
          2       9200 1459.86151   -1.03191   -0.02957   -1.04118   -0.02927   -3.43075   -1.04131   -1.97600
          2       9300 1475.42300   -1.03196   -0.02957   -1.04118   -0.02917   -3.43075   -1.04131   -1.97600
          2       9400 1490.88024   -1.03201   -0.02957   -1.04120   -0.02918   -3.43075   -1.04131   -1.97600
          2       9500 1506.19428   -1.03206   -0.02957   -1.04111   -0.02918   -3.43075   -1.04131   -1.97600
          2       9600 1521.74223   -1.03211   -0.02956   -1.04116   -0.02925   -3.43075   -1.04131   -1.97600
          2       9700 1537.27940   -1.03215   -0.02956   -1.04112   -0.02918   -3.43075   -1.04131   -1.97600
          2       9800 1552.52359   -1.03220   -0.02956   -1.04113   -0.02917   -3.43075   -1.04131   -1.97600
          2       9900 1568.17795   -1.03225   -0.02956   -1.04115   -0.02924   -3.43075   -1.04131   -1.97600
          2      10000 1584.51524   -1.03229   -0.02956   -1.04118   -0.02918   -3.43075   -1.04131   -1.97600
          2      10100 1599.99024   -1.03234   -0.02955   -1.04116   -0.02918   -3.43075   -1.04131   -1.97600
          2      10200 1615.46783   -1.03238   -0.02955   -1.04115   -0.02918   -3.43075   -1.04131   -1.97600
          2      10300 1630.51968   -1.03242   -0.02955   -1.04116   -0.02923   -3.43075   -1.04131   -1.97600
          2      10400 1646.07407   -1.03247   -0.02955   -1.04115   -0.02920   -3.43075   -1.04131   -1.97600
          2      10500 1661.48621   -1.03251   -0.02955   -1.04113   -0.02916   -3.43075   -1.04131   -1.97600
          2      10600 1678.23526   -1.03255   -0.02955   -1.04118   -0.02916   -3.43075   -1.04131   -1.97600
          2      10700 1694.18825   -1.03259   -0.02954   -1.04113   -0.02915   -3.43075   -1.04131   -1.97600
          2      10800 1709.88593   -1.03263   -0.02954   -1.04105   -0.02919   -3.43075   -1.04131   -1.97600
          2      10900 1725.50075   -1.03267   -0.02954   -1.04120   -0.02916   -3.43075   -1.04131   -1.97600
          2      11000 1741.01069   -1.03271   -0.02954   -1.04108   -0.02922   -3.43075   -1.04131   -1.97600
          2      11100 1757.00959   -1.03275   -0.02954   -1.04108   -0.02921   -3.43075   -1.04131   -1.97600
          2      11200 1771.97019   -1.03279   -0.02954   -1.04110   -0.02917   -3.43075   -1.04131   -1.97600
          2      11300 1787.10608   -1.03283   -0.02953   -1.04119   -0.02916   -3.43075   -1.04131   -1.97600
          2      11400 1802.91382   -1.03287   -0.02953   -1.04118   -0.02919   -3.43075   -1.04131   -1.97600
          2      11500 1818.17329   -1.03290   -0.02953   -1.04122   -0.02922   -3.43075   -1.04131   -1.97600
          2      11600 1833.77039   -1.03294   -0.02953   -1.04108   -0.02921   -3.43075   -1.04131   -1.97600
          2      11700 1849.35156   -1.03298   -0.02953   -1.04117   -0.02922   -3.43075   -1.04131   -1.97600
          2      11800 1864.35881   -1.03301   -0.02953   -1.04111   -0.02924   -3.43075   -1.04131   -1.97600
          2      11900 1880.29793   -1.03305   -0.02953   -1.04117   -0.02918   -3.43075   -1.04131   -1.97600
          2      12000 1896.06146   -1.03308   -0.02952   -1.04119   -0.02915   -3.43075   -1.04131   -1.97600
          2      12100 1911.47690   -1.03311   -0.02952   -1.04112   -0.02918   -3.43075   -1.04131   -1.97600
          2      12200 1927.20103   -1.03315   -0.02952   -1.04118   -0.02921   -3.43075   -1.04131   -1.97600
          2      12300 1942.10082   -1.03318   -0.02952   -1.04120   -0.02923   -3.43075   -1.04131   -1.97600
          2      12400 1958.01808   -1.03321   -0.02952   -1.04114   -0.02923   -3.43075   -1.04131   -1.97600
          2      12500 1973.79293   -1.03325   -0.02952   -1.04121   -0.02920   -3.43075   -1.04131   -1.97600
          2      12600 1989.45822   -1.03328   -0.02952   -1.04124   -0.02915   -3.43075   -1.04131   -1.97600
          2      12700 2005.81695   -1.03331   -0.02952   -1.04119   -0.02919   -3.43075   -1.04131   -1.97600
          2      12800 2022.40282   -1.03334   -0.02951   -1.04112   -0.02921   -3.43075   -1.04131   -1.97600
          2      12900 2038.51944   -1.03337   -0.02951   -1.04112   -0.02921   -3.43075   -1.04131   -1.97600
          2      13000 2054.56984   -1.03340   -0.02951   -1.04116   -0.02917   -3.43075   -1.04131   -1.97600
          2      13100 2070.07405   -1.03343   -0.02951   -1.04115   -0.02915   -3.43075   -1.04131   -1.97600
          2      13200 2086.59112   -1.03346   -0.02951   -1.04122   -0.02920   -3.43075   -1.04131   -1.97600
          2      13300 2102.91228   -1.03349   -0.02951   -1.04120   -0.02921   -3.43075   -1.04131   -1.97600
          2      13400 2118.64178   -1.03352   -0.02951   -1.04120   -0.02919   -3.43075   -1.04132   -1.97600
          2      13500 2134.69416   -1.03355   -0.02951   -1.04116   -0.02921   -3.43075   -1.04132   -1.97600
          2      13600 2151.36859   -1.03358   -0.02950   -1.04125   -0.02919   -3.43075   -1.04132   -1.97600
          2      13700 2166.53765   -1.03361   -0.02950   -1.04123   -0.02919   -3.43075   -1.04132   -1.97600
          2      13800 2182.15521   -1.03364   -0.02950   -1.04123   -0.02921   -3.43075   -1.04132   -1.97600
          2      13900 2198.25576   -1.03367   -0.02950   -1.04119   -0.02917   -3.43075   -1.04132   -1.97600
          2      14000 2213.81433   -1.03369   -0.02950   -1.04120   -0.02913   -3.43075   -1.04132   -1.97600
          2      14100 2229.24353   -1.03372   -0.02950   -1.04118   -0.02916   -3.43075   -1.04132   -1.97600
          2      14200 2244.63252   -1.03375   -0.02950   -1.04126   -0.02918   -3.43075   -1.04132   -1.97600
          2      14300 2260.15023   -1.03377   -0.02950   -1.04122   -0.02920   -3.43075   -1.04132   -1.97600
          2      14400 2276.15570   -1.03380   -0.02950   -1.04122   -0.02919   -3.43075   -1.04132   -1.97600
          2      14500 2291.85545   -1.03383   -0.02950   -1.04120   -0.02918   -3.43075   -1.04132   -1.97600
          2      14600 2307.65018   -1.03385   -0.02949   -1.04124   -0.02916   -3.43075   -1.04132   -1.97600
          2      14700 2323.72047   -1.03388   -0.02949   -1.04122   -0.02923   -3.43075   -1.04132   -1.97600
          2      14800 2339.63850   -1.03390   -0.02949   -1.04124   -0.02921   -3.43075   -1.04132   -1.97600
          2      14900 2355.55524   -1.03393   -0.02949   -1.04122   -0.02916   -3.43075   -1.04132   -1.97600
          2      15000 2371.19812   -1.03395   -0.02949   -1.04117   -0.02915   -3.43075   -1.04132   -1.97600
          2      15100 2387.04517   -1.03398   -0.02949   -1.04126   -0.02917   -3.43075   -1.04132   -1.97600
          2      15200 2403.04322   -1.03400   -0.02949   -1.04119   -0.02921   -3.43075   -1.04132   -1.97600
          2      15300 2419.65606   -1.03403   -0.02949   -1.04114   -0.02920   -3.43075   -1.04132   -1.97600
          2      15400 2436.85582   -1.03405   -0.02949   -1.04120   -0.02919   -3.43075   -1.04132   -1.97600
          2      15500 2452.46187   -1.03407   -0.02949   -1.04124   -0.02924   -3.43075   -1.04132   -1.97600
          2      15600 2468.73226   -1.03410   -0.02948   -1.04117   -0.02920   -3.43075   -1.04132   -1.97600
          2      15700 2485.55016   -1.03412   -0.02948   -1.04122   -0.02921   -3.43075   -1.04132   -1.97600
          2      15800 2501.29860   -1.03414   -0.02948   -1.04124   -0.02919   -3.43075   -1.04132   -1.97600
          2      15900 2516.48877   -1.03416   -0.02948   -1.04116   -0.02918   -3.43075   -1.04132   -1.97600
          2      16000 2532.36472   -1.03419   -0.02948   -1.04118   -0.02918   -3.43075   -1.04132   -1.97600
          2      16100 2547.08890   -1.03421   -0.02948   -1.04119   -0.02919   -3.43075   -1.04132   -1.97600
          2      16200 2562.63186   -1.03423   -0.02948   -1.04120   -0.02917   -3.43075   -1.04132   -1.97600
          2      16300 2578.51725   -1.03425   -0.02948   -1.04115   -0.02918   -3.43075   -1.04132   -1.97600
          2      16400 2594.21089   -1.03427   -0.02948   -1.04124   -0.02916   -3.43075   -1.04132   -1.97600
          2      16500 2609.90506   -1.03430   -0.02948   -1.04117   -0.02917   -3.43075   -1.04132   -1.97600
          2      16600 2626.37801   -1.03432   -0.02948   -1.04123   -0.02915   -3.43075   -1.04132   -1.97600
          2      16700 2642.90155   -1.03434   -0.02947   -1.04116   -0.02920   -3.43075   -1.04132   -1.97600
          2      16800 2658.28355   -1.03436   -0.02947   -1.04121   -0.02918   -3.43075   -1.04132   -1.97600
          2      16900 2673.62890   -1.03438   -0.02947   -1.04122   -0.02921   -3.43075   -1.04132   -1.97600
          2      17000 2689.15186   -1.03440   -0.02947   -1.04117   -0.02920   -3.43075   -1.04132   -1.97600
          2      17100 2705.12161   -1.03442   -0.02947   -1.04119   -0.02918   -3.43075   -1.04132   -1.97600
          2      17200 2721.01746   -1.03444   -0.02947   -1.04114   -0.02915   -3.43075   -1.04132   -1.97600
          2      17300 2736.42820   -1.03446   -0.02947   -1.04124   -0.02918   -3.43075   -1.04132   -1.97600
          2      17400 2752.72464   -1.03448   -0.02947   -1.04118   -0.02920   -3.43075   -1.04132   -1.97600
          2      17500 2769.08090   -1.03450   -0.02947   -1.04121   -0.02920   -3.43075   -1.04132   -1.97600
          2      17600 2784.58026   -1.03452   -0.02947   -1.04117   -0.02916   -3.43075   -1.04132   -1.97600
          2      17700 2799.41672   -1.03454   -0.02947   -1.04119   -0.02920   -3.43075   -1.04132   -1.97600
          2      17800 2815.41615   -1.03456   -0.02947   -1.04127   -0.02919   -3.43075   -1.04132   -1.97600
          2      17900 2831.82049   -1.03458   -0.02947   -1.04119   -0.02920   -3.43075   -1.04132   -1.97600
          2      18000 2847.83519   -1.03460   -0.02946   -1.04120   -0.02920   -3.43075   -1.04132   -1.97600
          2      18100 2863.38715   -1.03461   -0.02946   -1.04121   -0.02917   -3.43075   -1.04132   -1.97600
          2      18200 2879.41819   -1.03463   -0.02946   -1.04123   -0.02922   -3.43075   -1.04132   -1.97600
          2      18300 2894.89107   -1.03465   -0.02946   -1.04127   -0.02921   -3.43075   -1.04132   -1.97600
          2      18400 2910.92808   -1.03467   -0.02946   -1.04118   -0.02916   -3.43075   -1.04132   -1.97600
          2      18500 2926.44555   -1.03469   -0.02946   -1.04117   -0.02915   -3.43075   -1.04132   -1.97600
          2      18600 2942.76481   -1.03471   -0.02946   -1.04120   -0.02920   -3.43075   -1.04132   -1.97600
          2      18700 2958.23981   -1.03472   -0.02946   -1.04121   -0.02919   -3.43075   -1.04132   -1.97600
          2      18800 2974.18684   -1.03474   -0.02946   -1.04122   -0.02925   -3.43075   -1.04132   -1.97600
          2      18900 2990.56936   -1.03476   -0.02946   -1.04126   -0.02920   -3.43075   -1.04132   -1.97600
          2      19000 3006.64548   -1.03478   -0.02946   -1.04122   -0.02914   -3.43075   -1.04133   -1.97600
          2      19100 3022.26010   -1.03479   -0.02946   -1.04115   -0.02917   -3.43075   -1.04133   -1.97600
          2      19200 3037.83380   -1.03481   -0.02946   -1.04117   -0.02919   -3.43075   -1.04133   -1.97600
          2      19300 3053.97561   -1.03483   -0.02946   -1.04115   -0.02921   -3.43075   -1.04133   -1.97600
          2      19400 3069.72724   -1.03484   -0.02945   -1.04120   -0.02920   -3.43075   -1.04133   -1.97600
          2      19500 3085.19617   -1.03486   -0.02945   -1.04130   -0.02917   -3.43075   -1.04133   -1.97600
          2      19600 3100.80217   -1.03488   -0.02945   -1.04117   -0.02921   -3.43075   -1.04133   -1.97600
          2      19700 3117.17655   -1.03489   -0.02945   -1.04121   -0.02917   -3.43075   -1.04133   -1.97600
          2      19800 3132.94494   -1.03491   -0.02945   -1.04127   -0.02916   -3.43075   -1.04133   -1.97600
          2      19900 3148.55271   -1.03493   -0.02945   -1.04116   -0.02915   -3.43075   -1.04133   -1.97600
          2      20000 3163.82549   -1.03494   -0.02945   -1.04119   -0.02923   -3.43075   -1.04133   -1.97600
          2      20100 3180.21092   -1.03496   -0.02945   -1.04113   -0.02922   -3.43075   -1.04133   -1.97600
          2      20200 3195.98209   -1.03497   -0.02945   -1.04118   -0.02922   -3.43075   -1.04133   -1.97600
          2      20300 3212.19497   -1.03499   -0.02945   -1.04128   -0.02920   -3.43075   -1.04133   -1.97600
          2      20400 3228.23900   -1.03501   -0.02945   -1.04120   -0.02921   -3.43075   -1.04133   -1.97600
          2      20500 3244.45805   -1.03502   -0.02945   -1.04124   -0.02923   -3.43075   -1.04133   -1.97600
          2      20600 3259.63993   -1.03504   -0.02945   -1.04119   -0.02917   -3.43075   -1.04133   -1.97600
          2      20700 3276.03776   -1.03505   -0.02945   -1.04124   -0.02920   -3.43075   -1.04133   -1.97600
          2      20800 3291.79436   -1.03507   -0.02945   -1.04121   -0.02916   -3.43075   -1.04133   -1.97600
          2      20900 3307.66011   -1.03508   -0.02944   -1.04121   -0.02921   -3.43075   -1.04133   -1.97600
          2      21000 3324.44832   -1.03510   -0.02944   -1.04122   -0.02922   -3.43075   -1.04133   -1.97600
          2      21100 3340.21491   -1.03511   -0.02944   -1.04123   -0.02918   -3.43075   -1.04133   -1.97600
          2      21200 3357.05608   -1.03513   -0.02944   -1.04121   -0.02919   -3.43075   -1.04133   -1.97600
          2      21300 3374.57687   -1.03514   -0.02944   -1.04125   -0.02919   -3.43075   -1.04133   -1.97600
          2      21400 3390.96665   -1.03516   -0.02944   -1.04125   -0.02922   -3.43075   -1.04133   -1.97600
          2      21500 3406.87121   -1.03517   -0.02944   -1.04129   -0.02921   -3.43075   -1.04133   -1.97600
          2      21600 3422.85209   -1.03518   -0.02944   -1.04120   -0.02919   -3.43075   -1.04133   -1.97600
          2      21700 3439.45308   -1.03520   -0.02944   -1.04121   -0.02918   -3.43075   -1.04133   -1.97600
          2      21800 3455.79784   -1.03521   -0.02944   -1.04126   -0.02919   -3.43075   -1.04133   -1.97600
          2      21900 3471.89601   -1.03523   -0.02944   -1.04122   -0.02920   -3.43075   -1.04133   -1.97600
          2      22000 3487.84366   -1.03524   -0.02944   -1.04125   -0.02921   -3.43075   -1.04133   -1.97600
          2      22100 3502.95538   -1.03525   -0.02944   -1.04113   -0.02920   -3.43075   -1.04133   -1.97600
          2      22200 3518.60639   -1.03527   -0.02944   -1.04116   -0.02917   -3.43075   -1.04133   -1.97600
          2      22300 3534.86097   -1.03528   -0.02944   -1.04122   -0.02919   -3.43075   -1.04133   -1.97600
          2      22400 3550.78297   -1.03530   -0.02944   -1.04119   -0.02921   -3.43075   -1.04133   -1.97600
          2      22500 3566.87486   -1.03531   -0.02944   -1.04123   -0.02918   -3.43075   -1.04133   -1.97600
          2      22600 3583.90300   -1.03532   -0.02944   -1.04124   -0.02919   -3.43075   -1.04133   -1.97600
          2      22700 3599.59830   -1.03534   -0.02943   -1.04129   -0.02922   -3.43075   -1.04134   -1.97600
          2      22703 3600.00108   -1.03534   -0.02943   -1.04121   -0.02918   -3.43075   -1.04134   -1.97600
