          0          0    0.00000   -0.60794    0.48211   -0.60794    0.48211
          0          3    0.05680   -0.10534    0.71166   -0.10534    0.71166
          0          7    0.13958   -0.10534    0.71166    0.24573    0.22230
          0         13    0.24565   -0.10534    0.71166    0.08945    0.05767
          0         25    0.38678   -0.10534    0.71166   -0.17246    0.07552
          0         49    0.59574   -0.10534    0.71166   -0.14896    0.03806
          0         97    1.56475   -0.10534    0.71166   -0.09094   -0.06958
          1          0    2.42485   -0.09094   -0.06958   -0.09094   -0.06958
          1        100    3.69007   -0.37519   -0.00885   -0.38450    0.01818
          1        200    4.59198   -0.38628   -0.00564   -0.39564    0.01472
          1        300    5.83470   -0.39123   -0.00402   -0.39922    0.01288
          1        400    7.13003   -0.39412   -0.00306   -0.40095    0.01164
          1        500    8.20508   -0.39605   -0.00243   -0.40196    0.01072
          1        600    9.56513   -0.39744   -0.00198   -0.40263    0.01000
          1        700   10.82078   -0.39850   -0.00142   -0.40316    0.00916
          1        800   11.93295   -0.39923   -0.00100   -0.40424    0.00876
          1        900   13.25814   -0.39982   -0.00069   -0.40447    0.00835
          1       1000   14.23447   -0.40033   -0.00041   -0.40465    0.00800
          1       1100   15.13384   -0.40076   -0.00015   -0.40480    0.00768
          1       1200   15.91852   -0.40113    0.00009   -0.40492    0.00740
          1       1300   17.05191   -0.40146    0.00031   -0.40502    0.00716
          1       1400   18.30454   -0.40175    0.00051   -0.40510    0.00693
          1       1500   19.50268   -0.40201    0.00069   -0.40517    0.00673
          1       1600   20.93014   -0.40225    0.00086   -0.40523    0.00654
          1       1700   21.86157   -0.40246    0.00102   -0.40528    0.00637
          1       1800   23.11996   -0.40264    0.00114   -0.40553    0.00612
          1       1900   24.14027   -0.40279    0.00119   -0.40557    0.00602
          1       2000   25.40825   -0.40293    0.00124   -0.40561    0.00588
          1       2100   26.46459   -0.40306    0.00129   -0.40564    0.00576
          1       2200   27.42063   -0.40318    0.00134   -0.40566    0.00564
          1       2300   28.44757   -0.40330    0.00138   -0.40568    0.00553
          1       2400   29.37052   -0.40340    0.00143   -0.40571    0.00542
          1       2500   30.16185   -0.40350    0.00147   -0.40572    0.00532
          1       2600   31.45619   -0.40359    0.00152   -0.40574    0.00523
          1       2700   32.72041   -0.40368    0.00156   -0.40576    0.00514
          1       2800   33.65782   -0.40376    0.00160   -0.40577    0.00506
          1       2900   34.64759   -0.40384    0.00164   -0.40578    0.00497
          1       3000   35.49583   -0.40391    0.00167   -0.40588    0.00478
          1       3100   36.58768   -0.40397    0.00168   -0.40590    0.00480
          1       3200   37.77110   -0.40403    0.00169   -0.40591    0.00473
          1       3300   38.76301   -0.40408    0.00170   -0.40592    0.00467
          1       3400   39.62225   -0.40414    0.00171   -0.40593    0.00460
          1       3500   40.81303   -0.40419    0.00172   -0.40593    0.00454
          1       3600   41.98673   -0.40423    0.00173   -0.40594    0.00448
          1       3700   43.24694   -0.40428    0.00174   -0.40594    0.00443
          1       3800   44.42972   -0.40433    0.00175   -0.40595    0.00437
          1       3900   45.70879   -0.40437    0.00176   -0.40596    0.00432
          1       4000   46.93189   -0.40441    0.00177   -0.40596    0.00427
          1       4100   48.24998   -0.40445    0.00178   -0.40596    0.00422
          1       4200   49.22159   -0.40449    0.00179   -0.40597    0.00418
          1       4300   50.39273   -0.40452    0.00180   -0.40597    0.00413
          1       4400   51.50828   -0.40456    0.00181   -0.40595    0.00413
          1       4500   52.88620   -0.40459    0.00181   -0.40603    0.00403
          1       4600   53.72534   -0.40462    0.00181   -0.40603    0.00399
          1       4700   55.10832   -0.40464    0.00181   -0.40603    0.00395
          1       4800   56.25212   -0.40467    0.00181   -0.40604    0.00391
          1       4900   57.55009   -0.40470    0.00181   -0.40604    0.00387
          1       5000   58.56138   -0.40472    0.00181   -0.40604    0.00384
          1       5100   59.73694   -0.40475    0.00181   -0.40604    0.00380
          1       5200   60.78216   -0.40477    0.00181   -0.40604    0.00377
          1       5300   61.73413   -0.40480    0.00181   -0.40605    0.00373
          1       5400   62.89610   -0.40482    0.00181   -0.40605    0.00370
          1       5500   64.06472   -0.40484    0.00181   -0.40605    0.00367
          1       5600   65.37151   -0.40486    0.00181   -0.40605    0.00364
          1       5700   66.19485   -0.40488    0.00181   -0.40605    0.00361
          1       5800   67.38287   -0.40490    0.00182   -0.40605    0.00358
          1       5900   68.25492   -0.40492    0.00182   -0.40605    0.00355
          1       6000   69.36505   -0.40494    0.00182   -0.40606    0.00352
          1       6100   70.64304   -0.40496    0.00181   -0.40609    0.00349
          1       6200   71.73648   -0.40497    0.00181   -0.40609    0.00346
          1       6300   72.63261   -0.40499    0.00181   -0.40609    0.00343
          1       6400   73.92647   -0.40501    0.00181   -0.40609    0.00341
          1       6500   74.94904   -0.40502    0.00180   -0.40609    0.00338
          1       6600   76.42431   -0.40504    0.00180   -0.40609    0.00336
          1       6700   77.63044   -0.40505    0.00180   -0.40609    0.00334
          1       6800   79.10489   -0.40507    0.00180   -0.40609    0.00331
          1       6900   80.13980   -0.40508    0.00179   -0.40609    0.00329
          1       7000   81.23074   -0.40509    0.00179   -0.40609    0.00327
          1       7100   82.29562   -0.40511    0.00179   -0.40609    0.00325
          1       7200   83.31787   -0.40512    0.00179   -0.40609    0.00322
          1       7300   84.36610   -0.40513    0.00179   -0.40609    0.00320
          1       7400   85.50522   -0.40514    0.00178   -0.40609    0.00318
          1       7500   86.72677   -0.40516    0.00178   -0.40609    0.00316
          1       7600   87.69241   -0.40517    0.00178   -0.40609    0.00314
          1       7700   88.57988   -0.40518    0.00178   -0.40609    0.00313
          1       7800   89.65911   -0.40519    0.00178   -0.40610    0.00310
          1       7900   90.90496   -0.40520    0.00177   -0.40611    0.00308
          1       8000   91.86114   -0.40521    0.00177   -0.40611    0.00306
          1       8100   93.21498   -0.40522    0.00177   -0.40611    0.00304
          1       8200   94.42954   -0.40523    0.00176   -0.40611    0.00303
          1       8300   95.47437   -0.40524    0.00176   -0.40611    0.00301
          1       8400   96.76161   -0.40525    0.00176   -0.40611    0.00299
          1       8500   98.14179   -0.40526    0.00175   -0.40611    0.00297
          1       8600   99.42030   -0.40527    0.00175   -0.40611    0.00296
          1       8700  100.75254   -0.40528    0.00175   -0.40611    0.00294
          1       8800  102.02083   -0.40528    0.00174   -0.40611    0.00293
          1       8900  102.98188   -0.40529    0.00174   -0.40611    0.00291
          1       9000  104.28605   -0.40530    0.00174   -0.40611    0.00289
          1       9100  105.35055   -0.40531    0.00174   -0.40611    0.00288
          1       9200  106.36578   -0.40532    0.00173   -0.40611    0.00286
          1       9300  107.28650   -0.40533    0.00173   -0.40611    0.00285
          1       9400  108.31964   -0.40533    0.00173   -0.40611    0.00283
          1       9500  109.43034   -0.40534    0.00173   -0.40611    0.00282
          1       9600  110.46667   -0.40535    0.00172   -0.40611    0.00281
          1       9700  111.67553   -0.40536    0.00172   -0.40611    0.00257
          1       9800  112.75161   -0.40536    0.00172   -0.40612    0.00277
          1       9900  114.05446   -0.40537    0.00171   -0.40612    0.00276
          1      10000  114.93175   -0.40538    0.00171   -0.40612    0.00275
          1      10100  116.08394   -0.40538    0.00171   -0.40612    0.00274
          1      10200  117.19986   -0.40539    0.00170   -0.40612    0.00272
          1      10300  118.49645   -0.40539    0.00170   -0.40612    0.00271
          1      10400  119.67403   -0.40540    0.00170   -0.40612    0.00270
          1      10500  120.92781   -0.40541    0.00169   -0.40612    0.00269
          1      10600  122.33397   -0.40541    0.00169   -0.40612    0.00267
          1      10700  123.46992   -0.40542    0.00169   -0.40612    0.00266
          1      10800  124.62722   -0.40542    0.00168   -0.40612    0.00265
          1      10900  125.81210   -0.40543    0.00168   -0.40612    0.00264
          1      11000  127.03505   -0.40543    0.00168   -0.40612    0.00263
          1      11100  128.13630   -0.40544    0.00167   -0.40612    0.00261
          1      11200  129.42129   -0.40545    0.00167   -0.40612    0.00260
          1      11300  130.77715   -0.40545    0.00167   -0.40612    0.00259
          1      11400  131.87445   -0.40546    0.00167   -0.40612    0.00258
          1      11500  133.02256   -0.40546    0.00166   -0.40612    0.00257
          1      11600  134.27002   -0.40547    0.00166   -0.40612    0.00256
          1      11700  135.27368   -0.40547    0.00166   -0.40612    0.00255
          1      11800  136.38472   -0.40548    0.00166   -0.40612    0.00242
          1      11900  137.39905   -0.40548    0.00165   -0.40613    0.00252
          1      12000  138.64545   -0.40549    0.00165   -0.40613    0.00252
          1      12100  139.88192   -0.40549    0.00165   -0.40613    0.00251
          1      12200  140.91967   -0.40549    0.00164   -0.40613    0.00250
          1      12300  142.00320   -0.40550    0.00164   -0.40613    0.00249
          1      12400  143.24840   -0.40550    0.00164   -0.40612    0.00248
          1      12500  144.33348   -0.40551    0.00163   -0.40612    0.00247
          1      12600  145.57153   -0.40551    0.00163   -0.40612    0.00246
          1      12700  146.70202   -0.40552    0.00163   -0.40612    0.00245
          1      12800  147.74923   -0.40552    0.00162   -0.40612    0.00244
          1      12900  148.75454   -0.40552    0.00162   -0.40612    0.00243
          1      13000  149.81836   -0.40553    0.00162   -0.40612    0.00242
          1      13100  150.87384   -0.40553    0.00162   -0.40612    0.00241
          1      13200  151.97777   -0.40553    0.00161   -0.40612    0.00240
          1      13300  153.17506   -0.40554    0.00161   -0.40612    0.00239
          1      13400  154.22114   -0.40554    0.00161   -0.40612    0.00239
          1      13500  155.24366   -0.40555    0.00160   -0.40612    0.00238
          1      13600  156.43230   -0.40555    0.00160   -0.40612    0.00237
          1      13700  157.58550   -0.40555    0.00160   -0.40612    0.00236
          1      13800  158.89903   -0.40556    0.00160   -0.40612    0.00235
          1      13900  160.05104   -0.40556    0.00159   -0.40612    0.00234
          1      14000  161.42457   -0.40556    0.00159   -0.40612    0.00234
          1      14100  162.65419   -0.40557    0.00159   -0.40612    0.00230
          1      14200  163.46019   -0.40557    0.00159   -0.40612    0.00229
          1      14300  164.56316   -0.40557    0.00158   -0.40612    0.00231
          1      14400  165.72424   -0.40558    0.00158   -0.40612    0.00230
          1      14500  166.79920   -0.40558    0.00158   -0.40612    0.00229
          1      14600  168.08058   -0.40558    0.00158   -0.40612    0.00229
          1      14700  169.31356   -0.40559    0.00157   -0.40612    0.00228
          1      14800  170.45447   -0.40559    0.00157   -0.40612    0.00227
          1      14900  171.60901   -0.40559    0.00157   -0.40612    0.00226
          1      15000  172.87698   -0.40559    0.00156   -0.40612    0.00226
          1      15100  173.81341   -0.40560    0.00156   -0.40612    0.00225
          1      15200  175.19904   -0.40560    0.00156   -0.40612    0.00224
          1      15300  176.09319   -0.40560    0.00156   -0.40612    0.00224
          1      15400  177.28068   -0.40561    0.00155   -0.40612    0.00223
          1      15500  178.41249   -0.40561    0.00155   -0.40612    0.00222
          1      15600  179.46924   -0.40561    0.00155   -0.40612    0.00221
          1      15700  180.60623   -0.40561    0.00155   -0.40612    0.00221
          1      15800  181.77346   -0.40562    0.00154   -0.40612    0.00220
          1      15900  183.23876   -0.40562    0.00154   -0.40612    0.00219
          1      16000  184.19697   -0.40562    0.00154   -0.40612    0.00219
          1      16100  185.41165   -0.40562    0.00154   -0.40612    0.00218
          1      16200  186.38486   -0.40563    0.00153   -0.40612    0.00217
          1      16300  187.47422   -0.40563    0.00153   -0.40612    0.00217
          1      16400  188.57426   -0.40563    0.00153   -0.40612    0.00216
          1      16500  189.80812   -0.40563    0.00153   -0.40612    0.00216
          1      16600  190.96452   -0.40564    0.00152   -0.40611    0.00215
          1      16700  192.26192   -0.40564    0.00152   -0.40610    0.00219
          1      16800  193.50383   -0.40564    0.00152   -0.40612    0.00213
          1      16900  194.51240   -0.40564    0.00152   -0.40612    0.00213
          1      17000  195.73210   -0.40565    0.00151   -0.40612    0.00212
          1      17100  196.73505   -0.40565    0.00151   -0.40612    0.00212
          1      17200  197.92714   -0.40565    0.00151   -0.40612    0.00211
          1      17300  199.11410   -0.40565    0.00151   -0.40612    0.00210
          1      17400  200.09977   -0.40565    0.00150   -0.40612    0.00210
          1      17500  201.14802   -0.40566    0.00150   -0.40612    0.00209
          1      17600  202.18854   -0.40566    0.00150   -0.40612    0.00209
          1      17700  203.28765   -0.40566    0.00150   -0.40612    0.00208
          1      17800  204.30713   -0.40566    0.00149   -0.40612    0.00208
          1      17900  205.44522   -0.40566    0.00149   -0.40612    0.00207
          1      18000  206.50293   -0.40567    0.00149   -0.40612    0.00206
          1      18100  207.39586   -0.40567    0.00149   -0.40611    0.00206
          1      18200  208.58831   -0.40567    0.00149   -0.40611    0.00205
          1      18300  209.73690   -0.40567    0.00148   -0.40611    0.00205
          1      18400  210.84595   -0.40567    0.00148   -0.40611    0.00204
          1      18500  212.08219   -0.40568    0.00148   -0.40611    0.00204
          1      18600  213.23319   -0.40568    0.00148   -0.40611    0.00203
          1      18700  214.32576   -0.40568    0.00147   -0.40611    0.00203
          1      18800  215.54993   -0.40568    0.00147   -0.40611    0.00202
          1      18900  216.51825   -0.40568    0.00147   -0.40611    0.00202
          1      19000  217.62216   -0.40569    0.00147   -0.40611    0.00201
          1      19100  218.64749   -0.40569    0.00147   -0.40611    0.00201
          1      19200  219.54798   -0.40569    0.00146   -0.40611    0.00200
          1      19300  220.53857   -0.40569    0.00146   -0.40611    0.00200
          1      19400  221.61391   -0.40569    0.00146   -0.40611    0.00198
          1      19500  222.66678   -0.40569    0.00146   -0.40610    0.00190
          1      19600  223.72576   -0.40570    0.00146   -0.40611    0.00198
          1      19700  225.00853   -0.40570    0.00145   -0.40611    0.00197
          1      19800  226.08474   -0.40570    0.00145   -0.40611    0.00197
          1      19900  227.18673   -0.40570    0.00145   -0.40611    0.00197
          1      20000  228.12749   -0.40570    0.00145   -0.40611    0.00196
          1      20100  229.37096   -0.40570    0.00144   -0.40611    0.00196
          1      20200  230.34078   -0.40571    0.00144   -0.40611    0.00195
          1      20300  231.49909   -0.40571    0.00144   -0.40611    0.00195
          1      20400  232.66381   -0.40571    0.00144   -0.40611    0.00194
          1      20500  233.73937   -0.40571    0.00144   -0.40611    0.00194
          1      20600  234.92852   -0.40571    0.00143   -0.40611    0.00193
          1      20700  235.89933   -0.40571    0.00143   -0.40611    0.00193
          1      20800  237.12877   -0.40571    0.00143   -0.40611    0.00192
          1      20900  238.42774   -0.40572    0.00143   -0.40611    0.00192
          1      21000  239.41213   -0.40572    0.00143   -0.40611    0.00191
          1      21100  240.73902   -0.40572    0.00142   -0.40611    0.00191
          1      21200  241.99627   -0.40572    0.00142   -0.40611    0.00191
          1      21300  243.25716   -0.40572    0.00142   -0.40611    0.00190
          1      21400  244.16666   -0.40572    0.00142   -0.40611    0.00190
          1      21500  245.20559   -0.40572    0.00142   -0.40611    0.00189
          1      21600  246.26117   -0.40573    0.00141   -0.40611    0.00189
          1      21700  247.31200   -0.40573    0.00141   -0.40611    0.00188
          1      21800  248.49712   -0.40573    0.00141   -0.40611    0.00188
          1      21900  249.80588   -0.40573    0.00141   -0.40611    0.00188
          1      22000  250.94830   -0.40573    0.00141   -0.40611    0.00187
          1      22100  252.17841   -0.40573    0.00140   -0.40611    0.00187
          1      22200  253.35376   -0.40573    0.00140   -0.40610    0.00186
          1      22300  254.45990   -0.40574    0.00140   -0.40610    0.00186
          1      22400  255.66570   -0.40574    0.00140   -0.40610    0.00186
          1      22500  256.95187   -0.40574    0.00140   -0.40609    0.00189
          1      22600  258.30916   -0.40574    0.00140   -0.40611    0.00185
          1      22700  259.68170   -0.40574    0.00139   -0.40611    0.00184
          1      22800  260.79804   -0.40574    0.00139   -0.40611    0.00184
          1      22900  262.30860   -0.40574    0.00139   -0.40611    0.00183
          1      23000  263.67742   -0.40574    0.00139   -0.40611    0.00183
          1      23100  264.65204   -0.40574    0.00139   -0.40611    0.00183
          1      23200  265.59620   -0.40575    0.00138   -0.40611    0.00182
          1      23300  266.87377   -0.40575    0.00138   -0.40610    0.00182
          1      23400  268.43540   -0.40575    0.00138   -0.40610    0.00182
          1      23500  269.40173   -0.40575    0.00138   -0.40610    0.00181
          1      23600  270.52664   -0.40575    0.00138   -0.40610    0.00181
          1      23700  271.77056   -0.40575    0.00137   -0.40610    0.00180
          1      23800  272.82402   -0.40575    0.00137   -0.40610    0.00180
          1      23900  274.01089   -0.40575    0.00137   -0.40610    0.00180
          1      24000  275.01330   -0.40575    0.00137   -0.40610    0.00179
          1      24100  276.11032   -0.40576    0.00137   -0.40610    0.00179
          1      24200  277.49051   -0.40576    0.00137   -0.40610    0.00179
          1      24300  278.53135   -0.40576    0.00136   -0.40610    0.00178
          1      24400  279.65274   -0.40576    0.00136   -0.40610    0.00178
          1      24500  280.69869   -0.40576    0.00136   -0.40610    0.00178
          1      24600  281.81775   -0.40576    0.00136   -0.40610    0.00177
          1      24700  282.77472   -0.40576    0.00136   -0.40610    0.00177
          1      24800  283.80366   -0.40576    0.00136   -0.40610    0.00176
          1      24900  284.94146   -0.40576    0.00135   -0.40610    0.00176
          1      25000  286.00808   -0.40577    0.00135   -0.40610    0.00176
          1      25100  286.89880   -0.40577    0.00135   -0.40610    0.00175
          1      25200  288.09185   -0.40577    0.00135   -0.40610    0.00175
          1      25300  289.24333   -0.40577    0.00135   -0.40610    0.00175
          1      25400  290.51831   -0.40577    0.00135   -0.40610    0.00174
          1      25500  291.55918   -0.40577    0.00134   -0.40610    0.00174
          1      25600  292.66268   -0.40577    0.00134   -0.40609    0.00166
          1      25700  293.90530   -0.40577    0.00134   -0.40610    0.00173
          1      25800  295.08257   -0.40577    0.00134   -0.40610    0.00173
          1      25900  296.37147   -0.40577    0.00134   -0.40610    0.00173
          1      26000  297.40870   -0.40577    0.00134   -0.40610    0.00172
          1      26100  298.63579   -0.40578    0.00133   -0.40610    0.00172
          1      26200  299.62778   -0.40578    0.00133   -0.40610    0.00172
          1      26300  301.00299   -0.40578    0.00133   -0.40610    0.00171
          1      26400  301.98735   -0.40578    0.00133   -0.40610    0.00171
          1      26500  303.30942   -0.40578    0.00133   -0.40610    0.00171
          1      26600  304.34805   -0.40578    0.00133   -0.40610    0.00170
          1      26700  305.22481   -0.40578    0.00132   -0.40610    0.00170
          1      26800  306.36551   -0.40578    0.00132   -0.40610    0.00170
          1      26900  307.57257   -0.40578    0.00132   -0.40610    0.00170
          1      27000  308.56006   -0.40578    0.00132   -0.40610    0.00169
          1      27100  309.72960   -0.40578    0.00132   -0.40610    0.00169
          1      27200  311.03072   -0.40579    0.00132   -0.40610    0.00169
          1      27300  312.11260   -0.40579    0.00131   -0.40610    0.00168
          1      27400  313.30295   -0.40579    0.00131   -0.40610    0.00168
          1      27500  314.39718   -0.40579    0.00131   -0.40610    0.00168
          1      27600  315.45038   -0.40579    0.00131   -0.40609    0.00167
          1      27700  316.58998   -0.40579    0.00131   -0.40609    0.00167
          1      27800  317.65146   -0.40579    0.00131   -0.40609    0.00167
          1      27900  318.85968   -0.40579    0.00130   -0.40609    0.00167
          1      28000  320.23965   -0.40579    0.00130   -0.40609    0.00166
          1      28100  321.47191   -0.40579    0.00130   -0.40609    0.00166
          1      28200  322.51322   -0.40579    0.00130   -0.40609    0.00166
          1      28300  323.78280   -0.40579    0.00130   -0.40609    0.00165
          1      28400  324.88418   -0.40579    0.00130   -0.40609    0.00165
          1      28500  326.00022   -0.40580    0.00130   -0.40609    0.00165
          1      28600  326.96201   -0.40580    0.00129   -0.40609    0.00165
          1      28700  327.98837   -0.40580    0.00129   -0.40609    0.00164
          1      28800  328.92913   -0.40580    0.00129   -0.40609    0.00164
          1      28900  330.26465   -0.40580    0.00129   -0.40609    0.00160
          1      29000  331.49838   -0.40580    0.00129   -0.40609    0.00162
          1      29100  332.55098   -0.40580    0.00129   -0.40609    0.00163
          1      29200  333.61489   -0.40580    0.00129   -0.40609    0.00163
          1      29300  334.59922   -0.40580    0.00128   -0.40609    0.00163
          1      29400  335.69110   -0.40580    0.00128   -0.40609    0.00162
          1      29500  336.85226   -0.40580    0.00128   -0.40609    0.00162
          1      29600  337.85401   -0.40580    0.00128   -0.40609    0.00162
          1      29700  339.14437   -0.40580    0.00128   -0.40609    0.00161
          1      29800  340.21577   -0.40580    0.00128   -0.40609    0.00161
          1      29900  341.15045   -0.40581    0.00128   -0.40609    0.00161
          1      30000  342.03107   -0.40581    0.00127   -0.40609    0.00161
          1      30100  343.22057   -0.40581    0.00127   -0.40609    0.00160
          1      30200  344.36507   -0.40581    0.00127   -0.40609    0.00160
          1      30300  345.36673   -0.40581    0.00127   -0.40609    0.00160
          1      30400  346.55742   -0.40581    0.00127   -0.40609    0.00160
          1      30500  347.62732   -0.40581    0.00127   -0.40609    0.00159
          1      30600  348.71502   -0.40581    0.00127   -0.40609    0.00159
          1      30700  349.85457   -0.40581    0.00126   -0.40609    0.00159
          1      30800  350.96521   -0.40581    0.00126   -0.40609    0.00159
          1      30900  352.12482   -0.40581    0.00126   -0.40609    0.00158
          1      31000  353.19047   -0.40581    0.00126   -0.40609    0.00158
          1      31100  354.28525   -0.40581    0.00126   -0.40609    0.00158
          1      31200  355.31803   -0.40581    0.00126   -0.40609    0.00158
          1      31300  356.43823   -0.40581    0.00126   -0.40609    0.00157
          1      31400  357.39863   -0.40581    0.00125   -0.40609    0.00157
          1      31500  358.48153   -0.40582    0.00125   -0.40609    0.00157
          1      31600  359.83990   -0.40582    0.00125   -0.40609    0.00157
          1      31700  360.81485   -0.40582    0.00125   -0.40609    0.00156
          1      31800  361.88509   -0.40582    0.00125   -0.40609    0.00156
          1      31900  362.91954   -0.40582    0.00125   -0.40609    0.00156
          1      32000  363.87407   -0.40582    0.00125   -0.40609    0.00156
          1      32100  364.82074   -0.40582    0.00125   -0.40609    0.00155
          1      32200  365.84450   -0.40582    0.00124   -0.40609    0.00155
          1      32300  366.96088   -0.40582    0.00124   -0.40608    0.00155
          1      32400  367.73511   -0.40582    0.00124   -0.40608    0.00159
          1      32500  368.86796   -0.40582    0.00124   -0.40608    0.00154
          1      32600  370.08943   -0.40582    0.00124   -0.40609    0.00154
          1      32700  371.19956   -0.40582    0.00124   -0.40609    0.00154
          1      32800  372.36379   -0.40582    0.00124   -0.40609    0.00154
          1      32900  373.48013   -0.40582    0.00124   -0.40609    0.00154
          1      33000  374.52764   -0.40582    0.00123   -0.40609    0.00153
          1      33100  376.12549   -0.40582    0.00123   -0.40608    0.00153
          1      33200  377.12064   -0.40582    0.00123   -0.40608    0.00153
          1      33300  378.15185   -0.40583    0.00123   -0.40608    0.00153
          1      33400  379.26091   -0.40583    0.00123   -0.40608    0.00152
          1      33500  380.49095   -0.40583    0.00123   -0.40608    0.00152
          1      33600  381.64418   -0.40583    0.00123   -0.40608    0.00152
          1      33700  382.69086   -0.40583    0.00122   -0.40608    0.00152
          1      33800  383.62616   -0.40583    0.00122   -0.40608    0.00151
          1      33900  384.83175   -0.40583    0.00122   -0.40608    0.00151
          1      34000  385.83737   -0.40583    0.00122   -0.40608    0.00151
          1      34100  387.05239   -0.40583    0.00122   -0.40608    0.00151
          1      34200  388.31827   -0.40583    0.00122   -0.40608    0.00151
          1      34300  389.49161   -0.40583    0.00122   -0.40608    0.00150
          1      34400  390.79940   -0.40583    0.00122   -0.40608    0.00150
          1      34500  391.71562   -0.40583    0.00121   -0.40608    0.00150
          1      34600  392.76577   -0.40583    0.00121   -0.40608    0.00150
          1      34700  393.76327   -0.40583    0.00121   -0.40608    0.00150
          1      34800  394.80903   -0.40583    0.00121   -0.40608    0.00149
          1      34900  396.05642   -0.40583    0.00121   -0.40608    0.00149
          1      35000  397.36950   -0.40583    0.00121   -0.40608    0.00149
          1      35100  398.53242   -0.40583    0.00121   -0.40608    0.00149
          1      35200  399.46917   -0.40583    0.00121   -0.40608    0.00149
          1      35300  400.63593   -0.40584    0.00121   -0.40608    0.00148
          1      35400  401.81925   -0.40584    0.00120   -0.40608    0.00148
          1      35500  402.88887   -0.40584    0.00120   -0.40608    0.00148
          1      35600  403.88451   -0.40584    0.00120   -0.40608    0.00148
          1      35700  405.11692   -0.40584    0.00120   -0.40608    0.00147
          1      35800  406.32878   -0.40584    0.00120   -0.40608    0.00147
          1      35900  407.72221   -0.40584    0.00120   -0.40608    0.00148
          1      36000  408.72229   -0.40584    0.00120   -0.40607    0.00150
          1      36100  410.09329   -0.40584    0.00120   -0.40608    0.00147
          1      36200  411.31628   -0.40584    0.00120   -0.40608    0.00146
          1      36300  412.38127   -0.40584    0.00119   -0.40608    0.00146
          1      36400  413.56903   -0.40584    0.00119   -0.40608    0.00146
          1      36500  414.54863   -0.40584    0.00119   -0.40608    0.00146
          1      36600  415.79511   -0.40584    0.00119   -0.40608    0.00146
          1      36700  416.77772   -0.40584    0.00119   -0.40608    0.00145
          1      36800  417.73447   -0.40584    0.00119   -0.40608    0.00145
          1      36900  418.86858   -0.40584    0.00119   -0.40608    0.00145
          1      37000  420.14489   -0.40584    0.00119   -0.40608    0.00145
          1      37100  421.29992   -0.40584    0.00118   -0.40608    0.00145
          1      37200  422.25877   -0.40584    0.00118   -0.40608    0.00144
          1      37300  423.39638   -0.40584    0.00118   -0.40608    0.00144
          1      37400  424.68114   -0.40584    0.00118   -0.40608    0.00144
          1      37500  425.78969   -0.40584    0.00118   -0.40608    0.00144
          1      37600  426.81040   -0.40585    0.00118   -0.40608    0.00144
          1      37700  427.69657   -0.40585    0.00118   -0.40608    0.00144
          1      37800  429.15148   -0.40585    0.00118   -0.40608    0.00143
          1      37900  430.33876   -0.40585    0.00118   -0.40608    0.00143
          1      38000  431.51012   -0.40585    0.00117   -0.40608    0.00143
          1      38100  432.88387   -0.40585    0.00117   -0.40608    0.00143
          1      38200  434.11549   -0.40585    0.00117   -0.40608    0.00143
          1      38300  435.24078   -0.40585    0.00117   -0.40608    0.00142
          1      38400  436.63725   -0.40585    0.00117   -0.40607    0.00142
          1      38500  437.49723   -0.40585    0.00117   -0.40607    0.00142
          1      38600  438.55494   -0.40585    0.00117   -0.40607    0.00142
          1      38700  439.82387   -0.40585    0.00117   -0.40607    0.00142
          1      38800  440.82339   -0.40585    0.00117   -0.40607    0.00142
          1      38900  441.69273   -0.40585    0.00116   -0.40607    0.00141
          1      39000  442.84554   -0.40585    0.00116   -0.40607    0.00141
          1      39100  443.84109   -0.40585    0.00116   -0.40607    0.00141
          1      39200  445.11736   -0.40585    0.00116   -0.40607    0.00141
          1      39300  446.51325   -0.40585    0.00116   -0.40607    0.00141
          1      39400  447.66843   -0.40585    0.00116   -0.40607    0.00140
          1      39500  448.57593   -0.40585    0.00116   -0.40607    0.00140
          1      39600  449.70819   -0.40585    0.00116   -0.40607    0.00140
          1      39700  450.64448   -0.40585    0.00116   -0.40607    0.00140
          1      39800  451.79016   -0.40585    0.00116   -0.40607    0.00143
          1      39900  453.05819   -0.40585    0.00115   -0.40607    0.00140
          1      40000  454.18294   -0.40585    0.00115   -0.40607    0.00139
          1      40100  455.38756   -0.40585    0.00115   -0.40607    0.00139
          1      40200  456.53106   -0.40585    0.00115   -0.40607    0.00139
          1      40300  457.75311   -0.40586    0.00115   -0.40607    0.00139
          1      40400  458.71497   -0.40586    0.00115   -0.40607    0.00139
          1      40500  459.78487   -0.40586    0.00115   -0.40607    0.00139
          1      40600  460.86504   -0.40586    0.00115   -0.40607    0.00138
          1      40700  462.24824   -0.40586    0.00115   -0.40607    0.00138
          1      40800  463.28778   -0.40586    0.00115   -0.40607    0.00138
          1      40900  464.40328   -0.40586    0.00114   -0.40607    0.00138
          1      41000  465.71149   -0.40586    0.00114   -0.40607    0.00138
          1      41100  466.89025   -0.40586    0.00114   -0.40607    0.00138
          1      41200  468.15254   -0.40586    0.00114   -0.40607    0.00137
          1      41300  469.30199   -0.40586    0.00114   -0.40607    0.00137
          1      41400  470.30082   -0.40586    0.00114   -0.40607    0.00137
          1      41500  471.24858   -0.40586    0.00114   -0.40607    0.00137
          1      41600  472.44716   -0.40586    0.00114   -0.40607    0.00137
          1      41700  473.72419   -0.40586    0.00114   -0.40607    0.00137
          1      41800  474.77642   -0.40586    0.00114   -0.40607    0.00136
          1      41900  475.81469   -0.40586    0.00113   -0.40607    0.00136
          1      42000  476.84499   -0.40586    0.00113   -0.40607    0.00136
          1      42100  477.92627   -0.40586    0.00113   -0.40607    0.00136
          1      42200  479.11063   -0.40586    0.00113   -0.40607    0.00136
          1      42300  480.09623   -0.40586    0.00113   -0.40607    0.00136
          1      42400  481.28090   -0.40586    0.00113   -0.40607    0.00135
          1      42500  482.29356   -0.40586    0.00113   -0.40607    0.00135
          1      42600  483.34005   -0.40586    0.00113   -0.40607    0.00135
          1      42700  484.44775   -0.40586    0.00113   -0.40607    0.00135
          1      42800  485.50750   -0.40586    0.00113   -0.40607    0.00135
          1      42900  486.58679   -0.40586    0.00112   -0.40607    0.00135
          1      43000  487.81908   -0.40586    0.00112   -0.40607    0.00135
          1      43100  488.91130   -0.40586    0.00112   -0.40607    0.00134
          1      43200  490.11697   -0.40586    0.00112   -0.40607    0.00134
          1      43300  491.25981   -0.40586    0.00112   -0.40607    0.00134
          1      43400  492.38782   -0.40586    0.00112   -0.40607    0.00134
          1      43500  493.32699   -0.40587    0.00112   -0.40607    0.00134
          1      43600  494.61720   -0.40587    0.00112   -0.40607    0.00134
          1      43700  495.92678   -0.40587    0.00112   -0.40607    0.00133
          1      43800  497.17806   -0.40587    0.00112   -0.40607    0.00132
          1      43900  498.34820   -0.40587    0.00112   -0.40606    0.00129
          1      44000  499.51008   -0.40587    0.00111   -0.40607    0.00133
          1      44100  500.67832   -0.40587    0.00111   -0.40607    0.00133
          1      44200  501.83456   -0.40587    0.00111   -0.40607    0.00133
          1      44300  502.97200   -0.40587    0.00111   -0.40607    0.00133
          1      44400  504.50913   -0.40587    0.00111   -0.40607    0.00132
          1      44500  505.73742   -0.40587    0.00111   -0.40607    0.00132
          1      44600  506.72174   -0.40587    0.00111   -0.40607    0.00132
          1      44700  507.76029   -0.40587    0.00111   -0.40607    0.00132
          1      44800  508.91241   -0.40587    0.00111   -0.40607    0.00132
          1      44900  510.03274   -0.40587    0.00111   -0.40607    0.00132
          1      45000  511.33089   -0.40587    0.00111   -0.40607    0.00132
          1      45100  512.76385   -0.40587    0.00110   -0.40606    0.00131
          1      45200  514.11760   -0.40587    0.00110   -0.40606    0.00131
          1      45300  515.37624   -0.40587    0.00110   -0.40606    0.00131
          1      45400  516.63307   -0.40587    0.00110   -0.40606    0.00131
          1      45500  517.84921   -0.40587    0.00110   -0.40606    0.00131
          1      45600  518.85213   -0.40587    0.00110   -0.40606    0.00131
          1      45700  520.10327   -0.40587    0.00110   -0.40606    0.00131
          1      45800  521.41902   -0.40587    0.00110   -0.40606    0.00130
          1      45900  522.42593   -0.40587    0.00110   -0.40606    0.00130
          1      46000  523.40014   -0.40587    0.00110   -0.40606    0.00130
          1      46100  524.52527   -0.40587    0.00110   -0.40606    0.00130
          1      46200  525.41949   -0.40587    0.00109   -0.40606    0.00130
          1      46300  526.44816   -0.40587    0.00109   -0.40606    0.00130
          1      46400  527.65922   -0.40587    0.00109   -0.40606    0.00130
          1      46500  529.05008   -0.40587    0.00109   -0.40606    0.00129
          1      46600  530.41046   -0.40587    0.00109   -0.40606    0.00129
          1      46700  531.41734   -0.40587    0.00109   -0.40606    0.00129
          1      46800  532.48665   -0.40587    0.00109   -0.40606    0.00129
          1      46900  533.37398   -0.40587    0.00109   -0.40606    0.00129
          1      47000  534.42362   -0.40587    0.00109   -0.40606    0.00129
          1      47100  535.63432   -0.40587    0.00109   -0.40606    0.00129
          1      47200  536.70844   -0.40587    0.00109   -0.40606    0.00128
          1      47300  537.90401   -0.40588    0.00109   -0.40606    0.00128
          1      47400  539.23533   -0.40588    0.00108   -0.40606    0.00128
          1      47500  540.28847   -0.40588    0.00108   -0.40606    0.00128
          1      47600  541.46148   -0.40588    0.00108   -0.40606    0.00128
          1      47700  542.67129   -0.40588    0.00108   -0.40606    0.00128
          1      47800  543.67454   -0.40588    0.00108   -0.40606    0.00128
          1      47900  544.83381   -0.40588    0.00108   -0.40606    0.00128
          1      48000  545.86126   -0.40588    0.00108   -0.40606    0.00128
          1      48100  547.02547   -0.40588    0.00108   -0.40606    0.00130
          1      48200  548.31128   -0.40588    0.00108   -0.40606    0.00127
          1      48300  549.42212   -0.40588    0.00108   -0.40606    0.00127
          1      48400  550.63220   -0.40588    0.00108   -0.40606    0.00127
          1      48500  551.77440   -0.40588    0.00108   -0.40606    0.00127
          1      48600  552.70770   -0.40588    0.00107   -0.40606    0.00127
          1      48700  553.68792   -0.40588    0.00107   -0.40606    0.00127
          1      48800  554.94649   -0.40588    0.00107   -0.40606    0.00126
          1      48900  556.03109   -0.40588    0.00107   -0.40606    0.00126
          1      49000  556.99299   -0.40588    0.00107   -0.40606    0.00126
          1      49100  557.98854   -0.40588    0.00107   -0.40606    0.00126
          1      49200  559.00949   -0.40588    0.00107   -0.40606    0.00126
          1      49300  560.02474   -0.40588    0.00107   -0.40606    0.00126
          1      49400  561.22063   -0.40588    0.00107   -0.40606    0.00126
          1      49500  562.25702   -0.40588    0.00107   -0.40606    0.00125
          1      49600  563.34258   -0.40588    0.00107   -0.40606    0.00125
          1      49700  564.40747   -0.40588    0.00107   -0.40606    0.00125
          1      49800  565.27259   -0.40588    0.00106   -0.40606    0.00125
          1      49900  566.57785   -0.40588    0.00106   -0.40606    0.00125
          1      50000  567.94937   -0.40588    0.00106   -0.40606    0.00125
          1      50100  568.91556   -0.40588    0.00106   -0.40606    0.00125
          1      50200  569.87732   -0.40588    0.00106   -0.40606    0.00125
          1      50300  571.09323   -0.40588    0.00106   -0.40606    0.00125
          1      50400  572.07699   -0.40588    0.00106   -0.40606    0.00124
          1      50500  573.19038   -0.40588    0.00106   -0.40606    0.00124
          1      50600  574.19086   -0.40588    0.00106   -0.40606    0.00124
          1      50700  575.23305   -0.40588    0.00106   -0.40606    0.00124
          1      50800  576.41541   -0.40588    0.00106   -0.40606    0.00124
          1      50900  577.82477   -0.40588    0.00106   -0.40606    0.00124
          1      51000  579.12511   -0.40588    0.00106   -0.40606    0.00124
          1      51100  580.04437   -0.40588    0.00105   -0.40606    0.00124
          1      51200  581.11805   -0.40588    0.00105   -0.40606    0.00123
          1      51300  582.17807   -0.40588    0.00105   -0.40606    0.00123
          1      51400  583.08671   -0.40588    0.00105   -0.40606    0.00123
          1      51500  584.47070   -0.40588    0.00105   -0.40606    0.00123
          1      51600  585.70342   -0.40588    0.00105   -0.40606    0.00123
          1      51700  586.67607   -0.40588    0.00105   -0.40606    0.00123
          1      51800  587.70416   -0.40588    0.00105   -0.40606    0.00123
          1      51900  588.66119   -0.40588    0.00105   -0.40606    0.00123
          1      52000  589.69429   -0.40588    0.00105   -0.40606    0.00122
          1      52100  590.84749   -0.40589    0.00105   -0.40606    0.00122
          1      52200  591.91396   -0.40589    0.00105   -0.40605    0.00122
          1      52300  592.97250   -0.40589    0.00105   -0.40605    0.00122
          1      52400  594.18600   -0.40589    0.00104   -0.40605    0.00120
          1      52500  595.18269   -0.40589    0.00104   -0.40605    0.00120
          1      52600  596.36948   -0.40589    0.00104   -0.40605    0.00122
          1      52700  597.27578   -0.40589    0.00104   -0.40605    0.00122
          1      52800  598.58070   -0.40589    0.00104   -0.40605    0.00122
          1      52900  599.70496   -0.40589    0.00104   -0.40605    0.00121
          1      52942  600.00136   -0.40589    0.00104   -0.40605    0.00121
