   10000000
          9
 3147.35879
   -1.00389
    0.07310
   -1.01154
    0.00002

   -0.01529
    0.00026
   -0.06555
   -0.05759
    0.05508
    0.05518
   -0.00388
    0.02045
    0.00394
    0.05901
    0.04515
    0.04650
    0.03663
   -0.02178
   -0.04276
    0.03343
    0.03545
   -0.03942
    0.01200
   -0.03467
    0.00976
    0.00454
    0.06817
    0.00287
    0.03804
   -0.01079
    0.03322
    0.00763
    0.00568
    0.01496
   -0.03938
   -0.01898
   -0.04120
    0.02804
   -0.00660
   -0.07091
    0.04686
    0.04084
   -0.04934
    0.02365
   -0.00431
    0.03778
   -0.02875
   -0.05282
    0.03934
   -0.06085
   -0.00931
   -0.01285
    0.01830
   -0.02736
    0.01974
    0.06119
    0.05991
    0.06953
   -0.00050
    0.04634
    0.03910
    0.06102
   -0.03566
   -0.05898
   -0.06037
    0.01942
   -0.07160
    0.05588
   -0.06239
    0.06173
    0.01008
   -0.05936
   -0.04695
   -0.04237
   -0.04560
   -0.05480
    0.06535
   -0.03732
   -0.03854
   -0.01780
    0.06176
   -0.01986
   -0.01030
    0.02811
   -0.05289
    0.04019
    0.06898
   -0.03840
    0.04501
    0.02259
   -0.05477
    0.06000
   -0.03010
    0.04023
   -0.02902
   -0.04675
    0.06637
   -0.00748
    0.06292
   -0.04408
    0.03906
    0.00128
   -0.03217
    0.00315
    0.01877
    0.03981
   -0.02844
   -0.03462
    0.03328
    0.06606
    0.02038
    0.03187
   -0.05842
   -0.05967
   -0.03069
    0.06173
   -0.06415
    0.02937
    0.03485
    0.03354
    0.03568
   -0.02969
    0.02095
    0.04983
    0.03334
    0.01953
    0.03108
    0.03207
    0.02209
    0.00923
   -0.01445
   -0.06617
   -0.00183
    0.04846
   -0.05289
    0.05437
    0.01424
   -0.03401
    0.01066
    0.05870
   -0.06542
    0.00462
    0.03449
   -0.07052
    0.02882
    0.03145
    0.00761
    0.04913
    0.06284
    0.04910
    0.04453
   -0.00803
    0.03408
    0.03210
   -0.04214
   -0.05524
   -0.03724
   -0.03535
    0.06577
    0.05657
   -0.00193
   -0.00754
   -0.02930
    0.01086
   -0.03253
   -0.04996
    0.02427
    0.04964
   -0.01669
   -0.01917
   -0.01770
   -0.00274
    0.02525
   -0.06074
    0.00687
   -0.05053
   -0.04505
   -0.00798
    0.04252
    0.06805
    0.02233
    0.03614
   -0.03510
   -0.04464
    0.02430
   -0.02967
    0.01556
    0.05916
    0.00216
    0.05648
   -0.04639
   -0.04150
   -0.01868
   -0.02102
   -0.02428
    0.01795
   -0.05877
   -0.07354
   -0.04695
    0.05202
    0.03973
   -0.04761
   -0.05390
   -0.03988
   -0.00160
   -0.00193
   -0.06499
    0.04459
    0.00328
   -0.03746
   -0.05815
   -0.03245
   -0.04778
    0.02458
    0.03876
   -0.01604
    0.04221
    0.05917
    0.02717
   -0.03090
   -0.01147
   -0.02704
   -0.04538
   -0.03977
    0.02847
   -0.05559
    0.03930
    0.01430
   -0.06286
    0.06276
    0.02097
    0.00351
    0.05464
    0.00284
   -0.00772
    0.06533
    0.04876
   -0.03412
   -0.02618
   -0.03093
    0.04333
    0.06168
    0.00692
   -0.01004
    0.05273
    0.02626
   -0.02663
    0.01917
    0.03576
   -0.03001
    0.03638
   -0.06886
   -0.04523
   -0.02907
    0.03684
    0.03601
   -0.05461
   -0.03808
    0.06375
    0.02359
   -0.02696
   -0.03246
   -0.05058
    0.06265
    0.05320
   -0.03041
    0.05634
    0.03151
   -0.04440
    0.01178
    0.00804
   -0.02763
    0.01405
    0.03473
    0.01005
    0.05098
   -0.01830
    0.06256
   -0.03708
    0.00976
    0.03067
    0.06317
    0.02661
    0.05284
   -0.06443
    0.00672
    0.04297
   -0.05030
    0.02181
   -0.05060
    0.02678
   -0.01667
   -0.00756
   -0.05031
    0.06215
   -0.04043
    0.05911
    0.02889
   -0.02878
    0.03550
    0.01883
    0.03528
    0.05640
    0.06220
    0.03392
   -0.02272
   -0.05238
    0.06690
    0.04675
    0.03084
    0.03122
    0.04659
    0.04222
    0.03870
   -0.04058
   -0.00387
   -0.05233
    0.01864
   -0.01012
    0.05868
   -0.00367
    0.00339
    0.01648
   -0.05271
   -0.02512
    0.04342
   -0.00388
    0.03898
    0.01650
    0.03947
   -0.00947
    0.03420
   -0.05950
   -0.00144
   -0.04812
    0.06390
    0.03127
    0.03231
   -0.00155
   -0.06411
    0.00552
   -0.02731
   -0.01400
   -0.03837
    0.01238
    0.05628
    0.05701
   -0.05778
   -0.02552
   -0.00257
    0.03179
    0.02712
    0.06008
    0.05250
   -0.01017
    0.07145
    0.05666
    0.00020
   -0.03760
   -0.03322
   -0.01187
   -0.05804
    0.04344
    0.05498
    0.01918
    0.05998
    0.05773
    0.00561
    0.02941
   -0.03601
    0.01174
    0.00076
   -0.07150
   -0.06831
    0.05280
    0.02422
   -0.05216
   -0.02024
    0.06377
    0.07205
   -0.01743
    0.03228
   -0.06884
   -0.01032
    0.00076
   -0.00216
    0.00886
    0.03885
    0.04828
   -0.03774
   -0.02273
   -0.00345
    0.01957
   -0.02883
    0.06284
   -0.03530
   -0.05923
   -0.06029
    0.00283
   -0.01711
   -0.04189
   -0.02813
    0.05344
    0.00459
   -0.05026
   -0.04121
    0.06858
   -0.02022
    0.02465
   -0.06617
   -0.07059
   -0.06140
   -0.01013
   -0.02455
    0.01539
   -0.00150
    0.03313
   -0.03473
   -0.00973
    0.00564
   -0.05075
    0.00792
   -0.00871
   -0.06162
    0.00244
   -0.00201
   -0.00979
   -0.00197
    0.04841
    0.05504
    0.00844
   -0.02695
    0.01488
    0.06098
    0.04808
   -0.03647
    0.04877
    0.03716
   -0.05683
   -0.06097
    0.02842
    0.03672
   -0.03710
   -0.03915
    0.04502
    0.04169
   -0.03356
   -0.03962
   -0.00210
   -0.06835
    0.00893
    0.03227
   -0.03802
    0.05547
   -0.00071
    0.05596
    0.00092
   -0.04084
   -0.04248
    0.06907
   -0.02327
    0.04045
    0.05984
   -0.02916
   -0.04537
   -0.05748
   -0.03047
    0.06928
   -0.05198
    0.05149
   -0.01657
   -0.06323
    0.04110
    0.00426
    0.05469
   -0.02440
    0.04203
   -0.03092
   -0.01598
   -0.06741
    0.02343
    0.02921
    0.04522
   -0.01313
   -0.00521
   -0.02673
   -0.02890
    0.02970
    0.06420
    0.04094
    0.02198
   -0.05828
   -0.05196
   -0.05531
    0.00089
   -0.05000
    0.01290
   -0.03330
    0.03672
    0.02298
    0.00273
   -0.05685
   -0.06501
   -0.03216
   -0.02061
    0.01932
   -0.05548
    0.01291
   -0.02897
   -0.02962
   -0.06501
    0.02959
   -0.03716
    0.03158
    0.02670
    0.06717
    0.04336
   -0.02135
   -0.00594
    0.02700
   -0.04726
   -0.04240
   -0.04733
   -0.04075
    0.03748
   -0.05162
   -0.02494
   -0.06464
    0.01032
    0.05829
   -0.05217
   -0.02256
    0.03590
    0.03354
    0.01165
   -0.00347
    0.04188
    0.03019
   -0.02951
   -0.05623
    0.07087
    0.04272
    0.06017
    0.02717
   -0.03389
   -0.04210
    0.04085
   -0.00367
   -0.04845
   -0.05316
    0.03620
    0.06016
    0.00513
   -0.04824
   -0.05606
   -0.05711
   -0.00448
    0.06377
   -0.02945
    0.03833
    0.03561
   -0.00894
    0.01336
    0.06528
    0.02239
   -0.06448
   -0.05051
    0.06697
    0.02361
   -0.00333
    0.04314
    0.00919
   -0.04299
   -0.04791
   -0.05304
   -0.02874
   -0.01529
    0.06151
    0.05822
    0.06319
   -0.02246
   -0.04964
    0.01036
    0.03031
   -0.05644
   -0.06148
    0.05104
   -0.01059
    0.05583
   -0.06985
    0.02324
    0.00761
   -0.06069
    0.03642
   -0.04344
   -0.04629
    0.04174
    0.00527
    0.04684
    0.03683
   -0.02290
    0.03332
   -0.03238
    0.03636

   -0.01458
    0.00358
   -0.07243
   -0.05114
    0.05463
    0.06065
   -0.01359
    0.02371
    0.01042
    0.06673
    0.03618
    0.05140
    0.03835
   -0.02954
   -0.04014
    0.02284
    0.02980
   -0.03578
    0.01118
   -0.03678
    0.00797
    0.00332
    0.05948
   -0.00026
    0.03614
   -0.00912
    0.03339
    0.01327
    0.01224
    0.01642
   -0.03575
   -0.01130
   -0.04402
    0.02459
   -0.00807
   -0.07647
    0.03790
    0.03711
   -0.04598
    0.02408
   -0.00518
    0.04261
   -0.03234
   -0.06081
    0.02683
   -0.05800
   -0.00213
   -0.01373
    0.01680
   -0.03194
    0.02007
    0.06164
    0.05308
    0.06910
    0.01353
    0.04636
    0.03234
    0.05601
   -0.04032
   -0.04671
   -0.06075
    0.01924
   -0.07875
    0.05616
   -0.06455
    0.05989
    0.01471
   -0.06203
   -0.04767
   -0.03493
   -0.04299
   -0.04992
    0.06542
   -0.04027
   -0.03445
   -0.02173
    0.06400
   -0.01311
   -0.00632
    0.02973
   -0.05911
    0.03659
    0.07382
   -0.03187
    0.04357
    0.02067
   -0.04734
    0.06556
   -0.02637
    0.03684
   -0.02479
   -0.04568
    0.06680
    0.00115
    0.06762
   -0.04420
    0.04969
    0.00159
   -0.02649
   -0.00983
    0.02158
    0.02677
   -0.03544
   -0.03645
    0.03097
    0.07179
    0.02559
    0.02909
   -0.05314
   -0.06427
   -0.03066
    0.05726
   -0.06563
    0.03022
    0.02779
    0.03875
    0.03974
   -0.02311
    0.01306
    0.05528
    0.03151
    0.01703
    0.03194
    0.03632
    0.02145
    0.00626
   -0.01553
   -0.07208
   -0.00505
    0.04099
   -0.05178
    0.05927
    0.01924
   -0.03760
    0.00760
    0.05491
   -0.06638
    0.01054
    0.02816
   -0.07861
    0.02734
    0.02587
    0.00080
    0.05197
    0.06458
    0.05059
    0.04331
   -0.00491
    0.03761
    0.03550
   -0.03936
   -0.05445
   -0.04169
   -0.03006
    0.06666
    0.05613
   -0.01090
   -0.01383
   -0.02799
    0.01324
   -0.02295
   -0.04596
    0.02498
    0.04876
   -0.01555
   -0.01404
   -0.02135
   -0.00644
    0.03205
   -0.06008
    0.00405
   -0.05076
   -0.03805
   -0.01151
    0.04563
    0.07123
    0.02135
    0.03277
   -0.03058
   -0.05350
    0.02827
   -0.02748
    0.01221
    0.06084
   -0.00121
    0.05937
   -0.04415
   -0.05255
   -0.02602
   -0.02735
   -0.02007
    0.02198
   -0.05653
   -0.08339
   -0.04592
    0.05525
    0.03100
   -0.05681
   -0.04966
   -0.04238
   -0.01328
   -0.00179
   -0.06056
    0.03888
    0.00461
   -0.03120
   -0.05836
   -0.03578
   -0.04802
    0.02373
    0.02882
   -0.01772
    0.04757
    0.04510
    0.02439
   -0.02919
   -0.01144
   -0.02660
   -0.03971
   -0.03546
    0.03171
   -0.04876
    0.04152
    0.02640
   -0.06662
    0.05568
    0.02026
    0.01014
    0.05243
   -0.00295
   -0.01449
    0.05778
    0.04789
   -0.03477
   -0.02099
   -0.02951
    0.04620
    0.05747
   -0.00251
   -0.01321
    0.04950
    0.02629
   -0.03005
    0.01295
    0.04004
   -0.04201
    0.03493
   -0.06720
   -0.05276
   -0.03357
    0.04144
    0.03540
   -0.06005
   -0.04110
    0.06294
    0.01528
   -0.02362
   -0.03610
   -0.04881
    0.05727
    0.04521
   -0.03617
    0.05758
    0.02154
   -0.04756
    0.01040
    0.01056
   -0.01523
    0.01377
    0.03672
    0.00342
    0.05438
   -0.02422
    0.06898
   -0.02909
    0.00497
    0.03273
    0.06478
    0.02917
    0.05841
   -0.06303
    0.00252
    0.05328
   -0.04685
    0.00985
   -0.03981
    0.03247
   -0.01498
   -0.00690
   -0.05661
    0.07895
   -0.04662
    0.05195
    0.03866
   -0.02728
    0.03604
    0.01470
    0.02738
    0.05887
    0.06397
    0.02384
   -0.01395
   -0.05136
    0.06886
    0.05526
    0.03003
    0.03716
    0.04122
    0.03906
    0.03221
   -0.03606
   -0.00492
   -0.05152
    0.01377
   -0.00955
    0.05760
   -0.00575
    0.01094
    0.02173
   -0.05542
   -0.01396
    0.04390
    0.00412
    0.03299
    0.01589
    0.03953
   -0.01281
    0.03157
   -0.05794
    0.00210
   -0.05158
    0.06507
    0.03152
    0.03202
    0.00292
   -0.06740
    0.00962
   -0.02168
   -0.00534
   -0.03559
    0.01780
    0.05325
    0.06176
   -0.05137
   -0.02240
    0.00282
    0.04160
    0.01501
    0.06124
    0.05171
   -0.00894
    0.07687
    0.05707
   -0.00616
   -0.03243
   -0.02917
   -0.00816
   -0.06011
    0.04359
    0.04571
    0.02578
    0.05849
    0.05474
    0.01119
    0.03641
   -0.02538
    0.01386
   -0.00138
   -0.06676
   -0.05729
    0.05280
    0.03915
   -0.05444
   -0.02153
    0.06771
    0.07760
   -0.02444
    0.03465
   -0.07424
   -0.01210
    0.00098
   -0.00513
    0.00056
    0.03580
    0.04474
   -0.03542
   -0.02677
   -0.00461
    0.02347
   -0.02661
    0.06249
   -0.03248
   -0.05822
   -0.05441
    0.00835
   -0.02229
   -0.05276
   -0.02278
    0.06093
    0.00784
   -0.04672
   -0.03936
    0.07038
   -0.01959
    0.02887
   -0.07211
   -0.07242
   -0.05442
   -0.01218
   -0.02803
    0.01655
   -0.00210
    0.03858
   -0.03337
   -0.00317
   -0.00017
   -0.04706
    0.00488
   -0.00152
   -0.06459
   -0.00514
    0.00287
   -0.01385
   -0.00462
    0.04676
    0.04611
   -0.00401
   -0.03537
    0.01684
    0.06073
    0.04206
   -0.03401
    0.04821
    0.03054
   -0.05188
   -0.06073
    0.04595
    0.02701
   -0.03021
   -0.02347
    0.04137
    0.04130
   -0.03309
   -0.04298
   -0.00585
   -0.06432
    0.01157
    0.03876
   -0.04394
    0.05384
   -0.01038
    0.05006
    0.00299
   -0.02735
   -0.04461
    0.07413
   -0.01186
    0.04011
    0.05791
   -0.02552
   -0.04385
   -0.05604
   -0.03342
    0.07717
   -0.04496
    0.05790
   -0.01374
   -0.05698
    0.03075
    0.01475
    0.05752
   -0.02476
    0.03450
   -0.02766
   -0.01977
   -0.07410
    0.02235
    0.03383
    0.03998
   -0.01540
   -0.00647
   -0.02063
   -0.02989
    0.02567
    0.05783
    0.04953
    0.02999
   -0.04438
   -0.05667
   -0.05783
    0.00538
   -0.04878
    0.02392
   -0.03434
    0.02781
    0.01287
    0.00199
   -0.06494
   -0.05569
   -0.02090
   -0.02769
    0.02359
   -0.05294
    0.00952
   -0.02161
   -0.03520
   -0.06540
    0.03140
   -0.04300
    0.03061
    0.02247
    0.06526
    0.04791
   -0.02241
   -0.00526
    0.01682
   -0.04416
   -0.04960
   -0.04647
   -0.03784
    0.04146
   -0.05624
   -0.02173
   -0.06369
    0.01257
    0.05757
   -0.04999
   -0.02107
    0.03532
    0.04497
    0.00318
   -0.00505
    0.04371
    0.02442
   -0.03140
   -0.05435
    0.06880
    0.04401
    0.06209
    0.03256
   -0.04632
   -0.04106
    0.03547
    0.00090
   -0.04822
   -0.05490
    0.04575
    0.06125
    0.00268
   -0.05251
   -0.05133
   -0.05773
   -0.00187
    0.06842
   -0.02460
    0.04086
    0.01769
   -0.01049
    0.00240
    0.06383
    0.02676
   -0.07281
   -0.05741
    0.06708
    0.02350
    0.00328
    0.04010
    0.00542
   -0.04446
   -0.04995
   -0.05325
   -0.02814
   -0.02734
    0.05340
    0.04853
    0.05723
   -0.02506
   -0.03979
    0.01207
    0.03891
   -0.06044
   -0.05836
    0.05248
   -0.01216
    0.05040
   -0.07248
    0.02652
    0.01380
   -0.06273
    0.02866
   -0.04530
   -0.04595
    0.03506
    0.00225
    0.03643
    0.03103
   -0.03006
    0.03106
   -0.03155
    0.04382
