          1          0    0.00000   -1.03646   -0.02347   -1.03646   -0.02347   -3.41578    3.41578    0.00000
          1          1    0.02232   -0.72679   -0.03736   -0.53339   -0.03549   -3.41578   -0.72679    0.00000
          2          0    0.02232   -0.30785   -0.04852   -0.53339   -0.03549   -3.41578   -0.72679   -2.07128
          2        100    6.18508   -0.95488   -0.02792   -1.04056   -0.02251   -3.41578   -0.72679   -2.07128
          2        200   13.21840   -0.98008   -0.02646   -1.04078   -0.02258   -3.41578   -0.72679   -2.07128
          2        300   19.97206   -0.99128   -0.02579   -1.04093   -0.02253   -3.41578   -0.72679   -2.07128
          2        400   27.17248   -0.99797   -0.02539   -1.04102   -0.02276   -3.41578   -0.72679   -2.07128
          2        500   33.26088   -1.00254   -0.02512   -1.04090   -0.02250   -3.41578   -0.72679   -2.07128
          2        600   39.78249   -1.00591   -0.02491   -1.04102   -0.02262   -3.41578   -0.72679   -2.07128
          2        700   46.33227   -1.00854   -0.02475   -1.04110   -0.02279   -3.41578   -0.72679   -2.07128
          2        800   52.44827   -1.01065   -0.02462   -1.04113   -0.02277   -3.41578   -0.72679   -2.07128
          2        900   59.36866   -1.01240   -0.02451   -1.04098   -0.02269   -3.41578   -0.72679   -2.07128
          2       1000   65.60287   -1.01389   -0.02442   -1.04108   -0.02265   -3.41578   -0.72679   -2.07128
          2       1100   71.99629   -1.01516   -0.02435   -1.04110   -0.02265   -3.41578   -0.72679   -2.07128
          2       1200   78.49752   -1.01628   -0.02428   -1.04116   -0.02268   -3.41578   -0.72679   -2.07128
          2       1300   84.70373   -1.01726   -0.02422   -1.04114   -0.02272   -3.41578   -0.72679   -2.07128
          2       1400   91.22963   -1.01813   -0.02416   -1.04114   -0.02275   -3.41578   -0.72679   -2.07128
          2       1500   98.23261   -1.01892   -0.02411   -1.04119   -0.02265   -3.41578   -0.72679   -2.07128
          2       1600  104.82899   -1.01963   -0.02407   -1.04114   -0.02261   -3.41578   -0.72679   -2.07128
          2       1700  111.27837   -1.02027   -0.02403   -1.04116   -0.02277   -3.41578   -0.72679   -2.07128
          2       1800  118.12318   -1.02086   -0.02399   -1.04114   -0.02268   -3.41578   -0.72679   -2.07128
          2       1900  124.80784   -1.02141   -0.02396   -1.04121   -0.02264   -3.41578   -0.72679   -2.07128
          2       2000  131.28165   -1.02191   -0.02393   -1.04117   -0.02264   -3.41578   -0.72679   -2.07128
          2       2100  137.87968   -1.02238   -0.02390   -1.04111   -0.02270   -3.41578   -0.72679   -2.07128
          2       2200  145.20624   -1.02281   -0.02387   -1.04115   -0.02272   -3.41578   -0.72679   -2.07128
          2       2300  151.75166   -1.02322   -0.02385   -1.04116   -0.02270   -3.41578   -0.72679   -2.07128
          2       2400  158.25146   -1.02360   -0.02382   -1.04119   -0.02275   -3.41578   -0.72679   -2.07128
          2       2500  164.98000   -1.02396   -0.02380   -1.04116   -0.02273   -3.41578   -0.72679   -2.07128
          2       2600  171.59692   -1.02429   -0.02378   -1.04114   -0.02265   -3.41578   -0.72679   -2.07128
          2       2700  177.78205   -1.02461   -0.02376   -1.04119   -0.02271   -3.41578   -0.72679   -2.07128
          2       2800  183.92529   -1.02491   -0.02374   -1.04120   -0.02270   -3.41578   -0.72679   -2.07128
          2       2900  190.49401   -1.02520   -0.02372   -1.04121   -0.02264   -3.41578   -0.72679   -2.07128
          2       3000  197.07346   -1.02547   -0.02371   -1.04128   -0.02273   -3.41578   -0.72679   -2.07128
          2       3100  203.80583   -1.02573   -0.02369   -1.04121   -0.02271   -3.41578   -0.72679   -2.07128
          2       3200  209.92488   -1.02597   -0.02367   -1.04117   -0.02269   -3.41578   -0.72679   -2.07128
          2       3300  216.41703   -1.02621   -0.02366   -1.04120   -0.02272   -3.41578   -0.72679   -2.07128
          2       3400  223.20119   -1.02643   -0.02365   -1.04122   -0.02271   -3.41578   -0.72679   -2.07128
          2       3500  229.81004   -1.02664   -0.02363   -1.04121   -0.02271   -3.41578   -0.72679   -2.07128
          2       3600  236.49518   -1.02685   -0.02362   -1.04115   -0.02275   -3.41578   -0.72679   -2.07128
          2       3700  243.06429   -1.02705   -0.02361   -1.04121   -0.02276   -3.41578   -0.72679   -2.07128
          2       3800  249.60347   -1.02723   -0.02360   -1.04120   -0.02271   -3.41578   -0.72679   -2.07128
          2       3900  255.61117   -1.02742   -0.02358   -1.04125   -0.02271   -3.41578   -0.72679   -2.07128
          2       4000  262.14349   -1.02759   -0.02357   -1.04126   -0.02271   -3.41578   -0.72679   -2.07128
          2       4100  268.22918   -1.02776   -0.02356   -1.04123   -0.02271   -3.41578   -0.72679   -2.07128
          2       4200  274.26775   -1.02792   -0.02355   -1.04124   -0.02275   -3.41578   -0.72679   -2.07128
          2       4300  280.78819   -1.02808   -0.02354   -1.04122   -0.02271   -3.41578   -0.72679   -2.07128
          2       4400  287.29015   -1.02823   -0.02353   -1.04126   -0.02274   -3.41578   -0.72679   -2.07128
          2       4500  294.70220   -1.02838   -0.02352   -1.04126   -0.02271   -3.41578   -0.72679   -2.07128
          2       4600  301.18419   -1.02852   -0.02352   -1.04122   -0.02271   -3.41578   -0.72679   -2.07128
          2       4700  307.42820   -1.02865   -0.02351   -1.04123   -0.02270   -3.41578   -0.72679   -2.07128
          2       4800  313.48739   -1.02879   -0.02350   -1.04127   -0.02271   -3.41578   -0.72679   -2.07128
          2       4900  320.17289   -1.02892   -0.02349   -1.04125   -0.02273   -3.41578   -0.72679   -2.07128
          2       5000  326.20821   -1.02904   -0.02348   -1.04121   -0.02272   -3.41578   -0.72679   -2.07128
          2       5100  332.70728   -1.02916   -0.02348   -1.04118   -0.02275   -3.41578   -0.72679   -2.07128
          2       5200  339.37549   -1.02928   -0.02347   -1.04127   -0.02274   -3.41578   -0.72679   -2.07128
          2       5300  345.89028   -1.02939   -0.02346   -1.04120   -0.02272   -3.41578   -0.72679   -2.07128
          2       5400  352.68150   -1.02950   -0.02345   -1.04122   -0.02272   -3.41578   -0.72679   -2.07128
          2       5500  359.29853   -1.02961   -0.02345   -1.04125   -0.02273   -3.41578   -0.72679   -2.07128
          2       5600  365.88811   -1.02972   -0.02344   -1.04124   -0.02269   -3.41578   -0.72679   -2.07128
          2       5700  372.17140   -1.02982   -0.02343   -1.04125   -0.02269   -3.41578   -0.72679   -2.07128
          2       5800  378.52029   -1.02992   -0.02343   -1.04123   -0.02272   -3.41578   -0.72679   -2.07128
          2       5900  385.33843   -1.03001   -0.02342   -1.04122   -0.02277   -3.41578   -0.72679   -2.07128
          2       6000  391.70975   -1.03011   -0.02342   -1.04126   -0.02274   -3.41578   -0.72679   -2.07128
          2       6100  397.91086   -1.03020   -0.02341   -1.04124   -0.02269   -3.41578   -0.72679   -2.07128
          2       6200  404.76285   -1.03029   -0.02341   -1.04123   -0.02265   -3.41578   -0.72679   -2.07128
          2       6300  411.29907   -1.03038   -0.02340   -1.04125   -0.02270   -3.41578   -0.72679   -2.07128
          2       6400  417.38849   -1.03047   -0.02339   -1.04124   -0.02272   -3.41578   -0.72679   -2.07128
          2       6500  423.96332   -1.03055   -0.02339   -1.04123   -0.02268   -3.41578   -0.72679   -2.07128
          2       6600  430.72980   -1.03063   -0.02338   -1.04122   -0.02270   -3.41578   -0.72679   -2.07128
          2       6700  436.98897   -1.03071   -0.02338   -1.04127   -0.02265   -3.41578   -0.72679   -2.07128
          2       6800  443.67882   -1.03079   -0.02337   -1.04125   -0.02273   -3.41578   -0.72679   -2.07128
          2       6900  450.63722   -1.03087   -0.02337   -1.04124   -0.02270   -3.41578   -0.72679   -2.07128
          2       7000  457.30582   -1.03094   -0.02336   -1.04129   -0.02272   -3.41578   -0.72679   -2.07128
          2       7100  463.70859   -1.03101   -0.02336   -1.04128   -0.02270   -3.41578   -0.72679   -2.07128
          2       7200  470.17743   -1.03109   -0.02336   -1.04126   -0.02267   -3.41578   -0.72679   -2.07128
          2       7300  476.71451   -1.03116   -0.02335   -1.04127   -0.02268   -3.41578   -0.72679   -2.07128
          2       7400  482.88418   -1.03123   -0.02335   -1.04125   -0.02267   -3.41578   -0.72679   -2.07128
          2       7500  488.89468   -1.03129   -0.02334   -1.04122   -0.02267   -3.41578   -0.72679   -2.07128
          2       7600  495.13234   -1.03136   -0.02334   -1.04126   -0.02272   -3.41578   -0.72679   -2.07128
          2       7700  501.64704   -1.03142   -0.02333   -1.04128   -0.02273   -3.41578   -0.72679   -2.07128
          2       7800  508.20193   -1.03149   -0.02333   -1.04128   -0.02268   -3.41578   -0.72679   -2.07128
          2       7900  516.04963   -1.03155   -0.02333   -1.04127   -0.02272   -3.41578   -0.72679   -2.07128
          2       8000  522.93780   -1.03161   -0.02332   -1.04126   -0.02269   -3.41578   -0.72679   -2.07128
          2       8100  529.52112   -1.03167   -0.02332   -1.04128   -0.02273   -3.41578   -0.72679   -2.07128
          2       8200  535.90472   -1.03173   -0.02331   -1.04122   -0.02270   -3.41578   -0.72679   -2.07128
          2       8300  542.34914   -1.03179   -0.02331   -1.04126   -0.02268   -3.41578   -0.72679   -2.07128
          2       8400  548.40742   -1.03185   -0.02331   -1.04128   -0.02274   -3.41578   -0.72679   -2.07128
          2       8500  554.65469   -1.03190   -0.02330   -1.04128   -0.02267   -3.41578   -0.72679   -2.07128
          2       8600  561.50352   -1.03196   -0.02330   -1.04126   -0.02268   -3.41578   -0.72679   -2.07128
          2       8700  567.90848   -1.03201   -0.02330   -1.04123   -0.02272   -3.41578   -0.72679   -2.07128
          2       8800  574.33921   -1.03206   -0.02329   -1.04127   -0.02271   -3.41578   -0.72679   -2.07128
          2       8900  580.93264   -1.03212   -0.02329   -1.04127   -0.02269   -3.41578   -0.72679   -2.07128
          2       9000  587.56167   -1.03217   -0.02329   -1.04125   -0.02269   -3.41578   -0.72679   -2.07128
          2       9100  594.64082   -1.03222   -0.02328   -1.04125   -0.02273   -3.41578   -0.72679   -2.07128
          2       9200  601.30508   -1.03227   -0.02328   -1.04123   -0.02271   -3.41578   -0.72679   -2.07128
          2       9300  607.40125   -1.03232   -0.02328   -1.04126   -0.02267   -3.41578   -0.72679   -2.07128
          2       9400  613.84384   -1.03236   -0.02328   -1.04128   -0.02271   -3.41578   -0.72679   -2.07128
          2       9500  620.68983   -1.03241   -0.02327   -1.04124   -0.02272   -3.41578   -0.72679   -2.07128
          2       9600  627.06553   -1.03246   -0.02327   -1.04125   -0.02268   -3.41578   -0.72679   -2.07128
          2       9700  633.77966   -1.03250   -0.02327   -1.04128   -0.02270   -3.41578   -0.72679   -2.07128
          2       9800  640.16682   -1.03255   -0.02326   -1.04129   -0.02274   -3.41578   -0.72679   -2.07128
          2       9900  646.56160   -1.03259   -0.02326   -1.04124   -0.02270   -3.41578   -0.72679   -2.07128
          2      10000  653.11938   -1.03264   -0.02326   -1.04127   -0.02271   -3.41578   -0.72679   -2.07128
          2      10100  659.57244   -1.03268   -0.02326   -1.04128   -0.02270   -3.41578   -0.72679   -2.07128
          2      10200  666.22135   -1.03272   -0.02325   -1.04127   -0.02270   -3.41578   -0.72679   -2.07128
          2      10300  673.23807   -1.03277   -0.02325   -1.04126   -0.02272   -3.41578   -0.72679   -2.07128
          2      10400  679.66144   -1.03281   -0.02325   -1.04128   -0.02271   -3.41578   -0.72679   -2.07128
          2      10500  685.84503   -1.03285   -0.02324   -1.04126   -0.02270   -3.41578   -0.72679   -2.07128
          2      10600  692.05821   -1.03289   -0.02324   -1.04126   -0.02271   -3.41578   -0.72679   -2.07128
          2      10700  698.21343   -1.03293   -0.02324   -1.04126   -0.02273   -3.41578   -0.72679   -2.07128
          2      10800  705.11538   -1.03297   -0.02324   -1.04128   -0.02275   -3.41578   -0.72679   -2.07128
          2      10900  711.44042   -1.03300   -0.02323   -1.04126   -0.02276   -3.41578   -0.72679   -2.07128
          2      11000  717.85125   -1.03304   -0.02323   -1.04126   -0.02271   -3.41578   -0.72679   -2.07128
          2      11100  724.66395   -1.03308   -0.02323   -1.04128   -0.02270   -3.41578   -0.72679   -2.07128
          2      11200  731.52588   -1.03312   -0.02323   -1.04128   -0.02273   -3.41578   -0.72679   -2.07128
          2      11300  738.29802   -1.03315   -0.02323   -1.04128   -0.02270   -3.41578   -0.72679   -2.07128
          2      11400  744.31821   -1.03319   -0.02322   -1.04127   -0.02270   -3.41578   -0.72679   -2.07128
          2      11500  750.85381   -1.03322   -0.02322   -1.04128   -0.02272   -3.41578   -0.72679   -2.07128
          2      11600  757.10432   -1.03326   -0.02322   -1.04127   -0.02270   -3.41578   -0.72679   -2.07128
          2      11700  763.17258   -1.03329   -0.02322   -1.04127   -0.02272   -3.41578   -0.72679   -2.07128
          2      11800  769.73979   -1.03333   -0.02321   -1.04128   -0.02272   -3.41578   -0.72679   -2.07128
          2      11900  776.35491   -1.03336   -0.02321   -1.04130   -0.02270   -3.41578   -0.72679   -2.07128
          2      12000  783.58471   -1.03340   -0.02321   -1.04128   -0.02268   -3.41578   -0.72679   -2.07128
          2      12100  789.98228   -1.03343   -0.02321   -1.04125   -0.02270   -3.41578   -0.72679   -2.07128
          2      12200  796.53739   -1.03346   -0.02321   -1.04128   -0.02272   -3.41578   -0.72679   -2.07128
          2      12300  803.27296   -1.03349   -0.02320   -1.04126   -0.02273   -3.41578   -0.72679   -2.07128
          2      12400  810.08464   -1.03352   -0.02320   -1.04128   -0.02269   -3.41578   -0.72679   -2.07128
          2      12500  816.56105   -1.03356   -0.02320   -1.04128   -0.02271   -3.41578   -0.72679   -2.07128
          2      12600  823.63197   -1.03359   -0.02320   -1.04129   -0.02271   -3.41578   -0.72679   -2.07128
          2      12700  830.39103   -1.03362   -0.02320   -1.04127   -0.02272   -3.41578   -0.72679   -2.07128
          2      12800  837.84275   -1.03365   -0.02319   -1.04126   -0.02275   -3.41578   -0.72679   -2.07128
          2      12900  844.38155   -1.03368   -0.02319   -1.04125   -0.02272   -3.41578   -0.72679   -2.07128
          2      13000  850.85695   -1.03371   -0.02319   -1.04124   -0.02269   -3.41578   -0.72679   -2.07128
          2      13100  857.31353   -1.03374   -0.02319   -1.04130   -0.02270   -3.41578   -0.72679   -2.07128
          2      13200  863.78116   -1.03376   -0.02319   -1.04126   -0.02270   -3.41578   -0.72679   -2.07128
          2      13300  870.06312   -1.03379   -0.02319   -1.04126   -0.02269   -3.41578   -0.72679   -2.07128
          2      13400  876.47891   -1.03382   -0.02318   -1.04129   -0.02271   -3.41578   -0.72679   -2.07128
          2      13500  883.08302   -1.03385   -0.02318   -1.04129   -0.02270   -3.41578   -0.72679   -2.07128
          2      13600  890.15327   -1.03388   -0.02318   -1.04128   -0.02273   -3.41578   -0.72679   -2.07128
          2      13700  896.77898   -1.03390   -0.02318   -1.04128   -0.02274   -3.41578   -0.72679   -2.07128
          2      13800  904.31808   -1.03393   -0.02318   -1.04126   -0.02272   -3.41578   -0.72679   -2.07128
          2      13900  911.69024   -1.03396   -0.02317   -1.04131   -0.02271   -3.41578   -0.72679   -2.07128
          2      14000  918.19644   -1.03398   -0.02317   -1.04125   -0.02271   -3.41578   -0.72679   -2.07128
          2      14100  924.91852   -1.03401   -0.02317   -1.04128   -0.02271   -3.41578   -0.72679   -2.07128
          2      14200  931.47549   -1.03404   -0.02317   -1.04128   -0.02274   -3.41578   -0.72679   -2.07128
          2      14300  938.06183   -1.03406   -0.02317   -1.04130   -0.02273   -3.41578   -0.72679   -2.07128
          2      14400  944.74864   -1.03409   -0.02317   -1.04128   -0.02271   -3.41578   -0.72679   -2.07128
          2      14500  951.24346   -1.03411   -0.02317   -1.04128   -0.02271   -3.41578   -0.72679   -2.07128
          2      14600  957.82142   -1.03414   -0.02316   -1.04128   -0.02270   -3.41578   -0.72679   -2.07128
          2      14700  964.78002   -1.03416   -0.02316   -1.04126   -0.02271   -3.41578   -0.72679   -2.07128
          2      14800  971.60996   -1.03419   -0.02316   -1.04126   -0.02271   -3.41578   -0.72679   -2.07128
          2      14900  978.79356   -1.03421   -0.02316   -1.04127   -0.02273   -3.41578   -0.72679   -2.07128
          2      15000  985.47545   -1.03423   -0.02316   -1.04131   -0.02270   -3.41578   -0.72679   -2.07128
          2      15100  991.67964   -1.03426   -0.02316   -1.04129   -0.02273   -3.41578   -0.72679   -2.07128
          2      15200  998.00714   -1.03428   -0.02315   -1.04128   -0.02272   -3.41578   -0.72679   -2.07128
          2      15300 1004.95546   -1.03430   -0.02315   -1.04128   -0.02270   -3.41578   -0.72679   -2.07128
          2      15400 1011.29880   -1.03433   -0.02315   -1.04127   -0.02270   -3.41578   -0.72679   -2.07128
          2      15500 1017.68281   -1.03435   -0.02315   -1.04127   -0.02270   -3.41578   -0.72679   -2.07128
          2      15600 1024.14467   -1.03437   -0.02315   -1.04131   -0.02271   -3.41578   -0.72679   -2.07128
          2      15700 1030.82058   -1.03439   -0.02315   -1.04129   -0.02271   -3.41578   -0.72679   -2.07128
          2      15800 1037.33140   -1.03442   -0.02315   -1.04127   -0.02271   -3.41578   -0.72679   -2.07128
          2      15900 1043.52681   -1.03444   -0.02314   -1.04128   -0.02272   -3.41578   -0.72679   -2.07128
          2      16000 1050.32425   -1.03446   -0.02314   -1.04130   -0.02268   -3.41578   -0.72679   -2.07128
          2      16100 1057.22376   -1.03448   -0.02314   -1.04128   -0.02271   -3.41578   -0.72679   -2.07128
          2      16200 1063.62556   -1.03450   -0.02314   -1.04128   -0.02273   -3.41578   -0.72679   -2.07128
          2      16300 1071.48055   -1.03452   -0.02314   -1.04126   -0.02271   -3.41578   -0.72679   -2.07128
          2      16400 1077.91165   -1.03454   -0.02314   -1.04130   -0.02271   -3.41578   -0.72679   -2.07128
          2      16500 1084.15791   -1.03456   -0.02314   -1.04128   -0.02271   -3.41578   -0.72679   -2.07128
          2      16600 1090.50030   -1.03458   -0.02314   -1.04131   -0.02273   -3.41578   -0.72679   -2.07128
          2      16700 1097.02771   -1.03460   -0.02313   -1.04128   -0.02271   -3.41578   -0.72679   -2.07128
          2      16800 1103.10167   -1.03462   -0.02313   -1.04128   -0.02268   -3.41578   -0.72679   -2.07128
          2      16900 1110.18821   -1.03464   -0.02313   -1.04126   -0.02270   -3.41578   -0.72679   -2.07128
          2      17000 1116.59585   -1.03466   -0.02313   -1.04127   -0.02271   -3.41578   -0.72679   -2.07128
          2      17100 1123.25976   -1.03468   -0.02313   -1.04130   -0.02273   -3.41578   -0.72679   -2.07128
          2      17200 1129.63812   -1.03470   -0.02313   -1.04127   -0.02272   -3.41578   -0.72679   -2.07128
          2      17300 1136.53362   -1.03472   -0.02313   -1.04128   -0.02270   -3.41578   -0.72679   -2.07128
          2      17400 1142.64951   -1.03474   -0.02313   -1.04126   -0.02273   -3.41578   -0.72679   -2.07128
          2      17500 1149.57687   -1.03476   -0.02312   -1.04127   -0.02273   -3.41578   -0.72679   -2.07128
          2      17600 1156.26121   -1.03478   -0.02312   -1.04129   -0.02270   -3.41578   -0.72679   -2.07128
          2      17700 1162.84381   -1.03480   -0.02312   -1.04132   -0.02270   -3.41578   -0.72679   -2.07128
          2      17800 1169.59714   -1.03482   -0.02312   -1.04131   -0.02270   -3.41578   -0.72679   -2.07128
          2      17900 1175.91591   -1.03483   -0.02312   -1.04130   -0.02270   -3.41578   -0.72679   -2.07128
          2      18000 1182.04916   -1.03485   -0.02312   -1.04125   -0.02273   -3.41578   -0.72679   -2.07128
          2      18100 1188.97481   -1.03487   -0.02312   -1.04128   -0.02271   -3.41578   -0.72679   -2.07128
          2      18200 1195.38495   -1.03489   -0.02312   -1.04130   -0.02268   -3.41578   -0.72679   -2.07128
          2      18300 1201.80968   -1.03491   -0.02312   -1.04129   -0.02272   -3.41578   -0.72679   -2.07128
          2      18400 1208.31876   -1.03492   -0.02311   -1.04129   -0.02272   -3.41578   -0.72679   -2.07128
          2      18500 1214.97757   -1.03494   -0.02311   -1.04131   -0.02270   -3.41578   -0.72679   -2.07128
          2      18600 1221.29679   -1.03496   -0.02311   -1.04130   -0.02272   -3.41578   -0.72679   -2.07128
          2      18700 1227.85968   -1.03497   -0.02311   -1.04129   -0.02267   -3.41578   -0.72679   -2.07128
          2      18800 1234.35765   -1.03499   -0.02311   -1.04127   -0.02270   -3.41578   -0.72679   -2.07128
          2      18900 1241.02126   -1.03501   -0.02311   -1.04128   -0.02270   -3.41578   -0.72679   -2.07128
          2      19000 1247.60869   -1.03503   -0.02311   -1.04126   -0.02269   -3.41578   -0.72679   -2.07128
          2      19100 1253.43259   -1.03504   -0.02311   -1.04128   -0.02270   -3.41578   -0.72679   -2.07128
          2      19200 1259.95557   -1.03506   -0.02311   -1.04128   -0.02270   -3.41578   -0.72679   -2.07128
          2      19300 1266.81534   -1.03507   -0.02310   -1.04127   -0.02270   -3.41578   -0.72679   -2.07128
          2      19400 1273.06118   -1.03509   -0.02310   -1.04126   -0.02271   -3.41578   -0.72679   -2.07128
          2      19500 1279.82116   -1.03511   -0.02310   -1.04129   -0.02274   -3.41578   -0.72679   -2.07128
          2      19600 1286.36140   -1.03512   -0.02310   -1.04131   -0.02270   -3.41578   -0.72679   -2.07128
          2      19700 1292.96947   -1.03514   -0.02310   -1.04129   -0.02271   -3.41578   -0.72679   -2.07128
          2      19800 1299.53705   -1.03515   -0.02310   -1.04129   -0.02271   -3.41578   -0.72679   -2.07128
          2      19900 1306.27754   -1.03517   -0.02310   -1.04130   -0.02271   -3.41578   -0.72679   -2.07128
          2      20000 1312.61020   -1.03519   -0.02310   -1.04128   -0.02270   -3.41578   -0.72679   -2.07128
          2      20100 1319.24965   -1.03520   -0.02310   -1.04130   -0.02269   -3.41578   -0.72679   -2.07128
          2      20200 1325.53563   -1.03522   -0.02310   -1.04130   -0.02272   -3.41578   -0.72679   -2.07128
          2      20300 1331.90879   -1.03523   -0.02309   -1.04129   -0.02271   -3.41578   -0.72679   -2.07128
          2      20400 1338.71416   -1.03525   -0.02309   -1.04130   -0.02270   -3.41578   -0.72679   -2.07128
          2      20500 1345.86498   -1.03526   -0.02309   -1.04129   -0.02273   -3.41578   -0.72679   -2.07128
          2      20600 1353.30074   -1.03528   -0.02309   -1.04129   -0.02271   -3.41578   -0.72679   -2.07128
          2      20700 1360.88853   -1.03529   -0.02309   -1.04131   -0.02273   -3.41578   -0.72679   -2.07128
          2      20800 1367.71455   -1.03530   -0.02309   -1.04131   -0.02271   -3.41578   -0.72679   -2.07128
          2      20900 1375.08764   -1.03532   -0.02309   -1.04130   -0.02268   -3.41578   -0.72679   -2.07128
          2      21000 1381.50509   -1.03533   -0.02309   -1.04130   -0.02272   -3.41578   -0.72679   -2.07128
          2      21100 1388.17623   -1.03535   -0.02309   -1.04131   -0.02269   -3.41578   -0.72679   -2.07128
          2      21200 1395.21841   -1.03536   -0.02309   -1.04125   -0.02271   -3.41578   -0.72679   -2.07128
          2      21300 1402.37895   -1.03538   -0.02309   -1.04128   -0.02271   -3.41578   -0.72679   -2.07128
          2      21400 1409.78532   -1.03539   -0.02308   -1.04130   -0.02271   -3.41578   -0.72679   -2.07128
          2      21500 1416.56785   -1.03540   -0.02308   -1.04129   -0.02270   -3.41578   -0.72679   -2.07128
          2      21600 1423.93539   -1.03542   -0.02308   -1.04130   -0.02270   -3.41578   -0.72679   -2.07128
          2      21700 1431.37116   -1.03543   -0.02308   -1.04130   -0.02271   -3.41578   -0.72679   -2.07128
          2      21800 1439.34075   -1.03544   -0.02308   -1.04129   -0.02271   -3.41578   -0.72679   -2.07128
          2      21900 1446.65493   -1.03546   -0.02308   -1.04129   -0.02269   -3.41578   -0.72679   -2.07128
          2      22000 1454.41654   -1.03547   -0.02308   -1.04130   -0.02271   -3.41578   -0.72679   -2.07128
          2      22100 1461.01807   -1.03548   -0.02308   -1.04130   -0.02271   -3.41578   -0.72679   -2.07128
          2      22200 1467.84222   -1.03550   -0.02308   -1.04130   -0.02271   -3.41578   -0.72679   -2.07128
          2      22300 1474.93699   -1.03551   -0.02308   -1.04132   -0.02267   -3.41578   -0.72679   -2.07128
          2      22400 1482.37092   -1.03552   -0.02308   -1.04131   -0.02271   -3.41578   -0.72679   -2.07128
          2      22500 1489.30783   -1.03554   -0.02308   -1.04130   -0.02272   -3.41578   -0.72679   -2.07128
          2      22600 1495.90291   -1.03555   -0.02307   -1.04130   -0.02270   -3.41578   -0.72679   -2.07128
          2      22700 1502.74695   -1.03556   -0.02307   -1.04129   -0.02272   -3.41578   -0.72679   -2.07128
          2      22800 1509.16272   -1.03558   -0.02307   -1.04129   -0.02271   -3.41578   -0.72679   -2.07128
          2      22900 1515.87388   -1.03559   -0.02307   -1.04130   -0.02270   -3.41578   -0.72679   -2.07128
          2      23000 1522.41333   -1.03560   -0.02307   -1.04132   -0.02269   -3.41578   -0.72679   -2.07128
          2      23100 1529.42524   -1.03561   -0.02307   -1.04130   -0.02269   -3.41578   -0.72679   -2.07128
          2      23200 1536.05164   -1.03563   -0.02307   -1.04129   -0.02273   -3.41578   -0.72679   -2.07128
          2      23300 1542.53615   -1.03564   -0.02307   -1.04133   -0.02271   -3.41578   -0.72679   -2.07128
          2      23400 1549.26265   -1.03565   -0.02307   -1.04131   -0.02269   -3.41578   -0.72679   -2.07128
          2      23500 1555.45859   -1.03566   -0.02307   -1.04129   -0.02270   -3.41578   -0.72679   -2.07128
          2      23600 1562.53473   -1.03567   -0.02307   -1.04129   -0.02272   -3.41578   -0.72679   -2.07128
          2      23700 1569.20915   -1.03569   -0.02307   -1.04128   -0.02269   -3.41578   -0.72679   -2.07128
          2      23800 1576.11601   -1.03570   -0.02307   -1.04130   -0.02269   -3.41578   -0.72679   -2.07128
          2      23900 1583.03072   -1.03571   -0.02306   -1.04131   -0.02272   -3.41578   -0.72679   -2.07128
          2      24000 1590.07819   -1.03572   -0.02306   -1.04128   -0.02271   -3.41578   -0.72679   -2.07128
          2      24100 1596.73758   -1.03573   -0.02306   -1.04130   -0.02271   -3.41578   -0.72679   -2.07128
          2      24200 1603.59296   -1.03574   -0.02306   -1.04129   -0.02272   -3.41578   -0.72679   -2.07128
          2      24300 1610.16129   -1.03576   -0.02306   -1.04129   -0.02270   -3.41578   -0.72679   -2.07128
          2      24400 1616.88238   -1.03577   -0.02306   -1.04129   -0.02269   -3.41578   -0.72679   -2.07128
          2      24500 1624.17350   -1.03578   -0.02306   -1.04129   -0.02268   -3.41578   -0.72679   -2.07128
          2      24600 1630.85308   -1.03579   -0.02306   -1.04131   -0.02269   -3.41578   -0.72679   -2.07128
          2      24700 1637.75493   -1.03580   -0.02306   -1.04129   -0.02272   -3.41578   -0.72679   -2.07128
          2      24800 1644.32498   -1.03581   -0.02306   -1.04132   -0.02271   -3.41578   -0.72679   -2.07128
          2      24900 1650.91627   -1.03582   -0.02306   -1.04131   -0.02270   -3.41578   -0.72679   -2.07128
          2      25000 1657.27878   -1.03583   -0.02306   -1.04128   -0.02270   -3.41578   -0.72679   -2.07128
          2      25100 1664.14224   -1.03585   -0.02306   -1.04131   -0.02272   -3.41578   -0.72679   -2.07128
          2      25200 1670.45113   -1.03586   -0.02306   -1.04129   -0.02270   -3.41578   -0.72679   -2.07128
          2      25300 1677.15494   -1.03587   -0.02305   -1.04130   -0.02272   -3.41578   -0.72679   -2.07128
          2      25400 1683.70748   -1.03588   -0.02305   -1.04130   -0.02272   -3.41578   -0.72679   -2.07128
          2      25500 1689.77936   -1.03589   -0.02305   -1.04131   -0.02270   -3.41578   -0.72679   -2.07128
          2      25600 1696.83330   -1.03590   -0.02305   -1.04128   -0.02272   -3.41578   -0.72679   -2.07128
          2      25700 1703.02446   -1.03591   -0.02305   -1.04129   -0.02271   -3.41578   -0.72679   -2.07128
          2      25800 1709.47498   -1.03592   -0.02305   -1.04129   -0.02272   -3.41578   -0.72679   -2.07128
          2      25900 1715.93560   -1.03593   -0.02305   -1.04127   -0.02270   -3.41578   -0.72679   -2.07128
          2      26000 1722.46399   -1.03594   -0.02305   -1.04133   -0.02271   -3.41578   -0.72679   -2.07128
          2      26100 1728.82080   -1.03595   -0.02305   -1.04127   -0.02270   -3.41578   -0.72679   -2.07128
          2      26200 1735.50022   -1.03596   -0.02305   -1.04130   -0.02272   -3.41578   -0.72679   -2.07128
          2      26300 1742.64181   -1.03597   -0.02305   -1.04129   -0.02273   -3.41578   -0.72679   -2.07128
          2      26400 1749.11773   -1.03598   -0.02305   -1.04129   -0.02269   -3.41578   -0.72679   -2.07128
          2      26500 1755.61987   -1.03599   -0.02305   -1.04127   -0.02270   -3.41578   -0.72679   -2.07128
          2      26600 1762.35849   -1.03600   -0.02305   -1.04128   -0.02270   -3.41578   -0.72679   -2.07128
          2      26700 1769.11054   -1.03601   -0.02305   -1.04130   -0.02271   -3.41578   -0.72679   -2.07128
          2      26800 1775.26828   -1.03602   -0.02304   -1.04131   -0.02272   -3.41578   -0.72679   -2.07128
          2      26900 1781.82192   -1.03603   -0.02304   -1.04131   -0.02271   -3.41578   -0.72679   -2.07128
          2      27000 1788.02347   -1.03604   -0.02304   -1.04132   -0.02270   -3.41578   -0.72679   -2.07128
          2      27100 1793.94495   -1.03605   -0.02304   -1.04131   -0.02271   -3.41578   -0.72679   -2.07128
          2      27200 1800.41116   -1.03606   -0.02304   -1.04131   -0.02271   -3.41578   -0.72679   -2.07128
          2      27300 1807.07458   -1.03607   -0.02304   -1.04128   -0.02270   -3.41578   -0.72679   -2.07128
          2      27400 1814.04826   -1.03608   -0.02304   -1.04133   -0.02272   -3.41578   -0.72679   -2.07128
          2      27500 1820.84833   -1.03609   -0.02304   -1.04129   -0.02272   -3.41578   -0.72679   -2.07128
          2      27600 1827.61348   -1.03610   -0.02304   -1.04130   -0.02269   -3.41578   -0.72679   -2.07128
          2      27700 1834.08151   -1.03611   -0.02304   -1.04129   -0.02269   -3.41578   -0.72679   -2.07128
          2      27800 1840.47218   -1.03612   -0.02304   -1.04132   -0.02270   -3.41578   -0.72679   -2.07128
          2      27900 1846.89068   -1.03613   -0.02304   -1.04130   -0.02271   -3.41578   -0.72679   -2.07128
          2      28000 1853.62502   -1.03614   -0.02304   -1.04131   -0.02270   -3.41578   -0.72679   -2.07128
          2      28100 1860.22294   -1.03615   -0.02304   -1.04130   -0.02273   -3.41578   -0.72679   -2.07128
          2      28200 1867.83191   -1.03616   -0.02304   -1.04129   -0.02272   -3.41578   -0.72679   -2.07128
          2      28300 1874.06806   -1.03617   -0.02304   -1.04129   -0.02271   -3.41578   -0.72679   -2.07128
          2      28400 1880.73459   -1.03617   -0.02304   -1.04132   -0.02270   -3.41578   -0.72679   -2.07128
          2      28500 1887.56492   -1.03618   -0.02303   -1.04130   -0.02272   -3.41578   -0.72679   -2.07128
          2      28600 1894.31298   -1.03619   -0.02303   -1.04130   -0.02270   -3.41578   -0.72679   -2.07128
          2      28700 1900.97681   -1.03620   -0.02303   -1.04131   -0.02270   -3.41578   -0.72679   -2.07128
          2      28800 1907.29963   -1.03621   -0.02303   -1.04131   -0.02271   -3.41578   -0.72679   -2.07128
          2      28900 1913.46808   -1.03622   -0.02303   -1.04131   -0.02272   -3.41578   -0.72679   -2.07128
          2      29000 1920.00592   -1.03623   -0.02303   -1.04129   -0.02271   -3.41578   -0.72679   -2.07128
          2      29100 1926.12425   -1.03624   -0.02303   -1.04131   -0.02270   -3.41578   -0.72679   -2.07128
          2      29200 1932.83405   -1.03625   -0.02303   -1.04130   -0.02269   -3.41578   -0.72679   -2.07128
          2      29300 1939.18714   -1.03625   -0.02303   -1.04131   -0.02271   -3.41578   -0.72679   -2.07128
          2      29400 1945.81994   -1.03626   -0.02303   -1.04131   -0.02269   -3.41578   -0.72679   -2.07128
          2      29500 1952.14248   -1.03627   -0.02303   -1.04129   -0.02271   -3.41578   -0.72679   -2.07128
          2      29600 1958.43832   -1.03628   -0.02303   -1.04128   -0.02270   -3.41578   -0.72679   -2.07128
          2      29700 1965.17120   -1.03629   -0.02303   -1.04130   -0.02271   -3.41578   -0.72679   -2.07128
          2      29800 1971.97517   -1.03630   -0.02303   -1.04131   -0.02270   -3.41578   -0.72679   -2.07128
          2      29900 1978.70593   -1.03631   -0.02303   -1.04132   -0.02272   -3.41578   -0.72679   -2.07128
          2      30000 1985.20793   -1.03631   -0.02303   -1.04131   -0.02271   -3.41578   -0.72679   -2.07128
          2      30100 1991.98828   -1.03632   -0.02303   -1.04131   -0.02271   -3.41578   -0.72679   -2.07128
          2      30200 1999.32231   -1.03633   -0.02303   -1.04132   -0.02270   -3.41578   -0.72679   -2.07128
          2      30300 2005.95053   -1.03634   -0.02302   -1.04128   -0.02273   -3.41578   -0.72679   -2.07128
          2      30400 2012.63513   -1.03635   -0.02302   -1.04129   -0.02271   -3.41578   -0.72679   -2.07128
          2      30500 2018.98161   -1.03636   -0.02302   -1.04130   -0.02270   -3.41578   -0.72679   -2.07128
          2      30600 2025.70617   -1.03636   -0.02302   -1.04131   -0.02270   -3.41578   -0.72679   -2.07128
          2      30700 2032.73996   -1.03637   -0.02302   -1.04132   -0.02272   -3.41578   -0.72679   -2.07128
          2      30800 2039.15476   -1.03638   -0.02302   -1.04130   -0.02272   -3.41578   -0.72679   -2.07128
          2      30900 2046.16902   -1.03639   -0.02302   -1.04131   -0.02270   -3.41578   -0.72679   -2.07128
          2      31000 2052.62233   -1.03640   -0.02302   -1.04129   -0.02272   -3.41578   -0.72679   -2.07128
          2      31100 2058.70683   -1.03640   -0.02302   -1.04131   -0.02271   -3.41578   -0.72679   -2.07128
          2      31200 2065.28231   -1.03641   -0.02302   -1.04130   -0.02270   -3.41578   -0.72679   -2.07128
          2      31300 2071.55313   -1.03642   -0.02302   -1.04132   -0.02271   -3.41578   -0.72679   -2.07128
          2      31400 2077.86927   -1.03643   -0.02302   -1.04131   -0.02272   -3.41578   -0.72679   -2.07128
          2      31500 2084.51376   -1.03644   -0.02302   -1.04132   -0.02270   -3.41578   -0.72679   -2.07128
          2      31600 2090.84148   -1.03644   -0.02302   -1.04130   -0.02271   -3.41578   -0.72679   -2.07128
          2      31700 2097.60539   -1.03645   -0.02302   -1.04133   -0.02270   -3.41578   -0.72679   -2.07128
          2      31800 2103.71098   -1.03646   -0.02302   -1.04132   -0.02270   -3.41578   -0.72679   -2.07128
          2      31900 2110.11549   -1.03647   -0.02302   -1.04130   -0.02272   -3.41578   -0.72679   -2.07128
          2      32000 2116.36074   -1.03647   -0.02302   -1.04132   -0.02271   -3.41578   -0.72679   -2.07128
          2      32100 2123.50466   -1.03648   -0.02302   -1.04132   -0.02271   -3.41578   -0.72679   -2.07128
          2      32200 2129.45407   -1.03649   -0.02302   -1.04129   -0.02270   -3.41578   -0.72679   -2.07128
          2      32300 2135.92881   -1.03650   -0.02302   -1.04132   -0.02269   -3.41578   -0.72679   -2.07128
          2      32400 2142.72636   -1.03650   -0.02301   -1.04130   -0.02271   -3.41578   -0.72679   -2.07128
          2      32500 2149.55079   -1.03651   -0.02301   -1.04129   -0.02271   -3.41578   -0.72679   -2.07128
          2      32600 2157.18649   -1.03652   -0.02301   -1.04130   -0.02270   -3.41578   -0.72679   -2.07128
          2      32700 2163.72678   -1.03653   -0.02301   -1.04132   -0.02272   -3.41578   -0.72679   -2.07128
          2      32800 2170.38108   -1.03653   -0.02301   -1.04131   -0.02270   -3.41578   -0.72679   -2.07128
          2      32900 2176.84437   -1.03654   -0.02301   -1.04128   -0.02273   -3.41578   -0.72679   -2.07128
          2      33000 2183.52375   -1.03655   -0.02301   -1.04129   -0.02274   -3.41578   -0.72679   -2.07128
          2      33100 2190.04898   -1.03656   -0.02301   -1.04132   -0.02271   -3.41578   -0.72679   -2.07128
          2      33200 2196.55365   -1.03656   -0.02301   -1.04132   -0.02271   -3.41578   -0.72679   -2.07128
          2      33300 2203.13008   -1.03657   -0.02301   -1.04130   -0.02273   -3.41578   -0.72679   -2.07128
          2      33400 2209.90503   -1.03658   -0.02301   -1.04133   -0.02271   -3.41578   -0.72679   -2.07128
          2      33500 2216.09039   -1.03658   -0.02301   -1.04133   -0.02270   -3.41578   -0.72679   -2.07128
          2      33600 2223.01681   -1.03659   -0.02301   -1.04132   -0.02271   -3.41578   -0.72679   -2.07128
          2      33700 2229.61372   -1.03660   -0.02301   -1.04131   -0.02272   -3.41578   -0.72679   -2.07128
          2      33800 2236.12140   -1.03661   -0.02301   -1.04131   -0.02271   -3.41578   -0.72679   -2.07128
          2      33900 2242.45513   -1.03661   -0.02301   -1.04133   -0.02270   -3.41578   -0.72679   -2.07128
          2      34000 2249.06688   -1.03662   -0.02301   -1.04129   -0.02271   -3.41578   -0.72679   -2.07128
          2      34100 2255.51281   -1.03663   -0.02301   -1.04130   -0.02270   -3.41578   -0.72679   -2.07128
          2      34200 2262.20597   -1.03663   -0.02301   -1.04132   -0.02271   -3.41578   -0.72679   -2.07128
          2      34300 2268.72312   -1.03664   -0.02301   -1.04132   -0.02271   -3.41578   -0.72679   -2.07128
          2      34400 2275.42496   -1.03665   -0.02301   -1.04131   -0.02271   -3.41578   -0.72679   -2.07128
          2      34500 2282.32309   -1.03665   -0.02301   -1.04132   -0.02269   -3.41578   -0.72679   -2.07128
          2      34600 2289.23059   -1.03666   -0.02300   -1.04131   -0.02270   -3.41578   -0.72679   -2.07128
          2      34700 2295.58647   -1.03667   -0.02300   -1.04132   -0.02271   -3.41578   -0.72679   -2.07128
          2      34800 2302.08569   -1.03667   -0.02300   -1.04131   -0.02270   -3.41578   -0.72679   -2.07128
          2      34900 2308.83356   -1.03668   -0.02300   -1.04130   -0.02272   -3.41578   -0.72679   -2.07128
          2      35000 2315.43975   -1.03669   -0.02300   -1.04132   -0.02273   -3.41578   -0.72679   -2.07128
          2      35100 2321.73757   -1.03669   -0.02300   -1.04133   -0.02270   -3.41578   -0.72679   -2.07128
          2      35200 2328.44658   -1.03670   -0.02300   -1.04132   -0.02271   -3.41578   -0.72679   -2.07128
          2      35300 2334.93116   -1.03671   -0.02300   -1.04131   -0.02273   -3.41578   -0.72679   -2.07128
          2      35400 2341.43363   -1.03671   -0.02300   -1.04131   -0.02272   -3.41578   -0.72679   -2.07128
          2      35500 2347.70808   -1.03672   -0.02300   -1.04130   -0.02271   -3.41578   -0.72679   -2.07128
          2      35600 2354.59585   -1.03673   -0.02300   -1.04129   -0.02270   -3.41578   -0.72679   -2.07128
          2      35700 2361.11550   -1.03673   -0.02300   -1.04131   -0.02269   -3.41578   -0.72679   -2.07128
          2      35800 2368.12938   -1.03674   -0.02300   -1.04132   -0.02269   -3.41578   -0.72679   -2.07128
          2      35900 2374.73604   -1.03675   -0.02300   -1.04131   -0.02271   -3.41578   -0.72679   -2.07128
          2      36000 2381.27807   -1.03675   -0.02300   -1.04131   -0.02269   -3.41578   -0.72679   -2.07128
          2      36100 2387.33009   -1.03676   -0.02300   -1.04132   -0.02272   -3.41578   -0.72679   -2.07128
          2      36200 2393.97263   -1.03677   -0.02300   -1.04133   -0.02271   -3.41578   -0.72679   -2.07128
          2      36300 2400.62140   -1.03677   -0.02300   -1.04132   -0.02272   -3.41578   -0.72679   -2.07128
          2      36400 2407.37043   -1.03678   -0.02300   -1.04132   -0.02272   -3.41578   -0.72679   -2.07128
          2      36500 2413.88435   -1.03678   -0.02300   -1.04130   -0.02270   -3.41578   -0.72679   -2.07128
          2      36600 2420.69468   -1.03679   -0.02300   -1.04131   -0.02271   -3.41578   -0.72679   -2.07128
          2      36700 2427.56236   -1.03680   -0.02300   -1.04130   -0.02270   -3.41578   -0.72679   -2.07128
          2      36800 2434.32434   -1.03680   -0.02300   -1.04131   -0.02269   -3.41578   -0.72679   -2.07128
          2      36900 2441.23471   -1.03681   -0.02300   -1.04131   -0.02270   -3.41578   -0.72679   -2.07128
          2      37000 2447.56434   -1.03681   -0.02299   -1.04131   -0.02270   -3.41578   -0.72679   -2.07128
          2      37100 2454.05696   -1.03682   -0.02299   -1.04130   -0.02270   -3.41578   -0.72679   -2.07128
          2      37200 2460.91074   -1.03683   -0.02299   -1.04131   -0.02269   -3.41578   -0.72679   -2.07128
          2      37300 2468.09620   -1.03683   -0.02299   -1.04129   -0.02271   -3.41578   -0.72679   -2.07128
          2      37400 2474.68182   -1.03684   -0.02299   -1.04130   -0.02271   -3.41578   -0.72679   -2.07128
          2      37500 2480.99110   -1.03685   -0.02299   -1.04131   -0.02271   -3.41578   -0.72679   -2.07128
          2      37600 2488.02401   -1.03685   -0.02299   -1.04132   -0.02270   -3.41578   -0.72679   -2.07128
          2      37700 2494.19343   -1.03686   -0.02299   -1.04131   -0.02270   -3.41578   -0.72679   -2.07128
          2      37800 2500.40474   -1.03686   -0.02299   -1.04130   -0.02272   -3.41578   -0.72679   -2.07128
          2      37900 2507.10319   -1.03687   -0.02299   -1.04133   -0.02270   -3.41578   -0.72679   -2.07128
          2      38000 2513.36758   -1.03687   -0.02299   -1.04133   -0.02271   -3.41578   -0.72679   -2.07128
          2      38100 2519.55642   -1.03688   -0.02299   -1.04131   -0.02272   -3.41578   -0.72679   -2.07128
          2      38200 2526.42301   -1.03689   -0.02299   -1.04132   -0.02271   -3.41578   -0.72679   -2.07128
          2      38300 2533.18609   -1.03689   -0.02299   -1.04131   -0.02270   -3.41578   -0.72679   -2.07128
          2      38400 2539.83879   -1.03690   -0.02299   -1.04132   -0.02271   -3.41578   -0.72679   -2.07128
          2      38500 2546.54172   -1.03690   -0.02299   -1.04132   -0.02271   -3.41578   -0.72679   -2.07128
          2      38600 2552.99526   -1.03691   -0.02299   -1.04130   -0.02272   -3.41578   -0.72679   -2.07128
          2      38700 2559.41130   -1.03692   -0.02299   -1.04133   -0.02271   -3.41578   -0.72679   -2.07128
          2      38800 2566.39231   -1.03692   -0.02299   -1.04132   -0.02271   -3.41578   -0.72679   -2.07128
          2      38900 2573.24857   -1.03693   -0.02299   -1.04131   -0.02270   -3.41578   -0.72679   -2.07128
          2      39000 2579.63204   -1.03693   -0.02299   -1.04132   -0.02272   -3.41578   -0.72679   -2.07128
          2      39100 2586.17120   -1.03694   -0.02299   -1.04130   -0.02272   -3.41578   -0.72679   -2.07128
          2      39200 2592.45950   -1.03694   -0.02299   -1.04131   -0.02270   -3.41578   -0.72679   -2.07128
          2      39300 2599.11538   -1.03695   -0.02299   -1.04132   -0.02272   -3.41578   -0.72679   -2.07128
          2      39400 2606.35924   -1.03696   -0.02299   -1.04131   -0.02271   -3.41578   -0.72679   -2.07128
          2      39500 2612.66184   -1.03696   -0.02299   -1.04130   -0.02269   -3.41578   -0.72679   -2.07128
          2      39600 2619.07671   -1.03697   -0.02299   -1.04130   -0.02271   -3.41578   -0.72679   -2.07128
          2      39700 2625.59141   -1.03697   -0.02299   -1.04130   -0.02271   -3.41578   -0.72679   -2.07128
          2      39800 2632.16189   -1.03698   -0.02298   -1.04129   -0.02272   -3.41578   -0.72679   -2.07128
          2      39900 2638.51054   -1.03698   -0.02298   -1.04129   -0.02272   -3.41578   -0.72679   -2.07128
          2      40000 2645.08886   -1.03699   -0.02298   -1.04130   -0.02270   -3.41578   -0.72679   -2.07128
          2      40100 2651.88569   -1.03699   -0.02298   -1.04130   -0.02272   -3.41578   -0.72679   -2.07128
          2      40200 2658.61742   -1.03700   -0.02298   -1.04129   -0.02271   -3.41578   -0.72679   -2.07128
          2      40300 2664.82919   -1.03700   -0.02298   -1.04130   -0.02271   -3.41578   -0.72679   -2.07128
          2      40400 2671.88645   -1.03701   -0.02298   -1.04131   -0.02269   -3.41578   -0.72679   -2.07128
          2      40500 2678.75803   -1.03702   -0.02298   -1.04131   -0.02271   -3.41578   -0.72679   -2.07128
          2      40600 2686.15790   -1.03702   -0.02298   -1.04131   -0.02271   -3.41578   -0.72679   -2.07128
          2      40700 2693.35861   -1.03703   -0.02298   -1.04132   -0.02271   -3.41578   -0.72679   -2.07128
          2      40800 2699.67499   -1.03703   -0.02298   -1.04132   -0.02272   -3.41578   -0.72679   -2.07128
          2      40900 2706.51628   -1.03704   -0.02298   -1.04132   -0.02270   -3.41578   -0.72679   -2.07128
          2      41000 2712.83559   -1.03704   -0.02298   -1.04132   -0.02270   -3.41578   -0.72679   -2.07128
          2      41100 2719.49441   -1.03705   -0.02298   -1.04132   -0.02269   -3.41578   -0.72679   -2.07128
          2      41200 2726.26065   -1.03705   -0.02298   -1.04132   -0.02270   -3.41578   -0.72679   -2.07128
          2      41300 2732.72205   -1.03706   -0.02298   -1.04131   -0.02269   -3.41578   -0.72679   -2.07128
          2      41400 2739.23264   -1.03706   -0.02298   -1.04133   -0.02269   -3.41578   -0.72679   -2.07128
          2      41500 2745.90995   -1.03707   -0.02298   -1.04132   -0.02272   -3.41578   -0.72679   -2.07128
          2      41600 2752.19597   -1.03707   -0.02298   -1.04131   -0.02271   -3.41578   -0.72679   -2.07128
          2      41700 2758.43194   -1.03708   -0.02298   -1.04133   -0.02271   -3.41578   -0.72679   -2.07128
          2      41800 2765.34911   -1.03708   -0.02298   -1.04132   -0.02270   -3.41578   -0.72679   -2.07128
          2      41900 2772.15893   -1.03709   -0.02298   -1.04132   -0.02272   -3.41578   -0.72679   -2.07128
          2      42000 2778.55262   -1.03709   -0.02298   -1.04131   -0.02272   -3.41578   -0.72679   -2.07128
          2      42100 2785.00552   -1.03710   -0.02298   -1.04131   -0.02270   -3.41578   -0.72679   -2.07128
          2      42200 2791.25093   -1.03710   -0.02298   -1.04128   -0.02272   -3.41578   -0.72679   -2.07128
          2      42300 2797.94366   -1.03711   -0.02298   -1.04133   -0.02271   -3.41578   -0.72679   -2.07128
          2      42400 2804.60124   -1.03711   -0.02298   -1.04131   -0.02271   -3.41578   -0.72679   -2.07128
          2      42500 2811.26343   -1.03712   -0.02298   -1.04130   -0.02270   -3.41578   -0.72679   -2.07128
          2      42600 2817.79377   -1.03712   -0.02298   -1.04131   -0.02272   -3.41578   -0.72679   -2.07128
          2      42700 2824.21387   -1.03713   -0.02298   -1.04129   -0.02272   -3.41578   -0.72679   -2.07128
          2      42800 2831.60979   -1.03713   -0.02297   -1.04130   -0.02271   -3.41578   -0.72679   -2.07128
          2      42900 2838.21703   -1.03714   -0.02297   -1.04133   -0.02270   -3.41578   -0.72679   -2.07128
          2      43000 2844.47683   -1.03714   -0.02297   -1.04131   -0.02270   -3.41578   -0.72679   -2.07128
          2      43100 2851.05572   -1.03715   -0.02297   -1.04131   -0.02271   -3.41578   -0.72679   -2.07128
          2      43200 2857.97456   -1.03715   -0.02297   -1.04129   -0.02270   -3.41578   -0.72679   -2.07128
          2      43300 2865.01328   -1.03716   -0.02297   -1.04133   -0.02271   -3.41578   -0.72679   -2.07128
          2      43400 2871.71401   -1.03716   -0.02297   -1.04131   -0.02271   -3.41578   -0.72679   -2.07128
          2      43500 2878.67521   -1.03717   -0.02297   -1.04130   -0.02271   -3.41578   -0.72679   -2.07128
          2      43600 2885.19122   -1.03717   -0.02297   -1.04129   -0.02271   -3.41578   -0.72679   -2.07128
          2      43700 2891.63949   -1.03718   -0.02297   -1.04130   -0.02270   -3.41578   -0.72679   -2.07128
          2      43800 2898.00527   -1.03718   -0.02297   -1.04131   -0.02270   -3.41578   -0.72679   -2.07128
          2      43900 2904.51237   -1.03719   -0.02297   -1.04130   -0.02270   -3.41578   -0.72679   -2.07128
          2      44000 2910.91660   -1.03719   -0.02297   -1.04132   -0.02269   -3.41578   -0.72679   -2.07128
          2      44100 2917.41070   -1.03720   -0.02297   -1.04132   -0.02271   -3.41578   -0.72679   -2.07128
          2      44200 2924.39920   -1.03720   -0.02297   -1.04130   -0.02270   -3.41578   -0.72679   -2.07128
          2      44300 2930.62818   -1.03720   -0.02297   -1.04132   -0.02272   -3.41578   -0.72679   -2.07128
          2      44400 2937.08218   -1.03721   -0.02297   -1.04132   -0.02268   -3.41578   -0.72679   -2.07128
          2      44500 2943.84010   -1.03721   -0.02297   -1.04129   -0.02273   -3.41578   -0.72679   -2.07128
          2      44600 2950.06629   -1.03722   -0.02297   -1.04133   -0.02270   -3.41578   -0.72679   -2.07128
          2      44700 2956.17856   -1.03722   -0.02297   -1.04133   -0.02270   -3.41578   -0.72679   -2.07128
          2      44800 2963.31111   -1.03723   -0.02297   -1.04131   -0.02271   -3.41578   -0.72679   -2.07128
          2      44900 2969.97887   -1.03723   -0.02297   -1.04131   -0.02272   -3.41578   -0.72679   -2.07128
          2      45000 2976.63733   -1.03724   -0.02297   -1.04132   -0.02272   -3.41578   -0.72679   -2.07128
          2      45100 2983.12521   -1.03724   -0.02297   -1.04132   -0.02270   -3.41578   -0.72679   -2.07128
          2      45200 2989.45460   -1.03725   -0.02297   -1.04132   -0.02269   -3.41578   -0.72679   -2.07128
          2      45300 2995.84966   -1.03725   -0.02297   -1.04131   -0.02270   -3.41578   -0.72679   -2.07128
          2      45400 3002.22776   -1.03726   -0.02297   -1.04131   -0.02269   -3.41578   -0.72679   -2.07128
          2      45500 3008.51187   -1.03726   -0.02297   -1.04132   -0.02270   -3.41578   -0.72679   -2.07128
          2      45600 3015.02027   -1.03726   -0.02297   -1.04131   -0.02270   -3.41578   -0.72679   -2.07128
          2      45700 3021.59176   -1.03727   -0.02297   -1.04131   -0.02272   -3.41578   -0.72679   -2.07128
          2      45800 3028.06476   -1.03727   -0.02297   -1.04132   -0.02272   -3.41578   -0.72679   -2.07128
          2      45900 3034.66809   -1.03728   -0.02297   -1.04131   -0.02270   -3.41578   -0.72679   -2.07128
          2      46000 3041.31257   -1.03728   -0.02297   -1.04131   -0.02271   -3.41578   -0.72679   -2.07128
          2      46100 3047.42154   -1.03729   -0.02297   -1.04133   -0.02271   -3.41578   -0.72679   -2.07128
          2      46200 3054.29620   -1.03729   -0.02296   -1.04131   -0.02269   -3.41578   -0.72679   -2.07128
          2      46300 3060.34477   -1.03730   -0.02296   -1.04131   -0.02271   -3.41578   -0.72679   -2.07128
          2      46400 3066.69394   -1.03730   -0.02296   -1.04133   -0.02270   -3.41578   -0.72679   -2.07128
          2      46500 3073.19185   -1.03730   -0.02296   -1.04130   -0.02270   -3.41578   -0.72679   -2.07128
          2      46600 3079.72487   -1.03731   -0.02296   -1.04133   -0.02271   -3.41578   -0.72679   -2.07128
          2      46700 3086.44720   -1.03731   -0.02296   -1.04131   -0.02271   -3.41578   -0.72679   -2.07128
          2      46800 3093.47934   -1.03732   -0.02296   -1.04131   -0.02270   -3.41578   -0.72679   -2.07128
          2      46900 3099.96665   -1.03732   -0.02296   -1.04131   -0.02271   -3.41578   -0.72679   -2.07128
          2      47000 3106.29968   -1.03733   -0.02296   -1.04130   -0.02270   -3.41578   -0.72679   -2.07128
          2      47100 3112.65628   -1.03733   -0.02296   -1.04132   -0.02271   -3.41578   -0.72679   -2.07128
          2      47200 3118.73361   -1.03733   -0.02296   -1.04131   -0.02271   -3.41578   -0.72679   -2.07128
          2      47300 3124.61208   -1.03734   -0.02296   -1.04132   -0.02271   -3.41578   -0.72679   -2.07128
          2      47400 3130.81846   -1.03734   -0.02296   -1.04131   -0.02271   -3.41578   -0.72679   -2.07128
          2      47500 3136.99933   -1.03735   -0.02296   -1.04131   -0.02270   -3.41578   -0.72679   -2.07128
          2      47600 3144.14842   -1.03735   -0.02296   -1.04131   -0.02270   -3.41578   -0.72679   -2.07128
          2      47700 3150.60370   -1.03736   -0.02296   -1.04132   -0.02270   -3.41578   -0.72679   -2.07128
          2      47800 3157.12249   -1.03736   -0.02296   -1.04131   -0.02270   -3.41578   -0.72679   -2.07128
          2      47900 3163.69007   -1.03736   -0.02296   -1.04133   -0.02272   -3.41578   -0.72679   -2.07128
          2      48000 3170.33597   -1.03737   -0.02296   -1.04130   -0.02272   -3.41578   -0.72679   -2.07128
          2      48100 3176.74462   -1.03737   -0.02296   -1.04131   -0.02270   -3.41578   -0.72679   -2.07128
          2      48200 3182.97668   -1.03738   -0.02296   -1.04130   -0.02272   -3.41578   -0.72679   -2.07128
          2      48300 3190.03393   -1.03738   -0.02296   -1.04131   -0.02272   -3.41578   -0.72679   -2.07128
          2      48400 3196.53386   -1.03738   -0.02296   -1.04132   -0.02271   -3.41578   -0.72679   -2.07128
          2      48500 3202.63814   -1.03739   -0.02296   -1.04129   -0.02271   -3.41578   -0.72679   -2.07128
          2      48600 3209.18168   -1.03739   -0.02296   -1.04132   -0.02271   -3.41578   -0.72679   -2.07128
          2      48700 3216.22927   -1.03740   -0.02296   -1.04133   -0.02272   -3.41578   -0.72679   -2.07128
          2      48800 3222.78916   -1.03740   -0.02296   -1.04132   -0.02269   -3.41578   -0.72679   -2.07128
          2      48900 3228.98319   -1.03740   -0.02296   -1.04132   -0.02271   -3.41578   -0.72679   -2.07128
          2      49000 3235.29669   -1.03741   -0.02296   -1.04131   -0.02271   -3.41578   -0.72679   -2.07128
          2      49100 3242.11840   -1.03741   -0.02296   -1.04132   -0.02272   -3.41578   -0.72679   -2.07128
          2      49200 3248.39610   -1.03742   -0.02296   -1.04131   -0.02272   -3.41578   -0.72679   -2.07128
          2      49300 3255.07315   -1.03742   -0.02296   -1.04131   -0.02272   -3.41578   -0.72679   -2.07128
          2      49400 3261.20948   -1.03742   -0.02296   -1.04132   -0.02273   -3.41578   -0.72679   -2.07128
          2      49500 3267.38730   -1.03743   -0.02296   -1.04132   -0.02272   -3.41578   -0.72679   -2.07128
          2      49600 3273.30489   -1.03743   -0.02296   -1.04131   -0.02271   -3.41578   -0.72679   -2.07128
          2      49700 3279.68397   -1.03744   -0.02296   -1.04132   -0.02270   -3.41578   -0.72679   -2.07128
          2      49800 3285.83596   -1.03744   -0.02296   -1.04129   -0.02271   -3.41578   -0.72679   -2.07128
          2      49900 3292.86236   -1.03744   -0.02296   -1.04130   -0.02270   -3.41578   -0.72679   -2.07128
          2      50000 3299.44216   -1.03745   -0.02296   -1.04130   -0.02271   -3.41578   -0.72679   -2.07128
          2      50100 3306.04998   -1.03745   -0.02295   -1.04133   -0.02271   -3.41578   -0.72679   -2.07128
          2      50200 3312.38646   -1.03746   -0.02295   -1.04133   -0.02269   -3.41578   -0.72679   -2.07128
          2      50300 3319.28798   -1.03746   -0.02295   -1.04130   -0.02271   -3.41578   -0.72679   -2.07128
          2      50400 3325.22198   -1.03746   -0.02295   -1.04133   -0.02272   -3.41578   -0.72679   -2.07128
          2      50500 3332.10364   -1.03747   -0.02295   -1.04130   -0.02272   -3.41578   -0.72679   -2.07128
          2      50600 3339.06402   -1.03747   -0.02295   -1.04131   -0.02270   -3.41578   -0.72679   -2.07128
          2      50700 3345.01824   -1.03747   -0.02295   -1.04131   -0.02271   -3.41578   -0.72679   -2.07128
          2      50800 3351.81707   -1.03748   -0.02295   -1.04133   -0.02272   -3.41578   -0.72679   -2.07128
          2      50900 3358.37392   -1.03748   -0.02295   -1.04131   -0.02273   -3.41578   -0.72679   -2.07128
          2      51000 3364.66053   -1.03749   -0.02295   -1.04132   -0.02271   -3.41578   -0.72679   -2.07128
          2      51100 3371.10884   -1.03749   -0.02295   -1.04132   -0.02270   -3.41578   -0.72679   -2.07128
          2      51200 3377.14514   -1.03749   -0.02295   -1.04131   -0.02271   -3.41578   -0.72679   -2.07128
          2      51300 3383.41677   -1.03750   -0.02295   -1.04132   -0.02271   -3.41578   -0.72679   -2.07128
          2      51400 3389.60380   -1.03750   -0.02295   -1.04132   -0.02271   -3.41578   -0.72679   -2.07128
          2      51500 3396.20166   -1.03751   -0.02295   -1.04132   -0.02270   -3.41578   -0.72679   -2.07128
          2      51600 3402.72764   -1.03751   -0.02295   -1.04131   -0.02271   -3.41578   -0.72679   -2.07128
          2      51700 3409.10957   -1.03751   -0.02295   -1.04130   -0.02271   -3.41578   -0.72679   -2.07128
          2      51800 3415.52778   -1.03752   -0.02295   -1.04130   -0.02271   -3.41578   -0.72679   -2.07128
          2      51900 3422.15018   -1.03752   -0.02295   -1.04132   -0.02271   -3.41578   -0.72679   -2.07128
          2      52000 3429.07014   -1.03752   -0.02295   -1.04132   -0.02271   -3.41578   -0.72679   -2.07128
          2      52100 3435.79918   -1.03753   -0.02295   -1.04132   -0.02271   -3.41578   -0.72679   -2.07128
          2      52200 3442.08046   -1.03753   -0.02295   -1.04131   -0.02272   -3.41578   -0.72679   -2.07128
          2      52300 3449.04415   -1.03753   -0.02295   -1.04129   -0.02271   -3.41578   -0.72679   -2.07128
          2      52400 3455.99061   -1.03754   -0.02295   -1.04131   -0.02270   -3.41578   -0.72679   -2.07128
          2      52500 3462.26301   -1.03754   -0.02295   -1.04131   -0.02272   -3.41578   -0.72679   -2.07128
          2      52600 3468.42452   -1.03755   -0.02295   -1.04132   -0.02271   -3.41578   -0.72679   -2.07128
          2      52700 3474.95928   -1.03755   -0.02295   -1.04129   -0.02270   -3.41578   -0.72679   -2.07128
          2      52800 3481.77288   -1.03755   -0.02295   -1.04130   -0.02271   -3.41578   -0.72679   -2.07128
          2      52900 3489.59746   -1.03756   -0.02295   -1.04131   -0.02270   -3.41578   -0.72679   -2.07128
          2      53000 3496.18917   -1.03756   -0.02295   -1.04132   -0.02269   -3.41578   -0.72679   -2.07128
          2      53100 3502.84553   -1.03756   -0.02295   -1.04131   -0.02269   -3.41578   -0.72679   -2.07128
          2      53200 3509.54046   -1.03757   -0.02295   -1.04130   -0.02271   -3.41578   -0.72679   -2.07128
          2      53300 3516.31135   -1.03757   -0.02295   -1.04131   -0.02271   -3.41578   -0.72679   -2.07128
          2      53400 3522.40783   -1.03757   -0.02295   -1.04131   -0.02269   -3.41578   -0.72679   -2.07128
          2      53500 3529.04839   -1.03758   -0.02295   -1.04133   -0.02270   -3.41578   -0.72679   -2.07128
          2      53600 3535.33884   -1.03758   -0.02295   -1.04132   -0.02270   -3.41578   -0.72679   -2.07128
          2      53700 3541.84970   -1.03758   -0.02295   -1.04130   -0.02270   -3.41578   -0.72679   -2.07128
          2      53800 3548.15751   -1.03759   -0.02295   -1.04131   -0.02271   -3.41578   -0.72679   -2.07128
          2      53900 3555.19199   -1.03759   -0.02295   -1.04132   -0.02271   -3.41578   -0.72679   -2.07128
          2      54000 3561.32650   -1.03760   -0.02295   -1.04133   -0.02271   -3.41578   -0.72679   -2.07128
          2      54100 3567.75774   -1.03760   -0.02295   -1.04132   -0.02271   -3.41578   -0.72679   -2.07128
          2      54200 3574.47362   -1.03760   -0.02295   -1.04133   -0.02271   -3.41578   -0.72679   -2.07128
          2      54300 3581.66761   -1.03761   -0.02295   -1.04129   -0.02272   -3.41578   -0.72679   -2.07128
          2      54400 3588.80861   -1.03761   -0.02294   -1.04132   -0.02270   -3.41578   -0.72679   -2.07128
          2      54500 3595.45091   -1.03761   -0.02294   -1.04132   -0.02271   -3.41578   -0.72679   -2.07128
          2      54573 3600.00392   -1.03761   -0.02294   -1.04130   -0.02270   -3.41578   -0.72679   -2.07128
