          1          0    0.00000   -0.57986    0.49254   -0.57986    0.49254   -4.22223    4.22223    0.00000
          1         13    1.05191   -0.13592   -0.06037   -0.02194   -0.02832   -4.22223   -0.02194    0.00000
          2          0    1.05191   -0.07259   -0.06578   -0.02194   -0.02832   -4.22223   -0.02194   -2.12208
          2        100    7.81623   -0.62528    0.52880   -0.74688    1.00340   -4.22223   -0.02194   -2.12208
          2        200   14.43882   -0.66883    0.65524   -0.75673    1.00382   -4.22223   -0.02194   -2.12208
          2        300   20.97683   -0.68777    0.71649   -0.75929    1.00535   -4.22223   -0.02194   -2.12208
          2        400   27.84266   -0.69897    0.75441   -0.76012    1.00626   -4.22223   -0.02194   -2.12208
          2        500   34.31284   -0.70655    0.78067   -0.75471    1.00640   -4.22223   -0.02194   -2.12208
          2        600   41.09912   -0.71209    0.80022   -0.76182    1.00637   -4.22223   -0.02194   -2.12208
          2        700   47.34578   -0.71638    0.81552   -0.76303    1.00541   -4.22223   -0.02194   -2.12208
          2        800   53.78096   -0.71982    0.82791   -0.76252    1.00669   -4.22223   -0.02194   -2.12208
          2        900   61.46336   -0.72265    0.83821   -0.76198    1.00636   -4.22223   -0.02194   -2.12208
          2       1000   67.90416   -0.72504    0.84696   -0.75551    1.00607   -4.22223   -0.02194   -2.12208
          2       1100   74.21034   -0.72708    0.85448   -0.75612    1.00627   -4.22223   -0.02194   -2.12208
          2       1200   81.17111   -0.72886    0.86107   -0.76181    0.99974   -4.22223   -0.02194   -2.12208
          2       1300   87.67655   -0.73044    0.86686   -0.75620    1.00414   -4.22223   -0.02194   -2.12208
          2       1400   94.04273   -0.73183    0.87200   -0.76456    1.00568   -4.22223   -0.02194   -2.12208
          2       1500  100.60828   -0.73309    0.87669   -0.76489    1.00716   -4.22223   -0.02194   -2.12208
          2       1600  107.02127   -0.73422    0.88090   -0.75997    1.00268   -4.22223   -0.02194   -2.12208
          2       1700  113.80121   -0.73524    0.88473   -0.76407    1.00756   -4.22223   -0.02194   -2.12208
          2       1800  120.49787   -0.73617    0.88826   -0.76466    1.00586   -4.22223   -0.02194   -2.12208
          2       1900  127.11620   -0.73699    0.89142   -0.75707    1.00730   -4.22223   -0.02194   -2.12208
          2       2000  133.85921   -0.73775    0.89433   -0.76458    1.00393   -4.22223   -0.02194   -2.12208
          2       2100  140.66986   -0.73846    0.89704   -0.76529    1.00254   -4.22223   -0.02194   -2.12208
          2       2200  147.75869   -0.73911    0.89953   -0.75792    1.00640   -4.22223   -0.02194   -2.12208
          2       2300  154.99693   -0.73972    0.90187   -0.76469    1.00365   -4.22223   -0.02194   -2.12208
          2       2400  161.61186   -0.74029    0.90406   -0.76527    1.00251   -4.22223   -0.02194   -2.12208
          2       2500  168.17611   -0.74082    0.90610   -0.75859    1.00569   -4.22223   -0.02194   -2.12208
          2       2600  174.47592   -0.74132    0.90803   -0.76479    1.00342   -4.22223   -0.02194   -2.12208
          2       2700  180.66067   -0.74180    0.90985   -0.76527    1.00249   -4.22223   -0.02194   -2.12208
          2       2800  186.76132   -0.74225    0.91156   -0.75914    1.00513   -4.22223   -0.02194   -2.12208
          2       2900  193.27080   -0.74267    0.91319   -0.76487    1.00323   -4.22223   -0.02194   -2.12208
          2       3000  200.24294   -0.74307    0.91473   -0.76527    1.00246   -4.22223   -0.02194   -2.12208
          2       3100  207.13988   -0.74345    0.91619   -0.75960    1.00466   -4.22223   -0.02194   -2.12208
          2       3200  213.76577   -0.74382    0.91759   -0.76494    1.00308   -4.22223   -0.02194   -2.12208
          2       3300  220.48937   -0.74416    0.91892   -0.76527    1.00243   -4.22223   -0.02194   -2.12208
          2       3400  227.09522   -0.74449    0.92018   -0.75999    1.00427   -4.22223   -0.02194   -2.12208
          2       3500  233.91007   -0.74481    0.92140   -0.76500    1.00294   -4.22223   -0.02194   -2.12208
          2       3600  240.36583   -0.74511    0.92256   -0.76528    1.00241   -4.22223   -0.02194   -2.12208
          2       3700  247.08936   -0.74540    0.92367   -0.76032    1.00394   -4.22223   -0.02194   -2.12208
          2       3800  253.73865   -0.74568    0.92474   -0.76505    1.00283   -4.22223   -0.02194   -2.12208
          2       3900  260.28895   -0.74595    0.92577   -0.76529    1.00238   -4.22223   -0.02194   -2.12208
          2       4000  267.02058   -0.74620    0.92675   -0.76061    1.00366   -4.22223   -0.02194   -2.12208
          2       4100  273.26670   -0.74645    0.92770   -0.76509    1.00273   -4.22223   -0.02194   -2.12208
          2       4200  279.82446   -0.74669    0.92861   -0.76530    1.00236   -4.22223   -0.02194   -2.12208
          2       4300  286.40171   -0.74692    0.92949   -0.76087    1.00341   -4.22223   -0.02194   -2.12208
          2       4400  292.84824   -0.74714    0.93034   -0.76513    1.00264   -4.22223   -0.02194   -2.12208
          2       4500  299.49683   -0.74736    0.93117   -0.76531    1.00234   -4.22223   -0.02194   -2.12208
          2       4600  305.80763   -0.74756    0.93196   -0.76110    1.00319   -4.22223   -0.02194   -2.12208
          2       4700  312.99716   -0.74776    0.93273   -0.76517    1.00256   -4.22223   -0.02194   -2.12208
          2       4800  319.98299   -0.74796    0.93347   -0.76532    1.00231   -4.22223   -0.02194   -2.12208
          2       4900  327.08189   -0.74814    0.93419   -0.76130    1.00300   -4.22223   -0.02194   -2.12208
          2       5000  333.68362   -0.74833    0.93489   -0.76520    1.00249   -4.22223   -0.02194   -2.12208
          2       5100  340.24685   -0.74850    0.93557   -0.76533    1.00229   -4.22223   -0.02194   -2.12208
          2       5200  346.75129   -0.74868    0.93622   -0.76149    1.00283   -4.22223   -0.02194   -2.12208
          2       5300  352.99983   -0.74884    0.93686   -0.76523    1.00242   -4.22223   -0.02194   -2.12208
          2       5400  359.06650   -0.74900    0.93748   -0.76534    1.00228   -4.22223   -0.02194   -2.12208
          2       5500  366.01918   -0.74916    0.93808   -0.76166    1.00267   -4.22223   -0.02194   -2.12208
          2       5600  373.19706   -0.74931    0.93867   -0.76526    1.00236   -4.22223   -0.02194   -2.12208
          2       5700  380.15624   -0.74946    0.93924   -0.76536    1.00226   -4.22223   -0.02194   -2.12208
          2       5800  386.52290   -0.74961    0.93979   -0.76181    1.00254   -4.22223   -0.02194   -2.12208
          2       5900  393.52170   -0.74975    0.94033   -0.76529    1.00231   -4.22223   -0.02194   -2.12208
          2       6000  400.10136   -0.74989    0.94086   -0.76537    1.00224   -4.22223   -0.02194   -2.12208
          2       6100  406.50396   -0.75002    0.94137   -0.76195    1.00241   -4.22223   -0.02194   -2.12208
          2       6200  412.75822   -0.75015    0.94188   -0.76531    1.00226   -4.22223   -0.02194   -2.12208
          2       6300  418.63934   -0.75028    0.94237   -0.76538    1.00222   -4.22223   -0.02194   -2.12208
          2       6400  425.42313   -0.75041    0.94284   -0.76208    1.00229   -4.22223   -0.02194   -2.12208
          2       6500  432.17573   -0.75053    0.94331   -0.76533    1.00222   -4.22223   -0.02194   -2.12208
          2       6600  438.57288   -0.75065    0.94376   -0.76539    1.00221   -4.22223   -0.02194   -2.12208
          2       6700  444.83769   -0.75076    0.94421   -0.76220    1.00219   -4.22223   -0.02194   -2.12208
          2       6800  451.33475   -0.75088    0.94464   -0.76535    1.00218   -4.22223   -0.02194   -2.12208
          2       6900  457.72664   -0.75099    0.94507   -0.76540    1.00219   -4.22223   -0.02194   -2.12208
          2       7000  464.32023   -0.75110    0.94548   -0.76231    1.00209   -4.22223   -0.02194   -2.12208
          2       7100  470.19004   -0.75120    0.94589   -0.76537    1.00214   -4.22223   -0.02194   -2.12208
          2       7200  476.65845   -0.75131    0.94629   -0.76541    1.00218   -4.22223   -0.02194   -2.12208
          2       7300  483.57489   -0.75141    0.94668   -0.76241    1.00201   -4.22223   -0.02194   -2.12208
          2       7400  490.01694   -0.75151    0.94706   -0.76539    1.00210   -4.22223   -0.02194   -2.12208
          2       7500  496.27136   -0.75161    0.94743   -0.76542    1.00217   -4.22223   -0.02194   -2.12208
          2       7600  502.67311   -0.75171    0.94780   -0.76251    1.00192   -4.22223   -0.02194   -2.12208
          2       7700  508.93891   -0.75180    0.94816   -0.76541    1.00207   -4.22223   -0.02194   -2.12208
          2       7800  515.66463   -0.75189    0.94851   -0.76543    1.00216   -4.22223   -0.02194   -2.12208
          2       7900  522.24079   -0.75198    0.94885   -0.76260    1.00185   -4.22223   -0.02194   -2.12208
          2       8000  529.38470   -0.75207    0.94919   -0.76542    1.00204   -4.22223   -0.02194   -2.12208
          2       8100  536.16852   -0.75216    0.94953   -0.76545    1.00214   -4.22223   -0.02194   -2.12208
          2       8200  542.94305   -0.75224    0.94985   -0.76268    1.00178   -4.22223   -0.02194   -2.12208
          2       8300  549.98291   -0.75233    0.95017   -0.76544    1.00201   -4.22223   -0.02194   -2.12208
          2       8400  556.96088   -0.75241    0.95049   -0.76546    1.00213   -4.22223   -0.02194   -2.12208
          2       8500  563.89834   -0.75249    0.95079   -0.76276    1.00171   -4.22223   -0.02194   -2.12208
          2       8600  570.59326   -0.75257    0.95110   -0.76545    1.00198   -4.22223   -0.02194   -2.12208
          2       8700  576.86675   -0.75265    0.95139   -0.76547    1.00212   -4.22223   -0.02194   -2.12208
          2       8800  583.13815   -0.75273    0.95169   -0.76284    1.00165   -4.22223   -0.02194   -2.12208
          2       8900  589.95359   -0.75280    0.95197   -0.76546    1.00196   -4.22223   -0.02194   -2.12208
          2       9000  596.77062   -0.75288    0.95226   -0.76548    1.00211   -4.22223   -0.02194   -2.12208
          2       9048  600.04522   -0.75291    0.95239   -0.76548    1.00211   -4.22223   -0.02194   -2.12208
