          1          0    0.00000   -0.16644    0.26844   -0.16644    0.26844   -4.56619    4.56619    0.00000
          1         32    0.55168   -0.06816   -0.01741   -0.07580    0.11137   -4.56619   -0.06816    0.00000
          2          0    0.55168   -0.05585   -0.05268   -0.07580    0.11137   -4.56619   -0.06816   -2.31718
          2        100    1.54578   -0.59670    0.84881   -0.65059    1.17292   -4.56619   -0.06816   -2.31718
          2        200    2.59923   -0.61752    0.95100   -0.65090    1.17642   -4.56619   -0.06816   -2.31718
          2        300    3.55035   -0.62564    0.99559   -0.64803    1.18816   -4.56619   -0.06816   -2.31718
          2        400    4.43438   -0.63018    1.02186   -0.65264    1.17872   -4.56619   -0.06816   -2.31718
          2        500    5.45086   -0.63315    1.03967   -0.65309    1.18004   -4.56619   -0.06816   -2.31718
          2        600    6.89239   -0.63528    1.05272   -0.65385    1.18181   -4.56619   -0.06816   -2.31718
          2        700    7.75751   -0.63690    1.06280   -0.65184    1.18518   -4.56619   -0.06816   -2.31718
          2        800    8.77442   -0.63818    1.07087   -0.65258    1.18553   -4.56619   -0.06816   -2.31718
          2        900    9.73130   -0.63921    1.07751   -0.65167    1.18420   -4.56619   -0.06816   -2.31718
          2       1000   10.79046   -0.64008    1.08311   -0.65365    1.18052   -4.56619   -0.06816   -2.31718
          2       1100   12.08771   -0.64082    1.08791   -0.65243    1.18487   -4.56619   -0.06816   -2.31718
          2       1200   13.10250   -0.64146    1.09209   -0.65381    1.18084   -4.56619   -0.06816   -2.31718
          2       1300   14.15332   -0.64202    1.09577   -0.65276    1.18471   -4.56619   -0.06816   -2.31718
          2       1400   15.13432   -0.64251    1.09905   -0.65399    1.18107   -4.56619   -0.06816   -2.31718
          2       1500   16.32834   -0.64296    1.10198   -0.65324    1.18425   -4.56619   -0.06816   -2.31718
          2       1600   17.44420   -0.64335    1.10463   -0.65416    1.18154   -4.56619   -0.06816   -2.31718
          2       1700   18.53758   -0.64371    1.10704   -0.65359    1.18394   -4.56619   -0.06816   -2.31718
          2       1800   19.71932   -0.64404    1.10925   -0.65421    1.18183   -4.56619   -0.06816   -2.31718
          2       1900   20.58013   -0.64434    1.11128   -0.65438    1.18284   -4.56619   -0.06816   -2.31718
          2       2000   21.42747   -0.64462    1.11315   -0.65439    1.18284   -4.56619   -0.06816   -2.31718
          2       2100   22.36954   -0.64487    1.11489   -0.65439    1.18284   -4.56619   -0.06816   -2.31718
          2       2200   23.26702   -0.64511    1.11650   -0.65439    1.18284   -4.56619   -0.06816   -2.31718
          2       2300   24.47208   -0.64533    1.11800   -0.65439    1.18284   -4.56619   -0.06816   -2.31718
          2       2400   25.45378   -0.64554    1.11941   -0.65439    1.18285   -4.56619   -0.06816   -2.31718
          2       2500   26.59831   -0.64573    1.12073   -0.65439    1.18285   -4.56619   -0.06816   -2.31718
          2       2600   27.70203   -0.64591    1.12197   -0.65439    1.18285   -4.56619   -0.06816   -2.31718
          2       2700   28.68656   -0.64608    1.12314   -0.65439    1.18285   -4.56619   -0.06816   -2.31718
          2       2800   29.79859   -0.64624    1.12425   -0.65439    1.18285   -4.56619   -0.06816   -2.31718
          2       2900   30.77291   -0.64640    1.12530   -0.65439    1.18285   -4.56619   -0.06816   -2.31718
          2       3000   31.95577   -0.64654    1.12629   -0.65439    1.18285   -4.56619   -0.06816   -2.31718
          2       3100   33.07687   -0.64668    1.12724   -0.65439    1.18285   -4.56619   -0.06816   -2.31718
          2       3200   34.09811   -0.64681    1.12814   -0.65439    1.18285   -4.56619   -0.06816   -2.31718
          2       3300   35.22333   -0.64693    1.12899   -0.65439    1.18285   -4.56619   -0.06816   -2.31718
          2       3400   36.18572   -0.64705    1.12981   -0.65439    1.18285   -4.56619   -0.06816   -2.31718
          2       3500   37.08556   -0.64716    1.13059   -0.65439    1.18285   -4.56619   -0.06816   -2.31718
          2       3600   38.03058   -0.64727    1.13134   -0.65439    1.18285   -4.56619   -0.06816   -2.31718
          2       3700   39.19956   -0.64737    1.13206   -0.65439    1.18285   -4.56619   -0.06816   -2.31718
          2       3800   40.18751   -0.64747    1.13275   -0.65439    1.18285   -4.56619   -0.06816   -2.31718
          2       3900   41.11731   -0.64756    1.13341   -0.65439    1.18285   -4.56619   -0.06816   -2.31718
          2       4000   42.24878   -0.64766    1.13405   -0.65439    1.18285   -4.56619   -0.06816   -2.31718
          2       4100   43.34861   -0.64774    1.13466   -0.65439    1.18285   -4.56619   -0.06816   -2.31718
          2       4200   44.47986   -0.64783    1.13525   -0.65439    1.18285   -4.56619   -0.06816   -2.31718
          2       4300   45.63054   -0.64791    1.13582   -0.65439    1.18285   -4.56619   -0.06816   -2.31718
          2       4400   47.04397   -0.64799    1.13637   -0.65439    1.18285   -4.56619   -0.06816   -2.31718
          2       4500   48.20905   -0.64806    1.13690   -0.65439    1.18285   -4.56619   -0.06816   -2.31718
          2       4600   49.17353   -0.64814    1.13742   -0.65439    1.18285   -4.56619   -0.06816   -2.31718
          2       4700   50.22769   -0.64821    1.13791   -0.65439    1.18285   -4.56619   -0.06816   -2.31718
          2       4800   51.17824   -0.64828    1.13839   -0.65439    1.18285   -4.56619   -0.06816   -2.31718
          2       4900   52.25120   -0.64834    1.13886   -0.65439    1.18285   -4.56619   -0.06816   -2.31718
          2       5000   53.19368   -0.64841    1.13931   -0.65439    1.18285   -4.56619   -0.06816   -2.31718
          2       5100   54.15836   -0.64847    1.13975   -0.65439    1.18285   -4.56619   -0.06816   -2.31718
          2       5200   55.08871   -0.64853    1.14017   -0.65439    1.18285   -4.56619   -0.06816   -2.31718
          2       5300   56.33227   -0.64859    1.14059   -0.65439    1.18285   -4.56619   -0.06816   -2.31718
          2       5400   57.43499   -0.64864    1.14099   -0.65439    1.18285   -4.56619   -0.06816   -2.31718
          2       5500   58.60004   -0.64870    1.14138   -0.65439    1.18285   -4.56619   -0.06816   -2.31718
          2       5600   59.62786   -0.64875    1.14176   -0.65439    1.18285   -4.56619   -0.06816   -2.31718
          2       5700   60.58929   -0.64881    1.14213   -0.65439    1.18285   -4.56619   -0.06816   -2.31718
          2       5800   61.66980   -0.64886    1.14249   -0.65439    1.18285   -4.56619   -0.06816   -2.31718
          2       5900   62.57022   -0.64891    1.14284   -0.65439    1.18285   -4.56619   -0.06816   -2.31718
          2       6000   63.62622   -0.64895    1.14318   -0.65439    1.18285   -4.56619   -0.06816   -2.31718
          2       6100   64.82370   -0.64900    1.14351   -0.65439    1.18285   -4.56619   -0.06816   -2.31718
          2       6200   65.79735   -0.64905    1.14384   -0.65439    1.18285   -4.56619   -0.06816   -2.31718
          2       6300   67.08205   -0.64909    1.14415   -0.65439    1.18285   -4.56619   -0.06816   -2.31718
          2       6400   68.10664   -0.64913    1.14446   -0.65439    1.18285   -4.56619   -0.06816   -2.31718
          2       6500   69.22012   -0.64918    1.14476   -0.65439    1.18285   -4.56619   -0.06816   -2.31718
          2       6600   70.31456   -0.64922    1.14506   -0.65439    1.18286   -4.56619   -0.06816   -2.31718
          2       6700   71.32801   -0.64926    1.14535   -0.65439    1.18286   -4.56619   -0.06816   -2.31718
          2       6800   72.38786   -0.64930    1.14563   -0.65439    1.18286   -4.56619   -0.06816   -2.31718
          2       6900   73.77951   -0.64934    1.14591   -0.65439    1.18286   -4.56619   -0.06816   -2.31718
          2       7000   74.73056   -0.64938    1.14618   -0.65439    1.18286   -4.56619   -0.06816   -2.31718
          2       7100   75.84390   -0.64941    1.14644   -0.65439    1.18286   -4.56619   -0.06816   -2.31718
          2       7200   76.84153   -0.64945    1.14670   -0.65439    1.18286   -4.56619   -0.06816   -2.31718
          2       7300   77.73414   -0.64948    1.14695   -0.65439    1.18286   -4.56619   -0.06816   -2.31718
          2       7400   78.90190   -0.64952    1.14720   -0.65439    1.18286   -4.56619   -0.06816   -2.31718
          2       7500   80.00744   -0.64955    1.14744   -0.65439    1.18286   -4.56619   -0.06816   -2.31718
          2       7600   81.26027   -0.64959    1.14768   -0.65439    1.18286   -4.56619   -0.06816   -2.31718
          2       7700   82.30166   -0.64962    1.14791   -0.65439    1.18286   -4.56619   -0.06816   -2.31718
          2       7800   83.45886   -0.64965    1.14814   -0.65439    1.18286   -4.56619   -0.06816   -2.31718
          2       7900   84.74268   -0.64968    1.14836   -0.65439    1.18286   -4.56619   -0.06816   -2.31718
          2       8000   85.83546   -0.64971    1.14858   -0.65439    1.18286   -4.56619   -0.06816   -2.31718
          2       8100   86.75546   -0.64974    1.14880   -0.65439    1.18286   -4.56619   -0.06816   -2.31718
          2       8200   87.66887   -0.64977    1.14901   -0.65439    1.18286   -4.56619   -0.06816   -2.31718
          2       8300   88.78053   -0.64980    1.14922   -0.65439    1.18286   -4.56619   -0.06816   -2.31718
          2       8400   89.75717   -0.64983    1.14942   -0.65439    1.18286   -4.56619   -0.06816   -2.31718
          2       8500   90.69375   -0.64986    1.14962   -0.65439    1.18286   -4.56619   -0.06816   -2.31718
          2       8600   91.96829   -0.64989    1.14982   -0.65439    1.18286   -4.56619   -0.06816   -2.31718
          2       8700   93.13219   -0.64991    1.15001   -0.65439    1.18286   -4.56619   -0.06816   -2.31718
          2       8800   94.25720   -0.64994    1.15020   -0.65439    1.18286   -4.56619   -0.06816   -2.31718
          2       8900   95.26271   -0.64997    1.15039   -0.65439    1.18286   -4.56619   -0.06816   -2.31718
          2       9000   96.14637   -0.64999    1.15058   -0.65439    1.18286   -4.56619   -0.06816   -2.31718
          2       9100   97.12894   -0.65002    1.15076   -0.65439    1.18286   -4.56619   -0.06816   -2.31718
          2       9200   98.47833   -0.65004    1.15093   -0.65439    1.18286   -4.56619   -0.06816   -2.31718
          2       9300   99.56335   -0.65007    1.15111   -0.65439    1.18286   -4.56619   -0.06816   -2.31718
          2       9400  100.77044   -0.65009    1.15128   -0.65439    1.18286   -4.56619   -0.06816   -2.31718
          2       9500  101.99057   -0.65011    1.15145   -0.65439    1.18286   -4.56619   -0.06816   -2.31718
          2       9600  102.97170   -0.65014    1.15162   -0.65439    1.18286   -4.56619   -0.06816   -2.31718
          2       9700  104.15091   -0.65016    1.15178   -0.65439    1.18286   -4.56619   -0.06816   -2.31718
          2       9800  105.35661   -0.65018    1.15194   -0.65439    1.18286   -4.56619   -0.06816   -2.31718
          2       9900  106.53195   -0.65020    1.15210   -0.65439    1.18286   -4.56619   -0.06816   -2.31718
          2      10000  107.60227   -0.65023    1.15226   -0.65439    1.18286   -4.56619   -0.06816   -2.31718
          2      10100  108.42852   -0.65025    1.15241   -0.65439    1.18286   -4.56619   -0.06816   -2.31718
          2      10200  109.44316   -0.65027    1.15256   -0.65439    1.18286   -4.56619   -0.06816   -2.31718
          2      10300  110.56795   -0.65029    1.15271   -0.65439    1.18286   -4.56619   -0.06816   -2.31718
          2      10400  111.62490   -0.65031    1.15286   -0.65439    1.18286   -4.56619   -0.06816   -2.31718
          2      10500  112.57361   -0.65033    1.15301   -0.65439    1.18286   -4.56619   -0.06816   -2.31718
          2      10600  113.58896   -0.65035    1.15315   -0.65439    1.18286   -4.56619   -0.06816   -2.31718
          2      10700  114.84186   -0.65037    1.15329   -0.65439    1.18286   -4.56619   -0.06816   -2.31718
          2      10800  115.85905   -0.65039    1.15343   -0.65439    1.18286   -4.56619   -0.06816   -2.31718
          2      10900  116.84452   -0.65041    1.15357   -0.65439    1.18286   -4.56619   -0.06816   -2.31718
          2      11000  117.81561   -0.65043    1.15370   -0.65439    1.18286   -4.56619   -0.06816   -2.31718
          2      11100  118.87733   -0.65045    1.15383   -0.65439    1.18286   -4.56619   -0.06816   -2.31718
          2      11200  120.05203   -0.65046    1.15397   -0.65439    1.18286   -4.56619   -0.06816   -2.31718
          2      11300  121.22904   -0.65048    1.15410   -0.65439    1.18286   -4.56619   -0.06816   -2.31718
          2      11400  122.46689   -0.65050    1.15422   -0.65439    1.18286   -4.56619   -0.06816   -2.31718
          2      11500  123.56846   -0.65052    1.15435   -0.65439    1.18286   -4.56619   -0.06816   -2.31718
          2      11600  124.65773   -0.65054    1.15448   -0.65439    1.18286   -4.56619   -0.06816   -2.31718
          2      11700  125.74561   -0.65055    1.15460   -0.65439    1.18286   -4.56619   -0.06816   -2.31718
          2      11800  126.77654   -0.65057    1.15472   -0.65439    1.18286   -4.56619   -0.06816   -2.31718
          2      11900  127.73202   -0.65059    1.15484   -0.65439    1.18286   -4.56619   -0.06816   -2.31718
          2      12000  128.79385   -0.65060    1.15496   -0.65439    1.18286   -4.56619   -0.06816   -2.31718
          2      12100  129.89116   -0.65062    1.15508   -0.65439    1.18286   -4.56619   -0.06816   -2.31718
          2      12200  130.82476   -0.65063    1.15519   -0.65439    1.18286   -4.56619   -0.06816   -2.31718
          2      12300  131.90961   -0.65065    1.15531   -0.65439    1.18286   -4.56619   -0.06816   -2.31718
          2      12400  132.95232   -0.65067    1.15542   -0.65439    1.18286   -4.56619   -0.06816   -2.31718
          2      12500  134.00962   -0.65068    1.15553   -0.65439    1.18286   -4.56619   -0.06816   -2.31718
          2      12600  135.01308   -0.65070    1.15564   -0.65439    1.18286   -4.56619   -0.06816   -2.31718
          2      12700  136.06321   -0.65071    1.15575   -0.65439    1.18286   -4.56619   -0.06816   -2.31718
          2      12800  137.03325   -0.65073    1.15586   -0.65439    1.18286   -4.56619   -0.06816   -2.31718
          2      12900  138.01668   -0.65074    1.15596   -0.65439    1.18286   -4.56619   -0.06816   -2.31718
          2      13000  138.88121   -0.65076    1.15607   -0.65439    1.18286   -4.56619   -0.06816   -2.31718
          2      13100  139.81585   -0.65077    1.15617   -0.65439    1.18286   -4.56619   -0.06816   -2.31718
          2      13200  140.91616   -0.65078    1.15628   -0.65439    1.18286   -4.56619   -0.06816   -2.31718
          2      13300  142.10751   -0.65080    1.15638   -0.65439    1.18286   -4.56619   -0.06816   -2.31718
          2      13400  143.35052   -0.65081    1.15648   -0.65439    1.18286   -4.56619   -0.06816   -2.31718
          2      13500  144.26292   -0.65083    1.15658   -0.65439    1.18286   -4.56619   -0.06816   -2.31718
          2      13600  145.42642   -0.65084    1.15667   -0.65439    1.18286   -4.56619   -0.06816   -2.31718
          2      13700  146.66543   -0.65085    1.15677   -0.65439    1.18286   -4.56619   -0.06816   -2.31718
          2      13800  147.74645   -0.65087    1.15687   -0.65439    1.18286   -4.56619   -0.06816   -2.31718
          2      13900  148.77277   -0.65088    1.15696   -0.65439    1.18286   -4.56619   -0.06816   -2.31718
          2      14000  149.69489   -0.65089    1.15706   -0.65439    1.18286   -4.56619   -0.06816   -2.31718
          2      14100  150.73527   -0.65091    1.15715   -0.65439    1.18286   -4.56619   -0.06816   -2.31718
          2      14200  151.76847   -0.65092    1.15724   -0.65439    1.18286   -4.56619   -0.06816   -2.31718
          2      14300  152.93546   -0.65093    1.15733   -0.65439    1.18286   -4.56619   -0.06816   -2.31718
          2      14400  154.23941   -0.65094    1.15742   -0.65439    1.18286   -4.56619   -0.06816   -2.31718
          2      14500  155.25615   -0.65096    1.15751   -0.65439    1.18286   -4.56619   -0.06816   -2.31718
          2      14600  156.14630   -0.65097    1.15760   -0.65439    1.18286   -4.56619   -0.06816   -2.31718
          2      14700  157.36933   -0.65098    1.15769   -0.65439    1.18286   -4.56619   -0.06816   -2.31718
          2      14800  158.50486   -0.65099    1.15777   -0.65439    1.18286   -4.56619   -0.06816   -2.31718
          2      14900  159.50956   -0.65100    1.15786   -0.65439    1.18286   -4.56619   -0.06816   -2.31718
          2      15000  160.60545   -0.65102    1.15794   -0.65439    1.18286   -4.56619   -0.06816   -2.31718
          2      15100  161.62207   -0.65103    1.15802   -0.65439    1.18286   -4.56619   -0.06816   -2.31718
          2      15200  162.79196   -0.65104    1.15811   -0.65439    1.18286   -4.56619   -0.06816   -2.31718
          2      15300  163.84437   -0.65105    1.15819   -0.65439    1.18286   -4.56619   -0.06816   -2.31718
          2      15400  164.94846   -0.65106    1.15827   -0.65439    1.18286   -4.56619   -0.06816   -2.31718
          2      15500  166.05273   -0.65107    1.15835   -0.65439    1.18286   -4.56619   -0.06816   -2.31718
          2      15600  167.30070   -0.65108    1.15843   -0.65439    1.18286   -4.56619   -0.06816   -2.31718
          2      15700  168.46900   -0.65109    1.15851   -0.65439    1.18286   -4.56619   -0.06816   -2.31718
          2      15800  169.36800   -0.65110    1.15859   -0.65439    1.18286   -4.56619   -0.06816   -2.31718
          2      15900  170.24238   -0.65112    1.15867   -0.65439    1.18286   -4.56619   -0.06816   -2.31718
          2      16000  171.32510   -0.65113    1.15874   -0.65439    1.18286   -4.56619   -0.06816   -2.31718
          2      16100  172.28907   -0.65114    1.15882   -0.65439    1.18286   -4.56619   -0.06816   -2.31718
          2      16200  173.43459   -0.65115    1.15889   -0.65439    1.18286   -4.56619   -0.06816   -2.31718
          2      16300  174.60444   -0.65116    1.15897   -0.65439    1.18286   -4.56619   -0.06816   -2.31718
          2      16400  175.62622   -0.65117    1.15904   -0.65439    1.18286   -4.56619   -0.06816   -2.31718
          2      16500  176.68505   -0.65118    1.15911   -0.65439    1.18286   -4.56619   -0.06816   -2.31718
          2      16600  177.85166   -0.65119    1.15919   -0.65439    1.18286   -4.56619   -0.06816   -2.31718
          2      16700  178.93224   -0.65120    1.15926   -0.65439    1.18286   -4.56619   -0.06816   -2.31718
          2      16800  179.99379   -0.65121    1.15933   -0.65439    1.18286   -4.56619   -0.06816   -2.31718
          2      16900  181.04730   -0.65122    1.15940   -0.65439    1.18286   -4.56619   -0.06816   -2.31718
          2      17000  182.21705   -0.65123    1.15947   -0.65439    1.18286   -4.56619   -0.06816   -2.31718
          2      17100  183.34385   -0.65124    1.15954   -0.65439    1.18286   -4.56619   -0.06816   -2.31718
          2      17200  184.22112   -0.65125    1.15961   -0.65439    1.18286   -4.56619   -0.06816   -2.31718
          2      17300  185.18175   -0.65125    1.15968   -0.65439    1.18286   -4.56619   -0.06816   -2.31718
          2      17400  186.22075   -0.65126    1.15974   -0.65439    1.18286   -4.56619   -0.06816   -2.31718
          2      17500  187.60154   -0.65127    1.15981   -0.65439    1.18286   -4.56619   -0.06816   -2.31718
          2      17600  188.56932   -0.65128    1.15988   -0.65439    1.18286   -4.56619   -0.06816   -2.31718
          2      17700  189.56998   -0.65129    1.15994   -0.65439    1.18286   -4.56619   -0.06816   -2.31718
          2      17800  190.96931   -0.65130    1.16001   -0.65439    1.18286   -4.56619   -0.06816   -2.31718
          2      17900  192.01940   -0.65131    1.16007   -0.65439    1.18286   -4.56619   -0.06816   -2.31718
          2      18000  193.15090   -0.65132    1.16014   -0.65439    1.18286   -4.56619   -0.06816   -2.31718
          2      18100  194.07939   -0.65133    1.16020   -0.65439    1.18286   -4.56619   -0.06816   -2.31718
          2      18200  194.97110   -0.65134    1.16026   -0.65439    1.18286   -4.56619   -0.06816   -2.31718
          2      18300  195.97966   -0.65134    1.16033   -0.65439    1.18286   -4.56619   -0.06816   -2.31718
          2      18400  196.84815   -0.65135    1.16039   -0.65439    1.18286   -4.56619   -0.06816   -2.31718
          2      18500  197.91357   -0.65136    1.16045   -0.65439    1.18286   -4.56619   -0.06816   -2.31718
          2      18600  198.79863   -0.65137    1.16051   -0.65439    1.18286   -4.56619   -0.06816   -2.31718
          2      18700  199.69266   -0.65138    1.16057   -0.65439    1.18286   -4.56619   -0.06816   -2.31718
          2      18800  200.62745   -0.65139    1.16063   -0.65439    1.18286   -4.56619   -0.06816   -2.31718
          2      18900  201.57001   -0.65139    1.16069   -0.65439    1.18286   -4.56619   -0.06816   -2.31718
          2      19000  202.51410   -0.65140    1.16075   -0.65439    1.18286   -4.56619   -0.06816   -2.31718
          2      19100  203.37146   -0.65141    1.16081   -0.65439    1.18286   -4.56619   -0.06816   -2.31718
          2      19200  204.53696   -0.65142    1.16087   -0.65439    1.18286   -4.56619   -0.06816   -2.31718
          2      19300  205.63563   -0.65143    1.16092   -0.65439    1.18286   -4.56619   -0.06816   -2.31718
          2      19400  206.59515   -0.65143    1.16098   -0.65439    1.18286   -4.56619   -0.06816   -2.31718
          2      19500  207.66398   -0.65144    1.16104   -0.65439    1.18286   -4.56619   -0.06816   -2.31718
          2      19600  208.73108   -0.65145    1.16109   -0.65439    1.18286   -4.56619   -0.06816   -2.31718
          2      19700  209.83007   -0.65146    1.16115   -0.65439    1.18286   -4.56619   -0.06816   -2.31718
          2      19800  210.80110   -0.65146    1.16121   -0.65439    1.18286   -4.56619   -0.06816   -2.31718
          2      19900  211.86553   -0.65147    1.16126   -0.65439    1.18286   -4.56619   -0.06816   -2.31718
          2      20000  213.01534   -0.65148    1.16131   -0.65439    1.18286   -4.56619   -0.06816   -2.31718
          2      20100  213.95939   -0.65149    1.16137   -0.65439    1.18286   -4.56619   -0.06816   -2.31718
          2      20200  215.07547   -0.65149    1.16142   -0.65439    1.18286   -4.56619   -0.06816   -2.31718
          2      20300  216.09898   -0.65150    1.16148   -0.65439    1.18286   -4.56619   -0.06816   -2.31718
          2      20400  217.17008   -0.65151    1.16153   -0.65439    1.18286   -4.56619   -0.06816   -2.31718
          2      20500  218.11402   -0.65152    1.16158   -0.65439    1.18286   -4.56619   -0.06816   -2.31718
          2      20600  219.31305   -0.65152    1.16163   -0.65439    1.18286   -4.56619   -0.06816   -2.31718
          2      20700  220.28396   -0.65153    1.16169   -0.65439    1.18286   -4.56619   -0.06816   -2.31718
          2      20800  221.15309   -0.65154    1.16174   -0.65439    1.18286   -4.56619   -0.06816   -2.31718
          2      20900  222.17943   -0.65155    1.16179   -0.65439    1.18286   -4.56619   -0.06816   -2.31718
          2      21000  223.19718   -0.65155    1.16184   -0.65439    1.18286   -4.56619   -0.06816   -2.31718
          2      21100  224.40095   -0.65156    1.16189   -0.65439    1.18286   -4.56619   -0.06816   -2.31718
          2      21200  225.43380   -0.65157    1.16194   -0.65439    1.18286   -4.56619   -0.06816   -2.31718
          2      21300  226.58256   -0.65157    1.16199   -0.65439    1.18286   -4.56619   -0.06816   -2.31718
          2      21400  227.49353   -0.65158    1.16204   -0.65439    1.18286   -4.56619   -0.06816   -2.31718
          2      21500  228.36729   -0.65159    1.16209   -0.65439    1.18286   -4.56619   -0.06816   -2.31718
          2      21600  229.17948   -0.65159    1.16214   -0.65439    1.18286   -4.56619   -0.06816   -2.31718
          2      21700  230.15207   -0.65160    1.16218   -0.65439    1.18286   -4.56619   -0.06816   -2.31718
          2      21800  231.35890   -0.65161    1.16223   -0.65439    1.18286   -4.56619   -0.06816   -2.31718
          2      21900  232.27625   -0.65161    1.16228   -0.65439    1.18286   -4.56619   -0.06816   -2.31718
          2      22000  233.29991   -0.65162    1.16233   -0.65439    1.18286   -4.56619   -0.06816   -2.31718
          2      22100  234.18261   -0.65163    1.16237   -0.65439    1.18286   -4.56619   -0.06816   -2.31718
          2      22200  235.23862   -0.65163    1.16242   -0.65439    1.18286   -4.56619   -0.06816   -2.31718
          2      22300  236.46533   -0.65164    1.16247   -0.65439    1.18286   -4.56619   -0.06816   -2.31718
          2      22400  237.54212   -0.65164    1.16251   -0.65439    1.18286   -4.56619   -0.06816   -2.31718
          2      22500  238.46926   -0.65165    1.16256   -0.65439    1.18286   -4.56619   -0.06816   -2.31718
          2      22600  239.56900   -0.65166    1.16260   -0.65439    1.18286   -4.56619   -0.06816   -2.31718
          2      22700  240.64502   -0.65166    1.16265   -0.65439    1.18286   -4.56619   -0.06816   -2.31718
          2      22800  241.84033   -0.65167    1.16269   -0.65439    1.18286   -4.56619   -0.06816   -2.31718
          2      22900  243.08351   -0.65168    1.16274   -0.65439    1.18286   -4.56619   -0.06816   -2.31718
          2      23000  244.06296   -0.65168    1.16278   -0.65439    1.18286   -4.56619   -0.06816   -2.31718
          2      23100  245.20608   -0.65169    1.16283   -0.65439    1.18286   -4.56619   -0.06816   -2.31718
          2      23200  246.44700   -0.65169    1.16287   -0.65439    1.18286   -4.56619   -0.06816   -2.31718
          2      23300  247.52752   -0.65170    1.16291   -0.65439    1.18286   -4.56619   -0.06816   -2.31718
          2      23400  248.45120   -0.65171    1.16296   -0.65439    1.18286   -4.56619   -0.06816   -2.31718
          2      23500  249.28007   -0.65171    1.16300   -0.65439    1.18286   -4.56619   -0.06816   -2.31718
          2      23600  250.41794   -0.65172    1.16304   -0.65439    1.18286   -4.56619   -0.06816   -2.31718
          2      23700  251.49979   -0.65172    1.16309   -0.65439    1.18286   -4.56619   -0.06816   -2.31718
          2      23800  252.62355   -0.65173    1.16313   -0.65439    1.18286   -4.56619   -0.06816   -2.31718
          2      23900  253.94422   -0.65173    1.16317   -0.65439    1.18286   -4.56619   -0.06816   -2.31718
          2      24000  254.82623   -0.65174    1.16321   -0.65439    1.18286   -4.56619   -0.06816   -2.31718
          2      24100  255.88444   -0.65175    1.16325   -0.65439    1.18286   -4.56619   -0.06816   -2.31718
          2      24200  257.02327   -0.65175    1.16329   -0.65439    1.18286   -4.56619   -0.06816   -2.31718
          2      24300  257.99449   -0.65176    1.16333   -0.65439    1.18286   -4.56619   -0.06816   -2.31718
          2      24400  259.00031   -0.65176    1.16337   -0.65439    1.18286   -4.56619   -0.06816   -2.31718
          2      24500  259.87274   -0.65177    1.16341   -0.65439    1.18286   -4.56619   -0.06816   -2.31718
          2      24600  261.15885   -0.65177    1.16345   -0.65439    1.18286   -4.56619   -0.06816   -2.31718
          2      24700  262.13989   -0.65178    1.16349   -0.65439    1.18286   -4.56619   -0.06816   -2.31718
          2      24800  263.34498   -0.65178    1.16353   -0.65439    1.18286   -4.56619   -0.06816   -2.31718
          2      24900  264.41733   -0.65179    1.16357   -0.65439    1.18286   -4.56619   -0.06816   -2.31718
          2      25000  265.48537   -0.65179    1.16361   -0.65439    1.18286   -4.56619   -0.06816   -2.31718
          2      25100  266.58471   -0.65180    1.16365   -0.65439    1.18286   -4.56619   -0.06816   -2.31718
          2      25200  267.47036   -0.65181    1.16369   -0.65439    1.18286   -4.56619   -0.06816   -2.31718
          2      25300  268.67747   -0.65181    1.16373   -0.65439    1.18286   -4.56619   -0.06816   -2.31718
          2      25400  269.54460   -0.65182    1.16376   -0.65439    1.18286   -4.56619   -0.06816   -2.31718
          2      25500  270.48399   -0.65182    1.16380   -0.65439    1.18286   -4.56619   -0.06816   -2.31718
          2      25600  271.55751   -0.65183    1.16384   -0.65439    1.18286   -4.56619   -0.06816   -2.31718
          2      25700  272.71247   -0.65183    1.16388   -0.65439    1.18286   -4.56619   -0.06816   -2.31718
          2      25800  273.85865   -0.65184    1.16391   -0.65439    1.18286   -4.56619   -0.06816   -2.31718
          2      25900  274.83147   -0.65184    1.16395   -0.65439    1.18286   -4.56619   -0.06816   -2.31718
          2      26000  275.83801   -0.65185    1.16399   -0.65439    1.18286   -4.56619   -0.06816   -2.31718
          2      26100  277.06507   -0.65185    1.16402   -0.65439    1.18286   -4.56619   -0.06816   -2.31718
          2      26200  278.22530   -0.65186    1.16406   -0.65439    1.18286   -4.56619   -0.06816   -2.31718
          2      26300  279.31263   -0.65186    1.16410   -0.65439    1.18286   -4.56619   -0.06816   -2.31718
          2      26400  280.39902   -0.65187    1.16413   -0.65439    1.18286   -4.56619   -0.06816   -2.31718
          2      26500  281.47316   -0.65187    1.16417   -0.65439    1.18286   -4.56619   -0.06816   -2.31718
          2      26600  282.50424   -0.65188    1.16420   -0.65439    1.18286   -4.56619   -0.06816   -2.31718
          2      26700  283.77220   -0.65188    1.16424   -0.65439    1.18286   -4.56619   -0.06816   -2.31718
          2      26800  284.79215   -0.65189    1.16427   -0.65439    1.18286   -4.56619   -0.06816   -2.31718
          2      26900  286.00070   -0.65189    1.16431   -0.65439    1.18286   -4.56619   -0.06816   -2.31718
          2      27000  287.13931   -0.65190    1.16434   -0.65439    1.18286   -4.56619   -0.06816   -2.31718
          2      27100  288.35049   -0.65190    1.16438   -0.65439    1.18286   -4.56619   -0.06816   -2.31718
          2      27200  289.51165   -0.65190    1.16441   -0.65439    1.18286   -4.56619   -0.06816   -2.31718
          2      27300  290.55844   -0.65191    1.16445   -0.65439    1.18286   -4.56619   -0.06816   -2.31718
          2      27400  291.64770   -0.65191    1.16448   -0.65439    1.18286   -4.56619   -0.06816   -2.31718
          2      27500  292.82803   -0.65192    1.16451   -0.65439    1.18286   -4.56619   -0.06816   -2.31718
          2      27600  293.73969   -0.65192    1.16455   -0.65439    1.18286   -4.56619   -0.06816   -2.31718
          2      27700  294.78473   -0.65193    1.16458   -0.65439    1.18286   -4.56619   -0.06816   -2.31718
          2      27800  296.04758   -0.65193    1.16462   -0.65439    1.18286   -4.56619   -0.06816   -2.31718
          2      27900  297.32971   -0.65194    1.16465   -0.65439    1.18286   -4.56619   -0.06816   -2.31718
          2      28000  298.41880   -0.65194    1.16468   -0.65439    1.18286   -4.56619   -0.06816   -2.31718
          2      28100  299.32345   -0.65195    1.16471   -0.65439    1.18286   -4.56619   -0.06816   -2.31718
          2      28200  300.48569   -0.65195    1.16475   -0.65439    1.18286   -4.56619   -0.06816   -2.31718
          2      28300  301.79021   -0.65195    1.16478   -0.65439    1.18286   -4.56619   -0.06816   -2.31718
          2      28400  302.88652   -0.65196    1.16481   -0.65439    1.18286   -4.56619   -0.06816   -2.31718
          2      28500  303.99621   -0.65196    1.16484   -0.65439    1.18286   -4.56619   -0.06816   -2.31718
          2      28600  305.00587   -0.65197    1.16487   -0.65439    1.18286   -4.56619   -0.06816   -2.31718
          2      28700  305.93898   -0.65197    1.16491   -0.65439    1.18286   -4.56619   -0.06816   -2.31718
          2      28800  306.93063   -0.65198    1.16494   -0.65439    1.18286   -4.56619   -0.06816   -2.31718
          2      28900  307.91082   -0.65198    1.16497   -0.65439    1.18286   -4.56619   -0.06816   -2.31718
          2      29000  308.95790   -0.65198    1.16500   -0.65439    1.18286   -4.56619   -0.06816   -2.31718
          2      29100  310.11403   -0.65199    1.16503   -0.65439    1.18286   -4.56619   -0.06816   -2.31718
          2      29200  311.06098   -0.65199    1.16506   -0.65439    1.18286   -4.56619   -0.06816   -2.31718
          2      29300  312.21034   -0.65200    1.16509   -0.65439    1.18286   -4.56619   -0.06816   -2.31718
          2      29400  313.23528   -0.65200    1.16512   -0.65439    1.18286   -4.56619   -0.06816   -2.31718
          2      29500  314.48208   -0.65201    1.16515   -0.65439    1.18286   -4.56619   -0.06816   -2.31718
          2      29600  315.60460   -0.65201    1.16518   -0.65439    1.18286   -4.56619   -0.06816   -2.31718
          2      29700  316.78025   -0.65201    1.16521   -0.65439    1.18286   -4.56619   -0.06816   -2.31718
          2      29800  318.04111   -0.65202    1.16524   -0.65439    1.18286   -4.56619   -0.06816   -2.31718
          2      29900  319.01190   -0.65202    1.16527   -0.65439    1.18286   -4.56619   -0.06816   -2.31718
          2      30000  320.09344   -0.65203    1.16530   -0.65439    1.18286   -4.56619   -0.06816   -2.31718
          2      30100  321.06439   -0.65203    1.16533   -0.65439    1.18286   -4.56619   -0.06816   -2.31718
          2      30200  322.43049   -0.65203    1.16536   -0.65439    1.18286   -4.56619   -0.06816   -2.31718
          2      30300  323.52309   -0.65204    1.16539   -0.65439    1.18286   -4.56619   -0.06816   -2.31718
          2      30400  324.69869   -0.65204    1.16542   -0.65439    1.18286   -4.56619   -0.06816   -2.31718
          2      30500  325.68738   -0.65205    1.16545   -0.65439    1.18286   -4.56619   -0.06816   -2.31718
          2      30600  327.07905   -0.65205    1.16548   -0.65439    1.18286   -4.56619   -0.06816   -2.31718
          2      30700  328.22608   -0.65205    1.16551   -0.65439    1.18286   -4.56619   -0.06816   -2.31718
          2      30800  329.16654   -0.65206    1.16553   -0.65439    1.18286   -4.56619   -0.06816   -2.31718
          2      30900  330.17801   -0.65206    1.16556   -0.65439    1.18286   -4.56619   -0.06816   -2.31718
          2      31000  331.24745   -0.65207    1.16559   -0.65439    1.18286   -4.56619   -0.06816   -2.31718
          2      31100  332.40485   -0.65207    1.16562   -0.65439    1.18286   -4.56619   -0.06816   -2.31718
          2      31200  333.25079   -0.65207    1.16565   -0.65439    1.18286   -4.56619   -0.06816   -2.31718
          2      31300  334.11833   -0.65208    1.16567   -0.65439    1.18286   -4.56619   -0.06816   -2.31718
          2      31400  335.29846   -0.65208    1.16570   -0.65439    1.18286   -4.56619   -0.06816   -2.31718
          2      31500  336.52767   -0.65208    1.16573   -0.65439    1.18286   -4.56619   -0.06816   -2.31718
          2      31600  337.57639   -0.65209    1.16576   -0.65439    1.18286   -4.56619   -0.06816   -2.31718
          2      31700  338.40120   -0.65209    1.16578   -0.65439    1.18286   -4.56619   -0.06816   -2.31718
          2      31800  339.39339   -0.65210    1.16581   -0.65439    1.18286   -4.56619   -0.06816   -2.31718
          2      31900  340.42063   -0.65210    1.16584   -0.65439    1.18286   -4.56619   -0.06816   -2.31718
          2      32000  341.60646   -0.65210    1.16586   -0.65439    1.18286   -4.56619   -0.06816   -2.31718
          2      32100  342.85962   -0.65211    1.16589   -0.65439    1.18286   -4.56619   -0.06816   -2.31718
          2      32200  343.89122   -0.65211    1.16592   -0.65439    1.18286   -4.56619   -0.06816   -2.31718
          2      32300  345.00773   -0.65211    1.16594   -0.65439    1.18286   -4.56619   -0.06816   -2.31718
          2      32400  346.11374   -0.65212    1.16597   -0.65439    1.18286   -4.56619   -0.06816   -2.31718
          2      32500  347.38130   -0.65212    1.16600   -0.65439    1.18286   -4.56619   -0.06816   -2.31718
          2      32600  348.59699   -0.65212    1.16602   -0.65439    1.18286   -4.56619   -0.06816   -2.31718
          2      32700  349.63698   -0.65213    1.16605   -0.65439    1.18286   -4.56619   -0.06816   -2.31718
          2      32800  350.74923   -0.65213    1.16608   -0.65439    1.18286   -4.56619   -0.06816   -2.31718
          2      32900  351.68815   -0.65214    1.16610   -0.65439    1.18286   -4.56619   -0.06816   -2.31718
          2      33000  352.67164   -0.65214    1.16613   -0.65439    1.18286   -4.56619   -0.06816   -2.31718
          2      33100  353.72314   -0.65214    1.16615   -0.65439    1.18286   -4.56619   -0.06816   -2.31718
          2      33200  354.43554   -0.65215    1.16618   -0.65439    1.18286   -4.56619   -0.06816   -2.31718
          2      33300  355.34223   -0.65215    1.16620   -0.65439    1.18286   -4.56619   -0.06816   -2.31718
          2      33400  356.22745   -0.65215    1.16623   -0.65439    1.18286   -4.56619   -0.06816   -2.31718
          2      33500  357.22539   -0.65216    1.16625   -0.65439    1.18286   -4.56619   -0.06816   -2.31718
          2      33600  358.60345   -0.65216    1.16628   -0.65439    1.18286   -4.56619   -0.06816   -2.31718
          2      33700  359.72636   -0.65216    1.16630   -0.65439    1.18286   -4.56619   -0.06816   -2.31718
          2      33800  360.75931   -0.65217    1.16633   -0.65439    1.18286   -4.56619   -0.06816   -2.31718
          2      33900  361.66001   -0.65217    1.16635   -0.65439    1.18286   -4.56619   -0.06816   -2.31718
          2      34000  362.64693   -0.65217    1.16638   -0.65439    1.18286   -4.56619   -0.06816   -2.31718
          2      34100  363.76534   -0.65218    1.16640   -0.65439    1.18286   -4.56619   -0.06816   -2.31718
          2      34200  364.83258   -0.65218    1.16643   -0.65439    1.18286   -4.56619   -0.06816   -2.31718
          2      34300  365.96874   -0.65218    1.16645   -0.65439    1.18286   -4.56619   -0.06816   -2.31718
          2      34400  367.08662   -0.65219    1.16647   -0.65439    1.18286   -4.56619   -0.06816   -2.31718
          2      34500  368.07303   -0.65219    1.16650   -0.65439    1.18286   -4.56619   -0.06816   -2.31718
          2      34600  368.99836   -0.65219    1.16652   -0.65439    1.18286   -4.56619   -0.06816   -2.31718
          2      34700  370.01502   -0.65220    1.16654   -0.65439    1.18286   -4.56619   -0.06816   -2.31718
          2      34800  371.00681   -0.65220    1.16657   -0.65439    1.18286   -4.56619   -0.06816   -2.31718
          2      34900  372.21710   -0.65220    1.16659   -0.65439    1.18286   -4.56619   -0.06816   -2.31718
          2      35000  373.38926   -0.65221    1.16662   -0.65439    1.18286   -4.56619   -0.06816   -2.31718
          2      35100  374.20778   -0.65221    1.16664   -0.65439    1.18286   -4.56619   -0.06816   -2.31718
          2      35200  375.23233   -0.65221    1.16666   -0.65439    1.18286   -4.56619   -0.06816   -2.31718
          2      35300  376.44949   -0.65221    1.16669   -0.65439    1.18286   -4.56619   -0.06816   -2.31718
          2      35400  377.63359   -0.65222    1.16671   -0.65439    1.18286   -4.56619   -0.06816   -2.31718
          2      35500  378.57055   -0.65222    1.16673   -0.65439    1.18286   -4.56619   -0.06816   -2.31718
          2      35600  379.51301   -0.65222    1.16675   -0.65439    1.18286   -4.56619   -0.06816   -2.31718
          2      35700  380.42363   -0.65223    1.16678   -0.65439    1.18286   -4.56619   -0.06816   -2.31718
          2      35800  381.46455   -0.65223    1.16680   -0.65439    1.18286   -4.56619   -0.06816   -2.31718
          2      35900  382.63454   -0.65223    1.16682   -0.65439    1.18286   -4.56619   -0.06816   -2.31718
          2      36000  383.61733   -0.65224    1.16684   -0.65439    1.18286   -4.56619   -0.06816   -2.31718
          2      36100  384.81582   -0.65224    1.16687   -0.65439    1.18286   -4.56619   -0.06816   -2.31718
          2      36200  385.81164   -0.65224    1.16689   -0.65439    1.18286   -4.56619   -0.06816   -2.31718
          2      36300  387.06747   -0.65225    1.16691   -0.65439    1.18286   -4.56619   -0.06816   -2.31718
          2      36400  388.09945   -0.65225    1.16693   -0.65439    1.18286   -4.56619   -0.06816   -2.31718
          2      36500  389.26842   -0.65225    1.16696   -0.65439    1.18286   -4.56619   -0.06816   -2.31718
          2      36600  390.35241   -0.65225    1.16698   -0.65439    1.18286   -4.56619   -0.06816   -2.31718
          2      36700  391.56143   -0.65226    1.16700   -0.65439    1.18286   -4.56619   -0.06816   -2.31718
          2      36800  392.49966   -0.65226    1.16702   -0.65439    1.18286   -4.56619   -0.06816   -2.31718
          2      36900  393.50576   -0.65226    1.16704   -0.65439    1.18286   -4.56619   -0.06816   -2.31718
          2      37000  394.46431   -0.65227    1.16706   -0.65439    1.18286   -4.56619   -0.06816   -2.31718
          2      37100  395.53958   -0.65227    1.16709   -0.65439    1.18286   -4.56619   -0.06816   -2.31718
          2      37200  396.52297   -0.65227    1.16711   -0.65439    1.18286   -4.56619   -0.06816   -2.31718
          2      37300  397.57634   -0.65228    1.16713   -0.65439    1.18286   -4.56619   -0.06816   -2.31718
          2      37400  398.65486   -0.65228    1.16715   -0.65439    1.18286   -4.56619   -0.06816   -2.31718
          2      37500  399.52619   -0.65228    1.16717   -0.65439    1.18286   -4.56619   -0.06816   -2.31718
          2      37600  400.58585   -0.65228    1.16719   -0.65439    1.18286   -4.56619   -0.06816   -2.31718
          2      37700  401.72941   -0.65229    1.16721   -0.65439    1.18286   -4.56619   -0.06816   -2.31718
          2      37800  403.11402   -0.65229    1.16723   -0.65439    1.18286   -4.56619   -0.06816   -2.31718
          2      37900  404.48189   -0.65229    1.16725   -0.65439    1.18286   -4.56619   -0.06816   -2.31718
          2      38000  405.61315   -0.65230    1.16727   -0.65439    1.18286   -4.56619   -0.06816   -2.31718
          2      38100  406.68339   -0.65230    1.16730   -0.65439    1.18286   -4.56619   -0.06816   -2.31718
          2      38200  407.67564   -0.65230    1.16732   -0.65439    1.18286   -4.56619   -0.06816   -2.31718
          2      38300  408.79914   -0.65230    1.16734   -0.65439    1.18286   -4.56619   -0.06816   -2.31718
          2      38400  410.03117   -0.65231    1.16736   -0.65439    1.18286   -4.56619   -0.06816   -2.31718
          2      38500  411.02255   -0.65231    1.16738   -0.65439    1.18286   -4.56619   -0.06816   -2.31718
          2      38600  412.14101   -0.65231    1.16740   -0.65439    1.18286   -4.56619   -0.06816   -2.31718
          2      38700  413.39015   -0.65231    1.16742   -0.65439    1.18286   -4.56619   -0.06816   -2.31718
          2      38800  414.43646   -0.65232    1.16744   -0.65439    1.18286   -4.56619   -0.06816   -2.31718
          2      38900  415.50384   -0.65232    1.16746   -0.65439    1.18286   -4.56619   -0.06816   -2.31718
          2      39000  416.57036   -0.65232    1.16748   -0.65439    1.18286   -4.56619   -0.06816   -2.31718
          2      39100  417.71874   -0.65233    1.16750   -0.65439    1.18286   -4.56619   -0.06816   -2.31718
          2      39200  418.76889   -0.65233    1.16752   -0.65439    1.18286   -4.56619   -0.06816   -2.31718
          2      39300  419.59305   -0.65233    1.16754   -0.65439    1.18286   -4.56619   -0.06816   -2.31718
          2      39400  420.72834   -0.65233    1.16756   -0.65439    1.18286   -4.56619   -0.06816   -2.31718
          2      39500  421.90447   -0.65234    1.16758   -0.65439    1.18286   -4.56619   -0.06816   -2.31718
          2      39600  423.00396   -0.65234    1.16760   -0.65439    1.18286   -4.56619   -0.06816   -2.31718
          2      39700  424.19205   -0.65234    1.16761   -0.65439    1.18286   -4.56619   -0.06816   -2.31718
          2      39800  425.24763   -0.65234    1.16763   -0.65439    1.18286   -4.56619   -0.06816   -2.31718
          2      39900  426.19855   -0.65235    1.16765   -0.65439    1.18286   -4.56619   -0.06816   -2.31718
          2      40000  426.92276   -0.65235    1.16767   -0.65439    1.18286   -4.56619   -0.06816   -2.31718
          2      40100  427.85780   -0.65235    1.16769   -0.65439    1.18286   -4.56619   -0.06816   -2.31718
          2      40200  429.18942   -0.65235    1.16771   -0.65439    1.18286   -4.56619   -0.06816   -2.31718
          2      40300  430.09284   -0.65236    1.16773   -0.65439    1.18286   -4.56619   -0.06816   -2.31718
          2      40400  431.18084   -0.65236    1.16775   -0.65439    1.18286   -4.56619   -0.06816   -2.31718
          2      40500  432.18211   -0.65236    1.16777   -0.65439    1.18286   -4.56619   -0.06816   -2.31718
          2      40600  433.36081   -0.65236    1.16779   -0.65439    1.18286   -4.56619   -0.06816   -2.31718
          2      40700  434.46766   -0.65237    1.16780   -0.65439    1.18286   -4.56619   -0.06816   -2.31718
          2      40800  435.51153   -0.65237    1.16782   -0.65439    1.18286   -4.56619   -0.06816   -2.31718
          2      40900  436.59378   -0.65237    1.16784   -0.65439    1.18286   -4.56619   -0.06816   -2.31718
          2      41000  437.85218   -0.65237    1.16786   -0.65439    1.18286   -4.56619   -0.06816   -2.31718
          2      41100  439.17897   -0.65238    1.16788   -0.65439    1.18286   -4.56619   -0.06816   -2.31718
          2      41200  440.23144   -0.65238    1.16790   -0.65439    1.18286   -4.56619   -0.06816   -2.31718
          2      41300  441.60035   -0.65238    1.16792   -0.65439    1.18286   -4.56619   -0.06816   -2.31718
          2      41400  442.85453   -0.65238    1.16793   -0.65439    1.18286   -4.56619   -0.06816   -2.31718
          2      41500  443.85302   -0.65239    1.16795   -0.65439    1.18286   -4.56619   -0.06816   -2.31718
          2      41600  444.91623   -0.65239    1.16797   -0.65439    1.18286   -4.56619   -0.06816   -2.31718
          2      41700  445.98306   -0.65239    1.16799   -0.65439    1.18286   -4.56619   -0.06816   -2.31718
          2      41800  446.80434   -0.65239    1.16801   -0.65439    1.18286   -4.56619   -0.06816   -2.31718
          2      41900  447.98892   -0.65240    1.16802   -0.65439    1.18286   -4.56619   -0.06816   -2.31718
          2      42000  449.44487   -0.65240    1.16804   -0.65439    1.18286   -4.56619   -0.06816   -2.31718
          2      42100  450.35053   -0.65240    1.16806   -0.65439    1.18286   -4.56619   -0.06816   -2.31718
          2      42200  451.29528   -0.65240    1.16808   -0.65439    1.18286   -4.56619   -0.06816   -2.31718
          2      42300  452.09346   -0.65241    1.16809   -0.65439    1.18286   -4.56619   -0.06816   -2.31718
          2      42400  453.11337   -0.65241    1.16811   -0.65439    1.18286   -4.56619   -0.06816   -2.31718
          2      42500  454.23114   -0.65241    1.16813   -0.65439    1.18286   -4.56619   -0.06816   -2.31718
          2      42600  455.25495   -0.65241    1.16815   -0.65439    1.18286   -4.56619   -0.06816   -2.31718
          2      42700  456.19006   -0.65242    1.16816   -0.65439    1.18286   -4.56619   -0.06816   -2.31718
          2      42800  457.40762   -0.65242    1.16818   -0.65439    1.18286   -4.56619   -0.06816   -2.31718
          2      42900  458.52307   -0.65242    1.16820   -0.65439    1.18286   -4.56619   -0.06816   -2.31718
          2      43000  459.36962   -0.65242    1.16822   -0.65439    1.18286   -4.56619   -0.06816   -2.31718
          2      43100  460.26821   -0.65243    1.16823   -0.65439    1.18286   -4.56619   -0.06816   -2.31718
          2      43200  461.39582   -0.65243    1.16825   -0.65439    1.18286   -4.56619   -0.06816   -2.31718
          2      43300  462.44458   -0.65243    1.16827   -0.65439    1.18286   -4.56619   -0.06816   -2.31718
          2      43400  463.53803   -0.65243    1.16828   -0.65439    1.18286   -4.56619   -0.06816   -2.31718
          2      43500  464.56029   -0.65243    1.16830   -0.65439    1.18286   -4.56619   -0.06816   -2.31718
          2      43600  465.53879   -0.65244    1.16832   -0.65439    1.18286   -4.56619   -0.06816   -2.31718
          2      43700  466.70484   -0.65244    1.16833   -0.65439    1.18286   -4.56619   -0.06816   -2.31718
          2      43800  467.89399   -0.65244    1.16835   -0.65439    1.18286   -4.56619   -0.06816   -2.31718
          2      43900  468.84101   -0.65244    1.16837   -0.65439    1.18286   -4.56619   -0.06816   -2.31718
          2      44000  469.99125   -0.65245    1.16838   -0.65439    1.18286   -4.56619   -0.06816   -2.31718
          2      44100  471.36237   -0.65245    1.16840   -0.65439    1.18286   -4.56619   -0.06816   -2.31718
          2      44200  472.40794   -0.65245    1.16842   -0.65439    1.18286   -4.56619   -0.06816   -2.31718
          2      44300  473.23608   -0.65245    1.16843   -0.65439    1.18286   -4.56619   -0.06816   -2.31718
          2      44400  474.10222   -0.65246    1.16845   -0.65439    1.18286   -4.56619   -0.06816   -2.31718
          2      44500  475.11965   -0.65246    1.16847   -0.65439    1.18286   -4.56619   -0.06816   -2.31718
          2      44600  476.20527   -0.65246    1.16848   -0.65439    1.18286   -4.56619   -0.06816   -2.31718
          2      44700  477.16416   -0.65246    1.16850   -0.65439    1.18286   -4.56619   -0.06816   -2.31718
          2      44800  478.43493   -0.65246    1.16852   -0.65439    1.18286   -4.56619   -0.06816   -2.31718
          2      44900  479.56309   -0.65247    1.16853   -0.65439    1.18286   -4.56619   -0.06816   -2.31718
          2      45000  480.69375   -0.65247    1.16855   -0.65439    1.18286   -4.56619   -0.06816   -2.31718
          2      45100  481.67926   -0.65247    1.16856   -0.65439    1.18286   -4.56619   -0.06816   -2.31718
          2      45200  482.68930   -0.65247    1.16858   -0.65439    1.18286   -4.56619   -0.06816   -2.31718
          2      45300  483.65612   -0.65247    1.16860   -0.65439    1.18286   -4.56619   -0.06816   -2.31718
          2      45400  484.87551   -0.65248    1.16861   -0.65439    1.18286   -4.56619   -0.06816   -2.31718
          2      45500  485.85067   -0.65248    1.16863   -0.65439    1.18286   -4.56619   -0.06816   -2.31718
          2      45600  486.84798   -0.65248    1.16864   -0.65439    1.18286   -4.56619   -0.06816   -2.31718
          2      45700  487.86779   -0.65248    1.16866   -0.65439    1.18286   -4.56619   -0.06816   -2.31718
          2      45800  488.93530   -0.65249    1.16867   -0.65439    1.18286   -4.56619   -0.06816   -2.31718
          2      45900  489.89566   -0.65249    1.16869   -0.65439    1.18286   -4.56619   -0.06816   -2.31718
          2      46000  490.83935   -0.65249    1.16870   -0.65439    1.18286   -4.56619   -0.06816   -2.31718
          2      46100  492.00941   -0.65249    1.16872   -0.65439    1.18286   -4.56619   -0.06816   -2.31718
          2      46200  493.13146   -0.65249    1.16874   -0.65439    1.18286   -4.56619   -0.06816   -2.31718
          2      46300  494.13812   -0.65250    1.16875   -0.65439    1.18286   -4.56619   -0.06816   -2.31718
          2      46400  495.11918   -0.65250    1.16877   -0.65439    1.18286   -4.56619   -0.06816   -2.31718
          2      46500  495.98520   -0.65250    1.16878   -0.65439    1.18286   -4.56619   -0.06816   -2.31718
          2      46600  497.17257   -0.65250    1.16880   -0.65439    1.18286   -4.56619   -0.06816   -2.31718
          2      46700  498.21908   -0.65250    1.16881   -0.65439    1.18286   -4.56619   -0.06816   -2.31718
          2      46800  499.28652   -0.65251    1.16883   -0.65439    1.18286   -4.56619   -0.06816   -2.31718
          2      46900  500.33304   -0.65251    1.16884   -0.65439    1.18286   -4.56619   -0.06816   -2.31718
          2      47000  501.38065   -0.65251    1.16886   -0.65439    1.18286   -4.56619   -0.06816   -2.31718
          2      47100  502.56841   -0.65251    1.16887   -0.65439    1.18286   -4.56619   -0.06816   -2.31718
          2      47200  503.75586   -0.65251    1.16889   -0.65439    1.18286   -4.56619   -0.06816   -2.31718
          2      47300  504.85478   -0.65252    1.16890   -0.65439    1.18286   -4.56619   -0.06816   -2.31718
          2      47400  505.97613   -0.65252    1.16892   -0.65439    1.18286   -4.56619   -0.06816   -2.31718
          2      47500  506.90896   -0.65252    1.16893   -0.65439    1.18286   -4.56619   -0.06816   -2.31718
          2      47600  508.04268   -0.65252    1.16895   -0.65439    1.18286   -4.56619   -0.06816   -2.31718
          2      47700  509.17960   -0.65252    1.16896   -0.65439    1.18286   -4.56619   -0.06816   -2.31718
          2      47800  510.28390   -0.65253    1.16898   -0.65439    1.18286   -4.56619   -0.06816   -2.31718
          2      47900  511.43482   -0.65253    1.16899   -0.65439    1.18286   -4.56619   -0.06816   -2.31718
          2      48000  512.53692   -0.65253    1.16900   -0.65439    1.18286   -4.56619   -0.06816   -2.31718
          2      48100  513.50167   -0.65253    1.16902   -0.65439    1.18286   -4.56619   -0.06816   -2.31718
          2      48200  514.41075   -0.65253    1.16903   -0.65439    1.18286   -4.56619   -0.06816   -2.31718
          2      48300  515.49874   -0.65254    1.16905   -0.65439    1.18286   -4.56619   -0.06816   -2.31718
          2      48400  516.60122   -0.65254    1.16906   -0.65439    1.18286   -4.56619   -0.06816   -2.31718
          2      48500  517.56941   -0.65254    1.16908   -0.65439    1.18286   -4.56619   -0.06816   -2.31718
          2      48600  518.66241   -0.65254    1.16909   -0.65439    1.18286   -4.56619   -0.06816   -2.31718
          2      48700  519.67095   -0.65254    1.16911   -0.65439    1.18286   -4.56619   -0.06816   -2.31718
          2      48800  520.87674   -0.65255    1.16912   -0.65439    1.18286   -4.56619   -0.06816   -2.31718
          2      48900  521.91641   -0.65255    1.16913   -0.65439    1.18286   -4.56619   -0.06816   -2.31718
          2      49000  522.99133   -0.65255    1.16915   -0.65439    1.18286   -4.56619   -0.06816   -2.31718
          2      49100  523.99433   -0.65255    1.16916   -0.65439    1.18286   -4.56619   -0.06816   -2.31718
          2      49200  525.33213   -0.65255    1.16918   -0.65439    1.18286   -4.56619   -0.06816   -2.31718
          2      49300  526.49171   -0.65256    1.16919   -0.65439    1.18286   -4.56619   -0.06816   -2.31718
          2      49400  527.49920   -0.65256    1.16920   -0.65439    1.18286   -4.56619   -0.06816   -2.31718
          2      49500  528.51595   -0.65256    1.16922   -0.65439    1.18286   -4.56619   -0.06816   -2.31718
          2      49600  529.79091   -0.65256    1.16923   -0.65439    1.18286   -4.56619   -0.06816   -2.31718
          2      49700  530.80852   -0.65256    1.16925   -0.65439    1.18286   -4.56619   -0.06816   -2.31718
          2      49800  531.91809   -0.65257    1.16926   -0.65439    1.18286   -4.56619   -0.06816   -2.31718
          2      49900  532.91482   -0.65257    1.16927   -0.65439    1.18286   -4.56619   -0.06816   -2.31718
          2      50000  533.93315   -0.65257    1.16929   -0.65439    1.18286   -4.56619   -0.06816   -2.31718
          2      50100  534.82886   -0.65257    1.16930   -0.65439    1.18286   -4.56619   -0.06816   -2.31718
          2      50200  535.92650   -0.65257    1.16931   -0.65439    1.18286   -4.56619   -0.06816   -2.31718
          2      50300  536.86887   -0.65257    1.16933   -0.65439    1.18286   -4.56619   -0.06816   -2.31718
          2      50400  537.88102   -0.65258    1.16934   -0.65439    1.18286   -4.56619   -0.06816   -2.31718
          2      50500  538.98484   -0.65258    1.16935   -0.65439    1.18286   -4.56619   -0.06816   -2.31718
          2      50600  539.81461   -0.65258    1.16937   -0.65439    1.18286   -4.56619   -0.06816   -2.31718
          2      50700  540.93135   -0.65258    1.16938   -0.65439    1.18286   -4.56619   -0.06816   -2.31718
          2      50800  542.14348   -0.65258    1.16939   -0.65439    1.18286   -4.56619   -0.06816   -2.31718
          2      50900  543.04932   -0.65259    1.16941   -0.65439    1.18286   -4.56619   -0.06816   -2.31718
          2      51000  544.19127   -0.65259    1.16942   -0.65439    1.18286   -4.56619   -0.06816   -2.31718
          2      51100  545.51092   -0.65259    1.16943   -0.65439    1.18286   -4.56619   -0.06816   -2.31718
          2      51200  546.54937   -0.65259    1.16945   -0.65439    1.18286   -4.56619   -0.06816   -2.31718
          2      51300  547.86131   -0.65259    1.16946   -0.65439    1.18286   -4.56619   -0.06816   -2.31718
          2      51400  548.89339   -0.65259    1.16947   -0.65439    1.18286   -4.56619   -0.06816   -2.31718
          2      51500  549.83460   -0.65260    1.16949   -0.65439    1.18286   -4.56619   -0.06816   -2.31718
          2      51600  550.94672   -0.65260    1.16950   -0.65439    1.18286   -4.56619   -0.06816   -2.31718
          2      51700  551.95324   -0.65260    1.16951   -0.65439    1.18286   -4.56619   -0.06816   -2.31718
          2      51800  553.11385   -0.65260    1.16953   -0.65439    1.18286   -4.56619   -0.06816   -2.31718
          2      51900  554.00118   -0.65260    1.16954   -0.65439    1.18286   -4.56619   -0.06816   -2.31718
          2      52000  555.15108   -0.65260    1.16955   -0.65439    1.18286   -4.56619   -0.06816   -2.31718
          2      52100  556.05713   -0.65261    1.16956   -0.65439    1.18286   -4.56619   -0.06816   -2.31718
          2      52200  557.23454   -0.65261    1.16958   -0.65439    1.18286   -4.56619   -0.06816   -2.31718
          2      52300  558.38097   -0.65261    1.16959   -0.65439    1.18286   -4.56619   -0.06816   -2.31718
          2      52400  559.49883   -0.65261    1.16960   -0.65439    1.18286   -4.56619   -0.06816   -2.31718
          2      52500  560.48704   -0.65261    1.16962   -0.65439    1.18286   -4.56619   -0.06816   -2.31718
          2      52600  561.71079   -0.65262    1.16963   -0.65439    1.18286   -4.56619   -0.06816   -2.31718
          2      52700  562.91817   -0.65262    1.16964   -0.65439    1.18286   -4.56619   -0.06816   -2.31718
          2      52800  563.82739   -0.65262    1.16965   -0.65439    1.18286   -4.56619   -0.06816   -2.31718
          2      52900  565.01305   -0.65262    1.16967   -0.65439    1.18286   -4.56619   -0.06816   -2.31718
          2      53000  566.01417   -0.65262    1.16968   -0.65439    1.18286   -4.56619   -0.06816   -2.31718
          2      53100  567.12356   -0.65262    1.16969   -0.65439    1.18286   -4.56619   -0.06816   -2.31718
          2      53200  568.28378   -0.65263    1.16970   -0.65439    1.18286   -4.56619   -0.06816   -2.31718
          2      53300  569.13246   -0.65263    1.16972   -0.65439    1.18286   -4.56619   -0.06816   -2.31718
          2      53400  570.14833   -0.65263    1.16973   -0.65439    1.18286   -4.56619   -0.06816   -2.31718
          2      53500  571.20956   -0.65263    1.16974   -0.65439    1.18286   -4.56619   -0.06816   -2.31718
          2      53600  572.28371   -0.65263    1.16975   -0.65439    1.18286   -4.56619   -0.06816   -2.31718
          2      53700  573.09378   -0.65263    1.16977   -0.65439    1.18286   -4.56619   -0.06816   -2.31718
          2      53800  574.27859   -0.65264    1.16978   -0.65439    1.18286   -4.56619   -0.06816   -2.31718
          2      53900  575.27216   -0.65264    1.16979   -0.65439    1.18286   -4.56619   -0.06816   -2.31718
          2      54000  576.46435   -0.65264    1.16980   -0.65439    1.18286   -4.56619   -0.06816   -2.31718
          2      54100  577.39359   -0.65264    1.16981   -0.65439    1.18286   -4.56619   -0.06816   -2.31718
          2      54200  578.58912   -0.65264    1.16983   -0.65439    1.18286   -4.56619   -0.06816   -2.31718
          2      54300  579.60639   -0.65264    1.16984   -0.65439    1.18286   -4.56619   -0.06816   -2.31718
          2      54400  580.82613   -0.65265    1.16985   -0.65439    1.18286   -4.56619   -0.06816   -2.31718
          2      54500  581.86087   -0.65265    1.16986   -0.65439    1.18286   -4.56619   -0.06816   -2.31718
          2      54600  582.93402   -0.65265    1.16987   -0.65439    1.18286   -4.56619   -0.06816   -2.31718
          2      54700  584.05443   -0.65265    1.16989   -0.65439    1.18286   -4.56619   -0.06816   -2.31718
          2      54800  585.15408   -0.65265    1.16990   -0.65439    1.18286   -4.56619   -0.06816   -2.31718
          2      54900  586.08517   -0.65265    1.16991   -0.65439    1.18286   -4.56619   -0.06816   -2.31718
          2      55000  587.15799   -0.65266    1.16992   -0.65439    1.18286   -4.56619   -0.06816   -2.31718
          2      55100  588.33090   -0.65266    1.16993   -0.65439    1.18286   -4.56619   -0.06816   -2.31718
          2      55200  589.46662   -0.65266    1.16995   -0.65439    1.18286   -4.56619   -0.06816   -2.31718
          2      55300  590.68652   -0.65266    1.16996   -0.65439    1.18286   -4.56619   -0.06816   -2.31718
          2      55400  591.80678   -0.65266    1.16997   -0.65439    1.18286   -4.56619   -0.06816   -2.31718
          2      55500  592.84055   -0.65266    1.16998   -0.65439    1.18286   -4.56619   -0.06816   -2.31718
          2      55600  594.03785   -0.65266    1.16999   -0.65439    1.18286   -4.56619   -0.06816   -2.31718
          2      55700  595.20148   -0.65267    1.17000   -0.65439    1.18286   -4.56619   -0.06816   -2.31718
          2      55800  596.38924   -0.65267    1.17002   -0.65439    1.18286   -4.56619   -0.06816   -2.31718
          2      55900  597.47740   -0.65267    1.17003   -0.65439    1.18286   -4.56619   -0.06816   -2.31718
          2      56000  598.38783   -0.65267    1.17004   -0.65439    1.18286   -4.56619   -0.06816   -2.31718
          2      56100  599.35072   -0.65267    1.17005   -0.65439    1.18286   -4.56619   -0.06816   -2.31718
          2      56159  600.00028   -0.65267    1.17006   -0.65439    1.18286   -4.56619   -0.06816   -2.31718
