 4636957111871362
       3835
 3600.04585
   25.21427
   -0.99476
   -0.00483
   -0.99866
    0.00020

    0.00419
   -0.05711
   -0.05103
   -0.07040
   -0.07957
   -0.00595
    0.06230
    0.04804
    0.00754
    0.01635
   -0.03663
   -0.00802
    0.01388
    0.02341
   -0.00254
    0.05115
   -0.04310
    0.06890
    0.00776
   -0.00897
    0.02999
    0.06019
    0.02349
    0.02479
   -0.01731
   -0.04453
   -0.01607
    0.00959
   -0.00651
   -0.06602
    0.01395
    0.01580
   -0.04883
    0.04237
    0.03578
    0.02310
   -0.04516
    0.02249
    0.06506
    0.00858
    0.09063
    0.05473
    0.02732
   -0.03496
    0.05543
   -0.00859
   -0.01314
    0.01457
    0.02337
   -0.04689
   -0.02788
   -0.01048
   -0.00266
    0.04443
   -0.03251
    0.05429
   -0.06547
    0.05873
   -0.04964
    0.04616
    0.05568
   -0.07469
    0.04796
   -0.03757
    0.04741
    0.04690
   -0.01209
    0.01271
    0.03909
   -0.00767
    0.00506
    0.00469
    0.05650
   -0.06088
   -0.02553
    0.06004
    0.05896
   -0.02109
    0.05902
   -0.00756
    0.01026
   -0.05299
   -0.04996
    0.01900
   -0.00508
    0.01931
    0.02163
   -0.05994
   -0.04517
   -0.01740
    0.00290
   -0.00886
    0.01578
    0.01545
   -0.04590
   -0.01146
   -0.01777
   -0.03946
   -0.06211
   -0.01426
   -0.05624
    0.06586
   -0.06235
   -0.05892
   -0.04875
    0.08187
    0.03545
    0.01779
    0.00674
    0.04851
    0.00936
    0.02292
    0.03768
    0.02419
    0.04999
   -0.06333
    0.02116
    0.03244
    0.03257
   -0.00907
    0.02356
   -0.05042
   -0.05538
    0.02480
    0.06261
    0.06332
    0.04106
   -0.01626
   -0.01707
    0.01388
   -0.05071
    0.04729
   -0.01587
    0.01988
    0.05556
   -0.04539
   -0.04832
    0.03626
    0.05803
    0.04088
   -0.03929
    0.03648
   -0.06430
    0.04593
   -0.05429
    0.05378
   -0.01093
   -0.00528
    0.03982
   -0.04776
    0.04054
    0.07616
   -0.02830
   -0.00868
    0.05237
   -0.03242
   -0.04337
    0.00419
    0.01353
   -0.03823
   -0.06867
   -0.06175
   -0.01757
    0.01325
    0.03396
    0.05112
   -0.01936
    0.01326
   -0.04274
    0.06449
   -0.05096
   -0.02115
   -0.03043
    0.04099
   -0.04510
    0.05082
   -0.03478
    0.00642
    0.07654
    0.02854
    0.04203
   -0.00430
   -0.04239
   -0.03052
   -0.01742
    0.04917
    0.01983
    0.05785
   -0.03382
    0.00581
    0.01417
    0.03866
   -0.01511
   -0.06096
   -0.06326
   -0.00506
   -0.06199
    0.00462
   -0.06169
   -0.00490
   -0.07563
   -0.05222
   -0.05595
   -0.00244
   -0.02242
    0.01301
   -0.03700
   -0.04957
    0.05147
   -0.01592
    0.00580
   -0.01885
   -0.01631
   -0.00052
   -0.00595
   -0.05649
    0.05271
    0.04584
   -0.00171
   -0.00052
   -0.05515
    0.04167
    0.04265
    0.00146
    0.04892
    0.01834
   -0.00104
    0.01887
    0.03519
   -0.05595
   -0.00911
   -0.00209
   -0.01934
   -0.03772
    0.04302
   -0.00694
    0.06927
    0.03920
   -0.03852
   -0.03177
    0.01736
    0.04485
    0.01378
    0.00078
    0.04844
   -0.02200
    0.06448
    0.06382
    0.02891
   -0.06483
   -0.04168
   -0.03206
   -0.04515
   -0.01186
   -0.07479
   -0.02208
    0.01487
    0.00979
   -0.05593
   -0.05927
   -0.04050
    0.01061
    0.00228
   -0.00155
    0.00460
    0.06172
    0.05648
   -0.01173
    0.05279
   -0.05572
   -0.03848
    0.03168
   -0.01918
    0.02267
   -0.06545
    0.06582
   -0.02211
    0.00312
    0.04997
   -0.07020
   -0.03444
   -0.00575
   -0.00490
    0.04306
    0.02115
    0.01103
   -0.04359
   -0.03471
   -0.06493
    0.04976
    0.05520
   -0.05146
    0.00422
   -0.03647
    0.02455
   -0.03797
    0.01219
    0.00037
   -0.00907
    0.04143
   -0.04648
   -0.05744
   -0.03176
    0.03461
    0.04194
    0.01165
   -0.00229
   -0.01467
   -0.04708
    0.00790
    0.02649
   -0.04610
    0.06000
    0.05132
    0.03688
    0.02008
    0.00588
   -0.00204
    0.06679
   -0.00985
    0.00562
   -0.03555
    0.01227
   -0.00277
    0.01523
    0.07135
   -0.03856
   -0.03223
    0.00827
    0.03831
   -0.03262
    0.05007
    0.03149
   -0.01812
    0.00399
   -0.04714
    0.02897
   -0.05849
    0.00072
   -0.06325
   -0.04223
    0.03398
    0.01558
   -0.01152
    0.01788
   -0.01860
   -0.01259
    0.02225
   -0.00397
   -0.03058
    0.01611
    0.03826
   -0.05353
    0.01248
    0.05725
    0.06602
   -0.06418
    0.04624
    0.00380
   -0.05341
    0.06605
   -0.04584
    0.02642
   -0.02348
   -0.03805
   -0.04946
    0.01890
    0.01260
   -0.05433
   -0.04520
   -0.02817
    0.00592
    0.05508
   -0.05150
    0.06152
    0.00391
   -0.03020
   -0.02177
   -0.04514
   -0.03511
    0.05781
    0.02352
    0.01378
    0.01511
    0.02767
   -0.00595
   -0.02012
   -0.00254
   -0.02733
   -0.06247
   -0.06911
    0.02475
   -0.02090
   -0.03607
    0.02935
   -0.02614
   -0.00414
    0.03811
   -0.01247
    0.03386
    0.05378
    0.03085
   -0.02305
    0.00311
    0.03603
   -0.01222
   -0.04045
    0.05516
    0.00465
   -0.04255
    0.01602
    0.00317
   -0.04582
   -0.06974
    0.03055
    0.01880
   -0.02219
   -0.01486
   -0.00582
   -0.07832
    0.05109
   -0.02290
    0.04780
   -0.05708
   -0.01018
   -0.02077
    0.00175
    0.06331
    0.00830
   -0.02026
   -0.06360
    0.06987
   -0.05347
   -0.03068
    0.07170
   -0.05523
   -0.06505
    0.07528
   -0.01978
    0.05935
    0.02882
    0.06013
   -0.06806
    0.04205
    0.02472
    0.05812
    0.01232
    0.01868
    0.05158
    0.06358
    0.05942
   -0.05124
   -0.03449
   -0.03513
    0.06559
    0.00122
    0.01448
   -0.04850
   -0.02025
   -0.03254
   -0.03460
    0.05253
   -0.06073
   -0.06564
   -0.06082
   -0.06383
    0.03515
   -0.05747
    0.06518
    0.05277
   -0.04980
   -0.00626
   -0.02085
    0.01203
   -0.02243
    0.04789
   -0.05411
    0.00130
    0.00919
    0.02479
   -0.04041
   -0.07104
    0.04088
    0.05866
   -0.06659
   -0.06227
    0.02513
    0.03744
   -0.06803
   -0.03437
    0.01662
    0.04189
   -0.04535
    0.03017
   -0.01722
    0.05334
    0.05250
   -0.00931
   -0.07035
    0.00826
    0.03952
   -0.03681
   -0.03116
   -0.01201
    0.06231
   -0.01331
   -0.00092
   -0.02582
   -0.00334
    0.03435
   -0.00323
   -0.00882
   -0.05531
    0.06266
    0.06506
    0.04939
   -0.06757
    0.04780
   -0.03741
   -0.05872
    0.02564
    0.01614
    0.01444
    0.04046
   -0.00823
   -0.02934
   -0.05320
   -0.00697
    0.06291
    0.04587
    0.03610
    0.00965
    0.07489
    0.02346
    0.03654
    0.03814
    0.03239
    0.03284
    0.02789
    0.06706
    0.01084
   -0.01235
    0.03228
    0.04867
   -0.07090
    0.04969
   -0.03023
    0.04604
   -0.00657
   -0.02728
    0.03127
    0.02421
   -0.04741
    0.06248
   -0.06725
    0.00594
    0.00505
   -0.05994
   -0.00070
   -0.02017
   -0.06011
    0.00254
   -0.05963
    0.00326
   -0.07189
    0.02170
    0.02432
   -0.01283
   -0.05022
    0.04467
   -0.04694
   -0.05732
    0.05873
    0.00663
    0.06141
    0.05579
    0.03155
    0.02491
    0.08103
   -0.00625
   -0.01168
    0.06249
    0.05842
   -0.04535
    0.02299
    0.01548
    0.06414
    0.01195
    0.04869
   -0.00782
   -0.05106
   -0.04775
    0.00672
   -0.00183
   -0.00435
    0.01328
   -0.03336
    0.06845
    0.06502
    0.00229

    0.00358
   -0.05713
   -0.05038
   -0.07130
   -0.07944
   -0.00591
    0.06243
    0.04824
    0.00734
    0.01549
   -0.03680
   -0.00831
    0.01335
    0.02414
   -0.00169
    0.05191
   -0.04271
    0.06991
    0.00843
   -0.00944
    0.02964
    0.05926
    0.02294
    0.02540
   -0.01702
   -0.04573
   -0.01560
    0.00928
   -0.00566
   -0.06741
    0.01369
    0.01572
   -0.04940
    0.04251
    0.03676
    0.02444
   -0.04472
    0.02148
    0.06411
    0.00839
    0.09173
    0.05436
    0.02757
   -0.03412
    0.05558
   -0.00863
   -0.01405
    0.01529
    0.02451
   -0.04681
   -0.02906
   -0.01009
   -0.00345
    0.04487
   -0.03191
    0.05359
   -0.06599
    0.05776
   -0.04996
    0.04644
    0.05473
   -0.07503
    0.04809
   -0.03920
    0.04811
    0.04678
   -0.01268
    0.01304
    0.03988
   -0.00692
    0.00600
    0.00420
    0.05696
   -0.06103
   -0.02631
    0.05976
    0.05914
   -0.02108
    0.05975
   -0.00666
    0.01148
   -0.05360
   -0.04961
    0.01979
   -0.00612
    0.01868
    0.02128
   -0.05967
   -0.04507
   -0.01777
    0.00214
   -0.00874
    0.01482
    0.01527
   -0.04706
   -0.01151
   -0.01791
   -0.03938
   -0.06205
   -0.01351
   -0.05572
    0.06678
   -0.06261
   -0.05829
   -0.04875
    0.08020
    0.03491
    0.01715
    0.00781
    0.04854
    0.00905
    0.02257
    0.03892
    0.02520
    0.05161
   -0.06494
    0.02207
    0.03247
    0.03387
   -0.00932
    0.02444
   -0.04935
   -0.05533
    0.02343
    0.06375
    0.06352
    0.04093
   -0.01694
   -0.01749
    0.01283
   -0.05139
    0.04676
   -0.01579
    0.02076
    0.05762
   -0.04608
   -0.04815
    0.03623
    0.05946
    0.04078
   -0.04018
    0.03688
   -0.06359
    0.04640
   -0.05327
    0.05412
   -0.01068
   -0.00368
    0.04046
   -0.04755
    0.04140
    0.07763
   -0.02961
   -0.00905
    0.05405
   -0.03327
   -0.04402
    0.00406
    0.01324
   -0.03835
   -0.06894
   -0.06097
   -0.01739
    0.01295
    0.03461
    0.05214
   -0.02027
    0.01153
   -0.04304
    0.06512
   -0.05083
   -0.02041
   -0.03067
    0.04098
   -0.04572
    0.05115
   -0.03544
    0.00471
    0.07674
    0.02759
    0.04219
   -0.00504
   -0.04228
   -0.03126
   -0.01583
    0.04949
    0.01901
    0.05781
   -0.03491
    0.00514
    0.01451
    0.03889
   -0.01462
   -0.06133
   -0.06465
   -0.00541
   -0.06142
    0.00373
   -0.06163
   -0.00525
   -0.07747
   -0.05196
   -0.05604
   -0.00199
   -0.02114
    0.01347
   -0.03600
   -0.04853
    0.05113
   -0.01554
    0.00652
   -0.01902
   -0.01542
   -0.00085
   -0.00532
   -0.05677
    0.05220
    0.04642
   -0.00227
   -0.00192
   -0.05495
    0.04178
    0.04288
    0.00125
    0.04945
    0.01888
   -0.00180
    0.01885
    0.03408
   -0.05620
   -0.00858
   -0.00277
   -0.02041
   -0.03744
    0.04414
   -0.00575
    0.06843
    0.03933
   -0.03875
   -0.03302
    0.01688
    0.04448
    0.01300
    0.00084
    0.04805
   -0.02306
    0.06473
    0.06403
    0.02904
   -0.06411
   -0.04212
   -0.03325
   -0.04518
   -0.01335
   -0.07535
   -0.02348
    0.01533
    0.00943
   -0.05500
   -0.05974
   -0.04030
    0.01011
    0.00228
   -0.00123
    0.00408
    0.06212
    0.05713
   -0.01217
    0.05420
   -0.05645
   -0.03781
    0.03174
   -0.01830
    0.02292
   -0.06584
    0.06700
   -0.02215
    0.00268
    0.05016
   -0.07087
   -0.03380
   -0.00533
   -0.00486
    0.04361
    0.01973
    0.01025
   -0.04293
   -0.03444
   -0.06479
    0.05066
    0.05621
   -0.05204
    0.00428
   -0.03677
    0.02515
   -0.03651
    0.01213
   -0.00011
   -0.00834
    0.04325
   -0.04729
   -0.05722
   -0.03054
    0.03511
    0.04106
    0.01169
   -0.00332
   -0.01503
   -0.04827
    0.00666
    0.02756
   -0.04616
    0.05952
    0.05230
    0.03755
    0.02092
    0.00547
   -0.00289
    0.06621
   -0.00930
    0.00454
   -0.03619
    0.01132
   -0.00251
    0.01607
    0.07265
   -0.03899
   -0.03270
    0.00730
    0.03791
   -0.03249
    0.04974
    0.03175
   -0.01775
    0.00518
   -0.04674
    0.02862
   -0.05963
    0.00004
   -0.06278
   -0.04156
    0.03482
    0.01595
   -0.01210
    0.01781
   -0.01807
   -0.01336
    0.02143
   -0.00439
   -0.03064
    0.01559
    0.03839
   -0.05431
    0.01284
    0.05741
    0.06660
   -0.06428
    0.04746
    0.00495
   -0.05373
    0.06668
   -0.04626
    0.02656
   -0.02325
   -0.03777
   -0.04962
    0.01984
    0.01270
   -0.05378
   -0.04686
   -0.02921
    0.00589
    0.05603
   -0.05202
    0.06136
    0.00391
   -0.02875
   -0.02138
   -0.04563
   -0.03471
    0.05856
    0.02463
    0.01354
    0.01506
    0.02779
   -0.00629
   -0.02121
   -0.00271
   -0.02660
   -0.06178
   -0.06891
    0.02455
   -0.02049
   -0.03662
    0.02970
   -0.02683
   -0.00418
    0.03927
   -0.01271
    0.03262
    0.05497
    0.03234
   -0.02278
    0.00324
    0.03665
   -0.01209
   -0.04067
    0.05606
    0.00398
   -0.04143
    0.01528
    0.00314
   -0.04681
   -0.07082
    0.03033
    0.01876
   -0.02323
   -0.01558
   -0.00570
   -0.07871
    0.05018
   -0.02256
    0.04767
   -0.05869
   -0.01076
   -0.02119
    0.00247
    0.06224
    0.00820
   -0.01966
   -0.06354
    0.06951
   -0.05429
   -0.03130
    0.07146
   -0.05548
   -0.06505
    0.07573
   -0.01958
    0.06004
    0.02784
    0.06076
   -0.06694
    0.04275
    0.02583
    0.05883
    0.01275
    0.01726
    0.05286
    0.06281
    0.06066
   -0.05095
   -0.03328
   -0.03538
    0.06508
    0.00205
    0.01394
   -0.04836
   -0.02029
   -0.03369
   -0.03396
    0.05350
   -0.06096
   -0.06488
   -0.06108
   -0.06391
    0.03655
   -0.05705
    0.06576
    0.05334
   -0.05088
   -0.00620
   -0.02207
    0.01147
   -0.02262
    0.04709
   -0.05369
    0.00066
    0.01015
    0.02425
   -0.04102
   -0.07148
    0.04239
    0.05873
   -0.06639
   -0.06159
    0.02479
    0.03751
   -0.06856
   -0.03437
    0.01600
    0.04330
   -0.04435
    0.03075
   -0.01695
    0.05346
    0.05308
   -0.00884
   -0.06996
    0.00756
    0.04036
   -0.03628
   -0.03123
   -0.01217
    0.06229
   -0.01435
   -0.00013
   -0.02681
   -0.00312
    0.03391
   -0.00261
   -0.00781
   -0.05641
    0.06312
    0.06472
    0.04834
   -0.06710
    0.04686
   -0.03635
   -0.05888
    0.02530
    0.01661
    0.01539
    0.04048
   -0.00791
   -0.02854
   -0.05237
   -0.00699
    0.06158
    0.04544
    0.03696
    0.00836
    0.07440
    0.02394
    0.03627
    0.03900
    0.03288
    0.03245
    0.02690
    0.06599
    0.01014
   -0.01148
    0.03185
    0.05007
   -0.07139
    0.05021
   -0.03166
    0.04481
   -0.00571
   -0.02832
    0.03035
    0.02402
   -0.04679
    0.06372
   -0.06939
    0.00621
    0.00468
   -0.06002
   -0.00121
   -0.02143
   -0.05959
    0.00364
   -0.05962
    0.00303
   -0.07308
    0.02103
    0.02505
   -0.01400
   -0.05108
    0.04468
   -0.04652
   -0.05838
    0.05956
    0.00658
    0.06242
    0.05720
    0.03272
    0.02495
    0.08095
   -0.00545
   -0.01100
    0.06195
    0.05933
   -0.04497
    0.02239
    0.01544
    0.06511
    0.01344
    0.04909
   -0.00879
   -0.05177
   -0.04779
    0.00798
   -0.00085
   -0.00466
    0.01349
   -0.03287
    0.06676
    0.06596
    0.00290

    0.02682
   -0.00784
   -0.04155
    0.00546
   -0.04425
   -0.02125
    0.03332
    0.02398
    0.00493
    0.07396
   -0.02257
   -0.00132
    0.03471
   -0.02955
   -0.06164
   -0.02101
   -0.02666
    0.01833
   -0.02369
    0.01709
    0.01086
    0.08479
    0.04141
    0.00871
   -0.00567
    0.05571
   -0.03181
   -0.00308
   -0.06195
    0.03329
    0.02733
    0.00953
    0.01540
   -0.00120
   -0.00515
   -0.01743
   -0.06119
    0.05186
    0.07825
    0.01122
    0.01090
    0.04533
   -0.01325
   -0.07790
    0.04157
   -0.01448
    0.05553
   -0.00906
   -0.05291
   -0.01034
    0.04320
   -0.00200
    0.00968
    0.00280
   -0.04469
    0.01380
   -0.01399
    0.07021
    0.01107
    0.03276
    0.07853
   -0.05416
    0.02603
    0.05661
    0.00150
    0.00616
   -0.00572
   -0.01380
   -0.02990
   -0.03508
   -0.00082
    0.04408
    0.01249
   -0.05713
    0.03812
    0.06436
    0.03134
   -0.04125
    0.00062
   -0.06217
   -0.05683
   -0.00610
   -0.04474
   -0.02805
    0.05166
    0.05051
    0.02873
   -0.03034
   -0.00326
   -0.01732
    0.04013
   -0.04065
    0.05745
    0.02489
    0.03320
   -0.02058
   -0.03750
   -0.01733
   -0.01253
   -0.05604
   -0.07451
   -0.01171
   -0.02705
   -0.05730
   -0.06318
    0.11630
    0.03922
    0.04366
   -0.01593
    0.04455
   -0.01189
    0.02749
   -0.03689
   -0.02832
   -0.03577
    0.03092
   -0.02157
    0.04041
   -0.04583
    0.02339
   -0.02243
   -0.08185
   -0.01854
    0.08311
   -0.01889
    0.02897
   -0.00916
    0.00711
    0.00072
    0.03800
    0.00106
    0.05344
   -0.00376
   -0.03850
   -0.06383
   -0.02073
   -0.03933
    0.04205
   -0.03452
    0.01503
    0.03518
    0.01721
   -0.07870
    0.02009
   -0.08302
    0.03125
   -0.02883
   -0.04663
   -0.01470
   -0.03009
   -0.05174
   -0.03069
    0.05957
    0.01107
   -0.07336
    0.02644
   -0.00393
    0.02915
    0.02956
   -0.04562
   -0.03700
   -0.06361
   -0.00169
    0.01110
   -0.00563
   -0.04159
    0.05482
    0.08063
    0.02564
   -0.00775
   -0.01335
   -0.04065
    0.02000
    0.02557
    0.00316
    0.00015
    0.05461
    0.08294
    0.07283
    0.08667
   -0.00216
    0.03039
   -0.06025
    0.02305
   -0.06444
    0.00526
    0.05147
    0.01016
    0.04127
    0.04808
   -0.01601
   -0.00139
   -0.01005
   -0.02733
    0.02601
    0.01059
   -0.07216
    0.03542
   -0.04753
    0.03194
    0.05210
   -0.03011
   -0.02063
    0.00117
   -0.08667
   -0.01379
   -0.09554
   -0.08219
    0.03893
   -0.00655
   -0.02315
   -0.01804
   -0.03249
   -0.01811
   -0.02404
   -0.01653
    0.06461
    0.00413
    0.05102
    0.06161
   -0.03178
    0.00859
    0.02624
    0.00184
    0.00346
   -0.00767
    0.02469
    0.02180
    0.06969
   -0.01443
   -0.02170
    0.03319
    0.02627
   -0.03818
   -0.00132
   -0.05390
    0.08473
   -0.00532
    0.00076
    0.01102
    0.02146
    0.03473
    0.05914
    0.01404
    0.03157
    0.05388
    0.01790
    0.03463
    0.04662
   -0.08860
   -0.03258
    0.03094
   -0.01948
    0.05681
   -0.00299
    0.06587
   -0.02088
    0.03708
   -0.09437
    0.01675
   -0.02832
    0.02394
    0.02359
   -0.01361
    0.02381
    0.00550
   -0.00131
   -0.01060
   -0.03287
    0.00342
   -0.07430
    0.01209
   -0.06091
   -0.00188
   -0.03692
   -0.00746
    0.02723
    0.05025
    0.05620
    0.00708
   -0.05982
   -0.01714
   -0.02500
    0.00160
    0.09124
    0.02372
   -0.05811
   -0.03098
   -0.04300
   -0.01116
    0.00004
   -0.02207
    0.00018
   -0.01901
   -0.01309
   -0.08289
   -0.01563
    0.04525
   -0.05754
   -0.06596
    0.01933
   -0.05152
   -0.09481
   -0.01414
    0.06177
    0.03133
    0.06294
   -0.00766
    0.02873
    0.07097
   -0.04474
   -0.01370
    0.04667
   -0.04307
   -0.01049
   -0.03589
    0.04331
    0.03368
    0.07112
   -0.02946
    0.03604
   -0.00548
    0.04594
   -0.01777
   -0.03126
   -0.02335
    0.00082
   -0.00253
    0.05156
    0.02864
   -0.00328
    0.07655
   -0.00414
   -0.01613
   -0.02796
   -0.07543
    0.03831
    0.02985
    0.03358
   -0.04901
   -0.06850
   -0.00919
    0.02493
    0.02704
    0.01579
   -0.03070
    0.02532
    0.05149
    0.01055
   -0.02254
    0.04280
   -0.01525
    0.02755
   -0.00550
    0.02602
    0.03820
   -0.03138
   -0.05619
   -0.05959
   -0.01280
    0.03161
    0.01168
   -0.01382
    0.00136
   -0.03983
    0.00672
   -0.05619
   -0.00928
   -0.05982
    0.05256
    0.01010
   -0.01929
    0.00806
    0.01694
    0.00833
   -0.01166
   -0.07932
   -0.01247
   -0.01771
   -0.03759
   -0.02347
   -0.01922
    0.06133
    0.02099
    0.03868
    0.02039
    0.03897
   -0.00181
   -0.06050
   -0.04263
   -0.06953
    0.01018
   -0.02760
    0.00161
   -0.02610
   -0.01528
   -0.00405
   -0.04113
   -0.00065
    0.07329
   -0.02879
   -0.07105
   -0.02584
   -0.01273
    0.01395
   -0.01161
   -0.00519
   -0.02390
    0.03361
   -0.05921
    0.04601
   -0.02273
    0.01172
    0.02865
    0.01405
    0.02878
    0.05432
    0.02362
   -0.00669
   -0.02013
    0.06551
   -0.04044
    0.04773
    0.05998
    0.00734
   -0.00837
   -0.02465
    0.05710
    0.02086
   -0.05652
   -0.04492
    0.06313
    0.00078
    0.02657
    0.06724
   -0.02378
   -0.04580
    0.04114
   -0.00504
   -0.01676
    0.09280
    0.01333
   -0.07653
   -0.01726
   -0.02125
   -0.00837
   -0.01349
    0.08942
   -0.02996
    0.07246
   -0.06458
   -0.04392
   -0.06971
   -0.00289
    0.06044
   -0.03073
    0.02965
   -0.02539
   -0.02770
    0.04741
   -0.00679
   -0.02531
   -0.02772
   -0.06411
    0.00479
   -0.05037
   -0.06280
   -0.02729
    0.00847
    0.02358
    0.00093
    0.00435
    0.01156
    0.03183
    0.01697
    0.06517
   -0.06490
    0.03464
   -0.04562
    0.05652
   -0.00238
   -0.04632
   -0.04527
    0.05610
   -0.05798
   -0.09767
    0.03937
    0.01051
   -0.01999
   -0.01795
    0.02783
   -0.05024
   -0.07814
    0.00891
   -0.00448
    0.04505
    0.01088
   -0.00713
   -0.08167
    0.07502
   -0.04482
   -0.02815
   -0.01840
   -0.01892
    0.04032
    0.05199
   -0.05242
    0.02993
   -0.00726
    0.02428
   -0.00686
   -0.06446
    0.00463
    0.02363
    0.04845
    0.06629
   -0.03229
    0.07916
   -0.05810
   -0.01441
    0.02476
   -0.00242
   -0.04262
    0.02025
   -0.00433
   -0.06400
   -0.05242
    0.01882
    0.09920
    0.04918
   -0.04121
    0.04167
    0.07297
   -0.02992
    0.02817
   -0.00772
    0.03574
    0.01339
    0.02423
    0.09160
    0.05704
   -0.03593
    0.00668
   -0.05686
   -0.01801
    0.00146
    0.04812
    0.08074
   -0.05043
    0.04834
    0.05517
    0.00504
   -0.05301
    0.00191
    0.05961
   -0.00478
    0.04472
   -0.02600
    0.02831
    0.06801
   -0.04704
   -0.05277
   -0.04250
   -0.00899
    0.00914
    0.03143
   -0.03625
    0.04934
    0.01048
    0.02204
   -0.03152
    0.00795
   -0.04023
    0.03693
   -0.02644
   -0.01528
   -0.02252
    0.02951
    0.07545
   -0.01585
    0.00151
    0.08602
   -0.01809
   -0.02376
    0.07368
   -0.00422
   -0.00265
   -0.03210
   -0.01065
    0.03904
   -0.00071
   -0.02260
   -0.04263
   -0.03629
   -0.00015
    0.02513
   -0.05897
    0.13596
   -0.02114
   -0.03328
