          0          0    0.00000   -1.03470   -0.00121   -1.03470   -0.00121
          1          0    0.30469   -1.03470   -0.00121   -1.03470   -0.00121
          1        100   11.97520   -1.03850   -0.00265   -1.03917   -0.00308
          1        200   23.87539   -1.03901   -0.00273   -1.03969   -0.00296
          1        300   35.83702   -1.03923   -0.00276   -1.03973   -0.00281
          1        400   47.37135   -1.03936   -0.00277   -1.03963   -0.00269
          1        500   58.32855   -1.03945   -0.00278   -1.03980   -0.00282
          1        600   69.89093   -1.03952   -0.00278   -1.03989   -0.00286
          1        700   81.55963   -1.03957   -0.00279   -1.03983   -0.00293
          1        800   92.96122   -1.03961   -0.00279   -1.03995   -0.00284
          1        900  104.62059   -1.03965   -0.00279   -1.03998   -0.00281
          1       1000  116.18417   -1.03968   -0.00279   -1.04000   -0.00273
          1       1100  126.83697   -1.03970   -0.00280   -1.04005   -0.00287
          1       1200  138.17936   -1.03972   -0.00280   -1.03998   -0.00279
          1       1300  149.46988   -1.03974   -0.00280   -1.04011   -0.00284
          1       1400  161.73024   -1.03976   -0.00280   -1.04013   -0.00285
          1       1500  174.96840   -1.03978   -0.00280   -1.03996   -0.00288
          1       1600  186.64594   -1.03979   -0.00280   -1.04011   -0.00276
          1       1700  198.11223   -1.03980   -0.00280   -1.04004   -0.00281
          1       1800  209.94837   -1.03982   -0.00280   -1.04014   -0.00277
          1       1900  221.86878   -1.03983   -0.00280   -1.04009   -0.00285
          1       2000  233.02739   -1.03984   -0.00280   -1.04009   -0.00280
          1       2100  245.27185   -1.03985   -0.00280   -1.04000   -0.00274
          1       2200  256.43663   -1.03986   -0.00280   -1.04007   -0.00286
          1       2300  268.02196   -1.03986   -0.00280   -1.04007   -0.00286
          1       2400  281.11829   -1.03987   -0.00280   -1.04013   -0.00276
          1       2500  294.24244   -1.03988   -0.00280   -1.04013   -0.00283
          1       2600  305.79095   -1.03989   -0.00280   -1.04006   -0.00276
          1       2700  317.52825   -1.03989   -0.00280   -1.04009   -0.00276
          1       2800  329.21720   -1.03990   -0.00280   -1.04010   -0.00281
          1       2900  341.26648   -1.03990   -0.00280   -1.04004   -0.00285
          1       3000  352.62858   -1.03991   -0.00280   -1.04012   -0.00278
          1       3100  364.11753   -1.03992   -0.00280   -1.04013   -0.00281
          1       3200  375.53145   -1.03992   -0.00280   -1.04009   -0.00281
          1       3300  387.24137   -1.03993   -0.00280   -1.04012   -0.00277
          1       3400  399.35677   -1.03993   -0.00280   -1.04011   -0.00282
          1       3500  411.31888   -1.03993   -0.00280   -1.04010   -0.00278
          1       3600  422.81358   -1.03994   -0.00280   -1.04009   -0.00280
          1       3700  433.74906   -1.03994   -0.00280   -1.04014   -0.00283
          1       3800  444.86927   -1.03995   -0.00280   -1.04012   -0.00282
          1       3900  456.68482   -1.03995   -0.00280   -1.04016   -0.00282
          1       4000  468.22824   -1.03995   -0.00280   -1.04008   -0.00278
          1       4100  479.64872   -1.03996   -0.00280   -1.04010   -0.00282
          1       4200  491.19104   -1.03996   -0.00280   -1.04010   -0.00279
          1       4300  503.01220   -1.03996   -0.00280   -1.04010   -0.00283
          1       4400  514.40325   -1.03997   -0.00280   -1.04010   -0.00281
          1       4500  525.53123   -1.03997   -0.00280   -1.04013   -0.00279
          1       4600  536.52038   -1.03997   -0.00280   -1.04007   -0.00282
          1       4700  547.44923   -1.03998   -0.00280   -1.04014   -0.00281
          1       4800  559.24373   -1.03998   -0.00280   -1.04016   -0.00282
          1       4900  570.28083   -1.03998   -0.00280   -1.04011   -0.00284
          1       5000  581.80531   -1.03998   -0.00280   -1.04013   -0.00281
          1       5100  593.67365   -1.03999   -0.00280   -1.04015   -0.00280
          1       5200  605.21429   -1.03999   -0.00280   -1.04014   -0.00280
          1       5300  616.58586   -1.03999   -0.00280   -1.04013   -0.00280
          1       5400  627.66101   -1.03999   -0.00280   -1.04014   -0.00278
          1       5500  638.78337   -1.03999   -0.00280   -1.04010   -0.00276
          1       5600  650.33161   -1.04000   -0.00280   -1.04016   -0.00277
          1       5700  661.71816   -1.04000   -0.00280   -1.04010   -0.00277
          1       5800  673.28819   -1.04000   -0.00280   -1.04014   -0.00276
          1       5900  685.14543   -1.04000   -0.00280   -1.04017   -0.00281
          1       6000  697.38036   -1.04001   -0.00280   -1.04012   -0.00280
          1       6100  709.08290   -1.04001   -0.00280   -1.04015   -0.00276
          1       6200  721.28399   -1.04001   -0.00280   -1.04017   -0.00278
          1       6300  733.90145   -1.04001   -0.00280   -1.04015   -0.00278
          1       6400  745.62123   -1.04001   -0.00280   -1.04016   -0.00283
          1       6500  757.79705   -1.04001   -0.00280   -1.04018   -0.00278
          1       6600  769.81450   -1.04002   -0.00280   -1.04016   -0.00282
          1       6700  781.54219   -1.04002   -0.00280   -1.04015   -0.00281
          1       6800  793.38135   -1.04002   -0.00280   -1.04014   -0.00281
          1       6900  804.96661   -1.04002   -0.00280   -1.04018   -0.00279
          1       7000  816.52361   -1.04002   -0.00280   -1.04016   -0.00276
          1       7100  828.26003   -1.04002   -0.00280   -1.04017   -0.00280
          1       7200  840.82939   -1.04003   -0.00280   -1.04015   -0.00280
          1       7300  851.95353   -1.04003   -0.00280   -1.04016   -0.00278
          1       7400  863.64067   -1.04003   -0.00280   -1.04015   -0.00279
          1       7500  875.51164   -1.04003   -0.00280   -1.04017   -0.00281
          1       7600  887.98583   -1.04003   -0.00280   -1.04017   -0.00280
          1       7700  900.71073   -1.04003   -0.00280   -1.04018   -0.00278
          1       7800  912.21463   -1.04003   -0.00280   -1.04016   -0.00277
          1       7900  923.98499   -1.04004   -0.00280   -1.04017   -0.00278
          1       8000  935.66640   -1.04004   -0.00280   -1.04015   -0.00278
          1       8100  946.99890   -1.04004   -0.00280   -1.04014   -0.00279
          1       8200  958.89498   -1.04004   -0.00280   -1.04018   -0.00277
          1       8300  970.18923   -1.04004   -0.00280   -1.04009   -0.00280
          1       8400  981.87302   -1.04004   -0.00280   -1.04011   -0.00279
          1       8500  994.87755   -1.04004   -0.00280   -1.04018   -0.00281
          1       8600 1006.76367   -1.04004   -0.00280   -1.04017   -0.00280
          1       8700 1019.13408   -1.04004   -0.00280   -1.04019   -0.00282
          1       8800 1031.92871   -1.04005   -0.00280   -1.04012   -0.00282
          1       8900 1043.17493   -1.04005   -0.00280   -1.04016   -0.00277
          1       9000 1054.96856   -1.04005   -0.00280   -1.04012   -0.00280
          1       9100 1066.75433   -1.04005   -0.00280   -1.04015   -0.00279
          1       9200 1078.46707   -1.04005   -0.00280   -1.04014   -0.00280
          1       9300 1090.18420   -1.04005   -0.00280   -1.04016   -0.00277
          1       9400 1102.49820   -1.04005   -0.00280   -1.04017   -0.00280
          1       9500 1113.81458   -1.04005   -0.00280   -1.04015   -0.00280
          1       9600 1125.73751   -1.04005   -0.00280   -1.04020   -0.00278
          1       9700 1137.00636   -1.04005   -0.00280   -1.04019   -0.00279
          1       9800 1149.03338   -1.04006   -0.00280   -1.04015   -0.00277
          1       9900 1160.89045   -1.04006   -0.00280   -1.04018   -0.00277
          1      10000 1172.30673   -1.04006   -0.00280   -1.04020   -0.00280
          1      10100 1183.85849   -1.04006   -0.00280   -1.04016   -0.00280
          1      10200 1195.35278   -1.04006   -0.00280   -1.04012   -0.00282
          1      10300 1207.18136   -1.04006   -0.00280   -1.04015   -0.00281
          1      10400 1218.74895   -1.04006   -0.00280   -1.04018   -0.00277
          1      10500 1230.30706   -1.04006   -0.00280   -1.04018   -0.00279
          1      10600 1242.25087   -1.04006   -0.00280   -1.04017   -0.00280
          1      10700 1254.29966   -1.04006   -0.00280   -1.04015   -0.00281
          1      10800 1265.91465   -1.04006   -0.00280   -1.04019   -0.00279
          1      10900 1277.49673   -1.04007   -0.00280   -1.04021   -0.00278
          1      11000 1288.92767   -1.04007   -0.00280   -1.04017   -0.00279
          1      11100 1300.52418   -1.04007   -0.00280   -1.04017   -0.00279
          1      11200 1312.07261   -1.04007   -0.00280   -1.04017   -0.00281
          1      11300 1325.40813   -1.04007   -0.00280   -1.04018   -0.00279
          1      11400 1336.48365   -1.04007   -0.00280   -1.04018   -0.00279
          1      11500 1348.59244   -1.04007   -0.00280   -1.04018   -0.00280
          1      11600 1359.65596   -1.04007   -0.00280   -1.04019   -0.00278
          1      11700 1371.47703   -1.04007   -0.00280   -1.04021   -0.00279
          1      11800 1383.28598   -1.04007   -0.00280   -1.04018   -0.00281
          1      11900 1395.60666   -1.04007   -0.00280   -1.04020   -0.00277
          1      12000 1407.53121   -1.04007   -0.00280   -1.04017   -0.00281
          1      12100 1419.45585   -1.04007   -0.00280   -1.04016   -0.00279
          1      12200 1430.67641   -1.04007   -0.00280   -1.04014   -0.00276
          1      12300 1442.60463   -1.04008   -0.00280   -1.04020   -0.00277
          1      12400 1454.28935   -1.04008   -0.00280   -1.04017   -0.00277
          1      12500 1466.16326   -1.04008   -0.00280   -1.04018   -0.00279
          1      12600 1477.94190   -1.04008   -0.00280   -1.04019   -0.00278
          1      12700 1489.36305   -1.04008   -0.00280   -1.04016   -0.00278
          1      12800 1501.62326   -1.04008   -0.00280   -1.04018   -0.00279
          1      12900 1513.12484   -1.04008   -0.00280   -1.04015   -0.00277
          1      13000 1524.66630   -1.04008   -0.00280   -1.04017   -0.00278
          1      13100 1536.44865   -1.04008   -0.00280   -1.04019   -0.00282
          1      13200 1550.10087   -1.04008   -0.00280   -1.04018   -0.00279
          1      13300 1561.67484   -1.04008   -0.00280   -1.04017   -0.00280
          1      13400 1573.69711   -1.04008   -0.00280   -1.04019   -0.00278
          1      13500 1584.86563   -1.04008   -0.00280   -1.04018   -0.00277
          1      13600 1596.36608   -1.04008   -0.00280   -1.04016   -0.00278
          1      13700 1607.94336   -1.04008   -0.00280   -1.04017   -0.00280
          1      13800 1619.68394   -1.04008   -0.00280   -1.04017   -0.00281
          1      13900 1631.64446   -1.04009   -0.00280   -1.04016   -0.00278
          1      14000 1643.33320   -1.04009   -0.00280   -1.04017   -0.00278
          1      14100 1655.25432   -1.04009   -0.00280   -1.04016   -0.00278
          1      14200 1666.83153   -1.04009   -0.00280   -1.04018   -0.00281
          1      14300 1678.35588   -1.04009   -0.00280   -1.04018   -0.00280
          1      14400 1690.02853   -1.04009   -0.00280   -1.04015   -0.00279
          1      14500 1701.52838   -1.04009   -0.00280   -1.04018   -0.00277
          1      14600 1713.40087   -1.04009   -0.00280   -1.04016   -0.00280
          1      14700 1725.06640   -1.04009   -0.00280   -1.04016   -0.00280
          1      14800 1736.99158   -1.04009   -0.00280   -1.04017   -0.00280
          1      14900 1749.59253   -1.04009   -0.00280   -1.04017   -0.00280
          1      15000 1761.17840   -1.04009   -0.00280   -1.04018   -0.00281
          1      15100 1773.50042   -1.04009   -0.00280   -1.04018   -0.00279
          1      15200 1785.23963   -1.04009   -0.00280   -1.04018   -0.00279
          1      15300 1796.57473   -1.04009   -0.00280   -1.04018   -0.00278
          1      15400 1807.71033   -1.04009   -0.00280   -1.04017   -0.00277
          1      15500 1820.30971   -1.04009   -0.00280   -1.04019   -0.00279
          1      15600 1832.31404   -1.04009   -0.00280   -1.04016   -0.00279
          1      15700 1844.70831   -1.04009   -0.00280   -1.04017   -0.00280
          1      15800 1855.85418   -1.04009   -0.00280   -1.04016   -0.00280
          1      15900 1867.34477   -1.04010   -0.00280   -1.04019   -0.00280
          1      16000 1878.91492   -1.04010   -0.00280   -1.04016   -0.00278
          1      16100 1890.94530   -1.04010   -0.00280   -1.04018   -0.00279
          1      16200 1902.61297   -1.04010   -0.00280   -1.04017   -0.00281
          1      16300 1914.37596   -1.04010   -0.00280   -1.04019   -0.00277
          1      16400 1926.81397   -1.04010   -0.00280   -1.04019   -0.00280
          1      16500 1938.83598   -1.04010   -0.00280   -1.04020   -0.00279
          1      16600 1951.27864   -1.04010   -0.00280   -1.04019   -0.00279
          1      16700 1963.07590   -1.04010   -0.00280   -1.04017   -0.00278
          1      16800 1975.81272   -1.04010   -0.00280   -1.04020   -0.00278
          1      16900 1987.67913   -1.04010   -0.00280   -1.04017   -0.00281
          1      17000 1999.33171   -1.04010   -0.00280   -1.04019   -0.00278
          1      17100 2010.88866   -1.04010   -0.00280   -1.04019   -0.00280
          1      17200 2022.50877   -1.04010   -0.00280   -1.04020   -0.00278
          1      17300 2033.66630   -1.04010   -0.00280   -1.04021   -0.00278
          1      17400 2045.98044   -1.04010   -0.00280   -1.04020   -0.00277
          1      17500 2058.01490   -1.04010   -0.00280   -1.04018   -0.00279
          1      17600 2069.08480   -1.04010   -0.00280   -1.04020   -0.00278
          1      17700 2081.26414   -1.04010   -0.00280   -1.04021   -0.00280
          1      17800 2093.77841   -1.04010   -0.00280   -1.04018   -0.00281
          1      17900 2105.92889   -1.04010   -0.00280   -1.04020   -0.00280
          1      18000 2119.03421   -1.04010   -0.00280   -1.04019   -0.00278
          1      18100 2132.08223   -1.04010   -0.00280   -1.04019   -0.00279
          1      18200 2144.69375   -1.04010   -0.00280   -1.04016   -0.00278
          1      18300 2157.18096   -1.04011   -0.00280   -1.04018   -0.00278
          1      18400 2170.61993   -1.04011   -0.00280   -1.04018   -0.00278
          1      18500 2182.95549   -1.04011   -0.00280   -1.04019   -0.00279
          1      18600 2194.33007   -1.04011   -0.00280   -1.04021   -0.00279
          1      18700 2206.52658   -1.04011   -0.00280   -1.04019   -0.00278
          1      18800 2218.39783   -1.04011   -0.00280   -1.04021   -0.00278
          1      18900 2229.98712   -1.04011   -0.00280   -1.04020   -0.00280
          1      19000 2242.44077   -1.04011   -0.00280   -1.04017   -0.00279
          1      19100 2254.23820   -1.04011   -0.00280   -1.04017   -0.00280
          1      19200 2265.41143   -1.04011   -0.00280   -1.04014   -0.00278
          1      19300 2277.75255   -1.04011   -0.00280   -1.04019   -0.00281
          1      19400 2288.82728   -1.04011   -0.00280   -1.04019   -0.00281
          1      19500 2301.19365   -1.04011   -0.00280   -1.04017   -0.00280
          1      19600 2313.68994   -1.04011   -0.00280   -1.04020   -0.00280
          1      19700 2325.67050   -1.04011   -0.00280   -1.04020   -0.00279
          1      19800 2337.70211   -1.04011   -0.00280   -1.04020   -0.00280
          1      19900 2349.24454   -1.04011   -0.00280   -1.04018   -0.00279
          1      20000 2361.49327   -1.04011   -0.00280   -1.04019   -0.00280
          1      20100 2373.25715   -1.04011   -0.00280   -1.04018   -0.00281
          1      20200 2385.10069   -1.04011   -0.00280   -1.04018   -0.00281
          1      20300 2397.72226   -1.04011   -0.00280   -1.04020   -0.00281
          1      20400 2409.76706   -1.04011   -0.00280   -1.04018   -0.00278
          1      20500 2421.91369   -1.04011   -0.00280   -1.04019   -0.00278
          1      20600 2433.80036   -1.04011   -0.00280   -1.04019   -0.00277
          1      20700 2446.12051   -1.04011   -0.00280   -1.04021   -0.00278
          1      20800 2457.79625   -1.04011   -0.00280   -1.04018   -0.00279
          1      20900 2469.48237   -1.04011   -0.00280   -1.04019   -0.00278
          1      21000 2481.91438   -1.04011   -0.00280   -1.04018   -0.00280
          1      21100 2494.08130   -1.04011   -0.00280   -1.04018   -0.00278
          1      21200 2505.84500   -1.04011   -0.00280   -1.04019   -0.00280
          1      21300 2517.50624   -1.04012   -0.00280   -1.04020   -0.00278
          1      21400 2528.80334   -1.04012   -0.00280   -1.04017   -0.00279
          1      21500 2540.75825   -1.04012   -0.00280   -1.04020   -0.00279
          1      21600 2553.78410   -1.04012   -0.00280   -1.04018   -0.00280
          1      21700 2566.33795   -1.04012   -0.00280   -1.04021   -0.00281
          1      21800 2578.35758   -1.04012   -0.00280   -1.04019   -0.00279
          1      21900 2590.36781   -1.04012   -0.00280   -1.04019   -0.00278
          1      22000 2602.93641   -1.04012   -0.00280   -1.04019   -0.00278
          1      22100 2615.33823   -1.04012   -0.00280   -1.04020   -0.00280
          1      22200 2627.47042   -1.04012   -0.00280   -1.04020   -0.00279
          1      22300 2639.67744   -1.04012   -0.00280   -1.04019   -0.00280
          1      22400 2651.73943   -1.04012   -0.00280   -1.04019   -0.00277
          1      22500 2663.64560   -1.04012   -0.00280   -1.04018   -0.00280
          1      22600 2676.05708   -1.04012   -0.00280   -1.04020   -0.00278
          1      22700 2687.99679   -1.04012   -0.00280   -1.04020   -0.00279
          1      22800 2699.20947   -1.04012   -0.00280   -1.04020   -0.00279
          1      22900 2711.42494   -1.04012   -0.00279   -1.04021   -0.00278
          1      23000 2723.37052   -1.04012   -0.00279   -1.04020   -0.00279
          1      23100 2736.11086   -1.04012   -0.00279   -1.04020   -0.00279
          1      23200 2747.63644   -1.04012   -0.00279   -1.04019   -0.00278
          1      23300 2759.28915   -1.04012   -0.00279   -1.04021   -0.00278
          1      23400 2770.83508   -1.04012   -0.00279   -1.04020   -0.00278
          1      23500 2784.58909   -1.04012   -0.00279   -1.04021   -0.00280
          1      23600 2796.88112   -1.04012   -0.00279   -1.04018   -0.00279
          1      23700 2808.81121   -1.04012   -0.00279   -1.04019   -0.00279
          1      23800 2820.92464   -1.04012   -0.00279   -1.04017   -0.00281
          1      23900 2834.22807   -1.04012   -0.00279   -1.04020   -0.00280
          1      24000 2846.29311   -1.04012   -0.00279   -1.04019   -0.00276
          1      24100 2858.05542   -1.04012   -0.00279   -1.04019   -0.00277
          1      24200 2870.29171   -1.04012   -0.00279   -1.04021   -0.00280
          1      24300 2882.55921   -1.04012   -0.00279   -1.04019   -0.00279
          1      24400 2894.73444   -1.04012   -0.00279   -1.04018   -0.00278
          1      24500 2906.74265   -1.04012   -0.00279   -1.04019   -0.00279
          1      24600 2918.15829   -1.04012   -0.00279   -1.04018   -0.00279
          1      24700 2929.92376   -1.04012   -0.00279   -1.04020   -0.00279
          1      24800 2942.31950   -1.04012   -0.00279   -1.04020   -0.00277
          1      24900 2954.46749   -1.04012   -0.00279   -1.04020   -0.00278
          1      25000 2966.38730   -1.04013   -0.00279   -1.04021   -0.00278
          1      25100 2978.52813   -1.04013   -0.00279   -1.04022   -0.00279
          1      25200 2991.66530   -1.04013   -0.00279   -1.04020   -0.00277
          1      25300 3003.83179   -1.04013   -0.00279   -1.04019   -0.00278
          1      25400 3016.66326   -1.04013   -0.00279   -1.04017   -0.00280
          1      25500 3028.84685   -1.04013   -0.00279   -1.04020   -0.00277
          1      25600 3041.15593   -1.04013   -0.00279   -1.04019   -0.00278
          1      25700 3053.93876   -1.04013   -0.00279   -1.04019   -0.00280
          1      25800 3065.78311   -1.04013   -0.00279   -1.04019   -0.00279
          1      25900 3077.29855   -1.04013   -0.00279   -1.04019   -0.00280
          1      26000 3089.62127   -1.04013   -0.00279   -1.04020   -0.00278
          1      26100 3101.10017   -1.04013   -0.00279   -1.04019   -0.00280
          1      26200 3113.37618   -1.04013   -0.00279   -1.04020   -0.00280
          1      26300 3125.19917   -1.04013   -0.00279   -1.04021   -0.00278
          1      26400 3137.14221   -1.04013   -0.00279   -1.04020   -0.00278
          1      26500 3148.96951   -1.04013   -0.00279   -1.04020   -0.00278
          1      26600 3160.89907   -1.04013   -0.00279   -1.04019   -0.00279
          1      26700 3172.84966   -1.04013   -0.00279   -1.04021   -0.00280
          1      26800 3185.87652   -1.04013   -0.00279   -1.04020   -0.00278
          1      26900 3198.67533   -1.04013   -0.00279   -1.04018   -0.00277
          1      27000 3211.60562   -1.04013   -0.00279   -1.04021   -0.00278
          1      27100 3223.75686   -1.04013   -0.00279   -1.04021   -0.00279
          1      27200 3235.90304   -1.04013   -0.00279   -1.04022   -0.00279
          1      27300 3247.51808   -1.04013   -0.00279   -1.04019   -0.00279
          1      27400 3259.19494   -1.04013   -0.00279   -1.04020   -0.00278
          1      27500 3271.15222   -1.04013   -0.00279   -1.04019   -0.00279
          1      27600 3283.10931   -1.04013   -0.00279   -1.04018   -0.00280
          1      27700 3296.53135   -1.04013   -0.00279   -1.04019   -0.00277
          1      27800 3309.42348   -1.04013   -0.00279   -1.04020   -0.00277
          1      27900 3321.28516   -1.04013   -0.00279   -1.04019   -0.00276
          1      28000 3333.43730   -1.04013   -0.00279   -1.04021   -0.00279
          1      28100 3345.33736   -1.04013   -0.00279   -1.04015   -0.00278
          1      28200 3357.18959   -1.04013   -0.00279   -1.04017   -0.00279
          1      28300 3368.46956   -1.04013   -0.00279   -1.04021   -0.00278
          1      28400 3380.77808   -1.04013   -0.00279   -1.04021   -0.00279
          1      28500 3392.99461   -1.04013   -0.00279   -1.04019   -0.00278
          1      28600 3404.67564   -1.04013   -0.00279   -1.04020   -0.00279
          1      28700 3416.35795   -1.04013   -0.00279   -1.04022   -0.00280
          1      28800 3429.44723   -1.04013   -0.00279   -1.04018   -0.00279
          1      28900 3441.18749   -1.04013   -0.00279   -1.04021   -0.00279
          1      29000 3453.12898   -1.04013   -0.00279   -1.04018   -0.00279
          1      29100 3464.93791   -1.04013   -0.00279   -1.04019   -0.00278
          1      29200 3477.22020   -1.04013   -0.00279   -1.04021   -0.00279
          1      29300 3488.93885   -1.04013   -0.00279   -1.04022   -0.00279
          1      29400 3500.84313   -1.04013   -0.00279   -1.04019   -0.00278
          1      29500 3513.81580   -1.04013   -0.00279   -1.04020   -0.00279
          1      29600 3527.10139   -1.04013   -0.00279   -1.04020   -0.00278
          1      29700 3539.00033   -1.04013   -0.00279   -1.04022   -0.00278
          1      29800 3550.57913   -1.04013   -0.00279   -1.04021   -0.00280
          1      29900 3562.20207   -1.04014   -0.00279   -1.04021   -0.00279
          1      30000 3573.59686   -1.04014   -0.00279   -1.04021   -0.00279
          1      30100 3585.08254   -1.04014   -0.00279   -1.04021   -0.00279
          1      30200 3595.16348   -1.04014   -0.00279   -1.04020   -0.00278
          1      30259 3600.03453   -1.04014   -0.00279   -1.04022   -0.00278
