 4995958509471352
       1698
 3600.63895
   32.31577
   -1.01136
   -0.01667
   -1.01882
   -0.00200

    0.02274
   -0.01280
    0.04060
    0.05426
   -0.04600
   -0.02676
   -0.04945
    0.03719
   -0.01399
    0.01558
   -0.05005
    0.00673
    0.05461
    0.03809
   -0.06427
    0.04313
    0.03616
   -0.05944
   -0.03902
    0.03980
    0.00420
    0.02525
   -0.02566
    0.07062
    0.00576
    0.03244
   -0.05865
   -0.04755
    0.02060
   -0.02607
    0.00089
    0.03284
    0.06560
    0.02891
   -0.03016
   -0.05204
    0.00585
    0.06043
    0.04890
    0.04035
   -0.00262
    0.04458
    0.06421
    0.06703
   -0.01634
    0.06801
    0.02501
    0.01457
    0.06062
    0.01809
    0.04706
    0.05162
    0.04862
    0.03871
    0.06860
   -0.02135
    0.00810
   -0.04608
   -0.06620
   -0.05224
    0.03100
   -0.06263
    0.05500
   -0.04973
    0.02104
    0.00732
    0.02614
   -0.03522
    0.04315
   -0.03184
   -0.02500
   -0.04628
    0.01389
   -0.00698
    0.06111
   -0.00411
   -0.01033
    0.03867
    0.04004
   -0.03308
    0.00750
   -0.01793
   -0.04573
   -0.05293
   -0.00719
    0.02224
    0.00227
   -0.00259
    0.01375
   -0.05599
    0.06222
    0.01038
   -0.06008
   -0.03136
    0.04953
   -0.00614
    0.05360
    0.04354
    0.05922
   -0.05286
    0.03143
   -0.05205
   -0.01224
    0.02951
    0.00131
   -0.00462
   -0.01677
    0.03314
    0.02722
    0.02930
    0.02954
   -0.04622
    0.06484
   -0.01863
    0.03607
    0.03543
    0.01331
    0.01147
    0.05469
    0.02273
   -0.04523
   -0.00869
    0.04818
    0.02193
    0.01697
    0.02075
   -0.04521
   -0.06007
   -0.04457
   -0.00540
    0.03983
    0.06170
    0.02726
   -0.04599
    0.04674
    0.04922
   -0.01380
    0.05445
   -0.06674
   -0.03892
   -0.05318
   -0.02062
   -0.07055
    0.03307
   -0.03410
   -0.04047
   -0.04365
    0.07031
   -0.06330
    0.00657
    0.05887
   -0.06944
    0.06871
    0.04223
   -0.02974
   -0.01017
   -0.02066
   -0.02093
   -0.00077
    0.04499
   -0.04911
   -0.05778
    0.04384
    0.01583
    0.03226
    0.03805
   -0.06447
   -0.00042
    0.01784
   -0.06566
   -0.02747
   -0.06562
   -0.03124
    0.04685
    0.02332
   -0.06802
    0.00983
    0.04888
   -0.00229
    0.04559
   -0.03246
    0.02035
   -0.03214
   -0.03280
   -0.02980
    0.04396
    0.00451
    0.00294
   -0.01461
    0.02977
    0.05085
    0.04109
    0.05526
    0.02518
    0.00173
   -0.05594
    0.03911
    0.06400
   -0.01930
    0.06306
    0.05358
   -0.01870
    0.00444
   -0.02743
   -0.03573
   -0.00086
    0.03930
   -0.02373
    0.05622
   -0.04632
    0.00921
    0.00053
   -0.05206
   -0.06316
   -0.05423
    0.05881
    0.00770
    0.03766
    0.03449
   -0.05598
   -0.04334
   -0.03348
   -0.00863
    0.00412
    0.00953
    0.03047
   -0.02218
    0.04173
   -0.06516
    0.05350
    0.03644
   -0.02825
    0.01921
    0.03500
   -0.06025
   -0.00428
   -0.05212
    0.03056
   -0.00968
    0.04143
    0.03051
   -0.05031
   -0.01701
    0.00487
    0.03208
   -0.03922
   -0.07261
   -0.01985
    0.04985
   -0.05998
    0.02963
   -0.06317
    0.06826
   -0.02382
    0.07512
   -0.05690
    0.05083
   -0.04857
   -0.03756
    0.01110
   -0.07024
    0.03988
   -0.02082
    0.05375
   -0.03729
    0.00154
    0.04563
   -0.04510
   -0.04534
   -0.04403
    0.04631
    0.05166
    0.00657
    0.01093
   -0.06473
   -0.02154
    0.02958
    0.03300
    0.00081
   -0.07197
    0.03673
   -0.02346
   -0.03201
    0.03099
    0.03008
    0.04995
    0.00135
   -0.05402
   -0.06187
    0.00572
   -0.01112
    0.00252
    0.04813
   -0.06558
   -0.01708
    0.01781
   -0.02444
    0.01758
   -0.03346
   -0.02180
    0.06641
   -0.04432
    0.07096
   -0.02242
   -0.02631
   -0.01764
   -0.03218
   -0.05788
   -0.06198
   -0.01819
    0.00652
   -0.00746
   -0.03932
   -0.02919
    0.04612
   -0.03864
    0.07051
    0.01761
    0.00528
   -0.02941
   -0.04978
    0.02322
    0.05087
   -0.06288
    0.05703
   -0.01451
    0.01787
    0.01683
    0.07302
   -0.01201
   -0.06618
   -0.00657
   -0.04049
   -0.04228
    0.00513
   -0.04567
   -0.01252
   -0.03383
    0.02128
    0.06343
   -0.03259
    0.01544
   -0.01552
    0.02742
    0.04512
   -0.01173
    0.04900
    0.02675
    0.03139
    0.03291
    0.05200
    0.03539
    0.06340
   -0.03204
   -0.02118
    0.04247
   -0.04284
   -0.05746
    0.03593
    0.03484
   -0.06635
    0.05650
    0.03150
    0.05040
   -0.01847
    0.05105
   -0.02894
    0.00010
   -0.03840
   -0.04419
    0.00036
    0.03885
    0.00672
    0.06233
    0.04492
   -0.04854
   -0.04930
   -0.04910
   -0.02176
   -0.00477
    0.02796
    0.02024
    0.04510
   -0.00395
    0.03195
   -0.05482
   -0.04999
    0.02896
   -0.01756
   -0.06287
    0.02787
   -0.00644
    0.01748
    0.03228
   -0.04118
    0.03321
    0.03348
    0.02568
   -0.06199
   -0.03197
    0.03185
   -0.05125
    0.06189
    0.01566
   -0.02751
    0.01735
    0.00092
   -0.05927
    0.03210
    0.02994
    0.02338
    0.05121
    0.07088
   -0.02157
    0.04312
    0.05554
   -0.06049
    0.05419
   -0.00385
   -0.02276
    0.02765
   -0.03877
    0.03150
    0.04256
   -0.04393
   -0.01088
    0.02141
   -0.01547
   -0.04526
   -0.05403
    0.04814
   -0.05352
    0.00402
   -0.00593
   -0.03937
   -0.04337
    0.00413
   -0.03971
    0.01130
   -0.05842
   -0.03504
   -0.03523
    0.02110
    0.06877
    0.04647
    0.05125
   -0.05479
    0.05913
    0.05020
   -0.04775
    0.03214
    0.03314
   -0.00760
    0.00999
    0.05231
    0.01821
    0.01199
    0.02795
    0.04634
    0.01784
   -0.02544
   -0.04368
   -0.06657
   -0.03136
   -0.01900
    0.06203
   -0.02436
    0.06778
   -0.03695
   -0.02000
    0.00533
    0.00501
    0.07469
    0.03761
    0.05281
   -0.05121
    0.04921
    0.00604
    0.01756
    0.06044
    0.02357
    0.08159
   -0.00530
    0.04176
    0.04178
   -0.04600
    0.05213
    0.05244
    0.01969
    0.05930
    0.01333
    0.06891
   -0.03763
   -0.02881
   -0.01343
    0.04848
    0.06496
    0.04997
    0.05354
   -0.04690
   -0.04492
    0.06560
    0.01188
   -0.05795
    0.02262
    0.01408
    0.01697
    0.02866
   -0.02322
    0.04188
    0.03375
    0.03883
    0.04092
    0.03251
    0.03590
   -0.03326
    0.03298
    0.02801
    0.05003
    0.03755
   -0.06028
    0.05924
    0.02351
   -0.05335
   -0.02220
    0.01100
    0.06078
   -0.02765
    0.04752
   -0.01414
    0.06343
    0.02601
    0.03445
    0.04837
    0.03566
   -0.02707
   -0.02122
   -0.04266
    0.03557
   -0.00045
   -0.03317
    0.04404
   -0.02169
   -0.05120
    0.05016
   -0.04495
    0.05937
    0.04564
   -0.02451
   -0.05742
    0.06801
   -0.00273
    0.05785
   -0.01901
    0.05984
   -0.04062
    0.07424
    0.03377
    0.01073
    0.02436
   -0.00849
   -0.06315
   -0.01589
   -0.04161
    0.00878
    0.00915
   -0.05078
   -0.00689
    0.02113
   -0.04113
    0.02623
    0.02561
   -0.00748
    0.00743
    0.03800
   -0.05881
   -0.04784
    0.06392
   -0.04487
   -0.01677
   -0.05561
    0.02286
    0.02175
    0.05502
   -0.03357
   -0.04622
   -0.05604
    0.05045
   -0.04534
   -0.02180
    0.05530
    0.03358
   -0.00686
    0.02225
   -0.03160
   -0.05962
   -0.03320
    0.05652
   -0.05294
    0.01958

    0.02243
   -0.01224
    0.04126
    0.05556
   -0.04392
   -0.02657
   -0.04878
    0.03742
   -0.01550
    0.01476
   -0.05128
    0.00706
    0.05351
    0.03914
   -0.06441
    0.04455
    0.03513
   -0.05981
   -0.03842
    0.04032
    0.00411
    0.02628
   -0.02601
    0.07032
    0.00634
    0.03298
   -0.06064
   -0.04734
    0.02085
   -0.02708
    0.00060
    0.03440
    0.06707
    0.03072
   -0.02905
   -0.05277
    0.00410
    0.05999
    0.04823
    0.04110
   -0.00353
    0.04413
    0.06518
    0.06660
   -0.01665
    0.06808
    0.02529
    0.01596
    0.05821
    0.01812
    0.04731
    0.05276
    0.04685
    0.03808
    0.06921
   -0.02426
    0.00942
   -0.04586
   -0.06729
   -0.05335
    0.03127
   -0.06249
    0.05708
   -0.05011
    0.02185
    0.00835
    0.02760
   -0.03750
    0.04413
   -0.03255
   -0.02458
   -0.04622
    0.01291
   -0.00668
    0.06155
   -0.00277
   -0.01012
    0.03871
    0.04064
   -0.03382
    0.00804
   -0.01896
   -0.04456
   -0.05358
   -0.00826
    0.02152
    0.00329
   -0.00481
    0.01488
   -0.05704
    0.06386
    0.00872
   -0.06142
   -0.03134
    0.05074
   -0.00724
    0.05334
    0.04402
    0.06011
   -0.05366
    0.03104
   -0.05144
   -0.01240
    0.02985
    0.00109
   -0.00527
   -0.01626
    0.03239
    0.02544
    0.02854
    0.02883
   -0.04614
    0.06648
   -0.01708
    0.03731
    0.03523
    0.01497
    0.01106
    0.05719
    0.02239
   -0.04608
   -0.00828
    0.04991
    0.02227
    0.01593
    0.02024
   -0.04746
   -0.06117
   -0.04519
   -0.00455
    0.04141
    0.06336
    0.02697
   -0.04484
    0.04628
    0.04942
   -0.01366
    0.05507
   -0.06700
   -0.04070
   -0.05298
   -0.02044
   -0.07257
    0.03424
   -0.03418
   -0.04172
   -0.04264
    0.07250
   -0.06220
    0.00568
    0.05761
   -0.06951
    0.06827
    0.04047
   -0.03134
   -0.01030
   -0.02272
   -0.02072
    0.00050
    0.04471
   -0.04869
   -0.05959
    0.04433
    0.01442
    0.03115
    0.03844
   -0.06502
   -0.00157
    0.01608
   -0.06594
   -0.02616
   -0.06750
   -0.03198
    0.04717
    0.02550
   -0.06816
    0.01009
    0.04697
   -0.00223
    0.04706
   -0.03265
    0.02065
   -0.03190
   -0.03200
   -0.03191
    0.04466
    0.00509
    0.00283
   -0.01644
    0.02855
    0.05101
    0.04102
    0.05511
    0.02610
    0.00113
   -0.05655
    0.04141
    0.06612
   -0.02017
    0.06231
    0.05295
   -0.01731
    0.00687
   -0.02911
   -0.03604
   -0.00107
    0.03986
   -0.02428
    0.05663
   -0.04594
    0.01035
   -0.00060
   -0.05080
   -0.06338
   -0.05404
    0.05915
    0.00582
    0.03806
    0.03398
   -0.05706
   -0.04212
   -0.03450
   -0.00996
    0.00468
    0.01094
    0.03116
   -0.02406
    0.04416
   -0.06613
    0.05345
    0.03846
   -0.02799
    0.02034
    0.03451
   -0.05923
   -0.00225
   -0.05190
    0.03184
   -0.00904
    0.04213
    0.03219
   -0.04868
   -0.01716
    0.00398
    0.03203
   -0.03891
   -0.07183
   -0.01925
    0.04918
   -0.06214
    0.02911
   -0.06263
    0.06771
   -0.02342
    0.07704
   -0.05749
    0.05069
   -0.04987
   -0.03732
    0.01019
   -0.07075
    0.04098
   -0.02271
    0.05405
   -0.03573
    0.00072
    0.04563
   -0.04636
   -0.04479
   -0.04339
    0.04821
    0.05142
    0.00667
    0.01094
   -0.06377
   -0.02150
    0.03119
    0.03177
    0.00031
   -0.07068
    0.03644
   -0.02391
   -0.03265
    0.03262
    0.03292
    0.05073
    0.00090
   -0.05574
   -0.06299
    0.00747
   -0.01171
    0.00252
    0.04886
   -0.06565
   -0.01508
    0.01922
   -0.02569
    0.01768
   -0.03251
   -0.02153
    0.06729
   -0.04475
    0.07030
   -0.02323
   -0.02684
   -0.01616
   -0.03290
   -0.05747
   -0.06244
   -0.01978
    0.00615
   -0.00744
   -0.04054
   -0.02931
    0.04443
   -0.03821
    0.07144
    0.01751
    0.00423
   -0.03114
   -0.05064
    0.02380
    0.05022
   -0.06388
    0.05808
   -0.01474
    0.01965
    0.01556
    0.07377
   -0.01169
   -0.06621
   -0.00704
   -0.04034
   -0.04238
    0.00667
   -0.04509
   -0.01405
   -0.03561
    0.02130
    0.06451
   -0.03287
    0.01511
   -0.01396
    0.02779
    0.04612
   -0.01238
    0.04995
    0.02749
    0.03272
    0.03236
    0.05386
    0.03447
    0.06518
   -0.03374
   -0.02198
    0.04175
   -0.04141
   -0.05944
    0.03677
    0.03595
   -0.06620
    0.05649
    0.03125
    0.05036
   -0.01857
    0.05180
   -0.02914
    0.00003
   -0.03883
   -0.04529
    0.00053
    0.04033
    0.00641
    0.06280
    0.04593
   -0.04708
   -0.04881
   -0.05144
   -0.02239
   -0.00617
    0.03018
    0.02092
    0.04396
   -0.00472
    0.03137
   -0.05663
   -0.04901
    0.03012
   -0.01773
   -0.06279
    0.02777
   -0.00523
    0.01804
    0.03345
   -0.04345
    0.03399
    0.03552
    0.02515
   -0.06270
   -0.03258
    0.03144
   -0.05069
    0.06327
    0.01569
   -0.02818
    0.01639
    0.00091
   -0.05943
    0.03189
    0.02957
    0.02340
    0.05269
    0.07152
   -0.02089
    0.04415
    0.05652
   -0.06099
    0.05486
   -0.00267
   -0.02402
    0.02631
   -0.03803
    0.03188
    0.04487
   -0.04484
   -0.01280
    0.02195
   -0.01447
   -0.04686
   -0.05570
    0.04892
   -0.05475
    0.00287
   -0.00633
   -0.03762
   -0.04600
    0.00617
   -0.03957
    0.01190
   -0.05827
   -0.03448
   -0.03519
    0.02144
    0.06941
    0.04724
    0.05086
   -0.05602
    0.05900
    0.05058
   -0.04834
    0.03187
    0.03424
   -0.00855
    0.01159
    0.05136
    0.01774
    0.01188
    0.02844
    0.04537
    0.01674
   -0.02524
   -0.04304
   -0.06753
   -0.03192
   -0.01959
    0.06112
   -0.02446
    0.06619
   -0.03686
   -0.01840
    0.00481
    0.00512
    0.07374
    0.03896
    0.05506
   -0.05110
    0.05001
    0.00436
    0.01771
    0.06040
    0.02300
    0.08019
   -0.00721
    0.04234
    0.04375
   -0.04603
    0.05205
    0.05185
    0.02071
    0.05800
    0.01326
    0.07035
   -0.03777
   -0.02853
   -0.01223
    0.04980
    0.06325
    0.05029
    0.05539
   -0.04485
   -0.04706
    0.06397
    0.01194
   -0.05837
    0.02066
    0.01286
    0.01655
    0.02968
   -0.02131
    0.04442
    0.03647
    0.03812
    0.04040
    0.03151
    0.03625
   -0.03432
    0.03093
    0.02889
    0.04979
    0.03752
   -0.06040
    0.05837
    0.02256
   -0.05469
   -0.02095
    0.01225
    0.05998
   -0.02844
    0.04776
   -0.01582
    0.06428
    0.02762
    0.03469
    0.04971
    0.03658
   -0.02599
   -0.02077
   -0.04038
    0.03528
   -0.00056
   -0.03273
    0.04395
   -0.02233
   -0.05360
    0.05048
   -0.04490
    0.06076
    0.04663
   -0.02408
   -0.05902
    0.06687
   -0.00414
    0.05686
   -0.01897
    0.06094
   -0.03939
    0.07395
    0.03477
    0.01142
    0.02481
   -0.00754
   -0.06235
   -0.01558
   -0.04266
    0.00843
    0.01151
   -0.04958
   -0.00516
    0.02011
   -0.04128
    0.02765
    0.02603
   -0.00900
    0.00772
    0.03748
   -0.05908
   -0.04706
    0.06299
   -0.04448
   -0.01660
   -0.05488
    0.02243
    0.02243
    0.05489
   -0.03446
   -0.04616
   -0.05514
    0.05004
   -0.04472
   -0.02384
    0.05518
    0.03299
   -0.00704
    0.02190
   -0.03213
   -0.06183
   -0.03238
    0.05736
   -0.05234
    0.01993

    0.03162
    0.01032
    0.00384
    0.02785
   -0.09021
   -0.04653
   -0.05154
   -0.00496
    0.03811
    0.05509
    0.01349
   -0.01484
    0.06823
   -0.00664
   -0.01959
   -0.01352
    0.02863
    0.00216
    0.00794
   -0.02462
    0.01293
    0.01061
    0.02043
    0.06136
   -0.01106
    0.01592
    0.05205
   -0.01327
    0.01370
    0.05718
    0.00336
   -0.01059
    0.02008
   -0.04672
   -0.04670
    0.00990
    0.05683
    0.06169
    0.02854
    0.01703
    0.04975
    0.04113
    0.01144
    0.04404
   -0.02131
    0.03243
    0.03722
   -0.05065
    0.12408
    0.01263
    0.02704
    0.03116
    0.10903
    0.01613
    0.04952
    0.08797
   -0.05735
   -0.07321
    0.01620
   -0.01540
    0.04259
   -0.05392
   -0.05735
   -0.01311
   -0.02907
   -0.05778
   -0.07012
    0.06914
   -0.04241
   -0.02569
   -0.03223
    0.01423
    0.03924
   -0.00592
    0.05164
   -0.07547
   -0.00745
   -0.00760
    0.02092
    0.01206
   -0.05535
    0.00689
   -0.08432
    0.00217
    0.01863
   -0.00372
   -0.01319
    0.05980
   -0.04633
   -0.03294
   -0.04475
    0.06930
    0.01305
    0.00021
   -0.05726
    0.06750
    0.01109
    0.01423
   -0.03559
    0.00390
    0.05852
   -0.05298
   -0.02242
    0.01442
    0.04104
    0.01937
    0.00763
    0.07267
    0.06396
    0.02807
    0.00491
   -0.03488
   -0.01803
   -0.04177
   -0.04358
   -0.00684
   -0.05586
    0.04878
   -0.02348
    0.02249
   -0.00975
    0.02019
   -0.02782
    0.02620
    0.06463
    0.04068
    0.03301
    0.00204
   -0.02084
   -0.01891
   -0.06449
    0.01693
    0.01871
   -0.01992
    0.04145
   -0.00583
   -0.03002
    0.01006
   -0.05519
    0.01133
   -0.03096
   -0.01299
    0.00707
   -0.00516
   -0.01351
    0.00903
   -0.05593
   -0.05217
   -0.02785
    0.01683
    0.07084
   -0.03925
    0.05640
    0.04874
    0.02692
   -0.01057
    0.05189
   -0.04895
   -0.07098
    0.01474
   -0.05595
    0.05898
    0.00315
    0.08767
    0.08676
    0.01734
   -0.01241
    0.01468
    0.07868
    0.00140
   -0.08457
    0.00615
    0.00326
   -0.00726
   -0.06944
   -0.01251
   -0.01354
    0.05831
    0.01305
    0.01150
    0.01531
   -0.00762
   -0.05504
   -0.02483
    0.03186
    0.00564
   -0.00961
   -0.03198
    0.05938
    0.04836
    0.00035
    0.03209
    0.04834
   -0.01280
    0.01524
   -0.01595
   -0.03369
   -0.03683
    0.05899
    0.04007
    0.05155
   -0.07446
   -0.07490
    0.01877
   -0.03046
    0.04517
    0.00123
   -0.02575
    0.02557
   -0.02763
   -0.01663
   -0.00821
   -0.03873
   -0.04126
   -0.06423
    0.04313
    0.04369
    0.02108
    0.02153
    0.00153
   -0.08338
    0.00856
    0.05912
   -0.00117
   -0.03384
    0.02845
    0.07809
   -0.03517
   -0.02216
    0.04456
    0.00063
   -0.01097
   -0.00678
    0.04269
   -0.08399
   -0.04470
   -0.05634
    0.00658
    0.02288
   -0.00233
    0.00212
   -0.07115
    0.04732
    0.02866
   -0.02184
   -0.01131
   -0.06001
   -0.00149
    0.07714
    0.04478
    0.05985
   -0.06926
    0.03357
    0.01276
    0.01029
    0.00505
   -0.01134
    0.01359
    0.00509
    0.03146
   -0.09488
   -0.00882
    0.03048
    0.01973
   -0.04680
    0.04960
    0.07817
    0.03141
   -0.01443
   -0.04011
   -0.05480
   -0.00340
   -0.01771
   -0.01386
   -0.08721
   -0.01758
   -0.05312
    0.08810
    0.00389
   -0.06777
    0.02240
   -0.01182
    0.01682
   -0.02991
   -0.10053
   -0.01010
    0.02270
    0.04928
   -0.03436
   -0.05763
   -0.00684
   -0.02613
   -0.02984
   -0.05625
   -0.05055
   -0.02637
    0.01950
    0.00116
   -0.03930
    0.01662
   -0.00706
    0.00932
    0.02843
    0.03793
   -0.01334
   -0.02364
   -0.03697
   -0.04994
    0.01249
    0.02325
    0.03388
   -0.03615
    0.03608
   -0.04508
    0.06007
   -0.05166
    0.01581
    0.05353
    0.04283
    0.01173
   -0.01479
    0.00036
    0.08156
   -0.03302
   -0.02596
    0.02779
   -0.03709
    0.03626
    0.02860
   -0.01387
   -0.01562
   -0.00431
   -0.00532
   -0.03710
   -0.06238
   -0.05736
    0.05783
    0.03695
    0.01320
   -0.00959
   -0.02104
   -0.03605
   -0.05564
   -0.02505
   -0.02484
    0.01315
   -0.00662
   -0.00690
   -0.05391
    0.03752
   -0.05348
    0.06936
    0.00443
    0.01804
    0.00458
    0.04825
   -0.03574
    0.00752
   -0.02514
    0.02357
   -0.05851
    0.02643
   -0.01155
    0.01328
    0.03170
   -0.01103
   -0.02296
   -0.02283
    0.03232
    0.00908
    0.01058
   -0.06366
    0.04535
    0.00872
    0.00347
   -0.04281
   -0.04869
    0.02273
    0.04962
    0.05263
   -0.08606
    0.01425
    0.04851
    0.03145
    0.04868
    0.01808
   -0.05390
   -0.02943
   -0.02028
   -0.04972
    0.03358
   -0.03067
    0.01620
   -0.01560
    0.02948
   -0.01630
   -0.05557
    0.03214
   -0.03965
    0.01140
    0.01824
   -0.08699
   -0.02317
   -0.01729
    0.00979
    0.03779
    0.00209
   -0.00938
    0.05383
    0.02118
    0.03492
    0.00675
    0.04366
   -0.05316
   -0.01722
    0.01210
   -0.03375
   -0.01536
   -0.03499
    0.03344
    0.07824
   -0.01857
   -0.00231
   -0.03011
   -0.00504
    0.07250
   -0.05705
   -0.04344
    0.06348
    0.03697
   -0.01335
   -0.00494
   -0.01247
   -0.00939
   -0.05565
    0.02763
   -0.04681
   -0.00427
   -0.02699
   -0.06037
   -0.03885
   -0.01092
    0.01258
   -0.00348
    0.04093
   -0.00803
    0.02826
    0.04315
    0.00560
   -0.02611
    0.03081
   -0.00497
    0.04620
   -0.06155
    0.05190
    0.01387
    0.04426
   -0.04628
    0.03341
    0.03624
    0.02011
   -0.05630
   -0.02071
    0.00773
    0.04115
    0.07914
   -0.02415
    0.06666
   -0.04225
   -0.06000
   -0.02577
   -0.02852
    0.04860
   -0.03965
   -0.03221
   -0.00116
    0.01474
    0.07623
   -0.00168
    0.00684
    0.06207
    0.11517
    0.03004
    0.00595
   -0.04329
   -0.02989
    0.04224
    0.09359
    0.01611
    0.05510
    0.00232
    0.01946
    0.00152
   -0.03447
   -0.03429
   -0.01044
    0.07523
    0.04255
   -0.04692
   -0.07581
    0.04544
    0.10229
    0.02553
    0.00018
    0.06866
    0.02933
   -0.01224
   -0.01295
   -0.06766
   -0.01651
   -0.07608
    0.07643
    0.01936
    0.06431
    0.03622
   -0.00482
    0.06891
    0.02385
    0.01882
    0.03255
   -0.02760
    0.07253
    0.03971
    0.01821
   -0.04542
   -0.00927
    0.02710
   -0.01986
    0.02972
    0.06697
   -0.01337
   -0.05857
    0.00975
    0.02792
    0.03766
   -0.05553
   -0.01679
   -0.09078
    0.02922
   -0.00052
   -0.01063
   -0.02362
    0.03567
    0.05471
    0.05087
   -0.03846
   -0.03671
    0.00906
   -0.01655
    0.01947
    0.05124
    0.05173
    0.07523
   -0.02820
    0.00461
   -0.03542
    0.04529
   -0.03067
   -0.02796
   -0.00734
   -0.06293
   -0.04311
   -0.01996
    0.01431
    0.02431
   -0.06975
   -0.06941
   -0.04638
    0.06744
   -0.03653
    0.00208
    0.00187
    0.05533
   -0.01996
    0.07607
    0.00030
   -0.02247
    0.08891
   -0.05600
   -0.02019
   -0.07289
    0.01868
    0.02326
    0.04270
    0.00736
   -0.04422
   -0.08030
    0.01873
   -0.03921
    0.01466
    0.03934
    0.06570
   -0.01311
    0.01897
    0.00348
    0.05063
   -0.02886
    0.04687
   -0.01156
    0.01442
