          1          0    0.00000   -1.03332   -0.00862   -1.03332   -0.00862   -3.40044    3.40044    0.00000
          1          1    0.02690   -0.71170   -0.02933   -0.51103   -0.01973   -3.40044   -0.71170    0.00000
          2          0    0.02690   -0.30172   -0.04626   -0.51103   -0.01973   -3.40044   -0.71170   -2.05607
          2        100    5.68003   -0.95182   -0.03259   -1.03858   -0.00956   -3.40044   -0.71170   -2.05607
          2        200   12.26318   -0.97738   -0.03154   -1.03903   -0.00976   -3.40044   -0.71170   -2.05607
          2        300   18.58903   -0.98875   -0.03104   -1.03925   -0.00965   -3.40044   -0.71170   -2.05607
          2        400   25.35466   -0.99554   -0.03074   -1.03925   -0.00967   -3.40044   -0.71170   -2.05607
          2        500   31.75401   -1.00018   -0.03053   -1.03914   -0.00948   -3.40044   -0.71170   -2.05607
          2        600   38.71801   -1.00360   -0.03038   -1.03924   -0.00965   -3.40044   -0.71170   -2.05607
          2        700   45.00769   -1.00627   -0.03026   -1.03933   -0.00963   -3.40044   -0.71170   -2.05607
          2        800   51.92095   -1.00842   -0.03016   -1.03941   -0.00953   -3.40044   -0.71170   -2.05607
          2        900   58.46088   -1.01020   -0.03007   -1.03932   -0.00949   -3.40044   -0.71170   -2.05607
          2       1000   64.96028   -1.01171   -0.03000   -1.03937   -0.00951   -3.40044   -0.71170   -2.05607
          2       1100   71.03685   -1.01301   -0.02994   -1.03943   -0.00956   -3.40044   -0.71170   -2.05607
          2       1200   77.54653   -1.01414   -0.02989   -1.03944   -0.00963   -3.40044   -0.71170   -2.05607
          2       1300   84.31379   -1.01514   -0.02984   -1.03936   -0.00955   -3.40044   -0.71170   -2.05607
          2       1400   90.65254   -1.01603   -0.02980   -1.03942   -0.00956   -3.40044   -0.71170   -2.05607
          2       1500   97.63279   -1.01683   -0.02976   -1.03952   -0.00959   -3.40044   -0.71170   -2.05607
          2       1600  103.56568   -1.01755   -0.02972   -1.03949   -0.00956   -3.40044   -0.71170   -2.05607
          2       1700  110.12387   -1.01821   -0.02969   -1.03950   -0.00958   -3.40044   -0.71170   -2.05607
          2       1800  116.91377   -1.01881   -0.02966   -1.03943   -0.00958   -3.40044   -0.71170   -2.05607
          2       1900  123.21517   -1.01937   -0.02964   -1.03947   -0.00955   -3.40044   -0.71170   -2.05607
          2       2000  129.38547   -1.01988   -0.02961   -1.03956   -0.00949   -3.40044   -0.71170   -2.05607
          2       2100  136.02568   -1.02036   -0.02959   -1.03948   -0.00962   -3.40044   -0.71170   -2.05607
          2       2200  143.55723   -1.02080   -0.02957   -1.03954   -0.00956   -3.40044   -0.71170   -2.05607
          2       2300  150.00421   -1.02121   -0.02935   -1.03950   -0.00958   -3.40044   -0.71170   -2.05607
          2       2400  156.37098   -1.02160   -0.02893   -1.03950   -0.00955   -3.40044   -0.71170   -2.05607
          2       2500  163.34911   -1.02196   -0.02854   -1.03957   -0.00959   -3.40044   -0.71170   -2.05607
          2       2600  170.07049   -1.02231   -0.02818   -1.03949   -0.00958   -3.40044   -0.71170   -2.05607
          2       2700  176.50726   -1.02263   -0.02783   -1.03954   -0.00959   -3.40044   -0.71170   -2.05607
          2       2800  182.64775   -1.02294   -0.02750   -1.03959   -0.00960   -3.40044   -0.71170   -2.05607
          2       2900  189.02693   -1.02323   -0.02719   -1.03945   -0.00953   -3.40044   -0.71170   -2.05607
          2       3000  196.08444   -1.02350   -0.02689   -1.03957   -0.00964   -3.40044   -0.71170   -2.05607
          2       3100  202.75125   -1.02377   -0.02661   -1.03954   -0.00960   -3.40044   -0.71170   -2.05607
          2       3200  208.96087   -1.02402   -0.02634   -1.03957   -0.00956   -3.40044   -0.71170   -2.05607
          2       3300  215.44634   -1.02426   -0.02609   -1.03948   -0.00954   -3.40044   -0.71170   -2.05607
          2       3400  222.09285   -1.02448   -0.02584   -1.03953   -0.00953   -3.40044   -0.71170   -2.05607
          2       3500  228.44331   -1.02470   -0.02561   -1.03958   -0.00956   -3.40044   -0.71170   -2.05607
          2       3600  234.63620   -1.02491   -0.02539   -1.03953   -0.00960   -3.40044   -0.71170   -2.05607
          2       3700  241.05533   -1.02511   -0.02517   -1.03956   -0.00959   -3.40044   -0.71170   -2.05607
          2       3800  247.61694   -1.02530   -0.02497   -1.03949   -0.00959   -3.40044   -0.71170   -2.05607
          2       3900  253.93762   -1.02549   -0.02477   -1.03955   -0.00952   -3.40044   -0.71170   -2.05607
          2       4000  260.66420   -1.02567   -0.02458   -1.03958   -0.00959   -3.40044   -0.71170   -2.05607
          2       4100  267.56690   -1.02584   -0.02439   -1.03959   -0.00960   -3.40044   -0.71170   -2.05607
          2       4200  274.46187   -1.02600   -0.02422   -1.03953   -0.00961   -3.40044   -0.71170   -2.05607
          2       4300  281.32293   -1.02616   -0.02404   -1.03953   -0.00953   -3.40044   -0.71170   -2.05607
          2       4400  287.98326   -1.02632   -0.02388   -1.03958   -0.00952   -3.40044   -0.71170   -2.05607
          2       4500  293.99530   -1.02647   -0.02372   -1.03950   -0.00955   -3.40044   -0.71170   -2.05607
          2       4600  300.12444   -1.02661   -0.02357   -1.03954   -0.00954   -3.40044   -0.71170   -2.05607
          2       4700  306.62805   -1.02675   -0.02342   -1.03956   -0.00957   -3.40044   -0.71170   -2.05607
          2       4800  313.31969   -1.02689   -0.02327   -1.03957   -0.00951   -3.40044   -0.71170   -2.05607
          2       4900  319.76626   -1.02702   -0.02313   -1.03957   -0.00958   -3.40044   -0.71170   -2.05607
          2       5000  326.45629   -1.02714   -0.02299   -1.03955   -0.00958   -3.40044   -0.71170   -2.05607
          2       5100  333.16900   -1.02727   -0.02286   -1.03959   -0.00958   -3.40044   -0.71170   -2.05607
          2       5200  339.94220   -1.02739   -0.02273   -1.03960   -0.00956   -3.40044   -0.71170   -2.05607
          2       5300  346.15676   -1.02750   -0.02261   -1.03960   -0.00955   -3.40044   -0.71170   -2.05607
          2       5400  353.02747   -1.02762   -0.02249   -1.03956   -0.00959   -3.40044   -0.71170   -2.05607
          2       5500  359.19075   -1.02773   -0.02237   -1.03960   -0.00957   -3.40044   -0.71170   -2.05607
          2       5600  365.55695   -1.02783   -0.02226   -1.03959   -0.00956   -3.40044   -0.71170   -2.05607
          2       5700  372.66341   -1.02794   -0.02214   -1.03958   -0.00957   -3.40044   -0.71170   -2.05607
          2       5800  379.21272   -1.02804   -0.02204   -1.03955   -0.00958   -3.40044   -0.71170   -2.05607
          2       5900  386.07745   -1.02814   -0.02193   -1.03957   -0.00958   -3.40044   -0.71170   -2.05607
          2       6000  392.74559   -1.02824   -0.02183   -1.03954   -0.00958   -3.40044   -0.71170   -2.05607
          2       6100  399.37613   -1.02833   -0.02173   -1.03963   -0.00954   -3.40044   -0.71170   -2.05607
          2       6200  405.94234   -1.02842   -0.02163   -1.03957   -0.00959   -3.40044   -0.71170   -2.05607
          2       6300  412.50023   -1.02851   -0.02153   -1.03960   -0.00960   -3.40044   -0.71170   -2.05607
          2       6400  419.74485   -1.02860   -0.02144   -1.03961   -0.00957   -3.40044   -0.71170   -2.05607
          2       6500  426.33286   -1.02868   -0.02135   -1.03958   -0.00955   -3.40044   -0.71170   -2.05607
          2       6600  433.01949   -1.02877   -0.02126   -1.03959   -0.00958   -3.40044   -0.71170   -2.05607
          2       6700  439.46169   -1.02885   -0.02117   -1.03960   -0.00959   -3.40044   -0.71170   -2.05607
          2       6800  446.24590   -1.02893   -0.02108   -1.03961   -0.00958   -3.40044   -0.71170   -2.05607
          2       6900  453.04233   -1.02901   -0.02100   -1.03963   -0.00956   -3.40044   -0.71170   -2.05607
          2       7000  459.57314   -1.02908   -0.02092   -1.03961   -0.00958   -3.40044   -0.71170   -2.05607
          2       7100  465.71148   -1.02916   -0.02084   -1.03964   -0.00957   -3.40044   -0.71170   -2.05607
          2       7200  472.37711   -1.02923   -0.02076   -1.03961   -0.00953   -3.40044   -0.71170   -2.05607
          2       7300  478.36231   -1.02930   -0.02068   -1.03960   -0.00950   -3.40044   -0.71170   -2.05607
          2       7400  484.97558   -1.02937   -0.02061   -1.03960   -0.00960   -3.40044   -0.71170   -2.05607
          2       7500  491.57385   -1.02944   -0.02053   -1.03960   -0.00956   -3.40044   -0.71170   -2.05607
          2       7600  498.58713   -1.02951   -0.02046   -1.03963   -0.00958   -3.40044   -0.71170   -2.05607
          2       7700  504.98933   -1.02958   -0.02039   -1.03957   -0.00954   -3.40044   -0.71170   -2.05607
          2       7800  511.82853   -1.02964   -0.02032   -1.03959   -0.00956   -3.40044   -0.71170   -2.05607
          2       7900  518.32177   -1.02970   -0.02025   -1.03962   -0.00953   -3.40044   -0.71170   -2.05607
          2       8000  524.74169   -1.02977   -0.02019   -1.03961   -0.00954   -3.40044   -0.71170   -2.05607
          2       8100  531.11627   -1.02983   -0.02012   -1.03963   -0.00954   -3.40044   -0.71170   -2.05607
          2       8200  537.40952   -1.02989   -0.02006   -1.03961   -0.00954   -3.40044   -0.71170   -2.05607
          2       8300  543.75965   -1.02995   -0.01999   -1.03960   -0.00956   -3.40044   -0.71170   -2.05607
          2       8400  549.87880   -1.03001   -0.01993   -1.03961   -0.00956   -3.40044   -0.71170   -2.05607
          2       8500  556.62574   -1.03006   -0.01987   -1.03960   -0.00956   -3.40044   -0.71170   -2.05607
          2       8600  563.11736   -1.03012   -0.01981   -1.03963   -0.00958   -3.40044   -0.71170   -2.05607
          2       8700  569.53435   -1.03017   -0.01975   -1.03964   -0.00955   -3.40044   -0.71170   -2.05607
          2       8800  576.40837   -1.03023   -0.01969   -1.03956   -0.00959   -3.40044   -0.71170   -2.05607
          2       8900  582.94015   -1.03028   -0.01964   -1.03961   -0.00955   -3.40044   -0.71170   -2.05607
          2       9000  589.15044   -1.03033   -0.01958   -1.03960   -0.00959   -3.40044   -0.71170   -2.05607
          2       9100  595.56943   -1.03038   -0.01952   -1.03961   -0.00958   -3.40044   -0.71170   -2.05607
          2       9200  602.37530   -1.03044   -0.01947   -1.03961   -0.00956   -3.40044   -0.71170   -2.05607
          2       9300  608.83884   -1.03049   -0.01942   -1.03960   -0.00960   -3.40044   -0.71170   -2.05607
          2       9400  615.37795   -1.03053   -0.01936   -1.03962   -0.00956   -3.40044   -0.71170   -2.05607
          2       9500  621.43186   -1.03058   -0.01931   -1.03957   -0.00954   -3.40044   -0.71170   -2.05607
          2       9600  628.11092   -1.03063   -0.01926   -1.03957   -0.00956   -3.40044   -0.71170   -2.05607
          2       9700  634.34721   -1.03068   -0.01921   -1.03959   -0.00956   -3.40044   -0.71170   -2.05607
          2       9800  640.54268   -1.03072   -0.01916   -1.03962   -0.00958   -3.40044   -0.71170   -2.05607
          2       9900  647.38144   -1.03077   -0.01911   -1.03957   -0.00956   -3.40044   -0.71170   -2.05607
          2      10000  653.66996   -1.03081   -0.01907   -1.03961   -0.00960   -3.40044   -0.71170   -2.05607
          2      10100  660.26867   -1.03086   -0.01902   -1.03960   -0.00955   -3.40044   -0.71170   -2.05607
          2      10200  666.62327   -1.03090   -0.01897   -1.03963   -0.00953   -3.40044   -0.71170   -2.05607
          2      10300  672.69298   -1.03094   -0.01893   -1.03958   -0.00959   -3.40044   -0.71170   -2.05607
          2      10400  679.35039   -1.03098   -0.01888   -1.03960   -0.00957   -3.40044   -0.71170   -2.05607
          2      10500  686.59331   -1.03103   -0.01884   -1.03965   -0.00957   -3.40044   -0.71170   -2.05607
          2      10600  692.75271   -1.03107   -0.01879   -1.03962   -0.00956   -3.40044   -0.71170   -2.05607
          2      10700  699.47129   -1.03111   -0.01875   -1.03964   -0.00955   -3.40044   -0.71170   -2.05607
          2      10800  706.01849   -1.03115   -0.01871   -1.03962   -0.00959   -3.40044   -0.71170   -2.05607
          2      10900  712.59872   -1.03119   -0.01867   -1.03961   -0.00957   -3.40044   -0.71170   -2.05607
          2      11000  718.72249   -1.03123   -0.01862   -1.03960   -0.00958   -3.40044   -0.71170   -2.05607
          2      11100  724.69850   -1.03126   -0.01858   -1.03961   -0.00954   -3.40044   -0.71170   -2.05607
          2      11200  731.22221   -1.03130   -0.01854   -1.03963   -0.00957   -3.40044   -0.71170   -2.05607
          2      11300  737.89317   -1.03134   -0.01850   -1.03964   -0.00960   -3.40044   -0.71170   -2.05607
          2      11400  744.20744   -1.03137   -0.01846   -1.03958   -0.00956   -3.40044   -0.71170   -2.05607
          2      11500  750.65160   -1.03141   -0.01843   -1.03964   -0.00960   -3.40044   -0.71170   -2.05607
          2      11600  758.19842   -1.03145   -0.01839   -1.03962   -0.00956   -3.40044   -0.71170   -2.05607
          2      11700  764.91055   -1.03148   -0.01835   -1.03960   -0.00956   -3.40044   -0.71170   -2.05607
          2      11800  771.77012   -1.03152   -0.01831   -1.03961   -0.00959   -3.40044   -0.71170   -2.05607
          2      11900  778.86658   -1.03155   -0.01828   -1.03962   -0.00955   -3.40044   -0.71170   -2.05607
          2      12000  784.85432   -1.03158   -0.01824   -1.03962   -0.00954   -3.40044   -0.71170   -2.05607
          2      12100  791.50819   -1.03162   -0.01820   -1.03962   -0.00961   -3.40044   -0.71170   -2.05607
          2      12200  797.99633   -1.03165   -0.01817   -1.03960   -0.00959   -3.40044   -0.71170   -2.05607
          2      12300  804.24376   -1.03168   -0.01813   -1.03968   -0.00959   -3.40044   -0.71170   -2.05607
          2      12400  810.52039   -1.03172   -0.01810   -1.03964   -0.00957   -3.40044   -0.71170   -2.05607
          2      12500  816.74544   -1.03175   -0.01806   -1.03965   -0.00958   -3.40044   -0.71170   -2.05607
          2      12600  823.40008   -1.03178   -0.01803   -1.03962   -0.00957   -3.40044   -0.71170   -2.05607
          2      12700  829.80148   -1.03181   -0.01800   -1.03959   -0.00957   -3.40044   -0.71170   -2.05607
          2      12800  835.97971   -1.03184   -0.01796   -1.03961   -0.00955   -3.40044   -0.71170   -2.05607
          2      12900  842.60389   -1.03187   -0.01793   -1.03963   -0.00957   -3.40044   -0.71170   -2.05607
          2      13000  848.71596   -1.03190   -0.01790   -1.03963   -0.00954   -3.40044   -0.71170   -2.05607
          2      13100  855.57930   -1.03193   -0.01787   -1.03963   -0.00958   -3.40044   -0.71170   -2.05607
          2      13200  862.35515   -1.03196   -0.01784   -1.03964   -0.00955   -3.40044   -0.71170   -2.05607
          2      13300  868.64200   -1.03199   -0.01781   -1.03956   -0.00957   -3.40044   -0.71170   -2.05607
          2      13400  874.86598   -1.03202   -0.01777   -1.03961   -0.00958   -3.40044   -0.71170   -2.05607
          2      13500  882.24948   -1.03205   -0.01774   -1.03961   -0.00957   -3.40044   -0.71170   -2.05607
          2      13600  889.04896   -1.03208   -0.01771   -1.03963   -0.00956   -3.40044   -0.71170   -2.05607
          2      13700  895.67352   -1.03210   -0.01768   -1.03965   -0.00954   -3.40044   -0.71170   -2.05607
          2      13800  901.92419   -1.03213   -0.01765   -1.03964   -0.00960   -3.40044   -0.71170   -2.05607
          2      13900  908.51121   -1.03216   -0.01763   -1.03965   -0.00956   -3.40044   -0.71170   -2.05607
          2      14000  914.88335   -1.03219   -0.01760   -1.03962   -0.00954   -3.40044   -0.71170   -2.05607
          2      14100  921.03355   -1.03221   -0.01757   -1.03961   -0.00956   -3.40044   -0.71170   -2.05607
          2      14200  927.33063   -1.03224   -0.01754   -1.03966   -0.00958   -3.40044   -0.71170   -2.05607
          2      14300  933.97483   -1.03226   -0.01751   -1.03962   -0.00958   -3.40044   -0.71170   -2.05607
          2      14400  940.43343   -1.03229   -0.01748   -1.03964   -0.00958   -3.40044   -0.71170   -2.05607
          2      14500  946.89581   -1.03232   -0.01746   -1.03963   -0.00956   -3.40044   -0.71170   -2.05607
          2      14600  953.59102   -1.03234   -0.01743   -1.03959   -0.00957   -3.40044   -0.71170   -2.05607
          2      14700  960.28505   -1.03237   -0.01740   -1.03964   -0.00957   -3.40044   -0.71170   -2.05607
          2      14800  966.85758   -1.03239   -0.01738   -1.03966   -0.00955   -3.40044   -0.71170   -2.05607
          2      14900  972.83622   -1.03242   -0.01735   -1.03962   -0.00956   -3.40044   -0.71170   -2.05607
          2      15000  979.29806   -1.03244   -0.01732   -1.03965   -0.00957   -3.40044   -0.71170   -2.05607
          2      15100  985.51677   -1.03246   -0.01730   -1.03964   -0.00957   -3.40044   -0.71170   -2.05607
          2      15200  991.50131   -1.03249   -0.01727   -1.03960   -0.00957   -3.40044   -0.71170   -2.05607
          2      15300  997.95919   -1.03251   -0.01725   -1.03964   -0.00958   -3.40044   -0.71170   -2.05607
          2      15400 1004.47110   -1.03253   -0.01722   -1.03965   -0.00955   -3.40044   -0.71170   -2.05607
          2      15500 1010.78366   -1.03256   -0.01720   -1.03963   -0.00959   -3.40044   -0.71170   -2.05607
          2      15600 1017.04391   -1.03258   -0.01717   -1.03964   -0.00957   -3.40044   -0.71170   -2.05607
          2      15700 1023.37540   -1.03260   -0.01715   -1.03962   -0.00958   -3.40044   -0.71170   -2.05607
          2      15800 1029.32172   -1.03263   -0.01713   -1.03965   -0.00958   -3.40044   -0.71170   -2.05607
          2      15900 1035.78629   -1.03265   -0.01710   -1.03965   -0.00956   -3.40044   -0.71170   -2.05607
          2      16000 1042.30094   -1.03267   -0.01708   -1.03962   -0.00957   -3.40044   -0.71170   -2.05607
          2      16100 1048.80568   -1.03269   -0.01706   -1.03964   -0.00958   -3.40044   -0.71170   -2.05607
          2      16200 1054.92296   -1.03271   -0.01703   -1.03964   -0.00956   -3.40044   -0.71170   -2.05607
          2      16300 1061.52383   -1.03273   -0.01701   -1.03962   -0.00960   -3.40044   -0.71170   -2.05607
          2      16400 1067.79594   -1.03276   -0.01699   -1.03963   -0.00956   -3.40044   -0.71170   -2.05607
          2      16500 1074.19762   -1.03278   -0.01696   -1.03966   -0.00955   -3.40044   -0.71170   -2.05607
          2      16600 1080.52969   -1.03280   -0.01694   -1.03962   -0.00958   -3.40044   -0.71170   -2.05607
          2      16700 1086.72908   -1.03282   -0.01692   -1.03966   -0.00958   -3.40044   -0.71170   -2.05607
          2      16800 1092.95607   -1.03284   -0.01690   -1.03964   -0.00956   -3.40044   -0.71170   -2.05607
          2      16900 1098.96862   -1.03286   -0.01688   -1.03964   -0.00959   -3.40044   -0.71170   -2.05607
          2      17000 1105.75838   -1.03288   -0.01685   -1.03964   -0.00959   -3.40044   -0.71170   -2.05607
          2      17100 1112.75525   -1.03290   -0.01683   -1.03964   -0.00959   -3.40044   -0.71170   -2.05607
          2      17200 1119.19039   -1.03292   -0.01681   -1.03966   -0.00956   -3.40044   -0.71170   -2.05607
          2      17300 1125.31542   -1.03294   -0.01679   -1.03966   -0.00955   -3.40044   -0.71170   -2.05607
          2      17400 1131.96589   -1.03296   -0.01677   -1.03965   -0.00957   -3.40044   -0.71170   -2.05607
          2      17500 1137.72466   -1.03298   -0.01675   -1.03966   -0.00955   -3.40044   -0.71170   -2.05607
          2      17600 1144.57991   -1.03300   -0.01673   -1.03960   -0.00956   -3.40044   -0.71170   -2.05607
          2      17700 1151.06594   -1.03301   -0.01671   -1.03964   -0.00955   -3.40044   -0.71170   -2.05607
          2      17800 1157.65845   -1.03303   -0.01669   -1.03964   -0.00959   -3.40044   -0.71170   -2.05607
          2      17900 1163.57321   -1.03305   -0.01667   -1.03964   -0.00956   -3.40044   -0.71170   -2.05607
          2      18000 1169.21478   -1.03307   -0.01665   -1.03965   -0.00954   -3.40044   -0.71170   -2.05607
          2      18100 1175.42969   -1.03309   -0.01663   -1.03963   -0.00957   -3.40044   -0.71170   -2.05607
          2      18200 1182.26201   -1.03311   -0.01661   -1.03961   -0.00955   -3.40044   -0.71170   -2.05607
          2      18300 1188.48437   -1.03313   -0.01659   -1.03963   -0.00958   -3.40044   -0.71170   -2.05607
          2      18400 1194.40050   -1.03314   -0.01657   -1.03965   -0.00958   -3.40044   -0.71170   -2.05607
          2      18500 1201.45851   -1.03316   -0.01655   -1.03964   -0.00954   -3.40044   -0.71170   -2.05607
          2      18600 1208.54254   -1.03318   -0.01653   -1.03966   -0.00955   -3.40044   -0.71170   -2.05607
          2      18700 1214.74704   -1.03320   -0.01652   -1.03964   -0.00957   -3.40044   -0.71170   -2.05607
          2      18800 1220.87802   -1.03321   -0.01650   -1.03965   -0.00957   -3.40044   -0.71170   -2.05607
          2      18900 1227.77794   -1.03323   -0.01648   -1.03965   -0.00954   -3.40044   -0.71170   -2.05607
          2      19000 1234.23840   -1.03325   -0.01646   -1.03966   -0.00958   -3.40044   -0.71170   -2.05607
          2      19100 1240.41836   -1.03326   -0.01644   -1.03961   -0.00956   -3.40044   -0.71170   -2.05607
          2      19200 1247.10274   -1.03328   -0.01642   -1.03963   -0.00960   -3.40044   -0.71170   -2.05607
          2      19300 1253.94366   -1.03330   -0.01641   -1.03966   -0.00956   -3.40044   -0.71170   -2.05607
          2      19400 1259.93909   -1.03331   -0.01639   -1.03964   -0.00959   -3.40044   -0.71170   -2.05607
          2      19500 1266.07953   -1.03333   -0.01637   -1.03965   -0.00956   -3.40044   -0.71170   -2.05607
          2      19600 1272.43258   -1.03335   -0.01635   -1.03964   -0.00957   -3.40044   -0.71170   -2.05607
          2      19700 1278.34468   -1.03336   -0.01634   -1.03964   -0.00959   -3.40044   -0.71170   -2.05607
          2      19800 1284.64873   -1.03338   -0.01632   -1.03965   -0.00956   -3.40044   -0.71170   -2.05607
          2      19900 1290.93620   -1.03339   -0.01630   -1.03962   -0.00956   -3.40044   -0.71170   -2.05607
          2      20000 1297.43423   -1.03341   -0.01629   -1.03963   -0.00958   -3.40044   -0.71170   -2.05607
          2      20100 1303.39676   -1.03343   -0.01627   -1.03965   -0.00956   -3.40044   -0.71170   -2.05607
          2      20200 1309.98771   -1.03344   -0.01625   -1.03967   -0.00956   -3.40044   -0.71170   -2.05607
          2      20300 1316.54212   -1.03346   -0.01624   -1.03967   -0.00954   -3.40044   -0.71170   -2.05607
          2      20400 1322.65871   -1.03347   -0.01622   -1.03962   -0.00957   -3.40044   -0.71170   -2.05607
          2      20500 1328.98958   -1.03349   -0.01620   -1.03962   -0.00957   -3.40044   -0.71170   -2.05607
          2      20600 1335.11135   -1.03350   -0.01619   -1.03965   -0.00954   -3.40044   -0.71170   -2.05607
          2      20700 1342.22537   -1.03352   -0.01617   -1.03964   -0.00956   -3.40044   -0.71170   -2.05607
          2      20800 1348.59902   -1.03353   -0.01616   -1.03961   -0.00957   -3.40044   -0.71170   -2.05607
          2      20900 1354.77994   -1.03355   -0.01614   -1.03967   -0.00956   -3.40044   -0.71170   -2.05607
          2      21000 1361.31760   -1.03356   -0.01612   -1.03965   -0.00958   -3.40044   -0.71170   -2.05607
          2      21100 1368.27638   -1.03358   -0.01611   -1.03963   -0.00956   -3.40044   -0.71170   -2.05607
          2      21200 1374.82402   -1.03359   -0.01609   -1.03965   -0.00956   -3.40044   -0.71170   -2.05607
          2      21300 1380.93329   -1.03360   -0.01608   -1.03964   -0.00959   -3.40044   -0.71170   -2.05607
          2      21400 1387.35222   -1.03362   -0.01606   -1.03966   -0.00957   -3.40044   -0.71170   -2.05607
          2      21500 1393.63605   -1.03363   -0.01605   -1.03965   -0.00956   -3.40044   -0.71170   -2.05607
          2      21600 1400.35486   -1.03365   -0.01603   -1.03965   -0.00956   -3.40044   -0.71170   -2.05607
          2      21700 1406.67323   -1.03366   -0.01602   -1.03963   -0.00960   -3.40044   -0.71170   -2.05607
          2      21800 1413.08531   -1.03367   -0.01600   -1.03967   -0.00958   -3.40044   -0.71170   -2.05607
          2      21900 1419.33514   -1.03369   -0.01599   -1.03963   -0.00955   -3.40044   -0.71170   -2.05607
          2      22000 1425.78018   -1.03370   -0.01597   -1.03963   -0.00958   -3.40044   -0.71170   -2.05607
          2      22100 1432.08184   -1.03372   -0.01596   -1.03966   -0.00959   -3.40044   -0.71170   -2.05607
          2      22200 1438.26207   -1.03373   -0.01594   -1.03964   -0.00956   -3.40044   -0.71170   -2.05607
          2      22300 1444.23118   -1.03374   -0.01593   -1.03963   -0.00958   -3.40044   -0.71170   -2.05607
          2      22400 1450.40970   -1.03376   -0.01592   -1.03965   -0.00956   -3.40044   -0.71170   -2.05607
          2      22500 1457.21956   -1.03377   -0.01590   -1.03965   -0.00955   -3.40044   -0.71170   -2.05607
          2      22600 1463.41575   -1.03378   -0.01589   -1.03966   -0.00958   -3.40044   -0.71170   -2.05607
          2      22700 1469.52862   -1.03380   -0.01587   -1.03964   -0.00958   -3.40044   -0.71170   -2.05607
          2      22800 1476.03573   -1.03381   -0.01586   -1.03965   -0.00957   -3.40044   -0.71170   -2.05607
          2      22900 1483.08540   -1.03382   -0.01585   -1.03965   -0.00958   -3.40044   -0.71170   -2.05607
          2      23000 1489.52835   -1.03383   -0.01583   -1.03967   -0.00956   -3.40044   -0.71170   -2.05607
          2      23100 1496.40654   -1.03385   -0.01582   -1.03967   -0.00955   -3.40044   -0.71170   -2.05607
          2      23200 1502.98756   -1.03386   -0.01581   -1.03964   -0.00958   -3.40044   -0.71170   -2.05607
          2      23300 1509.75268   -1.03387   -0.01579   -1.03966   -0.00956   -3.40044   -0.71170   -2.05607
          2      23400 1516.60468   -1.03388   -0.01578   -1.03964   -0.00956   -3.40044   -0.71170   -2.05607
          2      23500 1523.15661   -1.03390   -0.01577   -1.03965   -0.00955   -3.40044   -0.71170   -2.05607
          2      23600 1529.87582   -1.03391   -0.01575   -1.03963   -0.00957   -3.40044   -0.71170   -2.05607
          2      23700 1536.57505   -1.03392   -0.01574   -1.03964   -0.00956   -3.40044   -0.71170   -2.05607
          2      23800 1543.45718   -1.03393   -0.01573   -1.03965   -0.00958   -3.40044   -0.71170   -2.05607
          2      23900 1549.96419   -1.03395   -0.01571   -1.03963   -0.00956   -3.40044   -0.71170   -2.05607
          2      24000 1556.30703   -1.03396   -0.01570   -1.03965   -0.00958   -3.40044   -0.71170   -2.05607
          2      24100 1562.60899   -1.03397   -0.01569   -1.03965   -0.00957   -3.40044   -0.71170   -2.05607
          2      24200 1569.47755   -1.03398   -0.01568   -1.03966   -0.00959   -3.40044   -0.71170   -2.05607
          2      24300 1575.84359   -1.03399   -0.01566   -1.03968   -0.00957   -3.40044   -0.71170   -2.05607
          2      24400 1582.60599   -1.03400   -0.01565   -1.03965   -0.00956   -3.40044   -0.71170   -2.05607
          2      24500 1590.42285   -1.03402   -0.01564   -1.03963   -0.00958   -3.40044   -0.71170   -2.05607
          2      24600 1597.88824   -1.03403   -0.01563   -1.03967   -0.00956   -3.40044   -0.71170   -2.05607
          2      24700 1604.65673   -1.03404   -0.01561   -1.03966   -0.00956   -3.40044   -0.71170   -2.05607
          2      24800 1611.06191   -1.03405   -0.01560   -1.03964   -0.00956   -3.40044   -0.71170   -2.05607
          2      24900 1617.52177   -1.03406   -0.01559   -1.03967   -0.00955   -3.40044   -0.71170   -2.05607
          2      25000 1623.37098   -1.03407   -0.01558   -1.03963   -0.00957   -3.40044   -0.71170   -2.05607
          2      25100 1629.52370   -1.03408   -0.01557   -1.03966   -0.00955   -3.40044   -0.71170   -2.05607
          2      25200 1635.98576   -1.03410   -0.01555   -1.03965   -0.00955   -3.40044   -0.71170   -2.05607
          2      25300 1642.25053   -1.03411   -0.01554   -1.03963   -0.00957   -3.40044   -0.71170   -2.05607
          2      25400 1648.79596   -1.03412   -0.01553   -1.03965   -0.00956   -3.40044   -0.71170   -2.05607
          2      25500 1655.03726   -1.03413   -0.01552   -1.03966   -0.00959   -3.40044   -0.71170   -2.05607
          2      25600 1661.30778   -1.03414   -0.01551   -1.03966   -0.00957   -3.40044   -0.71170   -2.05607
          2      25700 1667.75380   -1.03415   -0.01549   -1.03967   -0.00958   -3.40044   -0.71170   -2.05607
          2      25800 1674.34038   -1.03416   -0.01548   -1.03967   -0.00956   -3.40044   -0.71170   -2.05607
          2      25900 1680.50869   -1.03417   -0.01547   -1.03962   -0.00955   -3.40044   -0.71170   -2.05607
          2      26000 1686.78781   -1.03418   -0.01546   -1.03963   -0.00957   -3.40044   -0.71170   -2.05607
          2      26100 1693.04130   -1.03419   -0.01545   -1.03967   -0.00957   -3.40044   -0.71170   -2.05607
          2      26200 1699.82054   -1.03420   -0.01544   -1.03965   -0.00957   -3.40044   -0.71170   -2.05607
          2      26300 1706.61947   -1.03421   -0.01543   -1.03965   -0.00954   -3.40044   -0.71170   -2.05607
          2      26400 1712.78785   -1.03422   -0.01542   -1.03965   -0.00958   -3.40044   -0.71170   -2.05607
          2      26500 1719.20475   -1.03423   -0.01540   -1.03964   -0.00956   -3.40044   -0.71170   -2.05607
          2      26600 1725.81328   -1.03424   -0.01539   -1.03966   -0.00959   -3.40044   -0.71170   -2.05607
          2      26700 1731.74417   -1.03425   -0.01538   -1.03966   -0.00957   -3.40044   -0.71170   -2.05607
          2      26800 1738.24601   -1.03426   -0.01537   -1.03965   -0.00958   -3.40044   -0.71170   -2.05607
          2      26900 1745.31908   -1.03427   -0.01536   -1.03963   -0.00956   -3.40044   -0.71170   -2.05607
          2      27000 1751.55707   -1.03428   -0.01535   -1.03963   -0.00958   -3.40044   -0.71170   -2.05607
          2      27100 1757.52601   -1.03429   -0.01534   -1.03966   -0.00958   -3.40044   -0.71170   -2.05607
          2      27200 1764.09881   -1.03430   -0.01533   -1.03964   -0.00958   -3.40044   -0.71170   -2.05607
          2      27300 1770.35174   -1.03431   -0.01532   -1.03965   -0.00957   -3.40044   -0.71170   -2.05607
          2      27400 1777.10046   -1.03432   -0.01531   -1.03966   -0.00956   -3.40044   -0.71170   -2.05607
          2      27500 1783.25538   -1.03433   -0.01530   -1.03964   -0.00955   -3.40044   -0.71170   -2.05607
          2      27600 1789.61670   -1.03434   -0.01529   -1.03965   -0.00958   -3.40044   -0.71170   -2.05607
          2      27700 1796.28668   -1.03435   -0.01528   -1.03966   -0.00956   -3.40044   -0.71170   -2.05607
          2      27800 1802.50069   -1.03436   -0.01527   -1.03965   -0.00957   -3.40044   -0.71170   -2.05607
          2      27900 1808.96634   -1.03437   -0.01526   -1.03963   -0.00956   -3.40044   -0.71170   -2.05607
          2      28000 1815.13455   -1.03438   -0.01525   -1.03966   -0.00956   -3.40044   -0.71170   -2.05607
          2      28100 1821.36486   -1.03439   -0.01524   -1.03964   -0.00959   -3.40044   -0.71170   -2.05607
          2      28200 1828.30567   -1.03440   -0.01523   -1.03965   -0.00958   -3.40044   -0.71170   -2.05607
          2      28300 1834.57119   -1.03441   -0.01522   -1.03967   -0.00957   -3.40044   -0.71170   -2.05607
          2      28400 1840.63507   -1.03442   -0.01521   -1.03963   -0.00956   -3.40044   -0.71170   -2.05607
          2      28500 1847.22201   -1.03443   -0.01520   -1.03964   -0.00958   -3.40044   -0.71170   -2.05607
          2      28600 1853.15458   -1.03444   -0.01519   -1.03967   -0.00957   -3.40044   -0.71170   -2.05607
          2      28700 1859.26745   -1.03445   -0.01518   -1.03966   -0.00956   -3.40044   -0.71170   -2.05607
          2      28800 1865.68114   -1.03446   -0.01517   -1.03965   -0.00957   -3.40044   -0.71170   -2.05607
          2      28900 1871.80015   -1.03447   -0.01516   -1.03964   -0.00956   -3.40044   -0.71170   -2.05607
          2      29000 1878.30793   -1.03447   -0.01515   -1.03964   -0.00957   -3.40044   -0.71170   -2.05607
          2      29100 1884.66715   -1.03448   -0.01514   -1.03965   -0.00955   -3.40044   -0.71170   -2.05607
          2      29200 1890.76275   -1.03449   -0.01513   -1.03964   -0.00953   -3.40044   -0.71170   -2.05607
          2      29300 1897.22274   -1.03450   -0.01512   -1.03966   -0.00957   -3.40044   -0.71170   -2.05607
          2      29400 1903.24072   -1.03451   -0.01511   -1.03967   -0.00956   -3.40044   -0.71170   -2.05607
          2      29500 1909.43689   -1.03452   -0.01510   -1.03964   -0.00959   -3.40044   -0.71170   -2.05607
          2      29600 1915.69011   -1.03453   -0.01509   -1.03965   -0.00956   -3.40044   -0.71170   -2.05607
          2      29700 1922.50944   -1.03454   -0.01508   -1.03963   -0.00958   -3.40044   -0.71170   -2.05607
          2      29800 1929.06978   -1.03454   -0.01507   -1.03967   -0.00958   -3.40044   -0.71170   -2.05607
          2      29900 1935.95757   -1.03455   -0.01506   -1.03965   -0.00956   -3.40044   -0.71170   -2.05607
          2      30000 1942.32722   -1.03456   -0.01505   -1.03966   -0.00954   -3.40044   -0.71170   -2.05607
          2      30100 1948.61549   -1.03457   -0.01504   -1.03965   -0.00958   -3.40044   -0.71170   -2.05607
          2      30200 1954.87827   -1.03458   -0.01504   -1.03967   -0.00956   -3.40044   -0.71170   -2.05607
          2      30300 1960.86355   -1.03459   -0.01503   -1.03968   -0.00956   -3.40044   -0.71170   -2.05607
          2      30400 1967.16503   -1.03460   -0.01502   -1.03966   -0.00958   -3.40044   -0.71170   -2.05607
          2      30500 1973.34427   -1.03460   -0.01501   -1.03964   -0.00957   -3.40044   -0.71170   -2.05607
          2      30600 1979.42218   -1.03461   -0.01500   -1.03963   -0.00956   -3.40044   -0.71170   -2.05607
          2      30700 1985.60292   -1.03462   -0.01499   -1.03965   -0.00958   -3.40044   -0.71170   -2.05607
          2      30800 1992.32434   -1.03463   -0.01498   -1.03965   -0.00955   -3.40044   -0.71170   -2.05607
          2      30900 1998.89132   -1.03464   -0.01497   -1.03967   -0.00958   -3.40044   -0.71170   -2.05607
          2      31000 2004.77028   -1.03465   -0.01496   -1.03966   -0.00956   -3.40044   -0.71170   -2.05607
          2      31100 2011.20625   -1.03465   -0.01496   -1.03966   -0.00958   -3.40044   -0.71170   -2.05607
          2      31200 2017.37833   -1.03466   -0.01495   -1.03967   -0.00957   -3.40044   -0.71170   -2.05607
          2      31300 2023.20952   -1.03467   -0.01494   -1.03966   -0.00956   -3.40044   -0.71170   -2.05607
          2      31400 2028.99862   -1.03468   -0.01493   -1.03966   -0.00956   -3.40044   -0.71170   -2.05607
          2      31500 2035.62006   -1.03469   -0.01492   -1.03966   -0.00955   -3.40044   -0.71170   -2.05607
          2      31600 2042.32878   -1.03469   -0.01491   -1.03967   -0.00956   -3.40044   -0.71170   -2.05607
          2      31700 2048.70710   -1.03470   -0.01490   -1.03964   -0.00955   -3.40044   -0.71170   -2.05607
          2      31800 2055.00915   -1.03471   -0.01490   -1.03966   -0.00958   -3.40044   -0.71170   -2.05607
          2      31900 2060.94229   -1.03472   -0.01489   -1.03965   -0.00955   -3.40044   -0.71170   -2.05607
          2      32000 2067.14826   -1.03472   -0.01488   -1.03966   -0.00958   -3.40044   -0.71170   -2.05607
          2      32100 2073.37464   -1.03473   -0.01487   -1.03965   -0.00957   -3.40044   -0.71170   -2.05607
          2      32200 2079.53811   -1.03474   -0.01486   -1.03966   -0.00958   -3.40044   -0.71170   -2.05607
          2      32300 2085.62693   -1.03475   -0.01485   -1.03966   -0.00957   -3.40044   -0.71170   -2.05607
          2      32400 2091.87600   -1.03476   -0.01485   -1.03967   -0.00956   -3.40044   -0.71170   -2.05607
          2      32500 2098.46426   -1.03476   -0.01484   -1.03964   -0.00955   -3.40044   -0.71170   -2.05607
          2      32600 2104.56032   -1.03477   -0.01483   -1.03966   -0.00958   -3.40044   -0.71170   -2.05607
          2      32700 2110.77645   -1.03478   -0.01482   -1.03967   -0.00956   -3.40044   -0.71170   -2.05607
          2      32800 2116.83721   -1.03479   -0.01481   -1.03964   -0.00955   -3.40044   -0.71170   -2.05607
          2      32900 2122.81930   -1.03479   -0.01481   -1.03965   -0.00958   -3.40044   -0.71170   -2.05607
          2      33000 2128.89116   -1.03480   -0.01480   -1.03966   -0.00956   -3.40044   -0.71170   -2.05607
          2      33100 2135.43962   -1.03481   -0.01479   -1.03965   -0.00957   -3.40044   -0.71170   -2.05607
          2      33200 2141.58332   -1.03482   -0.01478   -1.03966   -0.00956   -3.40044   -0.71170   -2.05607
          2      33300 2148.40394   -1.03482   -0.01477   -1.03964   -0.00956   -3.40044   -0.71170   -2.05607
          2      33400 2154.91057   -1.03483   -0.01477   -1.03967   -0.00957   -3.40044   -0.71170   -2.05607
          2      33500 2161.28394   -1.03484   -0.01476   -1.03966   -0.00958   -3.40044   -0.71170   -2.05607
          2      33600 2167.36123   -1.03484   -0.01475   -1.03966   -0.00955   -3.40044   -0.71170   -2.05607
          2      33700 2174.04340   -1.03485   -0.01474   -1.03966   -0.00957   -3.40044   -0.71170   -2.05607
          2      33800 2180.31266   -1.03486   -0.01474   -1.03966   -0.00958   -3.40044   -0.71170   -2.05607
          2      33900 2186.71579   -1.03487   -0.01473   -1.03968   -0.00958   -3.40044   -0.71170   -2.05607
          2      34000 2192.94119   -1.03487   -0.01472   -1.03966   -0.00956   -3.40044   -0.71170   -2.05607
          2      34100 2199.28049   -1.03488   -0.01471   -1.03966   -0.00958   -3.40044   -0.71170   -2.05607
          2      34200 2205.74355   -1.03489   -0.01471   -1.03965   -0.00958   -3.40044   -0.71170   -2.05607
          2      34300 2212.03972   -1.03489   -0.01470   -1.03969   -0.00956   -3.40044   -0.71170   -2.05607
          2      34400 2218.60283   -1.03490   -0.01469   -1.03965   -0.00958   -3.40044   -0.71170   -2.05607
          2      34500 2224.88071   -1.03491   -0.01468   -1.03962   -0.00957   -3.40044   -0.71170   -2.05607
          2      34600 2231.31423   -1.03492   -0.01468   -1.03966   -0.00955   -3.40044   -0.71170   -2.05607
          2      34700 2237.57468   -1.03492   -0.01467   -1.03967   -0.00957   -3.40044   -0.71170   -2.05607
          2      34800 2244.02948   -1.03493   -0.01466   -1.03965   -0.00956   -3.40044   -0.71170   -2.05607
          2      34900 2250.20799   -1.03494   -0.01465   -1.03966   -0.00955   -3.40044   -0.71170   -2.05607
          2      35000 2256.53733   -1.03494   -0.01465   -1.03967   -0.00955   -3.40044   -0.71170   -2.05607
          2      35100 2262.55698   -1.03495   -0.01464   -1.03966   -0.00956   -3.40044   -0.71170   -2.05607
          2      35200 2268.50653   -1.03496   -0.01463   -1.03965   -0.00958   -3.40044   -0.71170   -2.05607
          2      35300 2274.92137   -1.03496   -0.01463   -1.03964   -0.00955   -3.40044   -0.71170   -2.05607
          2      35400 2281.57488   -1.03497   -0.01462   -1.03967   -0.00958   -3.40044   -0.71170   -2.05607
          2      35500 2287.95781   -1.03498   -0.01461   -1.03967   -0.00955   -3.40044   -0.71170   -2.05607
          2      35600 2293.90958   -1.03498   -0.01460   -1.03967   -0.00958   -3.40044   -0.71170   -2.05607
          2      35700 2300.33223   -1.03499   -0.01460   -1.03967   -0.00957   -3.40044   -0.71170   -2.05607
          2      35800 2306.60096   -1.03500   -0.01459   -1.03964   -0.00958   -3.40044   -0.71170   -2.05607
          2      35900 2313.05021   -1.03500   -0.01458   -1.03964   -0.00956   -3.40044   -0.71170   -2.05607
          2      36000 2319.59870   -1.03501   -0.01458   -1.03966   -0.00956   -3.40044   -0.71170   -2.05607
          2      36100 2326.30794   -1.03502   -0.01457   -1.03966   -0.00957   -3.40044   -0.71170   -2.05607
          2      36200 2332.67662   -1.03502   -0.01456   -1.03967   -0.00955   -3.40044   -0.71170   -2.05607
          2      36300 2339.16145   -1.03503   -0.01456   -1.03968   -0.00958   -3.40044   -0.71170   -2.05607
          2      36400 2345.16873   -1.03503   -0.01455   -1.03965   -0.00956   -3.40044   -0.71170   -2.05607
          2      36500 2351.47164   -1.03504   -0.01454   -1.03967   -0.00955   -3.40044   -0.71170   -2.05607
          2      36600 2358.02814   -1.03505   -0.01453   -1.03966   -0.00957   -3.40044   -0.71170   -2.05607
          2      36700 2364.21815   -1.03505   -0.01453   -1.03964   -0.00957   -3.40044   -0.71170   -2.05607
          2      36800 2370.40132   -1.03506   -0.01452   -1.03965   -0.00960   -3.40044   -0.71170   -2.05607
          2      36900 2376.34350   -1.03507   -0.01451   -1.03965   -0.00956   -3.40044   -0.71170   -2.05607
          2      37000 2382.70648   -1.03507   -0.01451   -1.03963   -0.00956   -3.40044   -0.71170   -2.05607
          2      37100 2389.11967   -1.03508   -0.01450   -1.03966   -0.00954   -3.40044   -0.71170   -2.05607
          2      37200 2395.26622   -1.03509   -0.01449   -1.03966   -0.00959   -3.40044   -0.71170   -2.05607
          2      37300 2402.15339   -1.03509   -0.01449   -1.03967   -0.00958   -3.40044   -0.71170   -2.05607
          2      37400 2409.35804   -1.03510   -0.01448   -1.03966   -0.00955   -3.40044   -0.71170   -2.05607
          2      37500 2415.62644   -1.03510   -0.01447   -1.03966   -0.00958   -3.40044   -0.71170   -2.05607
          2      37600 2422.19437   -1.03511   -0.01447   -1.03967   -0.00958   -3.40044   -0.71170   -2.05607
          2      37700 2428.57234   -1.03512   -0.01446   -1.03964   -0.00955   -3.40044   -0.71170   -2.05607
          2      37800 2434.82799   -1.03512   -0.01446   -1.03967   -0.00957   -3.40044   -0.71170   -2.05607
          2      37900 2441.22855   -1.03513   -0.01445   -1.03967   -0.00957   -3.40044   -0.71170   -2.05607
          2      38000 2447.55856   -1.03513   -0.01444   -1.03966   -0.00956   -3.40044   -0.71170   -2.05607
          2      38100 2453.88072   -1.03514   -0.01444   -1.03967   -0.00959   -3.40044   -0.71170   -2.05607
          2      38200 2461.20546   -1.03515   -0.01443   -1.03966   -0.00955   -3.40044   -0.71170   -2.05607
          2      38300 2469.00471   -1.03515   -0.01442   -1.03966   -0.00957   -3.40044   -0.71170   -2.05607
          2      38400 2476.50684   -1.03516   -0.01442   -1.03967   -0.00957   -3.40044   -0.71170   -2.05607
          2      38500 2484.03391   -1.03516   -0.01441   -1.03967   -0.00958   -3.40044   -0.71170   -2.05607
          2      38600 2490.11768   -1.03517   -0.01440   -1.03965   -0.00957   -3.40044   -0.71170   -2.05607
          2      38700 2496.95308   -1.03518   -0.01440   -1.03965   -0.00958   -3.40044   -0.71170   -2.05607
          2      38800 2503.55255   -1.03518   -0.01439   -1.03967   -0.00956   -3.40044   -0.71170   -2.05607
          2      38900 2510.27716   -1.03519   -0.01439   -1.03965   -0.00956   -3.40044   -0.71170   -2.05607
          2      39000 2516.62724   -1.03519   -0.01438   -1.03966   -0.00957   -3.40044   -0.71170   -2.05607
          2      39100 2522.62020   -1.03520   -0.01437   -1.03967   -0.00956   -3.40044   -0.71170   -2.05607
          2      39200 2528.74192   -1.03520   -0.01437   -1.03966   -0.00956   -3.40044   -0.71170   -2.05607
          2      39300 2534.95143   -1.03521   -0.01436   -1.03965   -0.00954   -3.40044   -0.71170   -2.05607
          2      39400 2541.17743   -1.03522   -0.01435   -1.03965   -0.00957   -3.40044   -0.71170   -2.05607
          2      39500 2547.15562   -1.03522   -0.01435   -1.03965   -0.00955   -3.40044   -0.71170   -2.05607
          2      39600 2553.47783   -1.03523   -0.01434   -1.03966   -0.00958   -3.40044   -0.71170   -2.05607
          2      39700 2560.02227   -1.03523   -0.01434   -1.03967   -0.00956   -3.40044   -0.71170   -2.05607
          2      39800 2566.30971   -1.03524   -0.01433   -1.03967   -0.00955   -3.40044   -0.71170   -2.05607
          2      39900 2572.50882   -1.03524   -0.01432   -1.03966   -0.00955   -3.40044   -0.71170   -2.05607
          2      40000 2578.85186   -1.03525   -0.01432   -1.03967   -0.00958   -3.40044   -0.71170   -2.05607
          2      40100 2585.15738   -1.03525   -0.01431   -1.03966   -0.00956   -3.40044   -0.71170   -2.05607
          2      40200 2591.61441   -1.03526   -0.01431   -1.03968   -0.00955   -3.40044   -0.71170   -2.05607
          2      40300 2598.30915   -1.03527   -0.01430   -1.03965   -0.00957   -3.40044   -0.71170   -2.05607
          2      40400 2604.47614   -1.03527   -0.01430   -1.03966   -0.00956   -3.40044   -0.71170   -2.05607
          2      40500 2610.83502   -1.03528   -0.01429   -1.03965   -0.00957   -3.40044   -0.71170   -2.05607
          2      40600 2617.14785   -1.03528   -0.01428   -1.03967   -0.00955   -3.40044   -0.71170   -2.05607
          2      40700 2623.79126   -1.03529   -0.01428   -1.03968   -0.00957   -3.40044   -0.71170   -2.05607
          2      40800 2630.03201   -1.03529   -0.01427   -1.03965   -0.00957   -3.40044   -0.71170   -2.05607
          2      40900 2635.98985   -1.03530   -0.01427   -1.03965   -0.00956   -3.40044   -0.71170   -2.05607
          2      41000 2642.03980   -1.03530   -0.01426   -1.03966   -0.00959   -3.40044   -0.71170   -2.05607
          2      41100 2648.25584   -1.03531   -0.01425   -1.03967   -0.00957   -3.40044   -0.71170   -2.05607
          2      41200 2654.49510   -1.03531   -0.01425   -1.03967   -0.00957   -3.40044   -0.71170   -2.05607
          2      41300 2660.44837   -1.03532   -0.01424   -1.03968   -0.00956   -3.40044   -0.71170   -2.05607
          2      41400 2666.95421   -1.03533   -0.01424   -1.03966   -0.00957   -3.40044   -0.71170   -2.05607
          2      41500 2674.13423   -1.03533   -0.01423   -1.03967   -0.00957   -3.40044   -0.71170   -2.05607
          2      41600 2681.34153   -1.03534   -0.01423   -1.03965   -0.00955   -3.40044   -0.71170   -2.05607
          2      41700 2687.48233   -1.03534   -0.01422   -1.03967   -0.00956   -3.40044   -0.71170   -2.05607
          2      41800 2693.69526   -1.03535   -0.01422   -1.03966   -0.00957   -3.40044   -0.71170   -2.05607
          2      41900 2700.26205   -1.03535   -0.01421   -1.03965   -0.00956   -3.40044   -0.71170   -2.05607
          2      42000 2706.83728   -1.03536   -0.01420   -1.03965   -0.00957   -3.40044   -0.71170   -2.05607
          2      42100 2713.18703   -1.03536   -0.01420   -1.03969   -0.00956   -3.40044   -0.71170   -2.05607
          2      42200 2719.66499   -1.03537   -0.01419   -1.03962   -0.00956   -3.40044   -0.71170   -2.05607
          2      42300 2725.81543   -1.03537   -0.01419   -1.03965   -0.00957   -3.40044   -0.71170   -2.05607
          2      42400 2732.08369   -1.03538   -0.01418   -1.03965   -0.00957   -3.40044   -0.71170   -2.05607
          2      42500 2738.14214   -1.03538   -0.01418   -1.03967   -0.00956   -3.40044   -0.71170   -2.05607
          2      42600 2744.49916   -1.03539   -0.01417   -1.03968   -0.00956   -3.40044   -0.71170   -2.05607
          2      42700 2750.86530   -1.03539   -0.01417   -1.03967   -0.00956   -3.40044   -0.71170   -2.05607
          2      42800 2757.06757   -1.03540   -0.01416   -1.03967   -0.00955   -3.40044   -0.71170   -2.05607
          2      42900 2763.95726   -1.03540   -0.01416   -1.03966   -0.00957   -3.40044   -0.71170   -2.05607
          2      43000 2770.67564   -1.03541   -0.01415   -1.03967   -0.00956   -3.40044   -0.71170   -2.05607
          2      43100 2777.21369   -1.03541   -0.01414   -1.03967   -0.00955   -3.40044   -0.71170   -2.05607
          2      43200 2783.57759   -1.03542   -0.01414   -1.03966   -0.00956   -3.40044   -0.71170   -2.05607
          2      43300 2789.78077   -1.03542   -0.01413   -1.03967   -0.00956   -3.40044   -0.71170   -2.05607
          2      43400 2795.90435   -1.03543   -0.01413   -1.03965   -0.00957   -3.40044   -0.71170   -2.05607
          2      43500 2802.68317   -1.03543   -0.01412   -1.03964   -0.00956   -3.40044   -0.71170   -2.05607
          2      43600 2809.04236   -1.03544   -0.01412   -1.03968   -0.00955   -3.40044   -0.71170   -2.05607
          2      43700 2815.70196   -1.03544   -0.01411   -1.03967   -0.00957   -3.40044   -0.71170   -2.05607
          2      43800 2822.50398   -1.03545   -0.01411   -1.03967   -0.00956   -3.40044   -0.71170   -2.05607
          2      43900 2828.81662   -1.03545   -0.01410   -1.03964   -0.00958   -3.40044   -0.71170   -2.05607
          2      44000 2835.30883   -1.03546   -0.01410   -1.03967   -0.00957   -3.40044   -0.71170   -2.05607
          2      44100 2841.85400   -1.03546   -0.01409   -1.03967   -0.00956   -3.40044   -0.71170   -2.05607
          2      44200 2847.78207   -1.03547   -0.01409   -1.03965   -0.00959   -3.40044   -0.71170   -2.05607
          2      44300 2853.89631   -1.03547   -0.01408   -1.03967   -0.00956   -3.40044   -0.71170   -2.05607
          2      44400 2860.11511   -1.03548   -0.01408   -1.03965   -0.00957   -3.40044   -0.71170   -2.05607
          2      44500 2866.50866   -1.03548   -0.01407   -1.03965   -0.00957   -3.40044   -0.71170   -2.05607
          2      44600 2872.62238   -1.03548   -0.01407   -1.03965   -0.00955   -3.40044   -0.71170   -2.05607
          2      44700 2878.79573   -1.03549   -0.01406   -1.03966   -0.00957   -3.40044   -0.71170   -2.05607
          2      44800 2884.86970   -1.03549   -0.01406   -1.03966   -0.00956   -3.40044   -0.71170   -2.05607
          2      44900 2890.84194   -1.03550   -0.01405   -1.03967   -0.00958   -3.40044   -0.71170   -2.05607
          2      45000 2896.63560   -1.03550   -0.01405   -1.03967   -0.00958   -3.40044   -0.71170   -2.05607
          2      45100 2902.88416   -1.03551   -0.01404   -1.03966   -0.00955   -3.40044   -0.71170   -2.05607
          2      45200 2909.20130   -1.03551   -0.01404   -1.03965   -0.00958   -3.40044   -0.71170   -2.05607
          2      45300 2915.63321   -1.03552   -0.01403   -1.03967   -0.00957   -3.40044   -0.71170   -2.05607
          2      45400 2922.10607   -1.03552   -0.01403   -1.03966   -0.00957   -3.40044   -0.71170   -2.05607
          2      45500 2928.51523   -1.03553   -0.01402   -1.03966   -0.00955   -3.40044   -0.71170   -2.05607
          2      45600 2934.63342   -1.03553   -0.01402   -1.03967   -0.00956   -3.40044   -0.71170   -2.05607
          2      45700 2940.61129   -1.03554   -0.01401   -1.03966   -0.00958   -3.40044   -0.71170   -2.05607
          2      45800 2946.74024   -1.03554   -0.01401   -1.03966   -0.00957   -3.40044   -0.71170   -2.05607
          2      45900 2953.02828   -1.03554   -0.01400   -1.03966   -0.00957   -3.40044   -0.71170   -2.05607
          2      46000 2959.52554   -1.03555   -0.01400   -1.03967   -0.00956   -3.40044   -0.71170   -2.05607
          2      46100 2965.87243   -1.03555   -0.01399   -1.03967   -0.00958   -3.40044   -0.71170   -2.05607
          2      46200 2972.47028   -1.03556   -0.01399   -1.03968   -0.00957   -3.40044   -0.71170   -2.05607
          2      46300 2978.67115   -1.03556   -0.01398   -1.03967   -0.00955   -3.40044   -0.71170   -2.05607
          2      46400 2985.18644   -1.03557   -0.01398   -1.03965   -0.00956   -3.40044   -0.71170   -2.05607
          2      46500 2991.46946   -1.03557   -0.01397   -1.03967   -0.00955   -3.40044   -0.71170   -2.05607
          2      46600 2997.67882   -1.03558   -0.01397   -1.03967   -0.00957   -3.40044   -0.71170   -2.05607
          2      46700 3004.66459   -1.03558   -0.01396   -1.03966   -0.00955   -3.40044   -0.71170   -2.05607
          2      46800 3011.32607   -1.03558   -0.01396   -1.03966   -0.00955   -3.40044   -0.71170   -2.05607
          2      46900 3018.05958   -1.03559   -0.01396   -1.03968   -0.00957   -3.40044   -0.71170   -2.05607
          2      47000 3024.59905   -1.03559   -0.01395   -1.03967   -0.00955   -3.40044   -0.71170   -2.05607
          2      47100 3031.14622   -1.03560   -0.01395   -1.03968   -0.00957   -3.40044   -0.71170   -2.05607
          2      47200 3037.42731   -1.03560   -0.01394   -1.03967   -0.00957   -3.40044   -0.71170   -2.05607
          2      47300 3043.73278   -1.03561   -0.01394   -1.03968   -0.00956   -3.40044   -0.71170   -2.05607
          2      47400 3050.03394   -1.03561   -0.01393   -1.03967   -0.00957   -3.40044   -0.71170   -2.05607
          2      47500 3056.81029   -1.03562   -0.01393   -1.03966   -0.00957   -3.40044   -0.71170   -2.05607
          2      47600 3063.24518   -1.03562   -0.01392   -1.03968   -0.00958   -3.40044   -0.71170   -2.05607
          2      47700 3069.56933   -1.03562   -0.01392   -1.03967   -0.00956   -3.40044   -0.71170   -2.05607
          2      47800 3075.91943   -1.03563   -0.01391   -1.03966   -0.00955   -3.40044   -0.71170   -2.05607
          2      47900 3081.93446   -1.03563   -0.01391   -1.03966   -0.00957   -3.40044   -0.71170   -2.05607
          2      48000 3087.84157   -1.03564   -0.01390   -1.03968   -0.00956   -3.40044   -0.71170   -2.05607
          2      48100 3093.69128   -1.03564   -0.01390   -1.03967   -0.00958   -3.40044   -0.71170   -2.05607
          2      48200 3100.55049   -1.03565   -0.01390   -1.03968   -0.00956   -3.40044   -0.71170   -2.05607
          2      48300 3107.63374   -1.03565   -0.01389   -1.03965   -0.00955   -3.40044   -0.71170   -2.05607
          2      48400 3113.39736   -1.03565   -0.01389   -1.03968   -0.00959   -3.40044   -0.71170   -2.05607
          2      48500 3119.43614   -1.03566   -0.01388   -1.03966   -0.00956   -3.40044   -0.71170   -2.05607
          2      48600 3125.73933   -1.03566   -0.01388   -1.03967   -0.00956   -3.40044   -0.71170   -2.05607
          2      48700 3132.48868   -1.03567   -0.01387   -1.03966   -0.00957   -3.40044   -0.71170   -2.05607
          2      48800 3138.54314   -1.03567   -0.01387   -1.03968   -0.00956   -3.40044   -0.71170   -2.05607
          2      48900 3144.87098   -1.03567   -0.01386   -1.03967   -0.00956   -3.40044   -0.71170   -2.05607
          2      49000 3151.28457   -1.03568   -0.01386   -1.03966   -0.00957   -3.40044   -0.71170   -2.05607
          2      49100 3157.96507   -1.03568   -0.01386   -1.03968   -0.00956   -3.40044   -0.71170   -2.05607
          2      49200 3164.17746   -1.03569   -0.01385   -1.03966   -0.00956   -3.40044   -0.71170   -2.05607
          2      49300 3170.41525   -1.03569   -0.01385   -1.03965   -0.00955   -3.40044   -0.71170   -2.05607
          2      49400 3176.88558   -1.03569   -0.01384   -1.03968   -0.00958   -3.40044   -0.71170   -2.05607
          2      49500 3182.90022   -1.03570   -0.01384   -1.03967   -0.00957   -3.40044   -0.71170   -2.05607
          2      49600 3189.84439   -1.03570   -0.01383   -1.03966   -0.00955   -3.40044   -0.71170   -2.05607
          2      49700 3196.25152   -1.03571   -0.01383   -1.03965   -0.00957   -3.40044   -0.71170   -2.05607
          2      49800 3202.63658   -1.03571   -0.01383   -1.03967   -0.00956   -3.40044   -0.71170   -2.05607
          2      49900 3208.70003   -1.03571   -0.01382   -1.03965   -0.00955   -3.40044   -0.71170   -2.05607
          2      50000 3215.22000   -1.03572   -0.01382   -1.03966   -0.00958   -3.40044   -0.71170   -2.05607
          2      50100 3220.91562   -1.03572   -0.01381   -1.03969   -0.00957   -3.40044   -0.71170   -2.05607
          2      50200 3227.33164   -1.03573   -0.01381   -1.03967   -0.00957   -3.40044   -0.71170   -2.05607
          2      50300 3233.52814   -1.03573   -0.01380   -1.03968   -0.00955   -3.40044   -0.71170   -2.05607
          2      50400 3239.80243   -1.03573   -0.01380   -1.03966   -0.00957   -3.40044   -0.71170   -2.05607
          2      50500 3246.55298   -1.03574   -0.01380   -1.03968   -0.00957   -3.40044   -0.71170   -2.05607
          2      50600 3253.25831   -1.03574   -0.01379   -1.03967   -0.00956   -3.40044   -0.71170   -2.05607
          2      50700 3259.46592   -1.03575   -0.01379   -1.03966   -0.00955   -3.40044   -0.71170   -2.05607
          2      50800 3265.70180   -1.03575   -0.01378   -1.03966   -0.00956   -3.40044   -0.71170   -2.05607
          2      50900 3272.44010   -1.03575   -0.01378   -1.03967   -0.00957   -3.40044   -0.71170   -2.05607
          2      51000 3279.71207   -1.03576   -0.01378   -1.03966   -0.00956   -3.40044   -0.71170   -2.05607
          2      51100 3286.24373   -1.03576   -0.01377   -1.03967   -0.00956   -3.40044   -0.71170   -2.05607
          2      51200 3292.66498   -1.03577   -0.01377   -1.03967   -0.00955   -3.40044   -0.71170   -2.05607
          2      51300 3299.63135   -1.03577   -0.01376   -1.03969   -0.00957   -3.40044   -0.71170   -2.05607
          2      51400 3305.64178   -1.03577   -0.01376   -1.03966   -0.00956   -3.40044   -0.71170   -2.05607
          2      51500 3312.38630   -1.03578   -0.01375   -1.03968   -0.00958   -3.40044   -0.71170   -2.05607
          2      51600 3318.84752   -1.03578   -0.01375   -1.03968   -0.00956   -3.40044   -0.71170   -2.05607
          2      51700 3325.47711   -1.03578   -0.01375   -1.03967   -0.00955   -3.40044   -0.71170   -2.05607
          2      51800 3331.86103   -1.03579   -0.01374   -1.03966   -0.00958   -3.40044   -0.71170   -2.05607
          2      51900 3338.32704   -1.03579   -0.01374   -1.03968   -0.00957   -3.40044   -0.71170   -2.05607
          2      52000 3344.64416   -1.03580   -0.01373   -1.03965   -0.00956   -3.40044   -0.71170   -2.05607
          2      52100 3351.18918   -1.03580   -0.01373   -1.03969   -0.00957   -3.40044   -0.71170   -2.05607
          2      52200 3357.10221   -1.03580   -0.01373   -1.03967   -0.00956   -3.40044   -0.71170   -2.05607
          2      52300 3363.74780   -1.03581   -0.01372   -1.03967   -0.00958   -3.40044   -0.71170   -2.05607
          2      52400 3370.38606   -1.03581   -0.01372   -1.03967   -0.00958   -3.40044   -0.71170   -2.05607
          2      52500 3376.63364   -1.03581   -0.01371   -1.03967   -0.00957   -3.40044   -0.71170   -2.05607
          2      52600 3382.95919   -1.03582   -0.01371   -1.03965   -0.00956   -3.40044   -0.71170   -2.05607
          2      52700 3389.55534   -1.03582   -0.01371   -1.03966   -0.00956   -3.40044   -0.71170   -2.05607
          2      52800 3396.16624   -1.03583   -0.01370   -1.03968   -0.00956   -3.40044   -0.71170   -2.05607
          2      52900 3402.30245   -1.03583   -0.01370   -1.03966   -0.00956   -3.40044   -0.71170   -2.05607
          2      53000 3409.17528   -1.03583   -0.01370   -1.03966   -0.00956   -3.40044   -0.71170   -2.05607
          2      53100 3415.23823   -1.03584   -0.01369   -1.03967   -0.00956   -3.40044   -0.71170   -2.05607
          2      53200 3421.26067   -1.03584   -0.01369   -1.03967   -0.00957   -3.40044   -0.71170   -2.05607
          2      53300 3427.17166   -1.03584   -0.01368   -1.03967   -0.00956   -3.40044   -0.71170   -2.05607
          2      53400 3433.84230   -1.03585   -0.01368   -1.03966   -0.00955   -3.40044   -0.71170   -2.05607
          2      53500 3440.06928   -1.03585   -0.01368   -1.03965   -0.00957   -3.40044   -0.71170   -2.05607
          2      53600 3446.57046   -1.03585   -0.01367   -1.03967   -0.00956   -3.40044   -0.71170   -2.05607
          2      53700 3453.19005   -1.03586   -0.01367   -1.03967   -0.00956   -3.40044   -0.71170   -2.05607
          2      53800 3459.54859   -1.03586   -0.01366   -1.03968   -0.00957   -3.40044   -0.71170   -2.05607
          2      53900 3466.00504   -1.03587   -0.01366   -1.03965   -0.00958   -3.40044   -0.71170   -2.05607
          2      54000 3472.69278   -1.03587   -0.01366   -1.03966   -0.00957   -3.40044   -0.71170   -2.05607
          2      54100 3479.05976   -1.03587   -0.01365   -1.03965   -0.00957   -3.40044   -0.71170   -2.05607
          2      54200 3485.15275   -1.03588   -0.01365   -1.03968   -0.00958   -3.40044   -0.71170   -2.05607
          2      54300 3491.71906   -1.03588   -0.01365   -1.03965   -0.00957   -3.40044   -0.71170   -2.05607
          2      54400 3498.56998   -1.03588   -0.01364   -1.03966   -0.00957   -3.40044   -0.71170   -2.05607
          2      54500 3504.76134   -1.03589   -0.01364   -1.03966   -0.00957   -3.40044   -0.71170   -2.05607
          2      54600 3511.10795   -1.03589   -0.01363   -1.03967   -0.00956   -3.40044   -0.71170   -2.05607
          2      54700 3517.33427   -1.03589   -0.01363   -1.03966   -0.00957   -3.40044   -0.71170   -2.05607
          2      54800 3523.18743   -1.03590   -0.01363   -1.03966   -0.00957   -3.40044   -0.71170   -2.05607
          2      54900 3529.59320   -1.03590   -0.01362   -1.03967   -0.00956   -3.40044   -0.71170   -2.05607
          2      55000 3535.97329   -1.03590   -0.01362   -1.03966   -0.00958   -3.40044   -0.71170   -2.05607
          2      55100 3542.25944   -1.03591   -0.01362   -1.03967   -0.00957   -3.40044   -0.71170   -2.05607
          2      55200 3548.28666   -1.03591   -0.01361   -1.03966   -0.00955   -3.40044   -0.71170   -2.05607
          2      55300 3554.48749   -1.03591   -0.01361   -1.03966   -0.00956   -3.40044   -0.71170   -2.05607
          2      55400 3560.52697   -1.03592   -0.01360   -1.03968   -0.00958   -3.40044   -0.71170   -2.05607
          2      55500 3566.88502   -1.03592   -0.01360   -1.03967   -0.00956   -3.40044   -0.71170   -2.05607
          2      55600 3573.34806   -1.03592   -0.01360   -1.03968   -0.00957   -3.40044   -0.71170   -2.05607
          2      55700 3579.33644   -1.03593   -0.01359   -1.03967   -0.00956   -3.40044   -0.71170   -2.05607
          2      55800 3586.03527   -1.03593   -0.01359   -1.03967   -0.00958   -3.40044   -0.71170   -2.05607
          2      55900 3592.29320   -1.03593   -0.01359   -1.03968   -0.00956   -3.40044   -0.71170   -2.05607
          2      56000 3599.94563   -1.03594   -0.01358   -1.03967   -0.00957   -3.40044   -0.71170   -2.05607
          2      56002 3600.00744   -1.03594   -0.01358   -1.03968   -0.00956   -3.40044   -0.71170   -2.05607
