          0          0    0.00000   -1.00229    0.05624   -1.00229    0.05624
          0          3    4.76941   -0.63322    0.00935   -0.63322    0.00935
          0          7   12.84297   -0.63322    0.00935   -0.22534   -0.30605
          1          0   17.98469   -0.22534   -0.30605   -0.22534   -0.30605
          1        100  241.15726   -0.97235   -0.05149   -1.00618   -0.01026
          1        200  459.32408   -0.98350   -0.03813   -1.00813   -0.00556
          1        300  680.16504   -0.98847   -0.03179   -1.00892   -0.00384
          1        400  934.55991   -0.99144   -0.02787   -1.00932   -0.00295
          1        500 1136.25752   -0.99348   -0.02514   -1.00967   -0.00236
          1        600 1355.83950   -0.99499   -0.02310   -1.01000   -0.00178
          1        700 1562.27248   -0.99616   -0.02149   -1.01001   -0.00159
          1        800 1803.25640   -0.99711   -0.02018   -1.01012   -0.00133
          1        900 2019.71853   -0.99789   -0.01909   -1.01021   -0.00120
          1       1000 2255.95052   -0.99856   -0.01816   -1.01027   -0.00108
          1       1100 2480.44950   -0.99913   -0.01735   -1.01028   -0.00099
          1       1200 2680.33921   -0.99963   -0.01665   -1.01019   -0.00098
          1       1300 2916.82058   -1.00008   -0.01602   -1.01028   -0.00095
          1       1400 3150.21568   -1.00047   -0.01547   -1.01043   -0.00087
          1       1500 3400.77360   -1.00083   -0.01496   -1.01046   -0.00079
          1       1581 3600.89466   -1.00109   -0.01459   -1.01057   -0.00083
