          0          0    0.00000   -1.03646   -0.02347   -1.03646   -0.02347
          1          0    0.38029   -1.03646   -0.02347   -1.03646   -0.02347
          1        100   12.11438   -1.03951   -0.02292   -1.04057   -0.02229
          1        200   23.54619   -1.04004   -0.02285   -1.04088   -0.02290
          1        300   35.01445   -1.04027   -0.02282   -1.04091   -0.02277
          1        400   46.56866   -1.04042   -0.02281   -1.04095   -0.02263
          1        500   58.55808   -1.04052   -0.02280   -1.04094   -0.02278
          1        600   70.40572   -1.04059   -0.02279   -1.04089   -0.02281
          1        700   82.72218   -1.04064   -0.02278   -1.04104   -0.02269
          1        800   94.82435   -1.04069   -0.02278   -1.04105   -0.02268
          1        900  106.85129   -1.04072   -0.02277   -1.04110   -0.02269
          1       1000  119.29433   -1.04076   -0.02277   -1.04112   -0.02265
          1       1100  130.99241   -1.04078   -0.02277   -1.04102   -0.02279
          1       1200  142.70740   -1.04081   -0.02276   -1.04108   -0.02263
          1       1300  154.34625   -1.04083   -0.02276   -1.04109   -0.02268
          1       1400  166.03110   -1.04085   -0.02276   -1.04112   -0.02272
          1       1500  177.66042   -1.04086   -0.02276   -1.04106   -0.02270
          1       1600  190.19186   -1.04088   -0.02276   -1.04115   -0.02269
          1       1700  202.82475   -1.04089   -0.02276   -1.04122   -0.02272
          1       1800  213.88703   -1.04090   -0.02275   -1.04102   -0.02278
          1       1900  225.48601   -1.04091   -0.02275   -1.04114   -0.02270
          1       2000  237.05559   -1.04093   -0.02275   -1.04117   -0.02270
          1       2100  248.90727   -1.04094   -0.02275   -1.04113   -0.02268
          1       2200  260.77211   -1.04094   -0.02275   -1.04117   -0.02266
          1       2300  272.24958   -1.04095   -0.02275   -1.04118   -0.02269
          1       2400  284.87006   -1.04096   -0.02275   -1.04122   -0.02270
          1       2500  297.34115   -1.04097   -0.02275   -1.04119   -0.02276
          1       2600  309.64040   -1.04098   -0.02275   -1.04121   -0.02269
          1       2700  320.89831   -1.04098   -0.02275   -1.04120   -0.02274
          1       2800  332.59255   -1.04099   -0.02274   -1.04119   -0.02268
          1       2900  344.66871   -1.04100   -0.02274   -1.04114   -0.02273
          1       3000  357.26293   -1.04100   -0.02274   -1.04115   -0.02273
          1       3100  371.06641   -1.04101   -0.02274   -1.04123   -0.02270
          1       3200  383.50513   -1.04101   -0.02274   -1.04119   -0.02274
          1       3300  395.18897   -1.04102   -0.02274   -1.04123   -0.02273
          1       3400  407.28894   -1.04102   -0.02274   -1.04120   -0.02269
          1       3500  419.73203   -1.04103   -0.02274   -1.04121   -0.02274
          1       3600  431.17698   -1.04103   -0.02274   -1.04123   -0.02271
          1       3700  442.88593   -1.04104   -0.02274   -1.04118   -0.02273
          1       3800  455.16023   -1.04104   -0.02274   -1.04122   -0.02266
          1       3900  466.54747   -1.04104   -0.02274   -1.04116   -0.02274
          1       4000  478.20054   -1.04105   -0.02274   -1.04124   -0.02268
          1       4100  490.16663   -1.04105   -0.02274   -1.04125   -0.02271
          1       4200  501.81370   -1.04105   -0.02274   -1.04127   -0.02270
          1       4300  513.40571   -1.04106   -0.02274   -1.04123   -0.02268
          1       4400  526.00590   -1.04106   -0.02274   -1.04121   -0.02271
          1       4500  539.55601   -1.04106   -0.02274   -1.04125   -0.02269
          1       4600  551.74289   -1.04107   -0.02274   -1.04126   -0.02270
          1       4700  563.16206   -1.04107   -0.02274   -1.04126   -0.02270
          1       4800  575.62852   -1.04107   -0.02274   -1.04123   -0.02272
          1       4900  589.05227   -1.04108   -0.02274   -1.04122   -0.02273
          1       5000  601.85122   -1.04108   -0.02274   -1.04127   -0.02273
          1       5100  613.59348   -1.04108   -0.02274   -1.04123   -0.02271
          1       5200  625.85491   -1.04108   -0.02274   -1.04124   -0.02272
          1       5300  638.76254   -1.04109   -0.02273   -1.04129   -0.02270
          1       5400  650.03829   -1.04109   -0.02273   -1.04123   -0.02272
          1       5500  661.29677   -1.04109   -0.02273   -1.04127   -0.02267
          1       5600  673.14100   -1.04109   -0.02273   -1.04124   -0.02273
          1       5700  684.65670   -1.04110   -0.02273   -1.04127   -0.02273
          1       5800  696.40733   -1.04110   -0.02273   -1.04129   -0.02270
          1       5900  708.11386   -1.04110   -0.02273   -1.04121   -0.02269
          1       6000  721.42134   -1.04110   -0.02273   -1.04123   -0.02267
          1       6100  732.84698   -1.04110   -0.02273   -1.04121   -0.02269
          1       6200  744.55115   -1.04111   -0.02273   -1.04115   -0.02275
          1       6300  755.76607   -1.04111   -0.02273   -1.04129   -0.02270
          1       6400  767.40821   -1.04111   -0.02273   -1.04122   -0.02270
          1       6500  778.93843   -1.04111   -0.02273   -1.04118   -0.02278
          1       6600  791.59133   -1.04111   -0.02273   -1.04124   -0.02274
          1       6700  803.56118   -1.04111   -0.02273   -1.04119   -0.02273
          1       6800  815.64568   -1.04112   -0.02273   -1.04120   -0.02273
          1       6900  827.50310   -1.04112   -0.02273   -1.04126   -0.02270
          1       7000  839.35809   -1.04112   -0.02273   -1.04127   -0.02265
          1       7100  851.47444   -1.04112   -0.02273   -1.04133   -0.02273
          1       7200  864.20054   -1.04112   -0.02273   -1.04126   -0.02271
          1       7300  876.50511   -1.04112   -0.02273   -1.04126   -0.02272
          1       7400  888.92564   -1.04113   -0.02273   -1.04125   -0.02267
          1       7500  900.92278   -1.04113   -0.02273   -1.04126   -0.02267
          1       7600  913.15768   -1.04113   -0.02273   -1.04126   -0.02267
          1       7700  925.99111   -1.04113   -0.02273   -1.04126   -0.02269
          1       7800  937.76209   -1.04113   -0.02273   -1.04126   -0.02272
          1       7900  948.93911   -1.04113   -0.02273   -1.04123   -0.02269
          1       8000  960.71240   -1.04113   -0.02273   -1.04124   -0.02271
          1       8100  972.33644   -1.04114   -0.02273   -1.04124   -0.02269
          1       8200  984.19703   -1.04114   -0.02273   -1.04122   -0.02267
          1       8300  995.46728   -1.04114   -0.02273   -1.04124   -0.02272
          1       8400 1007.37788   -1.04114   -0.02273   -1.04125   -0.02271
          1       8500 1019.33021   -1.04114   -0.02273   -1.04122   -0.02272
          1       8600 1031.41104   -1.04114   -0.02273   -1.04124   -0.02274
          1       8700 1043.10113   -1.04114   -0.02273   -1.04129   -0.02272
          1       8800 1055.09017   -1.04114   -0.02273   -1.04127   -0.02270
          1       8900 1067.02249   -1.04115   -0.02273   -1.04131   -0.02270
          1       9000 1078.48030   -1.04115   -0.02273   -1.04128   -0.02271
          1       9100 1090.98482   -1.04115   -0.02273   -1.04128   -0.02269
          1       9200 1102.08460   -1.04115   -0.02273   -1.04126   -0.02270
          1       9300 1113.73764   -1.04115   -0.02273   -1.04126   -0.02272
          1       9400 1125.21150   -1.04115   -0.02273   -1.04131   -0.02273
          1       9500 1137.02875   -1.04115   -0.02273   -1.04128   -0.02274
          1       9600 1148.98347   -1.04115   -0.02273   -1.04125   -0.02271
          1       9700 1160.64440   -1.04115   -0.02273   -1.04128   -0.02272
          1       9800 1172.06518   -1.04115   -0.02273   -1.04126   -0.02273
          1       9900 1184.19383   -1.04116   -0.02273   -1.04125   -0.02272
          1      10000 1196.30169   -1.04116   -0.02273   -1.04126   -0.02270
          1      10100 1208.27499   -1.04116   -0.02273   -1.04127   -0.02267
          1      10200 1220.02851   -1.04116   -0.02273   -1.04128   -0.02272
          1      10300 1231.44766   -1.04116   -0.02273   -1.04128   -0.02272
          1      10400 1242.93886   -1.04116   -0.02273   -1.04127   -0.02272
          1      10500 1254.27406   -1.04116   -0.02273   -1.04128   -0.02267
          1      10600 1265.87475   -1.04116   -0.02273   -1.04129   -0.02270
          1      10700 1277.90230   -1.04116   -0.02273   -1.04129   -0.02272
          1      10800 1289.27808   -1.04116   -0.02273   -1.04125   -0.02271
          1      10900 1300.33597   -1.04116   -0.02273   -1.04128   -0.02270
          1      11000 1311.87047   -1.04117   -0.02273   -1.04124   -0.02272
          1      11100 1323.60402   -1.04117   -0.02273   -1.04122   -0.02273
          1      11200 1334.96364   -1.04117   -0.02273   -1.04125   -0.02272
          1      11300 1345.98992   -1.04117   -0.02273   -1.04126   -0.02271
          1      11400 1357.96618   -1.04117   -0.02273   -1.04127   -0.02271
          1      11500 1369.80953   -1.04117   -0.02273   -1.04128   -0.02271
          1      11600 1381.81712   -1.04117   -0.02273   -1.04129   -0.02268
          1      11700 1393.99918   -1.04117   -0.02273   -1.04128   -0.02269
          1      11800 1405.83697   -1.04117   -0.02273   -1.04127   -0.02269
          1      11900 1418.52914   -1.04117   -0.02273   -1.04127   -0.02268
          1      12000 1430.86825   -1.04117   -0.02273   -1.04129   -0.02274
          1      12100 1442.98063   -1.04117   -0.02273   -1.04128   -0.02272
          1      12200 1454.89902   -1.04117   -0.02273   -1.04124   -0.02271
          1      12300 1466.93135   -1.04118   -0.02273   -1.04128   -0.02270
          1      12400 1478.79989   -1.04118   -0.02273   -1.04125   -0.02270
          1      12500 1490.91269   -1.04118   -0.02273   -1.04131   -0.02270
          1      12600 1503.59838   -1.04118   -0.02273   -1.04128   -0.02270
          1      12700 1515.29767   -1.04118   -0.02273   -1.04128   -0.02274
          1      12800 1527.05541   -1.04118   -0.02273   -1.04127   -0.02271
          1      12900 1538.35307   -1.04118   -0.02273   -1.04126   -0.02271
          1      13000 1549.99060   -1.04118   -0.02273   -1.04127   -0.02273
          1      13100 1561.46442   -1.04118   -0.02273   -1.04130   -0.02270
          1      13200 1573.20911   -1.04118   -0.02273   -1.04131   -0.02270
          1      13300 1584.58469   -1.04118   -0.02273   -1.04127   -0.02268
          1      13400 1595.87202   -1.04118   -0.02273   -1.04131   -0.02270
          1      13500 1607.62888   -1.04118   -0.02273   -1.04128   -0.02268
          1      13600 1619.40095   -1.04118   -0.02273   -1.04123   -0.02275
          1      13700 1630.59198   -1.04118   -0.02273   -1.04130   -0.02269
          1      13800 1642.79362   -1.04119   -0.02272   -1.04126   -0.02269
          1      13900 1653.98637   -1.04119   -0.02272   -1.04131   -0.02271
          1      14000 1665.75846   -1.04119   -0.02272   -1.04129   -0.02269
          1      14100 1677.46427   -1.04119   -0.02272   -1.04129   -0.02273
          1      14200 1689.02954   -1.04119   -0.02272   -1.04127   -0.02270
          1      14300 1700.45491   -1.04119   -0.02272   -1.04129   -0.02271
          1      14400 1712.61186   -1.04119   -0.02272   -1.04125   -0.02272
          1      14500 1724.61012   -1.04119   -0.02272   -1.04129   -0.02272
          1      14600 1735.73539   -1.04119   -0.02272   -1.04126   -0.02272
          1      14700 1747.63996   -1.04119   -0.02272   -1.04130   -0.02269
          1      14800 1759.55670   -1.04119   -0.02272   -1.04130   -0.02269
          1      14900 1771.41960   -1.04119   -0.02272   -1.04128   -0.02270
          1      15000 1782.43526   -1.04119   -0.02272   -1.04127   -0.02268
          1      15100 1794.07841   -1.04119   -0.02272   -1.04130   -0.02272
          1      15200 1805.87843   -1.04119   -0.02272   -1.04127   -0.02267
          1      15300 1818.32093   -1.04119   -0.02272   -1.04126   -0.02269
          1      15400 1829.83722   -1.04119   -0.02272   -1.04133   -0.02270
          1      15500 1840.66307   -1.04119   -0.02272   -1.04127   -0.02270
          1      15600 1851.67353   -1.04119   -0.02272   -1.04127   -0.02275
          1      15700 1863.91900   -1.04120   -0.02272   -1.04126   -0.02270
          1      15800 1875.70297   -1.04120   -0.02272   -1.04130   -0.02272
          1      15900 1887.04041   -1.04120   -0.02272   -1.04130   -0.02274
          1      16000 1899.22973   -1.04120   -0.02272   -1.04131   -0.02267
          1      16100 1910.39615   -1.04120   -0.02272   -1.04130   -0.02273
          1      16200 1922.47803   -1.04120   -0.02272   -1.04127   -0.02268
          1      16300 1934.03439   -1.04120   -0.02272   -1.04131   -0.02270
          1      16400 1945.97103   -1.04120   -0.02272   -1.04131   -0.02271
          1      16500 1957.84677   -1.04120   -0.02272   -1.04128   -0.02269
          1      16600 1970.29738   -1.04120   -0.02272   -1.04127   -0.02270
          1      16700 1981.27824   -1.04120   -0.02272   -1.04130   -0.02272
          1      16800 1993.80730   -1.04120   -0.02272   -1.04130   -0.02272
          1      16900 2006.17896   -1.04120   -0.02272   -1.04131   -0.02270
          1      17000 2017.48018   -1.04120   -0.02272   -1.04128   -0.02269
          1      17100 2029.49923   -1.04120   -0.02272   -1.04126   -0.02269
          1      17200 2042.17391   -1.04120   -0.02272   -1.04130   -0.02273
          1      17300 2054.81882   -1.04120   -0.02272   -1.04129   -0.02272
          1      17400 2067.39127   -1.04120   -0.02272   -1.04128   -0.02273
          1      17500 2078.68048   -1.04120   -0.02272   -1.04128   -0.02271
          1      17600 2089.80241   -1.04120   -0.02272   -1.04128   -0.02271
          1      17700 2101.34717   -1.04120   -0.02272   -1.04123   -0.02274
          1      17800 2112.87179   -1.04120   -0.02272   -1.04127   -0.02270
          1      17900 2124.69742   -1.04120   -0.02272   -1.04132   -0.02269
          1      18000 2135.87478   -1.04121   -0.02272   -1.04127   -0.02271
          1      18100 2147.40462   -1.04121   -0.02272   -1.04129   -0.02270
          1      18200 2159.69364   -1.04121   -0.02272   -1.04132   -0.02268
          1      18300 2171.30006   -1.04121   -0.02272   -1.04130   -0.02271
          1      18400 2183.26094   -1.04121   -0.02272   -1.04128   -0.02271
          1      18500 2194.67424   -1.04121   -0.02272   -1.04131   -0.02272
          1      18600 2206.60376   -1.04121   -0.02272   -1.04129   -0.02271
          1      18700 2217.78009   -1.04121   -0.02272   -1.04130   -0.02273
          1      18800 2229.10288   -1.04121   -0.02272   -1.04128   -0.02271
          1      18900 2240.24541   -1.04121   -0.02272   -1.04130   -0.02269
          1      19000 2251.04303   -1.04121   -0.02272   -1.04128   -0.02273
          1      19100 2262.82762   -1.04121   -0.02272   -1.04133   -0.02269
          1      19200 2274.49305   -1.04121   -0.02272   -1.04131   -0.02272
          1      19300 2286.49575   -1.04121   -0.02272   -1.04128   -0.02275
          1      19400 2297.95357   -1.04121   -0.02272   -1.04130   -0.02270
          1      19500 2309.34538   -1.04121   -0.02272   -1.04126   -0.02273
          1      19600 2320.48949   -1.04121   -0.02272   -1.04126   -0.02271
          1      19700 2332.44560   -1.04121   -0.02272   -1.04125   -0.02273
          1      19800 2343.69516   -1.04121   -0.02272   -1.04129   -0.02270
          1      19900 2354.73305   -1.04121   -0.02272   -1.04129   -0.02270
          1      20000 2366.24344   -1.04121   -0.02272   -1.04131   -0.02271
          1      20100 2378.89769   -1.04121   -0.02272   -1.04127   -0.02270
          1      20200 2390.44656   -1.04121   -0.02272   -1.04126   -0.02270
          1      20300 2401.81149   -1.04121   -0.02272   -1.04130   -0.02271
          1      20400 2412.59788   -1.04121   -0.02272   -1.04132   -0.02270
          1      20500 2424.22708   -1.04121   -0.02272   -1.04131   -0.02270
          1      20600 2436.24095   -1.04121   -0.02272   -1.04128   -0.02270
          1      20700 2447.70673   -1.04122   -0.02272   -1.04129   -0.02270
          1      20800 2459.91336   -1.04122   -0.02272   -1.04130   -0.02270
          1      20900 2471.28550   -1.04122   -0.02272   -1.04129   -0.02273
          1      21000 2482.71878   -1.04122   -0.02272   -1.04129   -0.02271
          1      21100 2494.58591   -1.04122   -0.02272   -1.04128   -0.02272
          1      21200 2505.73585   -1.04122   -0.02272   -1.04126   -0.02273
          1      21300 2518.06429   -1.04122   -0.02272   -1.04125   -0.02271
          1      21400 2530.55475   -1.04122   -0.02272   -1.04131   -0.02270
          1      21500 2543.12428   -1.04122   -0.02272   -1.04131   -0.02271
          1      21600 2554.73638   -1.04122   -0.02272   -1.04129   -0.02269
          1      21700 2566.10744   -1.04122   -0.02272   -1.04129   -0.02273
          1      21800 2577.09315   -1.04122   -0.02272   -1.04130   -0.02271
          1      21900 2589.19953   -1.04122   -0.02272   -1.04131   -0.02269
          1      22000 2601.14866   -1.04122   -0.02272   -1.04129   -0.02269
          1      22100 2612.73567   -1.04122   -0.02272   -1.04130   -0.02272
          1      22200 2624.19844   -1.04122   -0.02272   -1.04132   -0.02271
          1      22300 2635.55587   -1.04122   -0.02272   -1.04131   -0.02270
          1      22400 2647.15477   -1.04122   -0.02272   -1.04131   -0.02272
          1      22500 2658.75994   -1.04122   -0.02272   -1.04129   -0.02271
          1      22600 2670.62597   -1.04122   -0.02272   -1.04129   -0.02269
          1      22700 2682.31551   -1.04122   -0.02272   -1.04130   -0.02274
          1      22800 2693.64329   -1.04122   -0.02272   -1.04131   -0.02269
          1      22900 2705.00711   -1.04122   -0.02272   -1.04128   -0.02271
          1      23000 2716.25349   -1.04122   -0.02272   -1.04126   -0.02272
          1      23100 2727.74155   -1.04122   -0.02272   -1.04131   -0.02271
          1      23200 2739.22776   -1.04122   -0.02272   -1.04131   -0.02271
          1      23300 2751.62019   -1.04122   -0.02272   -1.04126   -0.02269
          1      23400 2763.69686   -1.04122   -0.02272   -1.04128   -0.02271
          1      23500 2774.78012   -1.04122   -0.02272   -1.04130   -0.02271
          1      23600 2786.06177   -1.04122   -0.02272   -1.04130   -0.02272
          1      23700 2798.29023   -1.04122   -0.02272   -1.04132   -0.02269
          1      23800 2809.89116   -1.04122   -0.02272   -1.04132   -0.02271
          1      23900 2821.31876   -1.04122   -0.02272   -1.04130   -0.02268
          1      24000 2832.67880   -1.04122   -0.02272   -1.04129   -0.02270
          1      24100 2844.51143   -1.04122   -0.02272   -1.04130   -0.02269
          1      24200 2856.44684   -1.04123   -0.02272   -1.04128   -0.02272
          1      24300 2868.50047   -1.04123   -0.02272   -1.04130   -0.02270
          1      24400 2880.38639   -1.04123   -0.02272   -1.04128   -0.02270
          1      24500 2891.90427   -1.04123   -0.02272   -1.04131   -0.02270
          1      24600 2904.34833   -1.04123   -0.02272   -1.04128   -0.02271
          1      24700 2915.75312   -1.04123   -0.02272   -1.04133   -0.02271
          1      24800 2927.30858   -1.04123   -0.02272   -1.04130   -0.02272
          1      24900 2939.27327   -1.04123   -0.02272   -1.04131   -0.02271
          1      25000 2950.76533   -1.04123   -0.02272   -1.04131   -0.02271
          1      25100 2962.97939   -1.04123   -0.02272   -1.04129   -0.02273
          1      25200 2974.44453   -1.04123   -0.02272   -1.04131   -0.02271
          1      25300 2987.21395   -1.04123   -0.02272   -1.04129   -0.02272
          1      25400 2999.24645   -1.04123   -0.02272   -1.04128   -0.02271
          1      25500 3011.78850   -1.04123   -0.02272   -1.04131   -0.02270
          1      25600 3023.21702   -1.04123   -0.02272   -1.04131   -0.02271
          1      25700 3035.01797   -1.04123   -0.02272   -1.04130   -0.02270
          1      25800 3046.37042   -1.04123   -0.02272   -1.04129   -0.02273
          1      25900 3057.82733   -1.04123   -0.02272   -1.04131   -0.02270
          1      26000 3069.15886   -1.04123   -0.02272   -1.04131   -0.02272
          1      26100 3080.97714   -1.04123   -0.02272   -1.04128   -0.02269
          1      26200 3093.11446   -1.04123   -0.02272   -1.04131   -0.02272
          1      26300 3105.42561   -1.04123   -0.02272   -1.04129   -0.02271
          1      26400 3117.00822   -1.04123   -0.02272   -1.04128   -0.02270
          1      26500 3128.91573   -1.04123   -0.02272   -1.04131   -0.02270
          1      26600 3140.79734   -1.04123   -0.02272   -1.04131   -0.02272
          1      26700 3152.81250   -1.04123   -0.02272   -1.04129   -0.02268
          1      26800 3164.07173   -1.04123   -0.02272   -1.04132   -0.02272
          1      26900 3175.06995   -1.04123   -0.02272   -1.04130   -0.02271
          1      27000 3186.14290   -1.04123   -0.02272   -1.04129   -0.02271
          1      27100 3197.75040   -1.04123   -0.02272   -1.04130   -0.02271
          1      27200 3208.82433   -1.04123   -0.02272   -1.04130   -0.02271
          1      27300 3221.43599   -1.04123   -0.02272   -1.04130   -0.02272
          1      27400 3232.90560   -1.04123   -0.02272   -1.04131   -0.02269
          1      27500 3243.98119   -1.04123   -0.02272   -1.04130   -0.02271
          1      27600 3254.57059   -1.04123   -0.02272   -1.04130   -0.02272
          1      27700 3265.67457   -1.04123   -0.02272   -1.04128   -0.02271
          1      27800 3276.97830   -1.04123   -0.02272   -1.04129   -0.02270
          1      27900 3288.93216   -1.04123   -0.02272   -1.04132   -0.02270
          1      28000 3300.50566   -1.04123   -0.02272   -1.04132   -0.02270
          1      28100 3312.33870   -1.04123   -0.02272   -1.04133   -0.02271
          1      28200 3323.50723   -1.04123   -0.02272   -1.04130   -0.02269
          1      28300 3335.21354   -1.04123   -0.02272   -1.04130   -0.02272
          1      28400 3346.62623   -1.04123   -0.02272   -1.04129   -0.02269
          1      28500 3357.52473   -1.04124   -0.02272   -1.04129   -0.02272
          1      28600 3368.85989   -1.04124   -0.02272   -1.04130   -0.02271
          1      28700 3381.09227   -1.04124   -0.02272   -1.04131   -0.02270
          1      28800 3392.31602   -1.04124   -0.02272   -1.04130   -0.02271
          1      28900 3403.21166   -1.04124   -0.02272   -1.04130   -0.02268
          1      29000 3414.49802   -1.04124   -0.02272   -1.04130   -0.02269
          1      29100 3425.74844   -1.04124   -0.02272   -1.04130   -0.02270
          1      29200 3437.06139   -1.04124   -0.02272   -1.04133   -0.02273
          1      29300 3448.04885   -1.04124   -0.02272   -1.04130   -0.02271
          1      29400 3459.14444   -1.04124   -0.02272   -1.04130   -0.02270
          1      29500 3470.70388   -1.04124   -0.02272   -1.04130   -0.02270
          1      29600 3481.09109   -1.04124   -0.02272   -1.04133   -0.02271
          1      29700 3492.35301   -1.04124   -0.02272   -1.04129   -0.02273
          1      29800 3503.48114   -1.04124   -0.02272   -1.04129   -0.02272
          1      29900 3514.61570   -1.04124   -0.02272   -1.04131   -0.02270
          1      30000 3526.08593   -1.04124   -0.02272   -1.04127   -0.02271
          1      30100 3537.88684   -1.04124   -0.02272   -1.04129   -0.02269
          1      30200 3549.77087   -1.04124   -0.02272   -1.04134   -0.02271
          1      30300 3561.16785   -1.04124   -0.02272   -1.04130   -0.02271
          1      30400 3572.06619   -1.04124   -0.02272   -1.04129   -0.02271
          1      30500 3583.64008   -1.04124   -0.02272   -1.04131   -0.02272
          1      30600 3594.79994   -1.04124   -0.02272   -1.04131   -0.02272
          1      30660 3600.00186   -1.04124   -0.02272   -1.04131   -0.02272
