          1          0    0.00000   -1.03183   -0.02274   -1.03183   -0.02274   -3.39522    3.39522    0.00000
          1          1    0.05363   -0.72209   -0.03916   -0.52479   -0.04141   -3.39522   -0.52479    0.00000
          2          0    0.05363   -0.30797   -0.04867   -0.52479   -0.04141   -3.39522   -0.52479   -1.96001
          2        100   15.17866   -0.94960   -0.02949   -1.03636   -0.02369   -3.39522   -1.03782   -1.96001
          2        200   31.12609   -0.97603   -0.02802   -1.03712   -0.02391   -3.39522   -1.03851   -1.96001
          2        300   46.45782   -0.98776   -0.02735   -1.03851   -0.02451   -3.39522   -1.03880   -1.96001
          2        400   63.60130   -0.99474   -0.02693   -1.03847   -0.02381   -3.39522   -1.03924   -1.96001
          2        500   80.00688   -0.99951   -0.02665   -1.03901   -0.02424   -3.39522   -1.03924   -1.96001
          2        600   95.03033   -1.00304   -0.02644   -1.03892   -0.02441   -3.39522   -1.03924   -1.96001
          2        700  111.07434   -1.00577   -0.02628   -1.03881   -0.02432   -3.39522   -1.03935   -1.96001
          2        800  126.32320   -1.00797   -0.02614   -1.03918   -0.02425   -3.39522   -1.03937   -1.96001
          2        900  141.68461   -1.00979   -0.02603   -1.03902   -0.02392   -3.39522   -1.03938   -1.96001
          2       1000  158.32336   -1.01133   -0.02594   -1.03923   -0.02401   -3.39522   -1.03943   -1.96001
          2       1100  173.88539   -1.01266   -0.02586   -1.03892   -0.02423   -3.39522   -1.03954   -1.96001
          2       1200  189.60765   -1.01381   -0.02579   -1.03932   -0.02406   -3.39522   -1.03959   -1.96001
          2       1300  205.11380   -1.01483   -0.02573   -1.03909   -0.02412   -3.39522   -1.03959   -1.96001
          2       1400  222.03388   -1.01574   -0.02567   -1.03905   -0.02423   -3.39522   -1.03959   -1.96001
          2       1500  237.93618   -1.01655   -0.02562   -1.03941   -0.02412   -3.39522   -1.03959   -1.96001
          2       1600  253.51457   -1.01729   -0.02558   -1.03942   -0.02419   -3.39522   -1.03959   -1.96001
          2       1700  269.46553   -1.01796   -0.02553   -1.03930   -0.02406   -3.39522   -1.03969   -1.96001
          2       1800  284.20114   -1.01857   -0.02550   -1.03889   -0.02394   -3.39522   -1.03969   -1.96001
          2       1900  299.19424   -1.01914   -0.02546   -1.03941   -0.02429   -3.39522   -1.03969   -1.96001
          2       2000  314.62003   -1.01966   -0.02543   -1.03930   -0.02425   -3.39522   -1.03969   -1.96001
          2       2100  329.22624   -1.02015   -0.02540   -1.03913   -0.02404   -3.39522   -1.03969   -1.96001
          2       2200  344.93200   -1.02060   -0.02537   -1.03958   -0.02419   -3.39522   -1.03969   -1.96001
          2       2300  361.28810   -1.02102   -0.02535   -1.03935   -0.02426   -3.39522   -1.03969   -1.96001
          2       2400  376.79173   -1.02142   -0.02532   -1.03946   -0.02412   -3.39522   -1.03969   -1.96001
          2       2500  391.93595   -1.02179   -0.02530   -1.03914   -0.02429   -3.39522   -1.03969   -1.96001
          2       2600  408.47087   -1.02214   -0.02528   -1.03935   -0.02411   -3.39522   -1.03969   -1.96001
          2       2700  423.75408   -1.02247   -0.02526   -1.03937   -0.02420   -3.39522   -1.03969   -1.96001
          2       2800  438.93044   -1.02278   -0.02524   -1.03907   -0.02392   -3.39522   -1.03969   -1.96001
          2       2900  454.19597   -1.02307   -0.02522   -1.03943   -0.02431   -3.39522   -1.03969   -1.96001
          2       3000  469.12794   -1.02336   -0.02520   -1.03915   -0.02416   -3.39522   -1.03969   -1.96001
          2       3100  484.24482   -1.02362   -0.02519   -1.03944   -0.02429   -3.39522   -1.03969   -1.96001
          2       3200  499.68761   -1.02388   -0.02517   -1.03926   -0.02429   -3.39522   -1.03969   -1.96001
          2       3300  516.06138   -1.02412   -0.02516   -1.03959   -0.02416   -3.39522   -1.03969   -1.96001
          2       3400  532.94529   -1.02435   -0.02514   -1.03946   -0.02421   -3.39522   -1.03969   -1.96001
          2       3500  549.56580   -1.02457   -0.02513   -1.03947   -0.02411   -3.39522   -1.03969   -1.96001
          2       3600  564.97221   -1.02479   -0.02511   -1.03941   -0.02418   -3.39522   -1.03974   -1.96001
          2       3700  580.32490   -1.02499   -0.02510   -1.03952   -0.02418   -3.39522   -1.03976   -1.96001
          2       3800  595.51154   -1.02519   -0.02509   -1.03940   -0.02425   -3.39522   -1.03976   -1.96001
          2       3900  610.21574   -1.02538   -0.02508   -1.03945   -0.02414   -3.39522   -1.03976   -1.96001
          2       4000  625.63051   -1.02556   -0.02507   -1.03967   -0.02424   -3.39522   -1.03976   -1.96001
          2       4100  640.83954   -1.02573   -0.02506   -1.03945   -0.02402   -3.39522   -1.03976   -1.96001
          2       4200  656.02833   -1.02590   -0.02505   -1.03930   -0.02410   -3.39522   -1.03976   -1.96001
          2       4300  671.18349   -1.02606   -0.02504   -1.03934   -0.02420   -3.39522   -1.03976   -1.96001
          2       4400  686.24441   -1.02622   -0.02503   -1.03950   -0.02416   -3.39522   -1.03976   -1.96001
          2       4500  702.44684   -1.02637   -0.02502   -1.03949   -0.02425   -3.39522   -1.03976   -1.96001
          2       4600  717.68243   -1.02652   -0.02501   -1.03957   -0.02424   -3.39522   -1.03976   -1.96001
          2       4700  733.50447   -1.02666   -0.02500   -1.03953   -0.02419   -3.39522   -1.03976   -1.96001
          2       4800  749.22056   -1.02680   -0.02499   -1.03946   -0.02416   -3.39522   -1.03976   -1.96001
          2       4900  764.42499   -1.02693   -0.02498   -1.03958   -0.02423   -3.39522   -1.03976   -1.96001
          2       5000  779.80744   -1.02706   -0.02497   -1.03948   -0.02415   -3.39522   -1.03976   -1.96001
          2       5100  794.74608   -1.02719   -0.02497   -1.03951   -0.02420   -3.39522   -1.03976   -1.96001
          2       5200  809.16932   -1.02731   -0.02496   -1.03966   -0.02415   -3.39522   -1.03976   -1.96001
          2       5300  824.42821   -1.02743   -0.02495   -1.03950   -0.02416   -3.39522   -1.03976   -1.96001
          2       5400  839.74187   -1.02754   -0.02494   -1.03962   -0.02421   -3.39522   -1.03976   -1.96001
          2       5500  854.63213   -1.02765   -0.02494   -1.03950   -0.02419   -3.39522   -1.03976   -1.96001
          2       5600  869.90683   -1.02776   -0.02493   -1.03951   -0.02417   -3.39522   -1.03976   -1.96001
          2       5700  884.95490   -1.02787   -0.02492   -1.03956   -0.02419   -3.39522   -1.03976   -1.96001
          2       5800  900.56818   -1.02797   -0.02492   -1.03947   -0.02416   -3.39522   -1.03977   -1.96001
          2       5900  916.79745   -1.02807   -0.02491   -1.03965   -0.02422   -3.39522   -1.03979   -1.96001
          2       6000  932.67887   -1.02817   -0.02490   -1.03946   -0.02419   -3.39522   -1.03979   -1.96001
          2       6100  948.05319   -1.02827   -0.02490   -1.03939   -0.02421   -3.39522   -1.03979   -1.96001
          2       6200  963.18413   -1.02836   -0.02489   -1.03960   -0.02413   -3.39522   -1.03979   -1.96001
          2       6300  978.26927   -1.02845   -0.02489   -1.03956   -0.02419   -3.39522   -1.03979   -1.96001
          2       6400  993.90453   -1.02854   -0.02488   -1.03946   -0.02421   -3.39522   -1.03979   -1.96001
          2       6500 1009.54128   -1.02863   -0.02488   -1.03947   -0.02413   -3.39522   -1.03979   -1.96001
          2       6600 1024.22381   -1.02871   -0.02487   -1.03956   -0.02413   -3.39522   -1.03979   -1.96001
          2       6700 1039.36245   -1.02879   -0.02487   -1.03945   -0.02419   -3.39522   -1.03979   -1.96001
          2       6800 1054.43848   -1.02888   -0.02486   -1.03956   -0.02413   -3.39522   -1.03979   -1.96001
          2       6900 1070.24620   -1.02896   -0.02486   -1.03954   -0.02410   -3.39522   -1.03979   -1.96001
          2       7000 1085.07833   -1.02903   -0.02485   -1.03959   -0.02418   -3.39522   -1.03979   -1.96001
          2       7100 1099.79895   -1.02911   -0.02485   -1.03963   -0.02421   -3.39522   -1.03979   -1.96001
          2       7200 1114.45157   -1.02918   -0.02484   -1.03958   -0.02412   -3.39522   -1.03979   -1.96001
          2       7300 1129.55778   -1.02926   -0.02484   -1.03965   -0.02419   -3.39522   -1.03979   -1.96001
          2       7400 1145.15079   -1.02933   -0.02483   -1.03971   -0.02417   -3.39522   -1.03979   -1.96001
          2       7500 1160.67379   -1.02940   -0.02483   -1.03970   -0.02414   -3.39522   -1.03979   -1.96001
          2       7600 1176.03299   -1.02947   -0.02482   -1.03963   -0.02420   -3.39522   -1.03979   -1.96001
          2       7700 1191.70255   -1.02954   -0.02482   -1.03969   -0.02422   -3.39522   -1.03980   -1.96001
          2       7800 1206.90311   -1.02960   -0.02482   -1.03947   -0.02430   -3.39522   -1.03980   -1.96001
          2       7900 1222.32966   -1.02967   -0.02481   -1.03961   -0.02421   -3.39522   -1.03980   -1.96001
          2       8000 1238.67312   -1.02973   -0.02481   -1.03954   -0.02422   -3.39522   -1.03980   -1.96001
          2       8100 1254.07976   -1.02979   -0.02480   -1.03955   -0.02420   -3.39522   -1.03980   -1.96001
          2       8200 1269.74008   -1.02985   -0.02480   -1.03948   -0.02418   -3.39522   -1.03980   -1.96001
          2       8300 1284.28699   -1.02991   -0.02480   -1.03978   -0.02415   -3.39522   -1.03980   -1.96001
          2       8400 1299.33948   -1.02997   -0.02479   -1.03967   -0.02421   -3.39522   -1.03980   -1.96001
          2       8500 1314.63785   -1.03003   -0.02479   -1.03957   -0.02409   -3.39522   -1.03980   -1.96001
          2       8600 1330.22016   -1.03009   -0.02479   -1.03959   -0.02416   -3.39522   -1.03980   -1.96001
          2       8700 1345.14879   -1.03014   -0.02478   -1.03956   -0.02423   -3.39522   -1.03980   -1.96001
          2       8800 1360.00899   -1.03020   -0.02478   -1.03962   -0.02422   -3.39522   -1.03980   -1.96001
          2       8900 1374.52358   -1.03025   -0.02478   -1.03970   -0.02424   -3.39522   -1.03980   -1.96001
          2       9000 1390.63633   -1.03031   -0.02477   -1.03956   -0.02412   -3.39522   -1.03980   -1.96001
          2       9100 1406.25142   -1.03036   -0.02477   -1.03958   -0.02425   -3.39522   -1.03980   -1.96001
          2       9200 1421.60424   -1.03041   -0.02477   -1.03948   -0.02430   -3.39522   -1.03980   -1.96001
          2       9300 1436.94569   -1.03046   -0.02476   -1.03956   -0.02411   -3.39522   -1.03980   -1.96001
          2       9400 1451.55219   -1.03051   -0.02476   -1.03965   -0.02418   -3.39522   -1.03980   -1.96001
          2       9500 1467.80183   -1.03056   -0.02476   -1.03973   -0.02419   -3.39522   -1.03982   -1.96001
          2       9600 1482.70376   -1.03061   -0.02475   -1.03964   -0.02423   -3.39522   -1.03982   -1.96001
          2       9700 1497.79444   -1.03066   -0.02475   -1.03970   -0.02420   -3.39522   -1.03982   -1.96001
          2       9800 1513.26716   -1.03070   -0.02475   -1.03969   -0.02421   -3.39522   -1.03982   -1.96001
          2       9900 1527.30986   -1.03075   -0.02474   -1.03954   -0.02409   -3.39522   -1.03982   -1.96001
          2      10000 1542.23874   -1.03079   -0.02474   -1.03960   -0.02422   -3.39522   -1.03982   -1.96001
          2      10100 1557.42011   -1.03084   -0.02474   -1.03960   -0.02420   -3.39522   -1.03982   -1.96001
          2      10200 1572.20739   -1.03088   -0.02474   -1.03963   -0.02414   -3.39522   -1.03982   -1.96001
          2      10300 1586.95969   -1.03093   -0.02473   -1.03961   -0.02420   -3.39522   -1.03982   -1.96001
          2      10400 1602.82079   -1.03097   -0.02473   -1.03956   -0.02413   -3.39522   -1.03982   -1.96001
          2      10500 1617.46130   -1.03101   -0.02473   -1.03954   -0.02419   -3.39522   -1.03982   -1.96001
          2      10600 1633.08639   -1.03105   -0.02473   -1.03963   -0.02414   -3.39522   -1.03982   -1.96001
          2      10700 1648.88467   -1.03109   -0.02472   -1.03960   -0.02427   -3.39522   -1.03982   -1.96001
          2      10800 1663.51945   -1.03113   -0.02472   -1.03959   -0.02416   -3.39522   -1.03982   -1.96001
          2      10900 1678.81517   -1.03117   -0.02472   -1.03972   -0.02416   -3.39522   -1.03982   -1.96001
          2      11000 1695.67470   -1.03121   -0.02472   -1.03965   -0.02418   -3.39522   -1.03982   -1.96001
          2      11100 1712.32736   -1.03125   -0.02471   -1.03965   -0.02418   -3.39522   -1.03982   -1.96001
          2      11200 1728.87995   -1.03129   -0.02471   -1.03961   -0.02414   -3.39522   -1.03982   -1.96001
          2      11300 1745.75777   -1.03133   -0.02471   -1.03961   -0.02417   -3.39522   -1.03982   -1.96001
          2      11400 1762.92379   -1.03137   -0.02471   -1.03965   -0.02418   -3.39522   -1.03982   -1.96001
          2      11500 1778.63775   -1.03140   -0.02470   -1.03972   -0.02421   -3.39522   -1.03982   -1.96001
          2      11600 1794.44280   -1.03144   -0.02470   -1.03953   -0.02418   -3.39522   -1.03982   -1.96001
          2      11700 1810.10643   -1.03148   -0.02470   -1.03965   -0.02422   -3.39522   -1.03982   -1.96001
          2      11800 1825.07429   -1.03151   -0.02470   -1.03949   -0.02413   -3.39522   -1.03982   -1.96001
          2      11900 1841.06551   -1.03155   -0.02469   -1.03972   -0.02420   -3.39522   -1.03982   -1.96001
          2      12000 1856.57537   -1.03158   -0.02469   -1.03952   -0.02408   -3.39522   -1.03982   -1.96001
          2      12100 1871.36245   -1.03161   -0.02469   -1.03964   -0.02417   -3.39522   -1.03982   -1.96001
          2      12200 1886.97078   -1.03165   -0.02469   -1.03958   -0.02425   -3.39522   -1.03982   -1.96001
          2      12300 1901.89305   -1.03168   -0.02469   -1.03970   -0.02415   -3.39522   -1.03982   -1.96001
          2      12400 1917.41733   -1.03171   -0.02468   -1.03966   -0.02422   -3.39522   -1.03982   -1.96001
          2      12500 1933.00254   -1.03175   -0.02468   -1.03968   -0.02414   -3.39522   -1.03982   -1.96001
          2      12600 1948.71183   -1.03178   -0.02468   -1.03965   -0.02416   -3.39522   -1.03982   -1.96001
          2      12700 1965.06249   -1.03181   -0.02468   -1.03973   -0.02420   -3.39522   -1.03982   -1.96001
          2      12800 1980.59294   -1.03184   -0.02468   -1.03962   -0.02421   -3.39522   -1.03982   -1.96001
          2      12900 1996.06102   -1.03187   -0.02467   -1.03962   -0.02415   -3.39522   -1.03982   -1.96001
          2      13000 2010.97528   -1.03190   -0.02467   -1.03957   -0.02423   -3.39522   -1.03982   -1.96001
          2      13100 2026.76416   -1.03193   -0.02467   -1.03966   -0.02421   -3.39522   -1.03982   -1.96001
          2      13200 2042.53922   -1.03196   -0.02467   -1.03965   -0.02410   -3.39522   -1.03982   -1.96001
          2      13300 2057.54988   -1.03199   -0.02467   -1.03966   -0.02424   -3.39522   -1.03982   -1.96001
          2      13400 2073.61711   -1.03202   -0.02466   -1.03957   -0.02411   -3.39522   -1.03982   -1.96001
          2      13500 2089.91379   -1.03205   -0.02466   -1.03962   -0.02417   -3.39522   -1.03982   -1.96001
          2      13600 2104.49909   -1.03208   -0.02466   -1.03960   -0.02424   -3.39522   -1.03982   -1.96001
          2      13700 2120.29500   -1.03211   -0.02466   -1.03962   -0.02417   -3.39522   -1.03982   -1.96001
          2      13800 2135.44347   -1.03214   -0.02466   -1.03964   -0.02418   -3.39522   -1.03982   -1.96001
          2      13900 2151.20769   -1.03216   -0.02466   -1.03971   -0.02414   -3.39522   -1.03982   -1.96001
          2      14000 2166.22118   -1.03219   -0.02465   -1.03974   -0.02419   -3.39522   -1.03982   -1.96001
          2      14100 2181.34388   -1.03222   -0.02465   -1.03956   -0.02415   -3.39522   -1.03982   -1.96001
          2      14200 2196.59394   -1.03225   -0.02465   -1.03969   -0.02421   -3.39522   -1.03982   -1.96001
          2      14300 2211.83970   -1.03227   -0.02465   -1.03965   -0.02416   -3.39522   -1.03982   -1.96001
          2      14400 2227.03839   -1.03230   -0.02465   -1.03971   -0.02420   -3.39522   -1.03982   -1.96001
          2      14500 2242.46809   -1.03232   -0.02465   -1.03974   -0.02415   -3.39522   -1.03982   -1.96001
          2      14600 2257.49178   -1.03235   -0.02464   -1.03963   -0.02417   -3.39522   -1.03982   -1.96001
          2      14700 2272.80144   -1.03238   -0.02464   -1.03967   -0.02415   -3.39522   -1.03982   -1.96001
          2      14800 2287.89772   -1.03240   -0.02464   -1.03964   -0.02422   -3.39522   -1.03982   -1.96001
          2      14900 2303.52980   -1.03243   -0.02464   -1.03976   -0.02420   -3.39522   -1.03982   -1.96001
          2      15000 2319.26887   -1.03245   -0.02464   -1.03967   -0.02416   -3.39522   -1.03982   -1.96001
          2      15100 2334.65057   -1.03248   -0.02464   -1.03973   -0.02420   -3.39522   -1.03982   -1.96001
          2      15200 2349.95007   -1.03250   -0.02464   -1.03963   -0.02418   -3.39522   -1.03983   -1.96001
          2      15300 2365.06776   -1.03252   -0.02463   -1.03971   -0.02420   -3.39522   -1.03983   -1.96001
          2      15400 2380.16495   -1.03255   -0.02463   -1.03964   -0.02420   -3.39522   -1.03983   -1.96001
          2      15500 2395.71091   -1.03257   -0.02463   -1.03968   -0.02415   -3.39522   -1.03983   -1.96001
          2      15600 2412.76886   -1.03259   -0.02463   -1.03968   -0.02415   -3.39522   -1.03983   -1.96001
          2      15700 2427.23346   -1.03262   -0.02463   -1.03971   -0.02412   -3.39522   -1.03983   -1.96001
          2      15800 2441.85081   -1.03264   -0.02463   -1.03973   -0.02417   -3.39522   -1.03983   -1.96001
          2      15900 2457.78398   -1.03266   -0.02463   -1.03963   -0.02415   -3.39522   -1.03983   -1.96001
          2      16000 2473.04830   -1.03269   -0.02462   -1.03972   -0.02418   -3.39522   -1.03983   -1.96001
          2      16100 2487.96331   -1.03271   -0.02462   -1.03968   -0.02418   -3.39522   -1.03983   -1.96001
          2      16200 2503.18435   -1.03273   -0.02462   -1.03977   -0.02415   -3.39522   -1.03983   -1.96001
          2      16300 2518.99228   -1.03275   -0.02462   -1.03967   -0.02416   -3.39522   -1.03983   -1.96001
          2      16400 2534.11598   -1.03277   -0.02462   -1.03970   -0.02412   -3.39522   -1.03983   -1.96001
          2      16500 2549.23614   -1.03279   -0.02462   -1.03970   -0.02420   -3.39522   -1.03983   -1.96001
          2      16600 2564.06163   -1.03282   -0.02462   -1.03969   -0.02416   -3.39522   -1.03983   -1.96001
          2      16700 2578.92828   -1.03284   -0.02461   -1.03964   -0.02414   -3.39522   -1.03983   -1.96001
          2      16800 2593.81511   -1.03286   -0.02461   -1.03963   -0.02417   -3.39522   -1.03983   -1.96001
          2      16900 2608.68406   -1.03288   -0.02461   -1.03964   -0.02418   -3.39522   -1.03983   -1.96001
          2      17000 2624.41671   -1.03290   -0.02461   -1.03966   -0.02416   -3.39522   -1.03983   -1.96001
          2      17100 2639.42306   -1.03292   -0.02461   -1.03965   -0.02421   -3.39522   -1.03983   -1.96001
          2      17200 2655.19783   -1.03294   -0.02461   -1.03970   -0.02420   -3.39522   -1.03983   -1.96001
          2      17300 2670.29563   -1.03296   -0.02461   -1.03958   -0.02413   -3.39522   -1.03983   -1.96001
          2      17400 2685.57984   -1.03298   -0.02461   -1.03962   -0.02415   -3.39522   -1.03983   -1.96001
          2      17500 2700.76764   -1.03300   -0.02460   -1.03966   -0.02421   -3.39522   -1.03983   -1.96001
          2      17600 2715.71114   -1.03302   -0.02460   -1.03977   -0.02419   -3.39522   -1.03983   -1.96001
          2      17700 2731.67337   -1.03304   -0.02460   -1.03981   -0.02418   -3.39522   -1.03983   -1.96001
          2      17800 2747.48731   -1.03306   -0.02460   -1.03964   -0.02417   -3.39522   -1.03983   -1.96001
          2      17900 2762.71113   -1.03308   -0.02460   -1.03980   -0.02418   -3.39522   -1.03983   -1.96001
          2      18000 2777.73268   -1.03309   -0.02460   -1.03977   -0.02418   -3.39522   -1.03983   -1.96001
          2      18100 2792.69730   -1.03311   -0.02460   -1.03962   -0.02424   -3.39522   -1.03983   -1.96001
          2      18200 2808.55652   -1.03313   -0.02460   -1.03968   -0.02418   -3.39522   -1.03983   -1.96001
          2      18300 2824.58676   -1.03315   -0.02459   -1.03968   -0.02412   -3.39522   -1.03983   -1.96001
          2      18400 2839.46240   -1.03317   -0.02459   -1.03960   -0.02415   -3.39522   -1.03983   -1.96001
          2      18500 2854.66706   -1.03319   -0.02459   -1.03980   -0.02419   -3.39522   -1.03983   -1.96001
          2      18600 2870.41766   -1.03320   -0.02459   -1.03969   -0.02418   -3.39522   -1.03983   -1.96001
          2      18700 2885.09082   -1.03322   -0.02459   -1.03966   -0.02419   -3.39522   -1.03983   -1.96001
          2      18800 2900.50078   -1.03324   -0.02459   -1.03964   -0.02422   -3.39522   -1.03983   -1.96001
          2      18900 2914.96752   -1.03326   -0.02459   -1.03970   -0.02415   -3.39522   -1.03983   -1.96001
          2      19000 2930.49974   -1.03327   -0.02459   -1.03967   -0.02417   -3.39522   -1.03983   -1.96001
          2      19100 2945.28273   -1.03329   -0.02459   -1.03969   -0.02413   -3.39522   -1.03983   -1.96001
          2      19200 2960.72483   -1.03331   -0.02458   -1.03963   -0.02417   -3.39522   -1.03983   -1.96001
          2      19300 2975.94817   -1.03332   -0.02458   -1.03964   -0.02413   -3.39522   -1.03983   -1.96001
          2      19400 2992.34068   -1.03334   -0.02458   -1.03967   -0.02414   -3.39522   -1.03983   -1.96001
          2      19500 3006.97967   -1.03336   -0.02458   -1.03978   -0.02419   -3.39522   -1.03983   -1.96001
          2      19600 3022.36560   -1.03337   -0.02458   -1.03971   -0.02417   -3.39522   -1.03983   -1.96001
          2      19700 3037.80411   -1.03339   -0.02458   -1.03965   -0.02419   -3.39522   -1.03983   -1.96001
          2      19800 3052.75475   -1.03341   -0.02458   -1.03967   -0.02423   -3.39522   -1.03983   -1.96001
          2      19900 3067.47433   -1.03342   -0.02458   -1.03967   -0.02422   -3.39522   -1.03983   -1.96001
          2      20000 3082.93413   -1.03344   -0.02458   -1.03968   -0.02421   -3.39522   -1.03983   -1.96001
          2      20100 3098.53279   -1.03346   -0.02458   -1.03976   -0.02419   -3.39522   -1.03983   -1.96001
          2      20200 3113.26179   -1.03347   -0.02457   -1.03973   -0.02423   -3.39522   -1.03983   -1.96001
          2      20300 3128.53778   -1.03349   -0.02457   -1.03972   -0.02417   -3.39522   -1.03983   -1.96001
          2      20400 3143.59174   -1.03350   -0.02457   -1.03970   -0.02419   -3.39522   -1.03983   -1.96001
          2      20500 3159.23012   -1.03352   -0.02457   -1.03973   -0.02416   -3.39522   -1.03983   -1.96001
          2      20600 3174.78885   -1.03353   -0.02457   -1.03977   -0.02420   -3.39522   -1.03983   -1.96001
          2      20700 3190.13010   -1.03355   -0.02457   -1.03966   -0.02413   -3.39522   -1.03983   -1.96001
          2      20800 3205.84118   -1.03356   -0.02457   -1.03977   -0.02419   -3.39522   -1.03983   -1.96001
          2      20900 3221.03057   -1.03358   -0.02457   -1.03978   -0.02419   -3.39522   -1.03983   -1.96001
          2      21000 3235.93886   -1.03359   -0.02457   -1.03971   -0.02419   -3.39522   -1.03984   -1.96001
          2      21100 3251.13030   -1.03361   -0.02457   -1.03974   -0.02421   -3.39522   -1.03984   -1.96001
          2      21200 3265.81373   -1.03362   -0.02457   -1.03962   -0.02422   -3.39522   -1.03984   -1.96001
          2      21300 3281.19265   -1.03364   -0.02456   -1.03971   -0.02425   -3.39522   -1.03984   -1.96001
          2      21400 3296.95202   -1.03365   -0.02456   -1.03967   -0.02419   -3.39522   -1.03984   -1.96001
          2      21500 3311.50799   -1.03367   -0.02456   -1.03969   -0.02424   -3.39522   -1.03984   -1.96001
          2      21600 3326.30279   -1.03368   -0.02456   -1.03969   -0.02421   -3.39522   -1.03984   -1.96001
          2      21700 3341.41770   -1.03370   -0.02456   -1.03967   -0.02417   -3.39522   -1.03984   -1.96001
          2      21800 3356.87241   -1.03371   -0.02456   -1.03971   -0.02420   -3.39522   -1.03984   -1.96001
          2      21900 3372.11998   -1.03372   -0.02456   -1.03975   -0.02420   -3.39522   -1.03984   -1.96001
          2      22000 3386.81897   -1.03374   -0.02456   -1.03967   -0.02418   -3.39522   -1.03984   -1.96001
          2      22100 3403.31572   -1.03375   -0.02456   -1.03972   -0.02416   -3.39522   -1.03984   -1.96001
          2      22200 3418.98549   -1.03376   -0.02456   -1.03962   -0.02422   -3.39522   -1.03984   -1.96001
          2      22300 3433.77981   -1.03378   -0.02456   -1.03969   -0.02423   -3.39522   -1.03984   -1.96001
          2      22400 3448.76881   -1.03379   -0.02455   -1.03962   -0.02423   -3.39522   -1.03984   -1.96001
          2      22500 3463.81932   -1.03381   -0.02455   -1.03973   -0.02419   -3.39522   -1.03984   -1.96001
          2      22600 3478.65747   -1.03382   -0.02455   -1.03975   -0.02419   -3.39522   -1.03984   -1.96001
          2      22700 3494.32554   -1.03383   -0.02455   -1.03973   -0.02415   -3.39522   -1.03984   -1.96001
          2      22800 3509.45271   -1.03385   -0.02455   -1.03968   -0.02413   -3.39522   -1.03984   -1.96001
          2      22900 3524.61212   -1.03386   -0.02455   -1.03963   -0.02414   -3.39522   -1.03984   -1.96001
          2      23000 3540.41726   -1.03387   -0.02455   -1.03980   -0.02416   -3.39522   -1.03984   -1.96001
          2      23100 3555.43115   -1.03388   -0.02455   -1.03972   -0.02418   -3.39522   -1.03984   -1.96001
          2      23200 3571.08468   -1.03390   -0.02455   -1.03968   -0.02421   -3.39522   -1.03984   -1.96001
          2      23300 3586.29557   -1.03391   -0.02455   -1.03975   -0.02421   -3.39522   -1.03984   -1.96001
          2      23391 3600.00330   -1.03392   -0.02455   -1.03969   -0.02416   -3.39522   -1.03984   -1.96001
