          0          0    0.00000   -0.21390    0.36192   -0.21390    0.36192
          0          3    0.05609    0.18133    0.54831    0.18133    0.54831
          0          7    0.11854    0.18133    0.54831    0.98234    0.09906
          0         13    0.19688    0.18133    0.54831    0.38997    0.07378
          0         25    0.30813    0.18133    0.54831    0.38496   -0.02348
          1          0    0.57199    0.38496   -0.02348    0.38496   -0.02348
          1        100    1.46408   -0.26079   -0.01600   -0.24497   -0.00009
          1        200    2.45922   -0.27295   -0.00797   -0.27072    0.01289
          1        300    3.65571   -0.27772   -0.00557   -0.28342    0.00671
          1        400    4.82459   -0.28045   -0.00494   -0.28629    0.00555
          1        500    6.11087   -0.28213   -0.00429   -0.28710    0.00496
          1        600    7.19737   -0.28329   -0.00372   -0.28761    0.00451
          1        700    8.03079   -0.28412   -0.00326   -0.28774    0.00428
          1        800    9.02589   -0.28474   -0.00288   -0.28805    0.00397
          1        900   10.16982   -0.28524   -0.00255   -0.28794    0.00375
          1       1000   11.41208   -0.28563   -0.00228   -0.28829    0.00357
          1       1100   12.76562   -0.28596   -0.00205   -0.28835    0.00340
          1       1200   14.17294   -0.28623   -0.00185   -0.28839    0.00328
          1       1300   15.21232   -0.28646   -0.00168   -0.28852    0.00313
          1       1400   16.31585   -0.28666   -0.00152   -0.28841    0.00303
          1       1500   17.51380   -0.28684   -0.00139   -0.28862    0.00292
          1       1600   18.47834   -0.28699   -0.00128   -0.28859    0.00283
          1       1700   19.46691   -0.28712   -0.00117   -0.28866    0.00275
          1       1800   20.59473   -0.28724   -0.00108   -0.28874    0.00266
          1       1900   21.69524   -0.28735   -0.00100   -0.28866    0.00261
          1       2000   23.01334   -0.28745   -0.00092   -0.28880    0.00252
          1       2100   23.98796   -0.28754   -0.00086   -0.28881    0.00246
          1       2200   25.22598   -0.28762   -0.00080   -0.28878    0.00242
          1       2300   26.59940   -0.28769   -0.00074   -0.28889    0.00234
          1       2400   27.68662   -0.28776   -0.00069   -0.28887    0.00230
          1       2500   28.78868   -0.28782   -0.00064   -0.28887    0.00226
          1       2600   29.96817   -0.28788   -0.00060   -0.28896    0.00220
          1       2700   30.98632   -0.28793   -0.00056   -0.28894    0.00216
          1       2800   32.15858   -0.28798   -0.00053   -0.28894    0.00213
          1       2900   33.07919   -0.28803   -0.00049   -0.28901    0.00207
          1       3000   34.07137   -0.28807   -0.00046   -0.28900    0.00204
          1       3100   35.25611   -0.28812   -0.00043   -0.28898    0.00202
          1       3200   36.48921   -0.28815   -0.00041   -0.28906    0.00197
          1       3300   37.46544   -0.28819   -0.00038   -0.28906    0.00194
          1       3400   38.81153   -0.28823   -0.00036   -0.28902    0.00193
          1       3500   39.96454   -0.28826   -0.00034   -0.28909    0.00188
          1       3600   41.05952   -0.28829   -0.00032   -0.28911    0.00184
          1       3700   42.27835   -0.28832   -0.00030   -0.28907    0.00184
          1       3800   43.44983   -0.28835   -0.00028   -0.28911    0.00180
          1       3900   44.66661   -0.28837   -0.00026   -0.28915    0.00176
          1       4000   45.91018   -0.28840   -0.00025   -0.28913    0.00175
          1       4100   47.08971   -0.28842   -0.00023   -0.28911    0.00174
          1       4200   48.31435   -0.28844   -0.00022   -0.28917    0.00170
          1       4300   49.57337   -0.28847   -0.00021   -0.28918    0.00167
          1       4400   50.66326   -0.28849   -0.00019   -0.28914    0.00167
          1       4500   51.63751   -0.28851   -0.00016   -0.28917    0.00165
          1       4600   52.79635   -0.28853   -0.00014   -0.28921    0.00161
          1       4700   53.88780   -0.28855   -0.00011   -0.28920    0.00160
          1       4800   55.04138   -0.28856   -0.00009   -0.28916    0.00160
          1       4900   56.07148   -0.28858   -0.00007   -0.28921    0.00157
          1       5000   57.15025   -0.28860   -0.00005   -0.28924    0.00154
          1       5100   58.46050   -0.28861   -0.00003   -0.28922    0.00153
          1       5200   59.43368   -0.28863   -0.00001   -0.28919    0.00153
          1       5300   60.52014   -0.28864    0.00000   -0.28924    0.00150
          1       5400   61.61626   -0.28866    0.00002   -0.28926    0.00147
          1       5500   62.67682   -0.28867    0.00003   -0.28925    0.00147
          1       5600   63.77404   -0.28868    0.00005   -0.28921    0.00147
          1       5700   64.96398   -0.28870    0.00006   -0.28926    0.00144
          1       5800   66.22233   -0.28871    0.00008   -0.28928    0.00142
          1       5900   67.26158   -0.28872    0.00009   -0.28927    0.00141
          1       6000   68.44430   -0.28873    0.00010   -0.28923    0.00142
          1       6100   69.61969   -0.28875    0.00011   -0.28927    0.00139
          1       6200   70.66117   -0.28876    0.00013   -0.28930    0.00137
          1       6300   71.83978   -0.28877    0.00014   -0.28929    0.00136
          1       6400   72.91880   -0.28878    0.00015   -0.28926    0.00136
          1       6500   74.26464   -0.28879    0.00016   -0.28927    0.00135
          1       6600   75.50565   -0.28880    0.00017   -0.28931    0.00132
          1       6700   76.55420   -0.28881    0.00018   -0.28931    0.00131
          1       6800   77.77209   -0.28882    0.00018   -0.28930    0.00131
          1       6900   78.89479   -0.28883    0.00019   -0.28927    0.00131
          1       7000   79.89434   -0.28883    0.00020   -0.28931    0.00129
          1       7100   81.01866   -0.28884    0.00021   -0.28933    0.00127
          1       7200   82.36317   -0.28885    0.00022   -0.28933    0.00126
          1       7300   83.38807   -0.28886    0.00022   -0.28930    0.00127
          1       7400   84.37878   -0.28887    0.00023   -0.28930    0.00126
          1       7500   85.31284   -0.28887    0.00024   -0.28933    0.00123
          1       7600   86.32158   -0.28888    0.00024   -0.28934    0.00122
          1       7700   87.61352   -0.28889    0.00025   -0.28933    0.00122
          1       7800   88.68922   -0.28890    0.00026   -0.28930    0.00123
          1       7900   89.93280   -0.28890    0.00026   -0.28932    0.00121
          1       8000   91.29740   -0.28891    0.00027   -0.28935    0.00119
          1       8100   92.39157   -0.28892    0.00027   -0.28935    0.00118
          1       8200   93.74475   -0.28892    0.00028   -0.28934    0.00118
          1       8300   94.82378   -0.28893    0.00028   -0.28931    0.00119
          1       8400   95.97587   -0.28894    0.00029   -0.28934    0.00117
          1       8500   97.11404   -0.28894    0.00029   -0.28936    0.00115
          1       8600   98.32549   -0.28895    0.00030   -0.28937    0.00114
          1       8700   99.50139   -0.28895    0.00030   -0.28936    0.00114
          1       8800  100.73118   -0.28896    0.00031   -0.28933    0.00115
          1       8900  102.10912   -0.28896    0.00031   -0.28934    0.00113
          1       9000  103.41556   -0.28897    0.00031   -0.28937    0.00111
          1       9100  104.63046   -0.28898    0.00032   -0.28938    0.00111
          1       9200  105.76093   -0.28898    0.00032   -0.28937    0.00110
          1       9300  106.86105   -0.28899    0.00033   -0.28934    0.00111
          1       9400  108.11815   -0.28899    0.00033   -0.28934    0.00111
          1       9500  109.29997   -0.28900    0.00033   -0.28937    0.00108
          1       9600  110.28493   -0.28900    0.00034   -0.28938    0.00107
          1       9700  111.50142   -0.28901    0.00034   -0.28938    0.00107
          1       9800  112.56654   -0.28901    0.00034   -0.28937    0.00107
          1       9900  113.74121   -0.28901    0.00034   -0.28934    0.00108
          1      10000  114.72223   -0.28902    0.00035   -0.28937    0.00106
          1      10100  115.71505   -0.28902    0.00035   -0.28939    0.00105
          1      10200  116.71359   -0.28903    0.00035   -0.28939    0.00104
          1      10300  118.01248   -0.28903    0.00036   -0.28939    0.00104
          1      10400  119.04268   -0.28904    0.00036   -0.28936    0.00104
          1      10500  120.14869   -0.28904    0.00036   -0.28936    0.00104
          1      10600  121.36737   -0.28904    0.00036   -0.28939    0.00102
          1      10700  122.45620   -0.28905    0.00037   -0.28940    0.00101
          1      10800  123.58645   -0.28905    0.00037   -0.28940    0.00101
          1      10900  124.75323   -0.28906    0.00037   -0.28939    0.00101
          1      11000  125.93819   -0.28906    0.00037   -0.28937    0.00102
          1      11100  127.06611   -0.28906    0.00037   -0.28937    0.00101
          1      11200  128.13416   -0.28907    0.00038   -0.28940    0.00099
          1      11300  129.23987   -0.28907    0.00038   -0.28941    0.00098
          1      11400  130.22771   -0.28907    0.00038   -0.28941    0.00098
          1      11500  131.32283   -0.28908    0.00038   -0.28940    0.00098
          1      11600  132.69608   -0.28908    0.00038   -0.28937    0.00099
          1      11700  133.73029   -0.28908    0.00039   -0.28938    0.00098
          1      11800  134.70041   -0.28909    0.00039   -0.28941    0.00096
          1      11900  135.57643   -0.28909    0.00039   -0.28941    0.00095
          1      12000  136.58024   -0.28909    0.00039   -0.28941    0.00095
          1      12100  137.60785   -0.28910    0.00039   -0.28941    0.00095
          1      12200  138.81880   -0.28910    0.00039   -0.28939    0.00096
          1      12300  139.95738   -0.28910    0.00039   -0.28938    0.00096
          1      12400  141.05285   -0.28911    0.00040   -0.28941    0.00094
          1      12500  142.32038   -0.28911    0.00040   -0.28942    0.00093
          1      12600  143.62871   -0.28911    0.00040   -0.28942    0.00092
          1      12700  144.76802   -0.28911    0.00040   -0.28942    0.00092
          1      12800  146.02652   -0.28912    0.00040   -0.28941    0.00092
          1      12900  147.11594   -0.28912    0.00040   -0.28938    0.00094
          1      13000  148.17394   -0.28912    0.00040   -0.28940    0.00092
          1      13100  149.76598   -0.28913    0.00040   -0.28942    0.00091
          1      13200  150.66743   -0.28913    0.00041   -0.28943    0.00090
          1      13300  151.60025   -0.28913    0.00041   -0.28943    0.00090
          1      13400  152.60342   -0.28913    0.00041   -0.28942    0.00090
          1      13500  153.85737   -0.28914    0.00041   -0.28940    0.00090
          1      13600  154.79087   -0.28914    0.00041   -0.28938    0.00091
          1      13700  155.94844   -0.28914    0.00041   -0.28942    0.00089
          1      13800  157.07650   -0.28914    0.00041   -0.28943    0.00088
          1      13900  158.19375   -0.28915    0.00041   -0.28943    0.00088
          1      14000  159.31535   -0.28915    0.00041   -0.28943    0.00087
          1      14100  160.43752   -0.28915    0.00041   -0.28943    0.00087
          1      14200  161.50917   -0.28915    0.00042   -0.28941    0.00088
          1      14300  162.73390   -0.28915    0.00042   -0.28939    0.00088
          1      14400  164.01564   -0.28916    0.00042   -0.28942    0.00087
          1      14500  165.16879   -0.28916    0.00042   -0.28943    0.00086
          1      14600  166.06510   -0.28916    0.00042   -0.28944    0.00085
          1      14700  167.19005   -0.28916    0.00042   -0.28944    0.00085
          1      14800  168.36412   -0.28917    0.00042   -0.28943    0.00085
          1      14900  169.63621   -0.28917    0.00042   -0.28942    0.00085
          1      15000  170.96010   -0.28917    0.00042   -0.28939    0.00086
          1      15100  171.96992   -0.28917    0.00042   -0.28942    0.00085
          1      15200  173.15568   -0.28917    0.00042   -0.28944    0.00084
          1      15300  174.28021   -0.28918    0.00042   -0.28944    0.00083
          1      15400  175.28281   -0.28918    0.00042   -0.28944    0.00083
          1      15500  176.42804   -0.28918    0.00042   -0.28944    0.00083
          1      15600  177.68700   -0.28918    0.00042   -0.28943    0.00083
          1      15700  178.73441   -0.28918    0.00042   -0.28941    0.00084
          1      15800  179.90677   -0.28918    0.00043   -0.28941    0.00083
          1      15900  181.10440   -0.28919    0.00043   -0.28943    0.00082
          1      16000  182.12092   -0.28919    0.00043   -0.28944    0.00081
          1      16100  183.20203   -0.28919    0.00043   -0.28944    0.00081
          1      16200  184.35244   -0.28919    0.00043   -0.28944    0.00081
          1      16300  185.61561   -0.28919    0.00043   -0.28944    0.00080
          1      16400  186.70912   -0.28920    0.00043   -0.28943    0.00081
          1      16500  187.62631   -0.28920    0.00043   -0.28941    0.00082
          1      16600  188.53253   -0.28920    0.00043   -0.28942    0.00081
          1      16700  189.61068   -0.28920    0.00043   -0.28944    0.00080
          1      16800  190.53728   -0.28920    0.00043   -0.28945    0.00079
          1      16900  191.75670   -0.28920    0.00043   -0.28945    0.00079
          1      17000  192.66327   -0.28921    0.00043   -0.28945    0.00079
          1      17100  193.85722   -0.28921    0.00043   -0.28945    0.00078
          1      17200  194.96238   -0.28921    0.00043   -0.28944    0.00078
          1      17300  195.96232   -0.28921    0.00043   -0.28942    0.00079
          1      17400  197.08439   -0.28921    0.00043   -0.28941    0.00079
          1      17500  198.10454   -0.28921    0.00043   -0.28944    0.00078
          1      17600  199.33203   -0.28922    0.00043   -0.28945    0.00077
          1      17700  200.29888   -0.28922    0.00043   -0.28945    0.00077
          1      17800  201.43972   -0.28922    0.00043   -0.28945    0.00077
          1      17900  202.73573   -0.28922    0.00043   -0.28945    0.00076
          1      18000  203.94136   -0.28922    0.00043   -0.28945    0.00076
          1      18100  205.15214   -0.28922    0.00043   -0.28944    0.00077
          1      18200  206.16072   -0.28922    0.00043   -0.28941    0.00078
          1      18300  207.43951   -0.28923    0.00043   -0.28943    0.00076
          1      18400  208.71087   -0.28923    0.00043   -0.28945    0.00075
          1      18500  209.87335   -0.28923    0.00043   -0.28945    0.00075
          1      18600  211.00911   -0.28923    0.00043   -0.28945    0.00075
          1      18700  212.19174   -0.28923    0.00043   -0.28945    0.00075
          1      18800  213.25761   -0.28923    0.00043   -0.28945    0.00074
          1      18900  214.41525   -0.28923    0.00043   -0.28945    0.00074
          1      19000  215.49104   -0.28923    0.00043   -0.28944    0.00074
          1      19100  216.59228   -0.28924    0.00043   -0.28942    0.00076
          1      19200  217.60831   -0.28924    0.00043   -0.28943    0.00074
          1      19300  218.74588   -0.28924    0.00043   -0.28945    0.00073
          1      19400  220.01182   -0.28924    0.00043   -0.28946    0.00073
          1      19500  221.30569   -0.28924    0.00043   -0.28946    0.00073
          1      19600  222.35323   -0.28924    0.00043   -0.28946    0.00073
          1      19700  223.45346   -0.28924    0.00043   -0.28946    0.00073
          1      19800  224.64709   -0.28924    0.00043   -0.28946    0.00072
          1      19900  225.87403   -0.28925    0.00043   -0.28945    0.00072
          1      20000  227.04797   -0.28925    0.00043   -0.28944    0.00073
          1      20100  228.04219   -0.28925    0.00043   -0.28942    0.00073
          1      20200  229.36060   -0.28925    0.00043   -0.28945    0.00072
          1      20300  230.55023   -0.28925    0.00043   -0.28946    0.00071
          1      20400  231.69127   -0.28925    0.00043   -0.28946    0.00071
          1      20500  232.99206   -0.28925    0.00043   -0.28946    0.00071
          1      20600  234.20661   -0.28925    0.00043   -0.28946    0.00071
          1      20700  235.57673   -0.28926    0.00043   -0.28946    0.00071
          1      20800  236.80512   -0.28926    0.00043   -0.28946    0.00070
          1      20900  237.95441   -0.28926    0.00043   -0.28946    0.00070
          1      21000  239.11214   -0.28926    0.00043   -0.28945    0.00071
          1      21100  240.08842   -0.28926    0.00043   -0.28942    0.00072
          1      21200  241.26001   -0.28926    0.00043   -0.28945    0.00070
          1      21300  242.49550   -0.28926    0.00043   -0.28946    0.00070
          1      21400  243.63451   -0.28926    0.00043   -0.28946    0.00069
          1      21500  244.79521   -0.28926    0.00043   -0.28946    0.00069
          1      21600  245.81577   -0.28926    0.00043   -0.28946    0.00069
          1      21700  246.97323   -0.28927    0.00043   -0.28946    0.00069
          1      21800  248.05989   -0.28927    0.00043   -0.28946    0.00069
          1      21900  249.24207   -0.28927    0.00043   -0.28946    0.00069
          1      22000  250.54663   -0.28927    0.00043   -0.28946    0.00069
          1      22100  251.75254   -0.28927    0.00043   -0.28944    0.00069
          1      22200  252.90394   -0.28927    0.00043   -0.28943    0.00069
          1      22300  254.18723   -0.28927    0.00043   -0.28946    0.00068
          1      22400  255.27707   -0.28927    0.00043   -0.28946    0.00068
          1      22500  256.40120   -0.28927    0.00043   -0.28947    0.00067
          1      22600  257.70666   -0.28927    0.00043   -0.28947    0.00067
          1      22700  258.71182   -0.28928    0.00043   -0.28947    0.00067
          1      22800  260.05620   -0.28928    0.00043   -0.28947    0.00067
          1      22900  261.28943   -0.28928    0.00043   -0.28947    0.00067
          1      23000  262.62815   -0.28928    0.00043   -0.28947    0.00067
          1      23100  263.70441   -0.28928    0.00043   -0.28946    0.00067
          1      23200  264.99389   -0.28928    0.00043   -0.28946    0.00067
          1      23300  266.46079   -0.28928    0.00043   -0.28943    0.00068
          1      23400  267.67760   -0.28928    0.00043   -0.28945    0.00067
          1      23500  268.76150   -0.28928    0.00043   -0.28946    0.00066
          1      23600  270.06590   -0.28928    0.00043   -0.28947    0.00066
          1      23700  271.35933   -0.28928    0.00043   -0.28947    0.00066
          1      23800  272.59624   -0.28928    0.00043   -0.28947    0.00065
          1      23900  273.52858   -0.28929    0.00043   -0.28947    0.00065
          1      24000  274.46938   -0.28929    0.00043   -0.28947    0.00065
          1      24100  275.34896   -0.28929    0.00043   -0.28947    0.00065
          1      24200  276.41771   -0.28929    0.00043   -0.28947    0.00065
          1      24300  277.60935   -0.28929    0.00043   -0.28947    0.00065
          1      24400  278.74983   -0.28929    0.00043   -0.28946    0.00065
          1      24500  279.84562   -0.28929    0.00043   -0.28945    0.00066
          1      24600  280.83383   -0.28929    0.00043   -0.28944    0.00065
          1      24700  282.08172   -0.28929    0.00043   -0.28947    0.00064
          1      24800  283.33415   -0.28929    0.00043   -0.28947    0.00064
          1      24900  284.53654   -0.28929    0.00043   -0.28947    0.00064
          1      25000  285.59276   -0.28929    0.00043   -0.28947    0.00064
          1      25100  286.61091   -0.28930    0.00043   -0.28947    0.00064
          1      25200  287.63008   -0.28930    0.00043   -0.28947    0.00064
          1      25300  288.94742   -0.28930    0.00043   -0.28947    0.00063
          1      25400  290.11954   -0.28930    0.00043   -0.28947    0.00063
          1      25500  291.31187   -0.28930    0.00043   -0.28947    0.00063
          1      25600  292.69475   -0.28930    0.00043   -0.28947    0.00063
          1      25700  293.70776   -0.28930    0.00043   -0.28947    0.00063
          1      25800  295.00720   -0.28930    0.00043   -0.28946    0.00063
          1      25900  296.10948   -0.28930    0.00043   -0.28943    0.00064
          1      26000  297.22193   -0.28930    0.00043   -0.28946    0.00063
          1      26100  298.21203   -0.28930    0.00043   -0.28947    0.00062
          1      26200  299.44384   -0.28930    0.00043   -0.28947    0.00062
          1      26300  300.70766   -0.28930    0.00043   -0.28947    0.00062
          1      26400  301.85178   -0.28930    0.00043   -0.28947    0.00062
          1      26500  302.98050   -0.28931    0.00043   -0.28947    0.00062
          1      26600  304.15864   -0.28931    0.00043   -0.28947    0.00062
          1      26700  305.25631   -0.28931    0.00043   -0.28947    0.00062
          1      26800  306.16623   -0.28931    0.00043   -0.28947    0.00061
          1      26900  307.14526   -0.28931    0.00043   -0.28947    0.00061
          1      27000  308.30529   -0.28931    0.00043   -0.28947    0.00061
          1      27100  309.46775   -0.28931    0.00043   -0.28947    0.00061
          1      27200  310.45757   -0.28931    0.00043   -0.28947    0.00061
          1      27300  311.59672   -0.28931    0.00043   -0.28945    0.00062
          1      27400  312.93121   -0.28931    0.00043   -0.28945    0.00061
          1      27500  313.83979   -0.28931    0.00043   -0.28947    0.00061
          1      27600  314.82898   -0.28931    0.00043   -0.28948    0.00060
          1      27700  316.10934   -0.28931    0.00043   -0.28948    0.00060
          1      27800  317.23210   -0.28931    0.00043   -0.28948    0.00060
          1      27900  318.25574   -0.28931    0.00043   -0.28948    0.00060
          1      28000  319.47108   -0.28932    0.00043   -0.28948    0.00060
          1      28100  320.70781   -0.28932    0.00043   -0.28948    0.00060
          1      28200  321.78410   -0.28932    0.00043   -0.28948    0.00060
          1      28300  322.92503   -0.28932    0.00043   -0.28948    0.00060
          1      28400  324.28536   -0.28932    0.00043   -0.28948    0.00060
          1      28500  325.56282   -0.28932    0.00043   -0.28948    0.00059
          1      28600  326.68446   -0.28932    0.00043   -0.28948    0.00059
          1      28700  327.91944   -0.28932    0.00043   -0.28947    0.00059
          1      28800  329.09378   -0.28932    0.00043   -0.28947    0.00059
          1      28900  330.13227   -0.28932    0.00043   -0.28944    0.00060
          1      29000  331.31412   -0.28932    0.00043   -0.28946    0.00059
          1      29100  332.39842   -0.28932    0.00042   -0.28948    0.00059
          1      29200  333.51775   -0.28932    0.00042   -0.28948    0.00059
          1      29300  334.47918   -0.28932    0.00042   -0.28948    0.00059
          1      29400  335.63041   -0.28932    0.00042   -0.28948    0.00058
          1      29500  336.73420   -0.28932    0.00042   -0.28948    0.00058
          1      29600  337.68800   -0.28932    0.00042   -0.28948    0.00058
          1      29700  338.69825   -0.28933    0.00042   -0.28948    0.00058
          1      29800  339.93778   -0.28933    0.00042   -0.28948    0.00058
          1      29900  341.07533   -0.28933    0.00042   -0.28948    0.00058
          1      30000  342.26923   -0.28933    0.00042   -0.28948    0.00058
          1      30100  343.20418   -0.28933    0.00042   -0.28948    0.00058
          1      30200  344.17319   -0.28933    0.00042   -0.28948    0.00058
          1      30300  345.45661   -0.28933    0.00042   -0.28948    0.00058
          1      30400  346.60072   -0.28933    0.00042   -0.28948    0.00057
          1      30500  347.66462   -0.28933    0.00042   -0.28948    0.00057
          1      30600  349.03555   -0.28933    0.00042   -0.28946    0.00058
          1      30700  350.13861   -0.28933    0.00042   -0.28945    0.00058
          1      30800  351.16326   -0.28933    0.00042   -0.28948    0.00057
          1      30900  352.17569   -0.28933    0.00042   -0.28948    0.00057
          1      31000  353.46667   -0.28933    0.00042   -0.28948    0.00057
          1      31100  354.52513   -0.28933    0.00042   -0.28948    0.00057
          1      31200  355.66215   -0.28933    0.00042   -0.28948    0.00057
          1      31300  356.96418   -0.28933    0.00042   -0.28948    0.00057
          1      31400  358.22458   -0.28933    0.00042   -0.28948    0.00056
          1      31500  359.52313   -0.28933    0.00042   -0.28948    0.00056
          1      31600  360.39792   -0.28934    0.00042   -0.28948    0.00056
          1      31700  361.35877   -0.28934    0.00042   -0.28948    0.00056
          1      31800  362.40573   -0.28934    0.00042   -0.28948    0.00056
          1      31900  363.45720   -0.28934    0.00042   -0.28948    0.00056
          1      32000  364.43522   -0.28934    0.00042   -0.28948    0.00056
          1      32100  365.62897   -0.28934    0.00042   -0.28948    0.00056
          1      32200  366.76523   -0.28934    0.00042   -0.28948    0.00056
          1      32300  367.74663   -0.28934    0.00042   -0.28948    0.00056
          1      32400  368.81165   -0.28934    0.00042   -0.28948    0.00056
          1      32500  369.84584   -0.28934    0.00042   -0.28947    0.00056
          1      32600  370.93371   -0.28934    0.00042   -0.28944    0.00057
          1      32700  372.03450   -0.28934    0.00042   -0.28948    0.00055
          1      32800  373.25163   -0.28934    0.00042   -0.28948    0.00055
          1      32900  374.27735   -0.28934    0.00042   -0.28948    0.00055
          1      33000  375.33890   -0.28934    0.00042   -0.28948    0.00055
          1      33100  376.49492   -0.28934    0.00042   -0.28948    0.00055
          1      33200  377.79718   -0.28934    0.00042   -0.28948    0.00055
          1      33300  378.88027   -0.28934    0.00042   -0.28948    0.00054
          1      33400  380.07090   -0.28934    0.00042   -0.28949    0.00054
          1      33500  381.09998   -0.28934    0.00042   -0.28949    0.00057
          1      33600  382.10331   -0.28934    0.00042   -0.28949    0.00054
          1      33700  383.18051   -0.28934    0.00042   -0.28948    0.00054
          1      33800  384.57839   -0.28935    0.00042   -0.28949    0.00054
          1      33900  385.58384   -0.28935    0.00041   -0.28949    0.00054
          1      34000  386.82039   -0.28935    0.00041   -0.28949    0.00054
          1      34100  387.91217   -0.28935    0.00041   -0.28949    0.00054
          1      34200  388.93720   -0.28935    0.00041   -0.28949    0.00054
          1      34300  390.02287   -0.28935    0.00041   -0.28949    0.00054
          1      34400  391.29199   -0.28935    0.00041   -0.28949    0.00054
          1      34500  392.16155   -0.28935    0.00041   -0.28949    0.00054
          1      34600  393.44300   -0.28935    0.00041   -0.28949    0.00054
          1      34700  394.48452   -0.28935    0.00041   -0.28948    0.00054
          1      34800  395.57249   -0.28935    0.00041   -0.28945    0.00054
          1      34900  396.67312   -0.28935    0.00041   -0.28949    0.00053
          1      35000  397.95747   -0.28935    0.00041   -0.28949    0.00053
          1      35100  399.09353   -0.28935    0.00041   -0.28949    0.00053
          1      35200  400.25022   -0.28935    0.00041   -0.28949    0.00053
          1      35300  401.32894   -0.28935    0.00041   -0.28949    0.00053
          1      35400  402.45282   -0.28935    0.00041   -0.28949    0.00053
          1      35500  403.61380   -0.28935    0.00041   -0.28949    0.00053
          1      35600  404.61827   -0.28935    0.00041   -0.28949    0.00053
          1      35700  405.79112   -0.28935    0.00041   -0.28949    0.00053
          1      35800  406.83278   -0.28935    0.00041   -0.28949    0.00053
          1      35900  407.85677   -0.28935    0.00041   -0.28949    0.00052
          1      36000  408.75776   -0.28935    0.00041   -0.28949    0.00052
          1      36100  410.06939   -0.28935    0.00041   -0.28949    0.00052
          1      36200  411.32701   -0.28936    0.00041   -0.28949    0.00052
          1      36300  412.53205   -0.28936    0.00041   -0.28949    0.00052
          1      36400  413.62393   -0.28936    0.00041   -0.28949    0.00052
          1      36500  414.78132   -0.28936    0.00041   -0.28949    0.00052
          1      36600  416.21258   -0.28936    0.00041   -0.28949    0.00052
          1      36700  417.19610   -0.28936    0.00041   -0.28949    0.00052
          1      36800  418.29049   -0.28936    0.00041   -0.28949    0.00052
          1      36900  419.31282   -0.28936    0.00041   -0.28949    0.00052
          1      37000  420.48962   -0.28936    0.00041   -0.28949    0.00052
          1      37100  421.82367   -0.28936    0.00041   -0.28948    0.00052
          1      37200  422.66062   -0.28936    0.00041   -0.28944    0.00051
          1      37300  423.62483   -0.28936    0.00041   -0.28949    0.00052
          1      37400  424.69802   -0.28936    0.00041   -0.28949    0.00052
          1      37500  425.79825   -0.28936    0.00041   -0.28949    0.00051
          1      37600  426.84946   -0.28936    0.00041   -0.28949    0.00051
          1      37700  428.01546   -0.28936    0.00041   -0.28949    0.00051
          1      37800  428.91015   -0.28936    0.00041   -0.28949    0.00051
          1      37900  430.07802   -0.28936    0.00041   -0.28949    0.00051
          1      38000  431.30611   -0.28936    0.00041   -0.28949    0.00051
          1      38100  432.16520   -0.28936    0.00041   -0.28949    0.00051
          1      38200  433.53338   -0.28936    0.00041   -0.28949    0.00051
          1      38300  434.72077   -0.28936    0.00040   -0.28949    0.00051
          1      38400  435.92574   -0.28936    0.00040   -0.28949    0.00051
          1      38500  437.23928   -0.28936    0.00040   -0.28949    0.00051
          1      38600  438.40268   -0.28936    0.00040   -0.28949    0.00050
          1      38700  439.38895   -0.28936    0.00040   -0.28949    0.00050
          1      38800  440.52483   -0.28936    0.00040   -0.28949    0.00050
          1      38900  441.61071   -0.28937    0.00040   -0.28949    0.00050
          1      39000  442.61655   -0.28937    0.00040   -0.28949    0.00050
          1      39100  443.78394   -0.28937    0.00040   -0.28949    0.00050
          1      39200  444.85395   -0.28937    0.00040   -0.28949    0.00050
          1      39300  446.10759   -0.28937    0.00040   -0.28949    0.00051
          1      39400  447.34293   -0.28937    0.00040   -0.28949    0.00047
          1      39500  448.43348   -0.28937    0.00040   -0.28950    0.00050
          1      39600  449.53626   -0.28937    0.00040   -0.28950    0.00051
          1      39700  450.69364   -0.28937    0.00040   -0.28950    0.00050
          1      39800  451.86398   -0.28937    0.00040   -0.28950    0.00050
          1      39900  452.88675   -0.28937    0.00040   -0.28949    0.00050
          1      40000  454.05988   -0.28937    0.00040   -0.28945    0.00050
          1      40100  455.25186   -0.28937    0.00040   -0.28949    0.00049
          1      40200  456.45300   -0.28937    0.00040   -0.28950    0.00049
          1      40300  457.75747   -0.28937    0.00040   -0.28950    0.00049
          1      40400  458.86868   -0.28937    0.00040   -0.28950    0.00049
          1      40500  459.71042   -0.28937    0.00040   -0.28950    0.00049
          1      40600  460.90510   -0.28937    0.00040   -0.28950    0.00049
          1      40700  461.99203   -0.28937    0.00040   -0.28950    0.00049
          1      40800  463.23407   -0.28937    0.00040   -0.28950    0.00049
          1      40900  464.31696   -0.28937    0.00040   -0.28950    0.00049
          1      41000  465.40528   -0.28937    0.00040   -0.28950    0.00049
          1      41100  466.32378   -0.28937    0.00040   -0.28950    0.00049
          1      41200  467.52328   -0.28937    0.00040   -0.28950    0.00049
          1      41300  468.55743   -0.28937    0.00040   -0.28950    0.00049
          1      41400  469.64578   -0.28937    0.00040   -0.28950    0.00049
          1      41500  470.78250   -0.28937    0.00040   -0.28950    0.00049
          1      41600  471.84243   -0.28937    0.00040   -0.28950    0.00048
          1      41700  472.98418   -0.28937    0.00040   -0.28950    0.00048
          1      41800  474.05597   -0.28937    0.00040   -0.28950    0.00048
          1      41900  475.21666   -0.28937    0.00040   -0.28950    0.00048
          1      42000  476.50529   -0.28938    0.00040   -0.28950    0.00048
          1      42100  477.59464   -0.28938    0.00040   -0.28950    0.00048
          1      42200  478.78237   -0.28938    0.00040   -0.28950    0.00048
          1      42300  479.87719   -0.28938    0.00040   -0.28950    0.00048
          1      42400  481.12932   -0.28938    0.00040   -0.28950    0.00048
          1      42500  482.31444   -0.28938    0.00040   -0.28950    0.00048
          1      42600  483.30364   -0.28938    0.00040   -0.28950    0.00048
          1      42700  484.27955   -0.28938    0.00040   -0.28950    0.00048
          1      42800  485.41741   -0.28938    0.00039   -0.28950    0.00048
          1      42900  486.37400   -0.28938    0.00039   -0.28949    0.00048
          1      43000  487.59308   -0.28938    0.00039   -0.28946    0.00048
          1      43100  488.68075   -0.28938    0.00039   -0.28950    0.00047
          1      43200  489.79973   -0.28938    0.00039   -0.28950    0.00047
          1      43300  490.92685   -0.28938    0.00039   -0.28950    0.00047
          1      43400  492.07347   -0.28938    0.00039   -0.28950    0.00047
          1      43500  493.18103   -0.28938    0.00039   -0.28950    0.00047
          1      43600  494.35848   -0.28938    0.00039   -0.28950    0.00047
          1      43700  495.53557   -0.28938    0.00039   -0.28950    0.00047
          1      43800  496.72598   -0.28938    0.00039   -0.28950    0.00047
          1      43900  497.91496   -0.28938    0.00039   -0.28950    0.00047
          1      44000  498.65816   -0.28938    0.00039   -0.28950    0.00047
          1      44100  499.77141   -0.28938    0.00039   -0.28950    0.00047
          1      44200  500.78548   -0.28938    0.00039   -0.28950    0.00047
          1      44300  501.93420   -0.28938    0.00039   -0.28950    0.00047
          1      44400  503.12079   -0.28938    0.00039   -0.28950    0.00047
          1      44500  504.17398   -0.28938    0.00039   -0.28950    0.00047
          1      44600  505.39050   -0.28938    0.00039   -0.28950    0.00047
          1      44700  506.58877   -0.28938    0.00039   -0.28950    0.00047
          1      44800  507.84865   -0.28938    0.00039   -0.28950    0.00047
          1      44900  509.09982   -0.28938    0.00039   -0.28950    0.00047
          1      45000  510.06260   -0.28938    0.00039   -0.28950    0.00046
          1      45100  511.20078   -0.28938    0.00039   -0.28950    0.00046
          1      45200  512.19519   -0.28938    0.00039   -0.28950    0.00046
          1      45300  513.24506   -0.28938    0.00039   -0.28950    0.00046
          1      45400  514.49632   -0.28938    0.00039   -0.28950    0.00046
          1      45500  515.80425   -0.28938    0.00039   -0.28950    0.00046
          1      45600  516.96953   -0.28939    0.00039   -0.28950    0.00046
          1      45700  518.09245   -0.28939    0.00039   -0.28950    0.00046
          1      45800  519.18987   -0.28939    0.00039   -0.28950    0.00046
          1      45900  520.33758   -0.28939    0.00039   -0.28950    0.00046
          1      46000  521.51117   -0.28939    0.00039   -0.28950    0.00046
          1      46100  522.59420   -0.28939    0.00039   -0.28950    0.00046
          1      46200  523.85204   -0.28939    0.00039   -0.28951    0.00046
          1      46300  524.99232   -0.28939    0.00039   -0.28953    0.00044
          1      46400  525.92774   -0.28939    0.00039   -0.28950    0.00045
          1      46500  527.10303   -0.28939    0.00039   -0.28950    0.00046
          1      46600  528.22236   -0.28939    0.00039   -0.28950    0.00046
          1      46700  529.45045   -0.28939    0.00039   -0.28950    0.00046
          1      46800  530.54528   -0.28939    0.00039   -0.28950    0.00046
          1      46900  531.58607   -0.28939    0.00039   -0.28950    0.00045
          1      47000  532.74192   -0.28939    0.00039   -0.28950    0.00045
          1      47100  533.78280   -0.28939    0.00039   -0.28950    0.00045
          1      47200  534.82781   -0.28939    0.00039   -0.28950    0.00045
          1      47300  535.94269   -0.28939    0.00039   -0.28950    0.00045
          1      47400  537.14000   -0.28939    0.00038   -0.28950    0.00045
          1      47500  538.32358   -0.28939    0.00038   -0.28950    0.00045
          1      47600  539.55962   -0.28939    0.00038   -0.28950    0.00045
          1      47700  540.70109   -0.28939    0.00038   -0.28950    0.00045
          1      47800  541.86456   -0.28939    0.00038   -0.28950    0.00045
          1      47900  542.95082   -0.28939    0.00038   -0.28950    0.00046
          1      48000  544.42447   -0.28939    0.00038   -0.28949    0.00042
          1      48100  545.71479   -0.28939    0.00038   -0.28951    0.00045
          1      48200  546.95828   -0.28939    0.00038   -0.28951    0.00045
          1      48300  548.11201   -0.28939    0.00038   -0.28950    0.00045
          1      48400  549.60249   -0.28939    0.00038   -0.28950    0.00045
          1      48500  550.55770   -0.28939    0.00038   -0.28950    0.00045
          1      48600  551.88511   -0.28939    0.00038   -0.28950    0.00045
          1      48700  553.04914   -0.28939    0.00038   -0.28950    0.00045
          1      48800  554.23382   -0.28939    0.00038   -0.28950    0.00045
          1      48900  555.32035   -0.28939    0.00038   -0.28950    0.00044
          1      49000  556.39840   -0.28939    0.00038   -0.28950    0.00044
          1      49100  557.63325   -0.28939    0.00038   -0.28950    0.00044
          1      49200  558.90561   -0.28939    0.00038   -0.28950    0.00044
          1      49300  560.01417   -0.28939    0.00038   -0.28950    0.00044
          1      49400  561.00137   -0.28939    0.00038   -0.28950    0.00044
          1      49500  561.85805   -0.28939    0.00038   -0.28950    0.00044
          1      49600  562.81691   -0.28939    0.00038   -0.28950    0.00044
          1      49700  564.02815   -0.28940    0.00038   -0.28951    0.00044
          1      49800  565.34119   -0.28940    0.00038   -0.28953    0.00043
          1      49900  566.50899   -0.28940    0.00038   -0.28951    0.00044
          1      50000  567.96055   -0.28940    0.00038   -0.28951    0.00044
          1      50100  569.01793   -0.28940    0.00038   -0.28950    0.00044
          1      50200  570.11233   -0.28940    0.00038   -0.28950    0.00044
          1      50300  571.17683   -0.28940    0.00038   -0.28950    0.00044
          1      50400  572.28617   -0.28940    0.00038   -0.28950    0.00044
          1      50500  573.38341   -0.28940    0.00038   -0.28950    0.00044
          1      50600  574.45039   -0.28940    0.00038   -0.28950    0.00044
          1      50700  575.65886   -0.28940    0.00038   -0.28950    0.00044
          1      50800  576.90359   -0.28940    0.00038   -0.28950    0.00044
          1      50900  577.86673   -0.28940    0.00038   -0.28950    0.00043
          1      51000  578.99949   -0.28940    0.00038   -0.28950    0.00043
          1      51100  580.19468   -0.28940    0.00038   -0.28950    0.00043
          1      51200  581.55710   -0.28940    0.00038   -0.28950    0.00043
          1      51300  582.73788   -0.28940    0.00038   -0.28950    0.00043
          1      51400  583.83451   -0.28940    0.00038   -0.28950    0.00043
          1      51500  584.92714   -0.28940    0.00038   -0.28950    0.00043
          1      51600  586.16969   -0.28940    0.00038   -0.28950    0.00043
          1      51700  587.23591   -0.28940    0.00038   -0.28950    0.00043
          1      51800  588.19909   -0.28940    0.00038   -0.28950    0.00043
          1      51900  589.16250   -0.28940    0.00038   -0.28950    0.00043
          1      52000  590.39066   -0.28940    0.00038   -0.28950    0.00043
          1      52100  591.74726   -0.28940    0.00038   -0.28950    0.00043
          1      52200  592.71550   -0.28940    0.00038   -0.28950    0.00043
          1      52300  593.73232   -0.28940    0.00037   -0.28950    0.00043
          1      52400  594.94548   -0.28940    0.00037   -0.28950    0.00043
          1      52500  595.96587   -0.28940    0.00037   -0.28950    0.00043
          1      52600  597.22078   -0.28940    0.00037   -0.28950    0.00043
          1      52700  598.44786   -0.28940    0.00037   -0.28950    0.00043
          1      52800  599.43823   -0.28940    0.00037   -0.28950    0.00043
          1      52868  600.00325   -0.28940    0.00037   -0.28950    0.00043
