   10000000
          8
 1747.82546
   -1.01416
    0.02732
   -1.02056
    0.00000

    0.01372
   -0.06039
   -0.03309
    0.05571
    0.05474
   -0.00835
   -0.05366
   -0.02013
    0.06549
   -0.01960
   -0.05290
    0.03565
   -0.00085
   -0.03046
    0.04086
   -0.03523
   -0.07423
    0.05866
   -0.04698
   -0.04311
    0.00870
   -0.06353
    0.05030
   -0.01302
   -0.06899
   -0.04663
   -0.02491
   -0.05898
   -0.01318
   -0.03288
    0.03413
   -0.05200
   -0.01798
   -0.03987
   -0.01638
    0.02914
   -0.03190
   -0.03529
    0.00614
   -0.06553
    0.04507
    0.06215
    0.06100
   -0.04307
    0.01671
    0.00127
   -0.00177
    0.05200
   -0.01015
   -0.04591
   -0.02333
   -0.01787
   -0.00797
   -0.02441
    0.07139
   -0.01466
    0.01498
   -0.05573
   -0.02715
    0.02235
    0.04747
   -0.03369
    0.03578
   -0.04911
   -0.06931
   -0.03479
    0.03203
    0.06904
    0.03230
   -0.06796
    0.02188
    0.03712
    0.00677
    0.06807
   -0.02024
    0.03645
    0.04422
   -0.05379
    0.04628
   -0.01178
   -0.05812
    0.01709
   -0.01091
   -0.06193
    0.01784
   -0.05818
   -0.00868
    0.00201
    0.00102
   -0.03350
    0.05863
    0.04522
    0.05947
   -0.06798
   -0.07319
   -0.01651
    0.02582
   -0.06326
    0.05077
   -0.04813
    0.00377
    0.05882
   -0.02686
   -0.03867
    0.03637
    0.03394
    0.02490
    0.05001
   -0.04170
   -0.03346
    0.03498
   -0.04409
   -0.02841
    0.03138
   -0.04754
    0.06576
   -0.01961
    0.01972
    0.02287
   -0.05758
    0.01567
   -0.02222
   -0.04395
    0.05203
    0.06528
    0.05049
   -0.02499
    0.06350
    0.06326
    0.06293
    0.02684
   -0.03304
    0.02710
    0.03305
   -0.00816
   -0.02150
    0.00239
    0.03112
   -0.06535
   -0.03998
   -0.01971
    0.06761
    0.03396
   -0.05305
   -0.00556
   -0.02847
   -0.04538
   -0.04125
   -0.05794
   -0.03202
    0.06961
   -0.02429
   -0.02318
   -0.02596
   -0.05197
   -0.05196
    0.01124
   -0.00225
   -0.04336
   -0.05725
    0.05248
   -0.03491
   -0.04076
    0.03099
    0.05606
   -0.06876
    0.06472
    0.05685
   -0.03568
    0.00296
    0.02151
    0.03619
   -0.00894
   -0.01439
    0.04625
   -0.00033
    0.04853
    0.01817
   -0.01076
   -0.06934
    0.00598
    0.01425
    0.01998
    0.03622
    0.01075
    0.02230
   -0.02437
    0.01989
    0.02810
    0.03937
   -0.04344
    0.04846
    0.01336
   -0.01985
   -0.07099
    0.01099
    0.01562
    0.07164
    0.05210
    0.06945
    0.00140
    0.06662
    0.06438
    0.00509
   -0.04554
   -0.05691
    0.04006
   -0.02269
   -0.00585
   -0.03951
   -0.03637
    0.06353
    0.02764
    0.02238
   -0.00744
   -0.00629
   -0.01981
    0.01133
   -0.03124
    0.03220
    0.01328
   -0.00132
   -0.00765
   -0.01288
   -0.05702
    0.02659
   -0.02221
    0.00048
    0.01244
   -0.06282
   -0.01450
    0.00695
    0.03032
   -0.03316
    0.04151
   -0.05627
   -0.01496
   -0.00063
    0.03325
    0.00895
    0.02555
   -0.02764
   -0.04112
   -0.01241
   -0.04331
   -0.02915
    0.06978
    0.06487
   -0.06311
   -0.01146
   -0.05473
   -0.05584
    0.06107
    0.02868
   -0.04054
    0.03405
   -0.00443
    0.04221
    0.00311
   -0.04072
    0.05276
   -0.05976
    0.04224
    0.02265
    0.04607
   -0.06895
    0.00611
   -0.00188
   -0.04786
   -0.02785
   -0.02195
   -0.02904
   -0.06847
   -0.04441
    0.04158
    0.00661
   -0.03290
   -0.00647
   -0.01292
    0.05745
    0.00324
   -0.02074
    0.03025
   -0.04059
    0.04322
   -0.01529
    0.03502
   -0.02366
    0.05818
   -0.04858
    0.00185
   -0.05880
   -0.03767
    0.05915
    0.03302
    0.01535
   -0.05396
   -0.06925
   -0.01627
   -0.01827
   -0.06779
    0.07301
   -0.01631
    0.02886
   -0.07195
    0.01318
    0.01426
    0.00657
   -0.06605
    0.04369
    0.04281
   -0.05997
   -0.03050
   -0.02820
    0.00215
   -0.02934
    0.01044
   -0.06955
   -0.05921
   -0.06443
   -0.01352
    0.07015
   -0.02060
   -0.04305
    0.05943
   -0.01323
   -0.06091
   -0.06760
   -0.06607
    0.06194
    0.03503
   -0.04169
    0.01037
   -0.00363
   -0.06262
    0.05079
    0.06529
   -0.04288
    0.05256
    0.00532
   -0.02292
    0.05110
    0.04580
   -0.06410
   -0.06171
   -0.02548
   -0.03901
    0.04572
    0.06082
    0.07059
    0.02227
   -0.06293
    0.02180
   -0.03547
    0.00009
   -0.03535
    0.01037
    0.06449
    0.06499
    0.01533
   -0.00551
   -0.06751
   -0.01929
    0.03615
    0.01475
    0.02737
   -0.01792
    0.04752
    0.04572
    0.06760
   -0.06896
    0.04463
   -0.07344
   -0.01337
    0.07100
    0.01303
    0.03939
   -0.05362
    0.04302
    0.04312
   -0.05595
    0.05147
    0.02738
   -0.01608
    0.02680
   -0.04544
    0.00879
   -0.01682
   -0.05525
   -0.03578
    0.02840
    0.04324
    0.06142
   -0.00374
   -0.03359
   -0.06700
   -0.04446
   -0.00696
   -0.04521
   -0.02062
    0.04896
    0.00283
   -0.03811
    0.05971
   -0.01411
   -0.06062
    0.02054
   -0.04596
   -0.05503
    0.03697
    0.03589
    0.06560
   -0.00312
   -0.01001
   -0.02367
   -0.02314
    0.03314
    0.00420
   -0.05757
   -0.00428
    0.05322
    0.02747
    0.04826
   -0.01628
   -0.02659
   -0.05733
    0.01319
    0.06067
   -0.07127
   -0.03751
   -0.02836
   -0.03449
   -0.03220
   -0.04586
    0.00564
   -0.00259
   -0.04509
   -0.05280
    0.03698
    0.05129
    0.03709
   -0.00393
    0.00255
   -0.06778
    0.04918
    0.02478
    0.06206
   -0.04442
   -0.00289
   -0.02290
   -0.04230
    0.04515
    0.04518
   -0.01573
    0.02294
    0.03647
   -0.03465
   -0.02398
   -0.05101
   -0.03817
   -0.03166
   -0.05150
   -0.00867
    0.03894
   -0.03019
   -0.02753
   -0.00426
   -0.04962
    0.04790
   -0.00478
   -0.05441
    0.05094
   -0.04714
    0.00341
    0.03561
   -0.01437
    0.00263
   -0.05642
   -0.05580
   -0.03671
    0.04648
   -0.05815
    0.04248
   -0.02943
    0.02871
   -0.05181
    0.02902
   -0.02772
    0.05174
    0.06074
   -0.00136
    0.06471
   -0.04429
    0.04794
   -0.05943
   -0.04629
   -0.02683
   -0.00598
   -0.04610
    0.01487
   -0.00408
   -0.06405
   -0.04313
    0.02622
    0.03354
   -0.04479
    0.00946
    0.02481
   -0.02789
   -0.00197
    0.06849
    0.06918
   -0.03033
   -0.00188
   -0.00113
    0.05855
   -0.03056
    0.03570
    0.02373
   -0.00174
    0.01166
   -0.03086
   -0.00358
    0.04524
    0.03127
   -0.02413
   -0.02270
    0.06908
    0.02741
   -0.05161
   -0.00279
   -0.01107
   -0.05316
   -0.05024
    0.01141
    0.04709
   -0.01589
   -0.05631
    0.04129
    0.04440
    0.01592
   -0.01740
   -0.01832
   -0.02523
   -0.00834
   -0.01349
    0.01827
   -0.03094
    0.05802
    0.06074
   -0.01387
    0.00946
   -0.01676
    0.05078
    0.00960
    0.06231
   -0.02040
   -0.03790
   -0.02437
   -0.03902
   -0.04191
    0.00455
   -0.02921
    0.04406
   -0.04476
   -0.04312
   -0.05242
    0.03495
   -0.06997
   -0.00195
   -0.05351
    0.03448
   -0.00043
    0.03521
   -0.05077
    0.06308
   -0.03147
    0.01302
    0.02837
    0.04780
   -0.03681
    0.01205
   -0.05699
    0.06574
    0.00308
    0.02003
   -0.01409
    0.04769
   -0.01811
   -0.05967
   -0.02572
    0.06350
    0.02321
   -0.07044
    0.04106
    0.00482
   -0.02136
   -0.00700
    0.03676
   -0.06917

    0.00849
   -0.06053
   -0.03704
    0.05993
    0.05265
   -0.00816
   -0.04867
   -0.01187
    0.06060
   -0.02277
   -0.05487
    0.04008
    0.00228
   -0.02897
    0.04330
   -0.03390
   -0.07680
    0.05911
   -0.04935
   -0.05143
    0.00761
   -0.06530
    0.04842
   -0.01206
   -0.07154
   -0.04708
   -0.02271
   -0.05687
   -0.01227
   -0.02856
    0.03585
   -0.05455
   -0.01588
   -0.04149
   -0.01893
    0.03655
   -0.02685
   -0.03811
    0.00598
   -0.06485
    0.04386
    0.06176
    0.06472
   -0.04560
    0.01424
   -0.00020
   -0.00484
    0.05096
   -0.00968
   -0.04348
   -0.02875
   -0.01728
   -0.00797
   -0.02385
    0.06693
   -0.01326
    0.01747
   -0.05956
   -0.02978
    0.02163
    0.05355
   -0.03146
    0.03948
   -0.04647
   -0.07096
   -0.03125
    0.03122
    0.07044
    0.03009
   -0.06926
    0.03017
    0.03768
    0.00481
    0.06859
   -0.02449
    0.03425
    0.04490
   -0.06059
    0.04444
   -0.00666
   -0.06073
    0.02187
   -0.01029
   -0.05838
    0.00926
   -0.05480
   -0.00654
   -0.00090
    0.00350
   -0.03011
    0.05928
    0.04296
    0.05597
   -0.07001
   -0.07527
   -0.02270
    0.02376
   -0.05906
    0.05167
   -0.04756
    0.00447
    0.05886
   -0.02597
   -0.03546
    0.04185
    0.03422
    0.03063
    0.04883
   -0.04360
   -0.04023
    0.02742
   -0.04401
   -0.02801
    0.02603
   -0.04952
    0.06296
   -0.01483
    0.02054
    0.02391
   -0.05694
    0.01850
   -0.02081
   -0.04213
    0.05434
    0.06779
    0.04583
   -0.02916
    0.06311
    0.05593
    0.06615
    0.02419
   -0.03436
    0.03036
    0.03412
   -0.00616
   -0.01620
   -0.00203
    0.03164
   -0.06201
   -0.04452
   -0.01790
    0.06898
    0.03400
   -0.05120
   -0.00996
   -0.02454
   -0.05138
   -0.04105
   -0.05664
   -0.03439
    0.07205
   -0.02411
   -0.02816
   -0.02045
   -0.05310
   -0.06221
    0.01213
   -0.00575
   -0.04130
   -0.05304
    0.04337
   -0.03899
   -0.03438
    0.03276
    0.05539
   -0.06736
    0.05896
    0.05501
   -0.03168
    0.00503
    0.02734
    0.03302
   -0.01051
   -0.00612
    0.04492
   -0.00190
    0.04680
    0.01483
   -0.01443
   -0.06325
    0.00074
    0.01671
    0.02179
    0.03435
    0.01557
    0.01790
   -0.02877
    0.01453
    0.02556
    0.03948
   -0.04747
    0.04660
    0.01113
   -0.01799
   -0.07224
    0.01301
    0.01053
    0.07284
    0.04921
    0.06680
    0.00945
    0.06570
    0.06545
    0.00713
   -0.05242
   -0.05959
    0.03994
   -0.02046
   -0.00502
   -0.03678
   -0.03977
    0.06776
    0.02421
    0.01884
   -0.00707
   -0.00905
   -0.01929
    0.00639
   -0.03559
    0.03346
    0.01235
   -0.00346
   -0.00387
   -0.01551
   -0.05161
    0.02804
   -0.01655
   -0.00556
    0.01537
   -0.06738
   -0.01583
    0.00857
    0.03051
   -0.03189
    0.03609
   -0.04494
   -0.01233
    0.00053
    0.03743
    0.00651
    0.02709
   -0.02801
   -0.04068
   -0.00559
   -0.04364
   -0.02613
    0.07540
    0.06446
   -0.06243
   -0.00709
   -0.05520
   -0.05552
    0.06023
    0.03221
   -0.03728
    0.03555
   -0.00593
    0.04200
    0.00295
   -0.03899
    0.05290
   -0.05993
    0.03920
    0.01879
    0.04067
   -0.06679
    0.00363
   -0.00300
   -0.04448
   -0.02468
   -0.02259
   -0.03226
   -0.06367
   -0.04835
    0.04362
    0.00553
   -0.03210
   -0.00342
   -0.01912
    0.05563
    0.00248
   -0.01933
    0.03192
   -0.04362
    0.04571
   -0.01521
    0.03948
   -0.02064
    0.05935
   -0.04694
    0.00992
   -0.06027
   -0.03748
    0.06078
    0.03637
    0.01321
   -0.05922
   -0.07141
   -0.01819
   -0.01580
   -0.07175
    0.07639
   -0.01651
    0.03199
   -0.06595
    0.01502
    0.01417
    0.01303
   -0.06511
    0.04504
    0.04402
   -0.05803
   -0.02963
   -0.02233
    0.00603
   -0.02965
    0.01215
   -0.06745
   -0.05101
   -0.06392
   -0.01377
    0.06608
   -0.01964
   -0.04713
    0.06054
   -0.01130
   -0.06269
   -0.06675
   -0.06696
    0.06431
    0.03881
   -0.04421
    0.01442
   -0.00468
   -0.06472
    0.05239
    0.06431
   -0.03763
    0.05783
    0.00987
   -0.02280
    0.05884
    0.04681
   -0.06172
   -0.06326
   -0.03133
   -0.04067
    0.04875
    0.06164
    0.07011
    0.02661
   -0.06701
    0.02159
   -0.03499
    0.00127
   -0.04631
    0.01212
    0.06765
    0.06568
    0.01596
   -0.01043
   -0.06573
   -0.01834
    0.03646
    0.00989
    0.02251
   -0.01442
    0.04761
    0.04469
    0.07123
   -0.06600
    0.04221
   -0.07458
   -0.01324
    0.07575
    0.01452
    0.03500
   -0.04852
    0.03879
    0.04618
   -0.05862
    0.04903
    0.02686
   -0.01295
    0.02445
   -0.04753
    0.00998
   -0.02361
   -0.06014
   -0.03892
    0.02365
    0.03707
    0.05986
   -0.00576
   -0.02953
   -0.06660
   -0.04094
    0.00002
   -0.04326
   -0.02079
    0.04608
    0.00644
   -0.03711
    0.06161
   -0.01797
   -0.05942
    0.01937
   -0.04440
   -0.05758
    0.03868
    0.03253
    0.06128
   -0.00016
   -0.00843
   -0.02610
   -0.02639
    0.03766
    0.00120
   -0.05843
   -0.00835
    0.05732
    0.03065
    0.04474
   -0.01357
   -0.02524
   -0.05736
    0.01540
    0.05930
   -0.06580
   -0.03593
   -0.02888
   -0.03716
   -0.02750
   -0.04819
    0.00423
   -0.00416
   -0.05092
   -0.05990
    0.04025
    0.05156
    0.03338
   -0.00339
    0.00293
   -0.07117
    0.05683
    0.02338
    0.06213
   -0.04805
   -0.00720
   -0.01648
   -0.04072
    0.04509
    0.04187
   -0.02034
    0.01833
    0.03418
   -0.02840
   -0.01354
   -0.05206
   -0.03925
   -0.03869
   -0.05398
   -0.01412
    0.04223
   -0.02685
   -0.03101
    0.00091
   -0.05444
    0.04383
   -0.00519
   -0.04745
    0.04757
   -0.05001
   -0.00246
    0.03675
   -0.01005
   -0.00111
   -0.05430
   -0.05034
   -0.03043
    0.04734
   -0.05699
    0.03998
   -0.02845
    0.03496
   -0.05168
    0.02588
   -0.02337
    0.04918
    0.05936
   -0.00649
    0.06583
   -0.04252
    0.04954
   -0.06385
   -0.04473
   -0.02717
   -0.00756
   -0.04252
    0.01086
   -0.00810
   -0.06268
   -0.04378
    0.02113
    0.02672
   -0.05401
    0.00799
    0.02195
   -0.02280
   -0.00571
    0.06643
    0.06907
   -0.03103
    0.00362
   -0.00375
    0.06157
   -0.02863
    0.03980
    0.01914
    0.00189
    0.01634
   -0.03204
   -0.00350
    0.04266
    0.03199
   -0.02773
   -0.02232
    0.07290
    0.02191
   -0.04847
   -0.00558
   -0.00813
   -0.05766
   -0.04953
    0.01878
    0.04708
   -0.01435
   -0.05527
    0.03832
    0.04343
    0.00941
   -0.01141
   -0.01960
   -0.02386
   -0.00938
   -0.01106
    0.02027
   -0.03419
    0.05517
    0.06193
   -0.01187
    0.01193
   -0.01245
    0.04950
    0.00652
    0.06314
   -0.01825
   -0.03838
   -0.02359
   -0.03650
   -0.04259
    0.00379
   -0.02447
    0.04723
   -0.03756
   -0.04350
   -0.05366
    0.03782
   -0.06691
    0.00203
   -0.05518
    0.03001
   -0.00395
    0.03221
   -0.04812
    0.06620
   -0.02756
    0.00980
    0.03456
    0.04774
   -0.03335
    0.01145
   -0.05459
    0.06142
    0.00100
    0.01864
   -0.00428
    0.04743
   -0.01682
   -0.05261
   -0.02609
    0.06452
    0.02074
   -0.06849
    0.04453
    0.00187
   -0.02265
   -0.00954
    0.03496
   -0.06897
