          0          0    0.00000   -0.10831    0.44367   -0.10831    0.44367
          0          3    0.05508    0.09318    0.41412    0.09318    0.41412
          0          7    0.11833    0.09318    0.41412    0.24291    0.04752
          0         13    0.19699    0.09318    0.41412    0.09309    0.03763
          0         25    0.30828    0.09318    0.41412    0.02942   -0.08423
          1          0    0.65452    0.02942   -0.08423    0.02942   -0.08423
          1        100    1.74626   -0.29200   -0.00610   -0.30300    0.03364
          1        200    2.99168   -0.29609   -0.00625   -0.30693    0.02055
          1        300    3.96046   -0.29801   -0.00627   -0.30683    0.01216
          1        400    5.12534   -0.29913   -0.00625   -0.30663    0.01043
          1        500    6.20941   -0.29987   -0.00617   -0.30693    0.00962
          1        600    7.41512   -0.30048   -0.00593   -0.30679    0.00876
          1        700    8.53415   -0.30097   -0.00566   -0.30704    0.00817
          1        800    9.66171   -0.30137   -0.00517   -0.30713    0.00770
          1        900   10.85041   -0.30171   -0.00448   -0.30713    0.00731
          1       1000   11.88643   -0.30200   -0.00391   -0.30715    0.00694
          1       1100   12.84395   -0.30226   -0.00343   -0.30719    0.00663
          1       1200   13.98030   -0.30248   -0.00302   -0.30719    0.00637
          1       1300   15.28097   -0.30268   -0.00267   -0.30720    0.00613
          1       1400   16.36166   -0.30286   -0.00237   -0.30721    0.00592
          1       1500   17.42180   -0.30302   -0.00210   -0.30721    0.00572
          1       1600   18.47493   -0.30317   -0.00187   -0.30722    0.00555
          1       1700   19.64615   -0.30331   -0.00166   -0.30722    0.00538
          1       1800   20.55662   -0.30343   -0.00147   -0.30722    0.00524
          1       1900   21.62074   -0.30354   -0.00130   -0.30722    0.00510
          1       2000   22.96682   -0.30365   -0.00114   -0.30722    0.00498
          1       2100   23.95033   -0.30375   -0.00100   -0.30722    0.00486
          1       2200   25.14361   -0.30384   -0.00087   -0.30722    0.00476
          1       2300   26.10916   -0.30393   -0.00076   -0.30722    0.00468
          1       2400   27.19406   -0.30401   -0.00065   -0.30722    0.00460
          1       2500   28.20754   -0.30409   -0.00055   -0.30722    0.00452
          1       2600   29.29803   -0.30417   -0.00046   -0.30722    0.00445
          1       2700   30.61832   -0.30424   -0.00037   -0.30722    0.00439
          1       2800   31.76337   -0.30430   -0.00029   -0.30722    0.00432
          1       2900   32.69696   -0.30436   -0.00021   -0.30722    0.00426
          1       3000   33.96376   -0.30442   -0.00014   -0.30723    0.00420
          1       3100   35.38824   -0.30448   -0.00008   -0.30723    0.00414
          1       3200   36.71938   -0.30454   -0.00002   -0.30723    0.00409
          1       3300   37.82546   -0.30459    0.00004   -0.30723    0.00404
          1       3400   39.10297   -0.30464    0.00009   -0.30724    0.00399
          1       3500   40.37464   -0.30469    0.00014   -0.30724    0.00394
          1       3600   41.38412   -0.30473    0.00019   -0.30724    0.00389
          1       3700   42.66543   -0.30478    0.00024   -0.30725    0.00385
          1       3800   43.96760   -0.30482    0.00028   -0.30725    0.00380
          1       3900   44.99651   -0.30486    0.00032   -0.30726    0.00376
          1       4000   46.09705   -0.30490    0.00036   -0.30726    0.00372
          1       4100   47.16694   -0.30494    0.00039   -0.30727    0.00368
          1       4200   47.95841   -0.30498    0.00043   -0.30727    0.00365
          1       4300   48.99406   -0.30501    0.00046   -0.30727    0.00361
          1       4400   49.72851   -0.30505    0.00049   -0.30728    0.00357
          1       4500   51.03085   -0.30508    0.00052   -0.30728    0.00354
          1       4600   52.12071   -0.30511    0.00055   -0.30729    0.00351
          1       4700   53.33919   -0.30515    0.00057   -0.30729    0.00347
          1       4800   54.57217   -0.30518    0.00060   -0.30730    0.00344
          1       4900   55.83397   -0.30521    0.00062   -0.30730    0.00341
          1       5000   56.71904   -0.30523    0.00064   -0.30731    0.00338
          1       5100   57.87872   -0.30526    0.00066   -0.30731    0.00335
          1       5200   58.88205   -0.30529    0.00068   -0.30731    0.00333
          1       5300   60.09638   -0.30532    0.00070   -0.30732    0.00330
          1       5400   61.21957   -0.30534    0.00072   -0.30732    0.00327
          1       5500   62.37601   -0.30537    0.00074   -0.30732    0.00325
          1       5600   63.45223   -0.30539    0.00075   -0.30733    0.00322
          1       5700   64.30546   -0.30541    0.00077   -0.30733    0.00319
          1       5800   65.33864   -0.30544    0.00078   -0.30733    0.00317
          1       5900   66.15799   -0.30546    0.00080   -0.30733    0.00315
          1       6000   67.34599   -0.30548    0.00081   -0.30734    0.00312
          1       6100   68.42924   -0.30550    0.00082   -0.30734    0.00310
          1       6200   69.62865   -0.30552    0.00083   -0.30734    0.00308
          1       6300   70.77518   -0.30554    0.00085   -0.30734    0.00306
          1       6400   71.93184   -0.30556    0.00086   -0.30734    0.00304
          1       6500   72.91323   -0.30558    0.00087   -0.30734    0.00302
          1       6600   73.83475   -0.30560    0.00088   -0.30735    0.00299
          1       6700   75.04083   -0.30561    0.00089   -0.30735    0.00297
          1       6800   76.18599   -0.30563    0.00090   -0.30735    0.00296
          1       6900   77.42404   -0.30565    0.00090   -0.30735    0.00294
          1       7000   78.63448   -0.30566    0.00091   -0.30735    0.00292
          1       7100   79.66120   -0.30568    0.00092   -0.30735    0.00290
          1       7200   80.85996   -0.30569    0.00093   -0.30735    0.00288
          1       7300   81.87325   -0.30571    0.00093   -0.30735    0.00286
          1       7400   82.93406   -0.30572    0.00094   -0.30735    0.00285
          1       7500   84.01074   -0.30574    0.00095   -0.30735    0.00283
          1       7600   85.22466   -0.30575    0.00095   -0.30735    0.00281
          1       7700   86.16913   -0.30577    0.00096   -0.30735    0.00279
          1       7800   87.52179   -0.30578    0.00096   -0.30735    0.00278
          1       7900   88.77359   -0.30579    0.00097   -0.30734    0.00276
          1       8000   89.81678   -0.30580    0.00098   -0.30734    0.00275
          1       8100   91.06609   -0.30582    0.00098   -0.30734    0.00273
          1       8200   92.14183   -0.30583    0.00098   -0.30734    0.00272
          1       8300   93.33744   -0.30584    0.00099   -0.30734    0.00270
          1       8400   94.40965   -0.30585    0.00099   -0.30734    0.00269
          1       8500   95.37690   -0.30586    0.00100   -0.30734    0.00267
          1       8600   96.72952   -0.30587    0.00100   -0.30734    0.00266
          1       8700   97.88949   -0.30588    0.00100   -0.30734    0.00264
          1       8800   99.16717   -0.30590    0.00101   -0.30733    0.00263
          1       8900  100.19011   -0.30591    0.00101   -0.30733    0.00262
          1       9000  101.34807   -0.30592    0.00101   -0.30733    0.00260
          1       9100  102.50047   -0.30593    0.00102   -0.30733    0.00259
          1       9200  103.70534   -0.30593    0.00102   -0.30733    0.00258
          1       9300  104.77232   -0.30594    0.00102   -0.30733    0.00256
          1       9400  106.01542   -0.30595    0.00103   -0.30733    0.00255
          1       9500  107.18419   -0.30596    0.00103   -0.30732    0.00254
          1       9600  108.33723   -0.30597    0.00103   -0.30732    0.00253
          1       9700  109.35141   -0.30598    0.00103   -0.30732    0.00252
          1       9800  110.35979   -0.30599    0.00103   -0.30732    0.00250
          1       9900  111.55481   -0.30600    0.00104   -0.30732    0.00249
          1      10000  112.88152   -0.30600    0.00104   -0.30732    0.00248
          1      10100  114.05977   -0.30601    0.00104   -0.30731    0.00247
          1      10200  115.48810   -0.30602    0.00104   -0.30731    0.00246
          1      10300  116.69161   -0.30603    0.00104   -0.30731    0.00245
          1      10400  117.81260   -0.30604    0.00104   -0.30731    0.00244
          1      10500  118.79412   -0.30604    0.00105   -0.30731    0.00242
          1      10600  119.80971   -0.30605    0.00105   -0.30730    0.00241
          1      10700  120.72049   -0.30606    0.00105   -0.30730    0.00240
          1      10800  121.74020   -0.30606    0.00105   -0.30730    0.00239
          1      10900  122.96113   -0.30607    0.00105   -0.30730    0.00238
          1      11000  124.14444   -0.30608    0.00105   -0.30730    0.00237
          1      11100  125.37551   -0.30608    0.00105   -0.30730    0.00236
          1      11200  126.56387   -0.30609    0.00105   -0.30729    0.00235
          1      11300  127.63589   -0.30610    0.00105   -0.30729    0.00234
          1      11400  128.82135   -0.30610    0.00105   -0.30729    0.00233
          1      11500  129.80955   -0.30611    0.00106   -0.30729    0.00232
          1      11600  131.19927   -0.30611    0.00106   -0.30729    0.00231
          1      11700  132.16613   -0.30612    0.00106   -0.30728    0.00231
          1      11800  133.27711   -0.30613    0.00106   -0.30728    0.00230
          1      11900  134.46800   -0.30613    0.00106   -0.30728    0.00229
          1      12000  135.52886   -0.30614    0.00106   -0.30728    0.00228
          1      12100  136.55298   -0.30614    0.00106   -0.30728    0.00227
          1      12200  137.14964   -0.30615    0.00106   -0.30727    0.00226
          1      12300  138.30357   -0.30615    0.00106   -0.30727    0.00225
          1      12400  139.38194   -0.30616    0.00106   -0.30727    0.00224
          1      12500  140.42857   -0.30616    0.00106   -0.30727    0.00224
          1      12600  141.38662   -0.30617    0.00106   -0.30727    0.00223
          1      12700  142.69877   -0.30617    0.00106   -0.30726    0.00222
          1      12800  143.84419   -0.30618    0.00106   -0.30726    0.00221
          1      12900  145.18794   -0.30618    0.00106   -0.30726    0.00220
          1      13000  146.46982   -0.30619    0.00106   -0.30726    0.00219
          1      13100  147.67498   -0.30619    0.00106   -0.30726    0.00219
          1      13200  148.50392   -0.30620    0.00106   -0.30725    0.00218
          1      13300  149.65287   -0.30620    0.00106   -0.30725    0.00217
          1      13400  150.53361   -0.30620    0.00106   -0.30725    0.00216
          1      13500  151.45959   -0.30621    0.00106   -0.30725    0.00216
          1      13600  152.61439   -0.30621    0.00106   -0.30725    0.00215
          1      13700  153.62924   -0.30622    0.00106   -0.30725    0.00215
          1      13800  154.70002   -0.30622    0.00106   -0.30724    0.00214
          1      13900  155.85155   -0.30622    0.00106   -0.30724    0.00214
          1      14000  156.77001   -0.30623    0.00106   -0.30724    0.00213
          1      14100  157.85613   -0.30623    0.00106   -0.30724    0.00213
          1      14200  159.03967   -0.30624    0.00106   -0.30724    0.00212
          1      14300  160.12846   -0.30624    0.00106   -0.30723    0.00212
          1      14400  161.12192   -0.30624    0.00106   -0.30723    0.00211
          1      14500  162.09630   -0.30625    0.00106   -0.30723    0.00211
          1      14600  162.98110   -0.30625    0.00106   -0.30723    0.00210
          1      14700  163.94129   -0.30625    0.00106   -0.30723    0.00210
          1      14800  165.02410   -0.30626    0.00106   -0.30723    0.00209
          1      14900  166.13572   -0.30626    0.00106   -0.30722    0.00209
          1      15000  167.08971   -0.30626    0.00106   -0.30722    0.00208
          1      15100  168.05773   -0.30627    0.00105   -0.30722    0.00208
          1      15200  169.28260   -0.30627    0.00105   -0.30722    0.00207
          1      15300  170.40367   -0.30627    0.00105   -0.30722    0.00207
          1      15400  171.74429   -0.30628    0.00105   -0.30721    0.00206
          1      15500  173.16687   -0.30628    0.00105   -0.30721    0.00206
          1      15600  174.14630   -0.30628    0.00105   -0.30721    0.00205
          1      15700  175.37675   -0.30629    0.00105   -0.30721    0.00205
          1      15800  176.36412   -0.30629    0.00105   -0.30721    0.00205
          1      15900  177.41924   -0.30629    0.00105   -0.30721    0.00204
          1      16000  178.39647   -0.30630    0.00105   -0.30720    0.00204
          1      16100  179.60723   -0.30630    0.00105   -0.30720    0.00203
          1      16200  180.90812   -0.30630    0.00105   -0.30720    0.00203
          1      16300  182.08346   -0.30630    0.00105   -0.30720    0.00202
          1      16400  183.54700   -0.30631    0.00105   -0.30720    0.00202
          1      16500  184.62338   -0.30631    0.00105   -0.30719    0.00201
          1      16600  185.65295   -0.30631    0.00105   -0.30719    0.00201
          1      16700  186.97924   -0.30631    0.00105   -0.30719    0.00201
          1      16800  188.09002   -0.30632    0.00105   -0.30719    0.00200
          1      16900  189.39371   -0.30632    0.00104   -0.30719    0.00200
          1      17000  190.48136   -0.30632    0.00104   -0.30719    0.00199
          1      17100  191.53480   -0.30633    0.00104   -0.30718    0.00199
          1      17200  192.70617   -0.30633    0.00104   -0.30718    0.00198
          1      17300  194.16009   -0.30633    0.00104   -0.30718    0.00198
          1      17400  195.45822   -0.30633    0.00104   -0.30718    0.00198
          1      17500  196.58899   -0.30633    0.00104   -0.30718    0.00197
          1      17600  197.83770   -0.30634    0.00104   -0.30718    0.00197
          1      17700  198.85515   -0.30634    0.00104   -0.30717    0.00196
          1      17800  199.85925   -0.30634    0.00104   -0.30717    0.00196
          1      17900  200.83418   -0.30634    0.00104   -0.30717    0.00195
          1      18000  201.92447   -0.30635    0.00104   -0.30717    0.00195
          1      18100  203.06546   -0.30635    0.00104   -0.30717    0.00195
          1      18200  204.14800   -0.30635    0.00104   -0.30717    0.00194
          1      18300  205.25373   -0.30635    0.00103   -0.30717    0.00194
          1      18400  206.38139   -0.30635    0.00103   -0.30716    0.00193
          1      18500  207.48565   -0.30636    0.00103   -0.30716    0.00193
          1      18600  208.62780   -0.30636    0.00103   -0.30716    0.00193
          1      18700  209.85318   -0.30636    0.00103   -0.30716    0.00192
          1      18800  211.27411   -0.30636    0.00103   -0.30716    0.00192
          1      18900  212.35646   -0.30636    0.00103   -0.30716    0.00192
          1      19000  213.58317   -0.30637    0.00103   -0.30715    0.00191
          1      19100  214.76684   -0.30637    0.00103   -0.30715    0.00191
          1      19200  215.65691   -0.30637    0.00103   -0.30715    0.00190
          1      19300  216.68027   -0.30637    0.00103   -0.30715    0.00190
          1      19400  217.65169   -0.30637    0.00103   -0.30715    0.00190
          1      19500  218.68897   -0.30638    0.00102   -0.30715    0.00189
          1      19600  220.05175   -0.30638    0.00102   -0.30714    0.00189
          1      19700  221.36534   -0.30638    0.00102   -0.30714    0.00189
          1      19800  222.20721   -0.30638    0.00102   -0.30714    0.00188
          1      19900  223.67188   -0.30638    0.00102   -0.30714    0.00188
          1      20000  225.02267   -0.30638    0.00102   -0.30714    0.00187
          1      20100  226.08478   -0.30639    0.00102   -0.30714    0.00187
          1      20200  227.30647   -0.30639    0.00102   -0.30714    0.00187
          1      20300  228.29584   -0.30639    0.00102   -0.30713    0.00186
          1      20400  229.44482   -0.30639    0.00102   -0.30713    0.00186
          1      20500  230.62079   -0.30639    0.00102   -0.30713    0.00186
          1      20600  231.83626   -0.30639    0.00102   -0.30713    0.00185
          1      20700  232.91086   -0.30640    0.00101   -0.30713    0.00185
          1      20800  234.03866   -0.30640    0.00101   -0.30713    0.00185
          1      20900  235.34523   -0.30640    0.00101   -0.30713    0.00184
          1      21000  236.49473   -0.30640    0.00101   -0.30712    0.00184
          1      21100  237.54496   -0.30640    0.00101   -0.30712    0.00184
          1      21200  238.51718   -0.30640    0.00101   -0.30712    0.00183
          1      21300  239.54043   -0.30641    0.00101   -0.30712    0.00183
          1      21400  240.61426   -0.30641    0.00101   -0.30712    0.00183
          1      21500  242.02713   -0.30641    0.00101   -0.30712    0.00182
          1      21600  242.97348   -0.30641    0.00101   -0.30712    0.00182
          1      21700  244.08373   -0.30641    0.00101   -0.30711    0.00182
          1      21800  245.26922   -0.30641    0.00101   -0.30711    0.00181
          1      21900  246.47656   -0.30641    0.00100   -0.30711    0.00181
          1      22000  247.65299   -0.30642    0.00100   -0.30711    0.00181
          1      22100  248.65450   -0.30642    0.00100   -0.30711    0.00180
          1      22200  249.55330   -0.30642    0.00100   -0.30711    0.00180
          1      22300  250.82139   -0.30642    0.00100   -0.30711    0.00180
          1      22400  251.84461   -0.30642    0.00100   -0.30711    0.00179
          1      22500  252.71123   -0.30642    0.00100   -0.30710    0.00179
          1      22600  253.77694   -0.30642    0.00100   -0.30710    0.00179
          1      22700  254.68505   -0.30642    0.00100   -0.30710    0.00178
          1      22800  255.72143   -0.30643    0.00100   -0.30710    0.00178
          1      22900  256.93075   -0.30643    0.00100   -0.30710    0.00178
          1      23000  258.18118   -0.30643    0.00100   -0.30710    0.00178
          1      23100  259.23697   -0.30643    0.00099   -0.30710    0.00177
          1      23200  260.12979   -0.30643    0.00099   -0.30709    0.00177
          1      23300  261.30391   -0.30643    0.00099   -0.30709    0.00177
          1      23400  262.03494   -0.30643    0.00099   -0.30709    0.00176
          1      23500  262.99137   -0.30643    0.00099   -0.30709    0.00176
          1      23600  264.19917   -0.30643    0.00099   -0.30709    0.00176
          1      23700  265.28786   -0.30644    0.00099   -0.30709    0.00175
          1      23800  266.68147   -0.30644    0.00099   -0.30709    0.00175
          1      23900  267.68970   -0.30644    0.00099   -0.30709    0.00175
          1      24000  268.84383   -0.30644    0.00099   -0.30708    0.00175
          1      24100  270.13844   -0.30644    0.00099   -0.30708    0.00174
          1      24200  271.47679   -0.30644    0.00099   -0.30708    0.00174
          1      24300  272.61921   -0.30644    0.00098   -0.30708    0.00174
          1      24400  273.72032   -0.30644    0.00098   -0.30708    0.00173
          1      24500  274.86011   -0.30644    0.00098   -0.30708    0.00173
          1      24600  275.82288   -0.30645    0.00098   -0.30708    0.00173
          1      24700  276.99384   -0.30645    0.00098   -0.30708    0.00173
          1      24800  277.88186   -0.30645    0.00098   -0.30708    0.00172
          1      24900  278.85704   -0.30645    0.00098   -0.30707    0.00172
          1      25000  279.73213   -0.30645    0.00098   -0.30707    0.00172
          1      25100  280.68243   -0.30645    0.00098   -0.30707    0.00171
          1      25200  281.68972   -0.30645    0.00098   -0.30707    0.00171
          1      25300  282.81832   -0.30645    0.00098   -0.30707    0.00171
          1      25400  283.86063   -0.30645    0.00097   -0.30707    0.00171
          1      25500  284.89600   -0.30645    0.00097   -0.30707    0.00170
          1      25600  286.17510   -0.30646    0.00097   -0.30707    0.00170
          1      25700  287.27296   -0.30646    0.00097   -0.30706    0.00170
          1      25800  288.44699   -0.30646    0.00097   -0.30706    0.00170
          1      25900  289.61297   -0.30646    0.00097   -0.30706    0.00169
          1      26000  290.67590   -0.30646    0.00097   -0.30706    0.00169
          1      26100  291.88409   -0.30646    0.00097   -0.30706    0.00169
          1      26200  292.88206   -0.30646    0.00097   -0.30706    0.00169
          1      26300  293.94243   -0.30646    0.00097   -0.30706    0.00168
          1      26400  295.23681   -0.30646    0.00097   -0.30706    0.00168
          1      26500  296.39199   -0.30646    0.00097   -0.30706    0.00168
          1      26600  297.72102   -0.30646    0.00096   -0.30705    0.00168
          1      26700  298.71158   -0.30646    0.00096   -0.30705    0.00167
          1      26800  299.74832   -0.30647    0.00096   -0.30705    0.00167
          1      26900  300.74877   -0.30647    0.00096   -0.30705    0.00167
          1      27000  301.77910   -0.30647    0.00096   -0.30705    0.00167
          1      27100  302.83940   -0.30647    0.00096   -0.30705    0.00166
          1      27200  304.02895   -0.30647    0.00096   -0.30705    0.00166
          1      27300  305.01684   -0.30647    0.00096   -0.30705    0.00166
          1      27400  305.91923   -0.30647    0.00096   -0.30705    0.00165
          1      27500  307.18305   -0.30647    0.00096   -0.30704    0.00165
          1      27600  308.44297   -0.30647    0.00096   -0.30704    0.00165
          1      27700  309.61587   -0.30647    0.00096   -0.30704    0.00165
          1      27800  310.89680   -0.30647    0.00095   -0.30704    0.00165
          1      27900  312.03627   -0.30647    0.00095   -0.30704    0.00164
          1      28000  313.15366   -0.30647    0.00095   -0.30704    0.00164
          1      28100  314.11185   -0.30648    0.00095   -0.30704    0.00164
          1      28200  315.17569   -0.30648    0.00095   -0.30704    0.00164
          1      28300  316.22212   -0.30648    0.00095   -0.30704    0.00163
          1      28400  317.26939   -0.30648    0.00095   -0.30703    0.00163
          1      28500  318.25833   -0.30648    0.00095   -0.30703    0.00163
          1      28600  319.31168   -0.30648    0.00095   -0.30703    0.00163
          1      28700  320.40292   -0.30648    0.00095   -0.30703    0.00162
          1      28800  321.46309   -0.30648    0.00095   -0.30703    0.00162
          1      28900  322.43938   -0.30648    0.00095   -0.30703    0.00162
          1      29000  323.59186   -0.30648    0.00095   -0.30703    0.00162
          1      29100  324.54667   -0.30648    0.00094   -0.30703    0.00161
          1      29200  325.88666   -0.30648    0.00094   -0.30703    0.00161
          1      29300  327.00578   -0.30648    0.00094   -0.30703    0.00161
          1      29400  328.16649   -0.30648    0.00094   -0.30702    0.00161
          1      29500  329.33467   -0.30648    0.00094   -0.30702    0.00161
          1      29600  330.41104   -0.30649    0.00094   -0.30702    0.00160
          1      29700  331.55688   -0.30649    0.00094   -0.30702    0.00160
          1      29800  332.27233   -0.30649    0.00094   -0.30702    0.00160
          1      29900  333.18884   -0.30649    0.00094   -0.30702    0.00160
          1      30000  334.15729   -0.30649    0.00094   -0.30702    0.00159
          1      30100  335.44317   -0.30649    0.00094   -0.30702    0.00159
          1      30200  336.50114   -0.30649    0.00094   -0.30702    0.00159
          1      30300  337.60629   -0.30649    0.00093   -0.30702    0.00159
          1      30400  338.81220   -0.30649    0.00093   -0.30701    0.00159
          1      30500  339.88534   -0.30649    0.00093   -0.30701    0.00158
          1      30600  340.81615   -0.30649    0.00093   -0.30701    0.00158
          1      30700  341.94325   -0.30649    0.00093   -0.30701    0.00158
          1      30800  343.15983   -0.30649    0.00093   -0.30701    0.00158
          1      30900  344.18829   -0.30649    0.00093   -0.30701    0.00157
          1      31000  345.53616   -0.30649    0.00093   -0.30701    0.00157
          1      31100  346.75120   -0.30649    0.00093   -0.30701    0.00157
          1      31200  348.06727   -0.30649    0.00093   -0.30701    0.00157
          1      31300  349.31279   -0.30649    0.00093   -0.30701    0.00157
          1      31400  350.37136   -0.30650    0.00093   -0.30701    0.00156
          1      31500  351.42063   -0.30650    0.00093   -0.30700    0.00156
          1      31600  352.69662   -0.30650    0.00092   -0.30700    0.00156
          1      31700  353.61369   -0.30650    0.00092   -0.30700    0.00156
          1      31800  354.74226   -0.30650    0.00092   -0.30700    0.00156
          1      31900  355.62388   -0.30650    0.00092   -0.30700    0.00155
          1      32000  356.72421   -0.30650    0.00092   -0.30700    0.00155
          1      32100  357.88683   -0.30650    0.00092   -0.30700    0.00155
          1      32200  358.95937   -0.30650    0.00092   -0.30700    0.00155
          1      32300  360.04784   -0.30650    0.00092   -0.30700    0.00155
          1      32400  361.18457   -0.30650    0.00092   -0.30700    0.00154
          1      32500  362.32733   -0.30650    0.00092   -0.30700    0.00154
          1      32600  363.23793   -0.30650    0.00092   -0.30699    0.00154
          1      32700  364.31652   -0.30650    0.00092   -0.30699    0.00154
          1      32800  365.52968   -0.30650    0.00092   -0.30699    0.00154
          1      32900  366.40202   -0.30650    0.00092   -0.30699    0.00153
          1      33000  367.43180   -0.30650    0.00091   -0.30699    0.00153
          1      33100  368.37856   -0.30650    0.00091   -0.30699    0.00153
          1      33200  369.61899   -0.30650    0.00091   -0.30699    0.00153
          1      33300  370.53925   -0.30650    0.00091   -0.30699    0.00153
          1      33400  371.50080   -0.30650    0.00091   -0.30699    0.00152
          1      33500  372.28593   -0.30651    0.00091   -0.30699    0.00152
          1      33600  373.22081   -0.30651    0.00091   -0.30699    0.00152
          1      33700  374.22002   -0.30651    0.00091   -0.30698    0.00152
          1      33800  375.30738   -0.30651    0.00091   -0.30698    0.00152
          1      33900  376.22925   -0.30651    0.00091   -0.30698    0.00151
          1      34000  377.28613   -0.30651    0.00091   -0.30698    0.00151
          1      34100  378.53518   -0.30651    0.00091   -0.30698    0.00151
          1      34200  379.71469   -0.30651    0.00091   -0.30698    0.00151
          1      34300  380.67655   -0.30651    0.00090   -0.30698    0.00151
          1      34400  381.63240   -0.30651    0.00090   -0.30698    0.00150
          1      34500  382.74897   -0.30651    0.00090   -0.30698    0.00150
          1      34600  384.18488   -0.30651    0.00090   -0.30698    0.00150
          1      34700  385.39653   -0.30651    0.00090   -0.30698    0.00150
          1      34800  386.51946   -0.30651    0.00090   -0.30698    0.00150
          1      34900  387.56985   -0.30651    0.00090   -0.30697    0.00150
          1      35000  388.52540   -0.30651    0.00090   -0.30697    0.00149
          1      35100  389.69162   -0.30651    0.00090   -0.30697    0.00149
          1      35200  390.81213   -0.30651    0.00090   -0.30697    0.00149
          1      35300  391.83296   -0.30651    0.00090   -0.30697    0.00149
          1      35400  392.92328   -0.30651    0.00090   -0.30697    0.00149
          1      35500  393.79901   -0.30651    0.00090   -0.30697    0.00148
          1      35600  394.83565   -0.30651    0.00090   -0.30697    0.00148
          1      35700  395.78658   -0.30651    0.00089   -0.30697    0.00148
          1      35800  396.92820   -0.30651    0.00089   -0.30697    0.00148
          1      35900  398.10346   -0.30651    0.00089   -0.30697    0.00148
          1      36000  399.25277   -0.30651    0.00089   -0.30697    0.00148
          1      36100  400.44208   -0.30652    0.00089   -0.30697    0.00147
          1      36200  401.38321   -0.30652    0.00089   -0.30696    0.00147
          1      36300  402.72358   -0.30652    0.00089   -0.30696    0.00147
          1      36400  403.84629   -0.30652    0.00089   -0.30696    0.00147
          1      36500  404.90491   -0.30652    0.00089   -0.30696    0.00147
          1      36600  406.05328   -0.30652    0.00089   -0.30696    0.00147
          1      36700  407.19426   -0.30652    0.00089   -0.30696    0.00146
          1      36800  408.14299   -0.30652    0.00089   -0.30696    0.00146
          1      36900  409.20370   -0.30652    0.00089   -0.30696    0.00146
          1      37000  410.25891   -0.30652    0.00089   -0.30696    0.00146
          1      37100  411.06079   -0.30652    0.00089   -0.30696    0.00146
          1      37200  412.26661   -0.30652    0.00088   -0.30696    0.00146
          1      37300  413.24700   -0.30652    0.00088   -0.30696    0.00145
          1      37400  414.29102   -0.30652    0.00088   -0.30695    0.00145
          1      37500  415.25786   -0.30652    0.00088   -0.30695    0.00145
          1      37600  416.32907   -0.30652    0.00088   -0.30695    0.00145
          1      37700  417.39428   -0.30652    0.00088   -0.30695    0.00145
          1      37800  418.43875   -0.30652    0.00088   -0.30695    0.00145
          1      37900  419.44414   -0.30652    0.00088   -0.30695    0.00144
          1      38000  420.66658   -0.30652    0.00088   -0.30695    0.00144
          1      38100  421.58236   -0.30652    0.00088   -0.30695    0.00144
          1      38200  422.69574   -0.30652    0.00088   -0.30695    0.00144
          1      38300  423.70553   -0.30652    0.00088   -0.30695    0.00144
          1      38400  424.87357   -0.30652    0.00088   -0.30695    0.00144
          1      38500  425.82673   -0.30652    0.00088   -0.30695    0.00143
          1      38600  427.13172   -0.30652    0.00088   -0.30695    0.00143
          1      38700  428.17671   -0.30652    0.00087   -0.30695    0.00143
          1      38800  429.27403   -0.30652    0.00087   -0.30694    0.00143
          1      38900  430.42811   -0.30652    0.00087   -0.30694    0.00143
          1      39000  431.46845   -0.30652    0.00087   -0.30694    0.00143
          1      39100  432.77755   -0.30652    0.00087   -0.30694    0.00143
          1      39200  434.04998   -0.30652    0.00087   -0.30694    0.00142
          1      39300  435.11922   -0.30652    0.00087   -0.30694    0.00142
          1      39400  436.26990   -0.30653    0.00087   -0.30694    0.00142
          1      39500  437.31154   -0.30653    0.00087   -0.30694    0.00142
          1      39600  438.22038   -0.30653    0.00087   -0.30694    0.00142
          1      39700  439.45747   -0.30653    0.00087   -0.30694    0.00141
          1      39800  440.70579   -0.30653    0.00087   -0.30694    0.00141
          1      39900  441.69016   -0.30653    0.00087   -0.30694    0.00141
          1      40000  442.63786   -0.30653    0.00087   -0.30694    0.00141
          1      40100  443.79262   -0.30653    0.00087   -0.30694    0.00141
          1      40200  445.10339   -0.30653    0.00086   -0.30693    0.00141
          1      40300  446.01709   -0.30653    0.00086   -0.30693    0.00141
          1      40400  447.11544   -0.30653    0.00086   -0.30693    0.00141
          1      40500  448.17921   -0.30653    0.00086   -0.30693    0.00140
          1      40600  449.47369   -0.30653    0.00086   -0.30693    0.00140
          1      40700  450.48884   -0.30653    0.00086   -0.30693    0.00140
          1      40800  451.77476   -0.30653    0.00086   -0.30693    0.00140
          1      40900  452.97920   -0.30653    0.00086   -0.30693    0.00140
          1      41000  454.12588   -0.30653    0.00086   -0.30693    0.00140
          1      41100  455.07181   -0.30653    0.00086   -0.30693    0.00139
          1      41200  456.26341   -0.30653    0.00086   -0.30693    0.00139
          1      41300  457.41012   -0.30653    0.00086   -0.30693    0.00139
          1      41400  458.44304   -0.30653    0.00086   -0.30693    0.00139
          1      41500  459.36652   -0.30653    0.00086   -0.30693    0.00139
          1      41600  460.56765   -0.30653    0.00086   -0.30693    0.00139
          1      41700  461.55753   -0.30653    0.00086   -0.30692    0.00139
          1      41800  462.73120   -0.30653    0.00085   -0.30692    0.00138
          1      41900  463.79602   -0.30653    0.00085   -0.30692    0.00138
          1      42000  465.05332   -0.30653    0.00085   -0.30692    0.00138
          1      42100  466.07886   -0.30653    0.00085   -0.30692    0.00138
          1      42200  467.09421   -0.30653    0.00085   -0.30692    0.00138
          1      42300  468.15515   -0.30653    0.00085   -0.30692    0.00138
          1      42400  469.10217   -0.30653    0.00085   -0.30692    0.00138
          1      42500  470.07608   -0.30653    0.00085   -0.30692    0.00138
          1      42600  471.23756   -0.30653    0.00085   -0.30692    0.00137
          1      42700  472.33832   -0.30653    0.00085   -0.30692    0.00137
          1      42800  473.44809   -0.30653    0.00085   -0.30692    0.00137
          1      42900  474.63140   -0.30653    0.00085   -0.30692    0.00137
          1      43000  475.74943   -0.30653    0.00085   -0.30692    0.00137
          1      43100  476.77623   -0.30653    0.00085   -0.30692    0.00137
          1      43200  477.94671   -0.30653    0.00085   -0.30691    0.00136
          1      43300  478.95410   -0.30653    0.00085   -0.30691    0.00136
          1      43400  480.21858   -0.30653    0.00084   -0.30691    0.00136
          1      43500  481.15622   -0.30653    0.00084   -0.30691    0.00136
          1      43600  482.13493   -0.30653    0.00084   -0.30691    0.00136
          1      43700  483.11212   -0.30653    0.00084   -0.30691    0.00136
          1      43800  484.09058   -0.30653    0.00084   -0.30691    0.00136
          1      43900  484.99741   -0.30653    0.00084   -0.30691    0.00136
          1      44000  486.00323   -0.30653    0.00084   -0.30691    0.00136
          1      44100  487.05926   -0.30653    0.00084   -0.30691    0.00135
          1      44200  488.08719   -0.30653    0.00084   -0.30691    0.00135
          1      44300  489.10747   -0.30654    0.00084   -0.30691    0.00135
          1      44400  490.26113   -0.30654    0.00084   -0.30691    0.00135
          1      44500  491.33320   -0.30654    0.00084   -0.30691    0.00135
          1      44600  492.40030   -0.30654    0.00084   -0.30691    0.00134
          1      44700  493.54910   -0.30654    0.00084   -0.30691    0.00134
          1      44800  494.52762   -0.30654    0.00084   -0.30690    0.00134
          1      44900  495.36540   -0.30654    0.00084   -0.30690    0.00134
          1      45000  496.36636   -0.30654    0.00084   -0.30690    0.00134
          1      45100  497.39991   -0.30654    0.00083   -0.30690    0.00134
          1      45200  498.61939   -0.30654    0.00083   -0.30690    0.00134
          1      45300  499.85237   -0.30654    0.00083   -0.30690    0.00134
          1      45400  501.00633   -0.30654    0.00083   -0.30690    0.00134
          1      45500  502.28573   -0.30654    0.00083   -0.30690    0.00133
          1      45600  503.35167   -0.30654    0.00083   -0.30690    0.00133
          1      45700  504.42191   -0.30654    0.00083   -0.30690    0.00133
          1      45800  505.31588   -0.30654    0.00083   -0.30690    0.00133
          1      45900  506.52780   -0.30654    0.00083   -0.30690    0.00133
          1      46000  507.72971   -0.30654    0.00083   -0.30690    0.00133
          1      46100  508.91572   -0.30654    0.00083   -0.30690    0.00133
          1      46200  510.13497   -0.30654    0.00083   -0.30690    0.00133
          1      46300  511.36256   -0.30654    0.00083   -0.30690    0.00133
          1      46400  512.38992   -0.30654    0.00083   -0.30690    0.00132
          1      46500  513.66867   -0.30654    0.00083   -0.30690    0.00132
          1      46600  514.63466   -0.30654    0.00083   -0.30689    0.00132
          1      46700  515.65614   -0.30654    0.00083   -0.30689    0.00132
          1      46800  516.64990   -0.30654    0.00083   -0.30689    0.00132
          1      46900  517.63290   -0.30654    0.00082   -0.30689    0.00131
          1      47000  518.98745   -0.30654    0.00082   -0.30689    0.00131
          1      47100  519.98790   -0.30654    0.00082   -0.30689    0.00131
          1      47200  521.16525   -0.30654    0.00082   -0.30689    0.00131
          1      47300  522.25813   -0.30654    0.00082   -0.30689    0.00131
          1      47400  523.45252   -0.30654    0.00082   -0.30689    0.00131
          1      47500  524.59421   -0.30654    0.00082   -0.30689    0.00131
          1      47600  525.60722   -0.30654    0.00082   -0.30689    0.00131
          1      47700  526.74920   -0.30654    0.00082   -0.30689    0.00131
          1      47800  527.84863   -0.30654    0.00082   -0.30689    0.00131
          1      47900  528.89012   -0.30654    0.00082   -0.30689    0.00130
          1      48000  530.13678   -0.30654    0.00082   -0.30689    0.00130
          1      48100  531.46031   -0.30654    0.00082   -0.30688    0.00130
          1      48200  532.65715   -0.30654    0.00082   -0.30688    0.00130
          1      48300  533.60331   -0.30654    0.00082   -0.30688    0.00130
          1      48400  534.62999   -0.30654    0.00082   -0.30688    0.00130
          1      48500  535.50009   -0.30654    0.00082   -0.30688    0.00130
          1      48600  536.49212   -0.30654    0.00082   -0.30688    0.00130
          1      48700  537.36524   -0.30654    0.00081   -0.30688    0.00130
          1      48800  538.42521   -0.30654    0.00081   -0.30688    0.00130
          1      48900  539.40522   -0.30654    0.00081   -0.30688    0.00130
          1      49000  540.51192   -0.30654    0.00081   -0.30688    0.00129
          1      49100  541.58760   -0.30654    0.00081   -0.30688    0.00129
          1      49200  542.57149   -0.30654    0.00081   -0.30688    0.00129
          1      49300  543.53385   -0.30654    0.00081   -0.30688    0.00129
          1      49400  544.64964   -0.30654    0.00081   -0.30688    0.00128
          1      49500  545.80421   -0.30654    0.00081   -0.30688    0.00128
          1      49600  546.99785   -0.30654    0.00081   -0.30688    0.00128
          1      49700  547.91608   -0.30654    0.00081   -0.30688    0.00128
          1      49800  548.78793   -0.30654    0.00081   -0.30688    0.00128
          1      49900  549.94686   -0.30654    0.00081   -0.30688    0.00128
          1      50000  551.20517   -0.30654    0.00081   -0.30688    0.00128
          1      50100  552.40177   -0.30654    0.00081   -0.30688    0.00128
          1      50200  553.57559   -0.30654    0.00081   -0.30688    0.00128
          1      50300  554.71432   -0.30654    0.00081   -0.30687    0.00128
          1      50400  555.81394   -0.30654    0.00081   -0.30687    0.00128
          1      50500  556.84350   -0.30654    0.00081   -0.30687    0.00127
          1      50600  557.80316   -0.30654    0.00080   -0.30687    0.00127
          1      50700  558.77430   -0.30654    0.00080   -0.30687    0.00127
          1      50800  559.81548   -0.30654    0.00080   -0.30687    0.00127
          1      50900  560.99953   -0.30654    0.00080   -0.30687    0.00127
          1      51000  562.03955   -0.30654    0.00080   -0.30687    0.00127
          1      51100  562.96693   -0.30654    0.00080   -0.30687    0.00127
          1      51200  563.95222   -0.30654    0.00080   -0.30687    0.00127
          1      51300  565.21054   -0.30654    0.00080   -0.30687    0.00127
          1      51400  566.45295   -0.30654    0.00080   -0.30687    0.00127
          1      51500  567.31672   -0.30654    0.00080   -0.30687    0.00127
          1      51600  568.35317   -0.30654    0.00080   -0.30687    0.00126
          1      51700  569.49264   -0.30654    0.00080   -0.30687    0.00126
          1      51800  570.65264   -0.30654    0.00080   -0.30687    0.00126
          1      51900  571.83966   -0.30654    0.00080   -0.30686    0.00126
          1      52000  573.09306   -0.30654    0.00080   -0.30686    0.00125
          1      52100  574.00916   -0.30654    0.00080   -0.30686    0.00125
          1      52200  575.00211   -0.30654    0.00080   -0.30686    0.00125
          1      52300  576.00654   -0.30654    0.00080   -0.30686    0.00125
          1      52400  576.83358   -0.30654    0.00080   -0.30686    0.00125
          1      52500  578.03601   -0.30654    0.00080   -0.30686    0.00126
          1      52600  579.18403   -0.30654    0.00079   -0.30686    0.00126
          1      52700  580.17506   -0.30654    0.00079   -0.30686    0.00125
          1      52800  581.48415   -0.30654    0.00079   -0.30686    0.00125
          1      52900  582.57529   -0.30654    0.00079   -0.30686    0.00125
          1      53000  583.84882   -0.30654    0.00079   -0.30686    0.00125
          1      53100  584.92405   -0.30655    0.00079   -0.30686    0.00125
          1      53200  585.87438   -0.30655    0.00079   -0.30686    0.00124
          1      53300  587.17957   -0.30655    0.00079   -0.30686    0.00124
          1      53400  588.04957   -0.30655    0.00079   -0.30686    0.00124
          1      53500  589.25613   -0.30655    0.00079   -0.30686    0.00124
          1      53600  590.16313   -0.30655    0.00079   -0.30686    0.00124
          1      53700  591.49604   -0.30655    0.00079   -0.30686    0.00124
          1      53800  592.69584   -0.30655    0.00079   -0.30686    0.00124
          1      53900  593.59043   -0.30655    0.00079   -0.30686    0.00124
          1      54000  594.77377   -0.30655    0.00079   -0.30686    0.00124
          1      54100  595.89100   -0.30655    0.00079   -0.30686    0.00124
          1      54200  596.96488   -0.30655    0.00079   -0.30686    0.00124
          1      54300  597.97888   -0.30655    0.00079   -0.30686    0.00124
          1      54400  598.89200   -0.30655    0.00079   -0.30685    0.00123
          1      54500  599.69140   -0.30655    0.00079   -0.30685    0.00123
          1      54518  600.00295   -0.30655    0.00079   -0.30686    0.00126
