 4471866590472090
       1785
 3600.42621
   33.57427
   -1.01039
   -0.02268
   -1.01798
   -0.00502

    0.03501
   -0.06656
   -0.00860
   -0.04833
    0.03716
   -0.03028
   -0.03785
    0.00064
   -0.06458
    0.02371
    0.05945
   -0.01568
    0.06008
   -0.05413
   -0.00577
    0.03388
    0.00830
   -0.01459
   -0.00699
   -0.02563
   -0.05590
   -0.00518
    0.04870
   -0.01508
    0.01232
    0.04699
    0.02516
    0.06102
   -0.01850
    0.01495
   -0.06809
    0.04256
    0.01853
   -0.01852
   -0.03419
   -0.01116
   -0.03629
    0.05183
    0.01155
   -0.05967
   -0.02481
   -0.00682
    0.05924
    0.05597
    0.07292
    0.07060
   -0.03865
    0.07421
   -0.07173
    0.07366
    0.06431
    0.06623
    0.05014
    0.05202
   -0.04158
    0.01011
   -0.03800
   -0.06258
   -0.05866
    0.05102
    0.00354
   -0.03865
   -0.01072
    0.00732
    0.05856
    0.02563
    0.00608
   -0.01022
   -0.06672
    0.04463
   -0.03317
   -0.03060
   -0.05480
    0.02985
    0.02990
   -0.03440
   -0.02359
    0.01762
   -0.06310
   -0.00032
    0.02397
    0.05353
    0.00298
   -0.06834
   -0.01948
   -0.06135
    0.01415
   -0.05364
   -0.03277
   -0.04654
    0.04543
    0.06318
   -0.03912
    0.04067
   -0.05378
    0.02515
    0.03573
    0.05878
    0.04758
   -0.04373
   -0.03718
    0.07581
    0.05360
    0.01555
   -0.02750
   -0.02105
   -0.04975
   -0.01888
    0.04127
    0.06600
   -0.04446
    0.01335
   -0.03333
    0.05366
   -0.05894
   -0.00556
    0.04141
   -0.00969
   -0.08533
   -0.03279
   -0.06574
    0.02587
   -0.04827
    0.05501
   -0.06902
   -0.01672
   -0.06691
    0.01049
   -0.07257
    0.01902
    0.01505
   -0.01825
   -0.05013
    0.04809
    0.02983
   -0.05227
    0.04490
    0.06406
    0.03841
    0.01921
    0.06296
    0.00225
    0.02805
   -0.07387
    0.04995
   -0.00536
   -0.00729
    0.05206
   -0.05469
    0.01015
    0.02199
    0.03262
    0.03597
    0.05346
    0.00408
    0.05418
   -0.04634
    0.01637
   -0.01390
   -0.05822
   -0.02838
    0.03040
   -0.03287
    0.00497
    0.05761
   -0.03622
   -0.02016
   -0.04421
   -0.00484
   -0.01943
   -0.04358
   -0.05224
   -0.04525
    0.06034
   -0.02011
    0.02473
   -0.00160
   -0.02428
    0.02913
   -0.06167
   -0.00315
   -0.05202
    0.00515
    0.05822
   -0.05207
    0.04442
    0.06653
   -0.05454
    0.05778
   -0.05764
   -0.06406
    0.00356
   -0.04665
   -0.05693
    0.05397
   -0.06481
   -0.04580
   -0.01170
   -0.03823
    0.03165
    0.02015
    0.03255
    0.01457
    0.05154
    0.03957
    0.01226
   -0.03608
    0.00387
    0.00079
    0.05075
   -0.03830
   -0.00989
    0.04159
   -0.00845
   -0.01716
    0.04091
   -0.01341
    0.04418
    0.02235
   -0.00690
    0.04080
    0.01632
    0.01763
    0.04990
    0.02904
    0.06345
    0.06098
   -0.05583
   -0.05826
   -0.06512
   -0.00295
    0.03929
   -0.06738
   -0.01419
   -0.02550
   -0.04348
    0.03958
   -0.02075
    0.06229
    0.02599
   -0.03455
   -0.03665
    0.02190
    0.02729
    0.00031
   -0.02527
   -0.04414
   -0.00733
   -0.05379
    0.03159
    0.06508
    0.07315
    0.01902
   -0.05199
    0.06892
    0.04841
   -0.06556
   -0.00337
    0.04003
    0.00449
   -0.00041
    0.05625
    0.00183
   -0.01236
    0.06916
   -0.02484
    0.00772
    0.06091
    0.06630
   -0.01887
    0.04125
    0.05276
    0.05980
   -0.01931
    0.04341
   -0.03251
    0.00638
   -0.00789
    0.03145
   -0.03541
   -0.01432
   -0.02127
    0.02512
   -0.02206
   -0.01308
    0.00462
    0.03187
    0.00597
   -0.00421
   -0.06435
   -0.04076
   -0.03508
   -0.00537
   -0.02672
    0.03739
    0.01668
   -0.02178
   -0.06504
   -0.03230
   -0.05728
   -0.06253
    0.05839
    0.01095
    0.01712
    0.03645
   -0.02712
    0.05372
    0.01055
    0.06228
   -0.01547
   -0.05094
   -0.03782
    0.03690
    0.01412
    0.03432
   -0.01828
   -0.05174
    0.03936
    0.08157
   -0.05049
   -0.05488
    0.04000
    0.04837
    0.05766
    0.04910
    0.04785
   -0.04740
    0.05521
    0.04492
   -0.01121
    0.06830
    0.00426
    0.05976
   -0.02038
    0.02311
    0.00346
   -0.04431
    0.03590
    0.03971
    0.00411
   -0.02813
    0.02916
   -0.00541
    0.02190
   -0.04806
    0.03118
    0.01542
    0.01458
    0.03001
   -0.05635
    0.04343
   -0.03607
    0.04611
   -0.00201
   -0.03878
   -0.01931
   -0.06961
   -0.03233
   -0.00029
    0.06147
    0.07441
   -0.00089
   -0.00694
   -0.00176
   -0.03667
   -0.02321
   -0.00189
    0.05023
   -0.05127
    0.03911
    0.05075
   -0.04182
   -0.00914
    0.03737
   -0.00894
    0.03903
   -0.05998
    0.05337
   -0.02030
    0.04256
   -0.01822
   -0.00764
    0.03627
   -0.06562
    0.04313
   -0.02210
    0.00469
    0.03515
   -0.05673
   -0.02749
    0.05641
   -0.00103
    0.01159
   -0.00866
    0.03833
   -0.02262
    0.01385
   -0.01106
   -0.00362
    0.05491
   -0.01609
    0.01371
    0.03813
    0.02271
    0.03623
    0.03179
    0.04929
    0.03338
    0.05290
    0.05392
   -0.04179
    0.03040
   -0.00164
   -0.01415
   -0.04873
   -0.01888
    0.03802
   -0.03783
    0.02953
    0.03576
   -0.04884
   -0.05554
    0.05056
    0.02622
    0.02296
    0.00176
   -0.01221
   -0.02797
   -0.00735
    0.02535
   -0.04791
   -0.01942
    0.02894
    0.05155
   -0.01591
   -0.03465
   -0.07016
   -0.07256
   -0.05954
    0.00640
   -0.03663
    0.00048
    0.01971
    0.06211
    0.01781
    0.00028
   -0.05702
    0.03498
    0.05018
    0.03869
    0.05459
    0.05541
   -0.00106
    0.07292
   -0.06248
    0.00481
   -0.00417
   -0.03950
   -0.05667
    0.07814
   -0.00299
   -0.02190
    0.03346
    0.05471
    0.00024
   -0.01514
    0.02047
   -0.01289
    0.05703
   -0.01563
    0.05000
    0.02729
   -0.05465
   -0.04309
    0.03167
   -0.06551
    0.05463
   -0.00752
    0.00054
   -0.00426
    0.00925
   -0.05336
    0.03735
   -0.05184
   -0.03790
    0.00317
   -0.04630
   -0.05933
    0.00715
    0.06663
   -0.02640
   -0.00407
   -0.06282
    0.05156
    0.01160
   -0.06061
    0.05384
    0.04489
   -0.02006
    0.01577
   -0.05563
    0.00879
   -0.07549
   -0.07239
    0.04944
    0.04219
   -0.04795
    0.06052
   -0.02702
   -0.02252
    0.01636
   -0.01826
   -0.04181
    0.02483
    0.03864
   -0.03648
    0.01994
   -0.00193
    0.01341
   -0.01574
    0.04969
   -0.04926
    0.03832
   -0.01758
   -0.00410
   -0.03998
    0.02742
   -0.06725
    0.01224
    0.00688
    0.04438
   -0.03188
   -0.04160
    0.04615
    0.06056
    0.06377
    0.01829
    0.05056
   -0.06115
    0.02697
   -0.00046
   -0.05449
   -0.06159
   -0.07825
   -0.01456
    0.06596
   -0.03788
   -0.01283
   -0.03213
    0.05535
   -0.03073
    0.01781
   -0.00903
   -0.06119
   -0.02599
   -0.05689
   -0.02106
   -0.02641
    0.01182
    0.02750
   -0.04635
   -0.06053
    0.02726
   -0.01047
    0.02315
    0.04845
    0.00846
    0.01141
    0.07055
   -0.05176
    0.01484
   -0.00194
    0.01729
    0.01409
    0.00988
   -0.03868
   -0.01615
    0.02069
    0.00160
   -0.01455
   -0.02276
    0.00118
    0.06014
   -0.07156
    0.02095
   -0.03235
   -0.07337
    0.05616
    0.00311
    0.05940
   -0.04786
   -0.01480
   -0.05078
    0.01661
   -0.04418
    0.00202
    0.01452
   -0.03415
    0.03194
    0.02001

    0.03552
   -0.06628
   -0.00958
   -0.04845
    0.03722
   -0.03174
   -0.03870
   -0.00089
   -0.06577
    0.02535
    0.06043
   -0.01743
    0.05944
   -0.05260
   -0.00508
    0.03453
    0.00905
   -0.01292
   -0.00788
   -0.02631
   -0.05623
   -0.00727
    0.04761
   -0.01616
    0.01043
    0.04727
    0.02760
    0.06302
   -0.01891
    0.01646
   -0.06824
    0.04125
    0.01606
   -0.02112
   -0.03611
   -0.01177
   -0.03727
    0.05349
    0.01282
   -0.05838
   -0.02491
   -0.00748
    0.05900
    0.05684
    0.07219
    0.07226
   -0.03713
    0.07472
   -0.07111
    0.07408
    0.06166
    0.06751
    0.05125
    0.05209
   -0.04231
    0.01190
   -0.03776
   -0.06500
   -0.05750
    0.05024
    0.00333
   -0.03863
   -0.01062
    0.00723
    0.05940
    0.02523
    0.00467
   -0.00924
   -0.06808
    0.04529
   -0.03383
   -0.03045
   -0.05387
    0.03202
    0.03234
   -0.03617
   -0.02061
    0.01663
   -0.06307
    0.00020
    0.02496
    0.05279
    0.00192
   -0.06873
   -0.02010
   -0.06178
    0.01263
   -0.05320
   -0.03298
   -0.04545
    0.04514
    0.06476
   -0.03907
    0.04063
   -0.05521
    0.02594
    0.03805
    0.06091
    0.04618
   -0.04360
   -0.03691
    0.07551
    0.05320
    0.01673
   -0.02886
   -0.02313
   -0.04760
   -0.01571
    0.04200
    0.06560
   -0.04197
    0.01430
   -0.03342
    0.05293
   -0.05953
   -0.00634
    0.04171
   -0.01130
   -0.08313
   -0.03217
   -0.06717
    0.02653
   -0.04936
    0.05613
   -0.07043
   -0.02050
   -0.06967
    0.00934
   -0.07449
    0.01725
    0.01528
   -0.01762
   -0.05241
    0.04620
    0.03104
   -0.05504
    0.04551
    0.06454
    0.03833
    0.02126
    0.06386
    0.00333
    0.02584
   -0.07483
    0.05073
   -0.00723
   -0.00459
    0.05307
   -0.05408
    0.00946
    0.02307
    0.03325
    0.03660
    0.05244
    0.00213
    0.05432
   -0.04788
    0.01658
   -0.01317
   -0.05981
   -0.02761
    0.03192
   -0.03372
    0.00532
    0.05522
   -0.03436
   -0.02043
   -0.04578
   -0.00687
   -0.01881
   -0.04550
   -0.05435
   -0.04458
    0.06084
   -0.02041
    0.02332
   -0.00001
   -0.02534
    0.02804
   -0.06162
   -0.00382
   -0.05529
    0.00501
    0.05871
   -0.05273
    0.04254
    0.06635
   -0.05499
    0.05780
   -0.05835
   -0.06526
    0.00175
   -0.04846
   -0.05743
    0.05498
   -0.06471
   -0.04646
   -0.01045
   -0.03853
    0.03064
    0.02030
    0.03291
    0.01599
    0.04998
    0.04178
    0.01024
   -0.03596
    0.00514
    0.00150
    0.05235
   -0.03983
   -0.01095
    0.04396
   -0.01108
   -0.01854
    0.04145
   -0.01329
    0.04448
    0.02151
   -0.00680
    0.04157
    0.01437
    0.01804
    0.04972
    0.03016
    0.06312
    0.06042
   -0.05591
   -0.05736
   -0.06662
   -0.00261
    0.03983
   -0.06730
   -0.01663
   -0.02577
   -0.04487
    0.03965
   -0.02087
    0.06314
    0.02435
   -0.03317
   -0.03835
    0.02084
    0.02790
   -0.00005
   -0.02796
   -0.04487
   -0.00876
   -0.05492
    0.03128
    0.06368
    0.07340
    0.01845
   -0.05404
    0.06834
    0.04892
   -0.06487
   -0.00329
    0.04108
    0.00212
    0.00091
    0.05535
   -0.00011
   -0.01317
    0.06730
   -0.02681
    0.00758
    0.05924
    0.06591
   -0.01812
    0.04038
    0.05351
    0.05731
   -0.01843
    0.04289
   -0.02981
    0.00593
   -0.00746
    0.03235
   -0.03564
   -0.01356
   -0.02242
    0.02578
   -0.02055
   -0.01458
    0.00473
    0.03092
    0.00623
   -0.00416
   -0.06495
   -0.03997
   -0.03645
   -0.00766
   -0.02803
    0.03747
    0.01671
   -0.02250
   -0.06776
   -0.03172
   -0.05887
   -0.06393
    0.05937
    0.01174
    0.01846
    0.03612
   -0.02877
    0.05414
    0.00974
    0.06532
   -0.01388
   -0.05005
   -0.03855
    0.03649
    0.01449
    0.03428
   -0.01754
   -0.05233
    0.03710
    0.08002
   -0.05013
   -0.05677
    0.04165
    0.05105
    0.05682
    0.04827
    0.04720
   -0.04549
    0.05534
    0.04517
   -0.01005
    0.06817
    0.00619
    0.06299
   -0.02024
    0.02254
    0.00433
   -0.04428
    0.03375
    0.03905
    0.00427
   -0.03067
    0.02830
   -0.00623
    0.02196
   -0.04616
    0.03012
    0.01623
    0.01656
    0.03163
   -0.05658
    0.04456
   -0.03779
    0.04483
    0.00024
   -0.04181
   -0.02058
   -0.07101
   -0.03223
   -0.00024
    0.06375
    0.07552
   -0.00157
   -0.00864
   -0.00089
   -0.03703
   -0.02445
   -0.00041
    0.05054
   -0.05253
    0.03912
    0.04949
   -0.04134
   -0.00757
    0.03764
   -0.00922
    0.03910
   -0.06076
    0.05322
   -0.02186
    0.04285
   -0.01924
   -0.00965
    0.03678
   -0.06506
    0.04092
   -0.02207
    0.00620
    0.03424
   -0.05660
   -0.02605
    0.05655
   -0.00012
    0.01180
   -0.00858
    0.03819
   -0.02457
    0.01363
   -0.01058
   -0.00337
    0.05576
   -0.01428
    0.01281
    0.03657
    0.02241
    0.03485
    0.03052
    0.04982
    0.03322
    0.05498
    0.05313
   -0.04141
    0.02952
   -0.00188
   -0.01573
   -0.04896
   -0.01889
    0.03762
   -0.03894
    0.03145
    0.03527
   -0.05072
   -0.05559
    0.05125
    0.02795
    0.02595
    0.00082
   -0.00997
   -0.02764
   -0.00817
    0.02610
   -0.04964
   -0.02188
    0.02918
    0.05242
   -0.01417
   -0.03452
   -0.07127
   -0.07345
   -0.05855
    0.00630
   -0.03554
   -0.00196
    0.01899
    0.06295
    0.01873
    0.00163
   -0.06018
    0.03553
    0.04903
    0.03703
    0.05491
    0.05735
   -0.00109
    0.07396
   -0.06335
    0.00516
   -0.00419
   -0.03896
   -0.05640
    0.07707
   -0.00031
   -0.02182
    0.03161
    0.05431
   -0.00106
   -0.01474
    0.02064
   -0.01391
    0.05822
   -0.01521
    0.04857
    0.02792
   -0.05713
   -0.04441
    0.03172
   -0.06575
    0.05358
   -0.00979
    0.00121
   -0.00422
    0.00965
   -0.05353
    0.03704
   -0.05181
   -0.03878
    0.00137
   -0.04534
   -0.05899
    0.00781
    0.06707
   -0.02588
   -0.00313
   -0.06431
    0.05106
    0.01327
   -0.05824
    0.05719
    0.04630
   -0.02036
    0.01577
   -0.05837
    0.00940
   -0.07386
   -0.07376
    0.04903
    0.04094
   -0.04905
    0.06233
   -0.02592
   -0.02036
    0.01712
   -0.01860
   -0.04198
    0.02420
    0.03834
   -0.03551
    0.01842
   -0.00047
    0.01560
   -0.01623
    0.04907
   -0.05055
    0.03800
   -0.01733
   -0.00262
   -0.04077
    0.02767
   -0.06963
    0.01317
    0.00649
    0.04714
   -0.03253
   -0.04465
    0.04567
    0.06099
    0.06609
    0.01721
    0.04916
   -0.06121
    0.02531
   -0.00041
   -0.05570
   -0.06262
   -0.07993
   -0.01535
    0.06401
   -0.03694
   -0.01415
   -0.03405
    0.05432
   -0.03083
    0.01699
   -0.00736
   -0.06151
   -0.02437
   -0.05794
   -0.01888
   -0.02690
    0.01350
    0.02893
   -0.04695
   -0.06084
    0.02656
   -0.01073
    0.02078
    0.04865
    0.00812
    0.01069
    0.06925
   -0.05286
    0.01507
   -0.00117
    0.01665
    0.01532
    0.00966
   -0.03753
   -0.01666
    0.01962
    0.00263
   -0.01474
   -0.02224
    0.00249
    0.05953
   -0.07193
    0.02248
   -0.03355
   -0.07450
    0.05825
    0.00336
    0.05926
   -0.04880
   -0.01556
   -0.04971
    0.01626
   -0.04476
   -0.00036
    0.01453
   -0.03226
    0.03323
    0.02097

    0.00854
   -0.05237
    0.01097
   -0.04676
    0.02264
    0.02370
    0.01976
    0.05677
    0.00815
   -0.04758
    0.00351
    0.02848
    0.07114
   -0.06042
   -0.03376
    0.02429
   -0.01082
   -0.05741
    0.01285
    0.03652
    0.00048
    0.05830
    0.05021
   -0.00027
    0.07069
    0.01875
   -0.03468
    0.01394
    0.01285
   -0.02245
   -0.01938
    0.09418
    0.09156
    0.07492
    0.00331
    0.02835
    0.00158
   -0.04314
   -0.04134
   -0.03799
   -0.01063
    0.01359
    0.01549
    0.03079
    0.01941
    0.04261
   -0.02858
   -0.00216
   -0.06123
    0.03629
    0.10598
    0.00427
    0.02368
    0.04195
   -0.03240
   -0.05176
    0.00711
    0.01943
   -0.07003
    0.02513
   -0.00139
   -0.02748
   -0.01687
    0.02981
    0.02183
    0.06962
    0.04613
   -0.03842
   -0.01502
   -0.00290
   -0.01413
   -0.03083
   -0.03934
   -0.04675
   -0.05614
    0.03290
   -0.09287
    0.02033
   -0.02272
   -0.00213
   -0.03304
    0.06718
    0.05077
   -0.03656
   -0.01477
   -0.02441
    0.06938
   -0.01647
   -0.00598
   -0.02565
    0.04380
   -0.02911
    0.00982
    0.04189
   -0.00311
   -0.03156
   -0.07471
   -0.01421
    0.05891
   -0.07226
   -0.03380
    0.04848
    0.03723
   -0.04396
    0.00053
    0.04125
   -0.03812
   -0.09684
    0.00381
    0.02869
   -0.06263
   -0.02108
   -0.01972
    0.05487
   -0.02333
    0.00731
   -0.01540
    0.04429
   -0.12645
   -0.03887
   -0.01024
   -0.02148
   -0.05454
    0.03381
   -0.00152
    0.10880
    0.01800
    0.05152
    0.02247
    0.05725
    0.00800
   -0.00204
    0.03265
    0.10333
    0.00090
    0.07413
   -0.00675
    0.02450
    0.02618
   -0.05287
   -0.00876
   -0.02571
    0.05884
    0.02142
    0.02110
    0.07861
   -0.06423
   -0.02950
   -0.01512
    0.02243
   -0.02040
    0.00415
    0.02470
    0.03775
    0.06368
    0.04531
   -0.00224
    0.01170
   -0.03686
    0.00186
   -0.00784
    0.00463
    0.01361
   -0.02128
    0.10301
   -0.08075
   -0.01781
    0.00782
    0.02895
   -0.01552
    0.03682
    0.02778
   -0.01202
    0.06947
   -0.00130
    0.05024
   -0.08560
    0.00219
    0.02426
   -0.05623
   -0.00023
    0.06443
    0.00553
    0.00013
   -0.04854
    0.09751
    0.03887
   -0.00549
    0.01281
   -0.02859
    0.01328
    0.06743
    0.03296
   -0.00684
    0.00403
   -0.05456
   -0.02589
   -0.04029
   -0.02197
    0.05780
    0.03218
   -0.00176
   -0.00369
    0.03438
   -0.01344
    0.03907
   -0.03176
   -0.04069
    0.00059
   -0.00784
    0.00451
    0.02132
   -0.07113
    0.08337
    0.01772
    0.02723
   -0.02099
   -0.01983
    0.03034
   -0.00832
   -0.01724
    0.04642
   -0.01249
    0.00726
   -0.04515
    0.06061
    0.05546
   -0.03481
   -0.06784
    0.01254
    0.00055
    0.03789
   -0.02485
    0.01732
    0.00204
   -0.00771
   -0.01178
   -0.01235
    0.00308
    0.03539
   -0.04663
    0.00770
    0.06035
    0.01191
   -0.01392
    0.07900
    0.00171
    0.03379
   -0.01003
    0.02941
    0.08923
    0.02511
    0.02768
    0.01941
    0.05589
    0.03586
   -0.01883
    0.01085
    0.02080
    0.08747
   -0.04484
    0.06787
    0.00846
    0.02070
    0.11550
    0.02513
    0.03360
    0.08061
    0.05523
   -0.04507
    0.05545
    0.02653
    0.11002
   -0.01693
    0.06131
   -0.10039
    0.01607
   -0.02082
    0.00159
    0.02277
   -0.02036
    0.03296
   -0.01159
   -0.02637
    0.06327
    0.04599
    0.05721
   -0.01874
   -0.02673
   -0.02130
   -0.07299
   -0.00919
    0.05485
    0.03632
    0.02176
    0.01687
    0.02919
    0.02096
   -0.04478
    0.03296
    0.00123
   -0.01073
   -0.02273
   -0.01956
    0.00618
    0.04354
   -0.00343
    0.03959
   -0.03578
   -0.01130
   -0.02567
    0.01382
    0.04480
   -0.00595
    0.00665
   -0.02211
   -0.01845
    0.10117
    0.05508
   -0.05655
   -0.02503
   -0.03666
   -0.04751
    0.02380
    0.02519
    0.02554
   -0.08636
    0.05351
    0.00748
   -0.03702
    0.01326
   -0.03426
   -0.06961
   -0.03349
    0.00039
   -0.01380
   -0.04321
    0.08870
    0.03975
    0.02324
    0.03448
    0.05061
   -0.00283
    0.01577
   -0.07178
    0.01953
   -0.02716
   -0.07830
   -0.00696
   -0.00516
   -0.02084
    0.02619
    0.03044
   -0.02856
    0.07930
    0.04901
    0.00605
   -0.00037
    0.04180
    0.00164
   -0.01458
   -0.00562
    0.07571
   -0.00280
   -0.04157
    0.04095
   -0.04126
    0.02094
    0.01957
    0.02270
    0.05442
   -0.06554
   -0.04725
    0.05703
    0.00116
    0.03019
   -0.02984
    0.02513
    0.01300
    0.00337
   -0.00885
    0.05015
   -0.01221
   -0.04948
    0.07866
   -0.00078
   -0.03168
    0.07038
    0.01052
   -0.04277
    0.01442
   -0.00894
    0.03646
   -0.02476
    0.06159
    0.01690
    0.02988
   -0.01995
   -0.02407
   -0.04064
   -0.01784
    0.04368
    0.04494
    0.01867
    0.01358
    0.05041
   -0.00813
    0.01005
   -0.00452
    0.03653
   -0.02269
    0.02047
   -0.00581
    0.02751
   -0.04073
    0.01554
    0.00812
    0.03132
   -0.00008
    0.00569
    0.02740
   -0.02924
   -0.01813
   -0.00331
   -0.08518
    0.00163
   -0.05362
   -0.00599
    0.01711
    0.02225
    0.03430
    0.07563
    0.00568
   -0.00529
   -0.04129
   -0.03177
   -0.03486
    0.00145
   -0.05786
   -0.00217
   -0.05929
    0.08031
    0.05701
    0.01772
    0.00367
   -0.02345
    0.07112
    0.00783
    0.01897
    0.06249
    0.02389
   -0.00630
    0.00726
   -0.02850
   -0.01828
    0.03460
    0.02155
   -0.05025
   -0.06638
    0.05580
   -0.06841
   -0.01706
    0.03470
    0.03956
    0.04792
   -0.03062
   -0.02067
    0.05434
    0.00895
    0.00555
    0.08457
    0.00392
    0.03824
    0.03620
    0.01979
    0.00042
    0.05085
    0.05183
    0.01091
   -0.03271
   -0.01857
   -0.04311
    0.04096
   -0.05127
   -0.01398
    0.04794
   -0.06686
   -0.02450
   -0.01095
    0.02045
   -0.06929
   -0.02876
   -0.01190
    0.03972
   -0.05710
   -0.10637
   -0.05399
    0.01700
   -0.01964
    0.01022
    0.01374
    0.00288
   -0.09291
   -0.01433
    0.03931
    0.02837
   -0.00424
   -0.02810
   -0.07974
   -0.06529
   -0.02656
   -0.04132
   -0.03003
    0.06156
    0.01279
   -0.06642
    0.05382
   -0.04906
   -0.04615
    0.01794
    0.02663
   -0.02240
    0.02384
   -0.03885
   -0.02679
   -0.02303
    0.01294
    0.04662
    0.01270
    0.04766
   -0.02986
    0.02548
    0.06421
    0.05113
    0.00215
   -0.01333
    0.02819
    0.06090
   -0.00765
    0.05610
   -0.01443
   -0.01754
   -0.00543
   -0.00114
    0.00419
    0.11002
   -0.07220
    0.03995
    0.03994
    0.05205
   -0.01401
    0.03432
   -0.08922
    0.01156
   -0.06700
    0.01626
   -0.07767
    0.00162
   -0.03231
   -0.00064
    0.01004
   -0.00729
    0.00100
    0.00770
    0.07781
    0.04236
    0.01174
    0.04936
    0.10325
    0.01052
   -0.00421
   -0.05487
    0.00257
   -0.02051
    0.01755
   -0.04633
    0.01957
    0.02378
   -0.04405
   -0.01234
   -0.01543
   -0.02551
    0.07480
   -0.02378
   -0.06248
    0.01571
   -0.03367
   -0.02831
   -0.01413
    0.00789
    0.01075
    0.00628
   -0.03438
   -0.00405
    0.00360
    0.07033
    0.00369
   -0.01378
   -0.00055
   -0.02671
