          0          0    0.00000   -1.03656    0.00398   -1.03656    0.00398
          0          3    0.43425   -0.72805   -0.02532   -0.72805   -0.02532
          1          0    0.99745   -0.72805   -0.02532   -0.72805   -0.02532
          1        100   12.94461   -1.02776   -0.02915   -1.03975   -0.01786
          1        200   24.67850   -1.03164   -0.02904   -1.04031   -0.01696
          1        300   36.32567   -1.03334   -0.02900   -1.04029   -0.01569
          1        400   47.57308   -1.03435   -0.02898   -1.04041   -0.01450
          1        500   59.53006   -1.03504   -0.02896   -1.04048   -0.01372
          1        600   71.31585   -1.03555   -0.02895   -1.04045   -0.01308
          1        700   83.33538   -1.03594   -0.02894   -1.04056   -0.01259
          1        800   95.27352   -1.03626   -0.02894   -1.04053   -0.01223
          1        900  107.60622   -1.03652   -0.02845   -1.04065   -0.01173
          1       1000  119.76711   -1.03674   -0.02757   -1.04062   -0.01140
          1       1100  132.02308   -1.03694   -0.02681   -1.04063   -0.01117
          1       1200  143.96863   -1.03710   -0.02612   -1.04059   -0.01086
          1       1300  156.13139   -1.03725   -0.02551   -1.04061   -0.01063
          1       1400  168.12063   -1.03738   -0.02496   -1.04066   -0.01025
          1       1500  179.43988   -1.03750   -0.02446   -1.04060   -0.01017
          1       1600  191.92760   -1.03761   -0.02400   -1.04062   -0.00984
          1       1700  204.06865   -1.03770   -0.02357   -1.04054   -0.00987
          1       1800  216.35326   -1.03779   -0.02318   -1.04075   -0.00963
          1       1900  228.34770   -1.03787   -0.02281   -1.04061   -0.00947
          1       2000  240.60510   -1.03795   -0.02246   -1.04072   -0.00929
          1       2100  252.79673   -1.03802   -0.02214   -1.04068   -0.00906
          1       2200  265.16155   -1.03809   -0.02184   -1.04064   -0.00898
          1       2300  276.69828   -1.03815   -0.02155   -1.04064   -0.00887
          1       2400  289.44945   -1.03820   -0.02128   -1.04069   -0.00873
          1       2500  301.34704   -1.03826   -0.02103   -1.04061   -0.00855
          1       2600  313.25867   -1.03831   -0.02078   -1.04067   -0.00849
          1       2700  324.76340   -1.03836   -0.02055   -1.04073   -0.00839
          1       2800  337.48655   -1.03840   -0.02033   -1.04063   -0.00833
          1       2900  350.35675   -1.03844   -0.02012   -1.04068   -0.00815
          1       3000  362.91744   -1.03848   -0.01991   -1.04078   -0.00811
          1       3100  374.46243   -1.03852   -0.01972   -1.04073   -0.00799
          1       3200  387.27301   -1.03856   -0.01953   -1.04072   -0.00794
          1       3300  398.99423   -1.03859   -0.01936   -1.04072   -0.00791
          1       3400  411.53838   -1.03863   -0.01918   -1.04072   -0.00770
          1       3500  423.60673   -1.03866   -0.01902   -1.04076   -0.00769
          1       3600  436.44992   -1.03869   -0.01886   -1.04072   -0.00764
          1       3700  447.55627   -1.03872   -0.01870   -1.04071   -0.00749
          1       3800  460.29431   -1.03875   -0.01855   -1.04071   -0.00739
          1       3900  472.65424   -1.03878   -0.01841   -1.04073   -0.00735
          1       4000  484.30586   -1.03880   -0.01827   -1.04075   -0.00738
          1       4100  495.84521   -1.03883   -0.01813   -1.04075   -0.00726
          1       4200  508.06264   -1.03885   -0.01800   -1.04080   -0.00721
          1       4300  519.56567   -1.03888   -0.01788   -1.04076   -0.00713
          1       4400  531.67388   -1.03890   -0.01775   -1.04074   -0.00698
          1       4500  543.38533   -1.03892   -0.01763   -1.04072   -0.00697
          1       4600  555.04209   -1.03894   -0.01752   -1.04077   -0.00694
          1       4700  567.43134   -1.03896   -0.01740   -1.04075   -0.00688
          1       4800  579.26388   -1.03898   -0.01729   -1.04076   -0.00689
          1       4900  591.04474   -1.03900   -0.01718   -1.04079   -0.00682
          1       5000  603.10221   -1.03902   -0.01708   -1.04078   -0.00676
          1       5100  615.09787   -1.03904   -0.01698   -1.04075   -0.00671
          1       5200  626.80142   -1.03906   -0.01688   -1.04082   -0.00669
          1       5300  638.28032   -1.03907   -0.01678   -1.04077   -0.00663
          1       5400  650.07536   -1.03909   -0.01668   -1.04079   -0.00656
          1       5500  662.17924   -1.03911   -0.01659   -1.04075   -0.00660
          1       5600  674.26204   -1.03912   -0.01650   -1.04072   -0.00643
          1       5700  686.03150   -1.03914   -0.01641   -1.04076   -0.00650
          1       5800  697.81776   -1.03915   -0.01633   -1.04079   -0.00639
          1       5900  710.22729   -1.03917   -0.01624   -1.04079   -0.00636
          1       6000  721.75810   -1.03918   -0.01616   -1.04078   -0.00638
          1       6100  734.28307   -1.03920   -0.01608   -1.04074   -0.00636
          1       6200  747.20701   -1.03921   -0.01600   -1.04077   -0.00630
          1       6300  760.09408   -1.03922   -0.01592   -1.04075   -0.00622
          1       6400  771.85532   -1.03924   -0.01584   -1.04079   -0.00619
          1       6500  783.82334   -1.03925   -0.01577   -1.04078   -0.00617
          1       6600  796.59302   -1.03926   -0.01569   -1.04075   -0.00615
          1       6700  808.63784   -1.03927   -0.01562   -1.04078   -0.00609
          1       6800  820.54450   -1.03928   -0.01555   -1.04073   -0.00603
          1       6900  832.75003   -1.03930   -0.01548   -1.04080   -0.00602
          1       7000  845.22248   -1.03931   -0.01541   -1.04078   -0.00601
          1       7100  857.35549   -1.03932   -0.01535   -1.04076   -0.00594
          1       7200  868.84818   -1.03933   -0.01528   -1.04078   -0.00588
          1       7300  881.05147   -1.03934   -0.01521   -1.04078   -0.00587
          1       7400  892.94007   -1.03935   -0.01515   -1.04074   -0.00589
          1       7500  904.51908   -1.03936   -0.01509   -1.04076   -0.00582
          1       7600  916.69218   -1.03937   -0.01503   -1.04082   -0.00578
          1       7700  928.73146   -1.03938   -0.01497   -1.04080   -0.00574
          1       7800  940.77504   -1.03939   -0.01491   -1.04080   -0.00574
          1       7900  952.36780   -1.03940   -0.01485   -1.04080   -0.00574
          1       8000  964.80122   -1.03941   -0.01479   -1.04079   -0.00573
          1       8100  977.55040   -1.03942   -0.01473   -1.04080   -0.00568
          1       8200  989.44757   -1.03943   -0.01468   -1.04076   -0.00566
          1       8300 1000.99351   -1.03944   -0.01462   -1.04077   -0.00561
          1       8400 1014.10065   -1.03944   -0.01457   -1.04078   -0.00559
          1       8500 1025.47566   -1.03945   -0.01452   -1.04078   -0.00552
          1       8600 1037.07537   -1.03946   -0.01446   -1.04081   -0.00554
          1       8700 1048.45753   -1.03947   -0.01441   -1.04073   -0.00550
          1       8800 1060.27941   -1.03948   -0.01436   -1.04078   -0.00550
          1       8900 1072.32606   -1.03948   -0.01431   -1.04075   -0.00546
          1       9000 1085.52948   -1.03949   -0.01426   -1.04082   -0.00542
          1       9100 1098.63535   -1.03950   -0.01421   -1.04079   -0.00540
          1       9200 1110.24417   -1.03951   -0.01416   -1.04082   -0.00537
          1       9300 1121.95193   -1.03952   -0.01412   -1.04082   -0.00533
          1       9400 1133.58497   -1.03952   -0.01407   -1.04078   -0.00533
          1       9500 1145.51542   -1.03953   -0.01402   -1.04082   -0.00532
          1       9600 1158.27366   -1.03954   -0.01398   -1.04080   -0.00534
          1       9700 1170.73407   -1.03954   -0.01393   -1.04080   -0.00527
          1       9800 1183.15023   -1.03955   -0.01389   -1.04079   -0.00523
          1       9900 1195.76353   -1.03956   -0.01384   -1.04078   -0.00526
          1      10000 1207.53944   -1.03956   -0.01380   -1.04082   -0.00519
          1      10100 1219.24545   -1.03957   -0.01376   -1.04083   -0.00523
          1      10200 1231.24713   -1.03958   -0.01372   -1.04078   -0.00513
          1      10300 1243.65645   -1.03958   -0.01367   -1.04082   -0.00515
          1      10400 1256.31262   -1.03959   -0.01363   -1.04082   -0.00511
          1      10500 1269.62985   -1.03960   -0.01359   -1.04078   -0.00509
          1      10600 1280.90701   -1.03960   -0.01355   -1.04078   -0.00504
          1      10700 1292.37696   -1.03961   -0.01351   -1.04080   -0.00513
          1      10800 1303.61138   -1.03961   -0.01347   -1.04079   -0.00506
          1      10900 1315.35966   -1.03962   -0.01343   -1.04082   -0.00508
          1      11000 1326.81849   -1.03963   -0.01340   -1.04082   -0.00502
          1      11100 1338.46339   -1.03963   -0.01336   -1.04081   -0.00500
          1      11200 1350.05515   -1.03964   -0.01332   -1.04081   -0.00497
          1      11300 1361.54411   -1.03964   -0.01328   -1.04081   -0.00498
          1      11400 1372.76370   -1.03965   -0.01325   -1.04080   -0.00494
          1      11500 1383.62894   -1.03965   -0.01321   -1.04082   -0.00496
          1      11600 1394.76969   -1.03966   -0.01317   -1.04080   -0.00489
          1      11700 1407.35443   -1.03966   -0.01314   -1.04083   -0.00487
          1      11800 1418.16989   -1.03967   -0.01310   -1.04083   -0.00489
          1      11900 1429.84029   -1.03967   -0.01307   -1.04079   -0.00484
          1      12000 1441.84084   -1.03968   -0.01303   -1.04077   -0.00485
          1      12100 1453.26192   -1.03968   -0.01300   -1.04083   -0.00485
          1      12200 1464.38443   -1.03969   -0.01297   -1.04079   -0.00476
          1      12300 1475.63193   -1.03969   -0.01293   -1.04081   -0.00480
          1      12400 1487.05711   -1.03970   -0.01290   -1.04081   -0.00481
          1      12500 1498.52437   -1.03970   -0.01287   -1.04082   -0.00478
          1      12600 1509.55002   -1.03971   -0.01283   -1.04082   -0.00478
          1      12700 1521.40588   -1.03971   -0.01280   -1.04079   -0.00473
          1      12800 1533.37451   -1.03972   -0.01277   -1.04083   -0.00475
          1      12900 1544.67894   -1.03972   -0.01274   -1.04083   -0.00469
          1      13000 1556.07714   -1.03973   -0.01271   -1.04081   -0.00467
          1      13100 1568.94207   -1.03973   -0.01268   -1.04083   -0.00470
          1      13200 1579.91116   -1.03973   -0.01265   -1.04081   -0.00464
          1      13300 1591.61316   -1.03974   -0.01262   -1.04081   -0.00466
          1      13400 1603.11536   -1.03974   -0.01259   -1.04081   -0.00459
          1      13500 1614.73960   -1.03975   -0.01256   -1.04081   -0.00463
          1      13600 1627.20948   -1.03975   -0.01253   -1.04081   -0.00463
          1      13700 1639.37147   -1.03976   -0.01250   -1.04082   -0.00463
          1      13800 1650.78187   -1.03976   -0.01247   -1.04084   -0.00462
          1      13900 1662.34677   -1.03976   -0.01244   -1.04079   -0.00456
          1      14000 1673.79492   -1.03977   -0.01241   -1.04082   -0.00457
          1      14100 1685.31981   -1.03977   -0.01239   -1.04082   -0.00453
          1      14200 1696.70451   -1.03978   -0.01236   -1.04080   -0.00449
          1      14300 1707.50249   -1.03978   -0.01233   -1.04076   -0.00454
          1      14400 1718.79936   -1.03978   -0.01230   -1.04078   -0.00447
          1      14500 1730.67787   -1.03979   -0.01228   -1.04081   -0.00450
          1      14600 1742.70475   -1.03979   -0.01225   -1.04081   -0.00445
          1      14700 1755.74664   -1.03979   -0.01222   -1.04082   -0.00446
          1      14800 1767.28844   -1.03980   -0.01220   -1.04080   -0.00448
          1      14900 1779.23949   -1.03980   -0.01217   -1.04082   -0.00443
          1      15000 1791.96189   -1.03981   -0.01214   -1.04081   -0.00443
          1      15100 1805.93550   -1.03981   -0.01212   -1.04080   -0.00443
          1      15200 1817.28501   -1.03981   -0.01209   -1.04077   -0.00443
          1      15300 1828.46852   -1.03982   -0.01207   -1.04081   -0.00439
          1      15400 1839.71528   -1.03982   -0.01204   -1.04079   -0.00436
          1      15500 1850.89963   -1.03982   -0.01202   -1.04082   -0.00433
          1      15600 1862.57544   -1.03983   -0.01199   -1.04079   -0.00437
          1      15700 1874.23071   -1.03983   -0.01197   -1.04081   -0.00435
          1      15800 1885.78480   -1.03983   -0.01195   -1.04080   -0.00434
          1      15900 1896.60317   -1.03984   -0.01192   -1.04083   -0.00430
          1      16000 1908.09628   -1.03984   -0.01190   -1.04082   -0.00431
          1      16100 1919.84079   -1.03984   -0.01187   -1.04084   -0.00431
          1      16200 1931.57751   -1.03985   -0.01185   -1.04084   -0.00431
          1      16300 1942.84274   -1.03985   -0.01183   -1.04083   -0.00429
          1      16400 1954.22778   -1.03985   -0.01180   -1.04083   -0.00426
          1      16500 1965.90091   -1.03986   -0.01178   -1.04081   -0.00425
          1      16600 1976.58706   -1.03986   -0.01176   -1.04082   -0.00423
          1      16700 1987.87187   -1.03986   -0.01174   -1.04081   -0.00423
          1      16800 1999.17893   -1.03986   -0.01171   -1.04081   -0.00424
          1      16900 2011.41373   -1.03987   -0.01169   -1.04084   -0.00419
          1      17000 2023.00404   -1.03987   -0.01167   -1.04083   -0.00419
          1      17100 2034.69642   -1.03987   -0.01165   -1.04081   -0.00422
          1      17200 2045.86057   -1.03988   -0.01162   -1.04081   -0.00418
          1      17300 2057.24300   -1.03988   -0.01160   -1.04083   -0.00419
          1      17400 2068.45955   -1.03988   -0.01158   -1.04081   -0.00417
          1      17500 2079.73329   -1.03989   -0.01156   -1.04077   -0.00417
          1      17600 2091.03709   -1.03989   -0.01154   -1.04082   -0.00412
          1      17700 2102.11076   -1.03989   -0.01152   -1.04080   -0.00415
          1      17800 2113.94858   -1.03989   -0.01150   -1.04084   -0.00413
          1      17900 2125.46306   -1.03990   -0.01148   -1.04081   -0.00410
          1      18000 2137.39031   -1.03990   -0.01146   -1.04081   -0.00411
          1      18100 2148.85597   -1.03990   -0.01144   -1.04082   -0.00414
          1      18200 2160.23158   -1.03990   -0.01142   -1.04080   -0.00406
          1      18300 2171.55417   -1.03991   -0.01140   -1.04082   -0.00409
          1      18400 2182.85575   -1.03991   -0.01138   -1.04080   -0.00406
          1      18500 2194.76757   -1.03991   -0.01136   -1.04084   -0.00404
          1      18600 2205.98872   -1.03992   -0.01134   -1.04080   -0.00404
          1      18700 2218.27513   -1.03992   -0.01132   -1.04082   -0.00405
          1      18800 2230.35249   -1.03992   -0.01130   -1.04081   -0.00403
          1      18900 2242.60065   -1.03992   -0.01128   -1.04084   -0.00404
          1      19000 2253.67223   -1.03993   -0.01126   -1.04081   -0.00399
          1      19100 2265.66007   -1.03993   -0.01124   -1.04083   -0.00401
          1      19200 2279.25433   -1.03993   -0.01122   -1.04083   -0.00398
          1      19300 2291.21878   -1.03993   -0.01120   -1.04083   -0.00398
          1      19400 2302.24790   -1.03994   -0.01118   -1.04081   -0.00395
          1      19500 2313.52571   -1.03994   -0.01116   -1.04080   -0.00397
          1      19600 2325.08595   -1.03994   -0.01115   -1.04084   -0.00395
          1      19700 2337.12135   -1.03994   -0.01113   -1.04083   -0.00397
          1      19800 2348.19844   -1.03995   -0.01111   -1.04081   -0.00393
          1      19900 2359.26614   -1.03995   -0.01109   -1.04085   -0.00395
          1      20000 2371.12990   -1.03995   -0.01107   -1.04084   -0.00395
          1      20100 2382.28621   -1.03995   -0.01106   -1.04085   -0.00393
          1      20200 2393.23797   -1.03995   -0.01104   -1.04085   -0.00392
          1      20300 2404.79971   -1.03996   -0.01102   -1.04083   -0.00390
          1      20400 2416.27549   -1.03996   -0.01100   -1.04083   -0.00385
          1      20500 2428.88317   -1.03996   -0.01099   -1.04084   -0.00389
          1      20600 2439.70679   -1.03996   -0.01097   -1.04084   -0.00387
          1      20700 2451.59701   -1.03997   -0.01095   -1.04083   -0.00388
          1      20800 2463.25862   -1.03997   -0.01093   -1.04085   -0.00385
          1      20900 2475.35223   -1.03997   -0.01092   -1.04083   -0.00387
          1      21000 2486.46270   -1.03997   -0.01090   -1.04084   -0.00387
          1      21100 2497.42524   -1.03997   -0.01088   -1.04083   -0.00387
          1      21200 2508.97324   -1.03998   -0.01087   -1.04084   -0.00382
          1      21300 2520.76423   -1.03998   -0.01085   -1.04082   -0.00383
          1      21400 2532.34018   -1.03998   -0.01083   -1.04084   -0.00381
          1      21500 2544.03117   -1.03998   -0.01082   -1.04083   -0.00382
          1      21600 2555.32520   -1.03999   -0.01080   -1.04083   -0.00381
          1      21700 2567.39262   -1.03999   -0.01078   -1.04083   -0.00378
          1      21800 2579.43572   -1.03999   -0.01077   -1.04084   -0.00380
          1      21900 2591.22261   -1.03999   -0.01075   -1.04082   -0.00379
          1      22000 2603.81853   -1.03999   -0.01074   -1.04081   -0.00379
          1      22100 2615.73128   -1.04000   -0.01072   -1.04085   -0.00377
          1      22200 2627.50226   -1.04000   -0.01071   -1.04084   -0.00377
          1      22300 2638.37779   -1.04000   -0.01069   -1.04083   -0.00374
          1      22400 2649.61157   -1.04000   -0.01067   -1.04082   -0.00376
          1      22500 2661.35982   -1.04000   -0.01066   -1.04083   -0.00374
          1      22600 2672.48916   -1.04001   -0.01064   -1.04084   -0.00373
          1      22700 2683.99410   -1.04001   -0.01063   -1.04086   -0.00371
          1      22800 2696.05646   -1.04001   -0.01061   -1.04084   -0.00369
          1      22900 2706.94350   -1.04001   -0.01060   -1.04083   -0.00372
          1      23000 2718.23392   -1.04001   -0.01058   -1.04085   -0.00368
          1      23100 2729.47520   -1.04002   -0.01057   -1.04084   -0.00369
          1      23200 2740.77280   -1.04002   -0.01055   -1.04084   -0.00365
          1      23300 2752.36099   -1.04002   -0.01054   -1.04084   -0.00366
          1      23400 2764.64629   -1.04002   -0.01052   -1.04084   -0.00366
          1      23500 2776.55266   -1.04002   -0.01051   -1.04084   -0.00368
          1      23600 2788.53827   -1.04002   -0.01049   -1.04083   -0.00368
          1      23700 2799.97220   -1.04003   -0.01048   -1.04084   -0.00366
          1      23800 2811.51508   -1.04003   -0.01047   -1.04082   -0.00366
          1      23900 2822.83084   -1.04003   -0.01045   -1.04083   -0.00364
          1      24000 2834.40097   -1.04003   -0.01044   -1.04082   -0.00365
          1      24100 2846.13875   -1.04003   -0.01042   -1.04084   -0.00365
          1      24200 2857.53424   -1.04004   -0.01041   -1.04084   -0.00361
          1      24300 2868.32793   -1.04004   -0.01039   -1.04083   -0.00362
          1      24400 2879.93129   -1.04004   -0.01038   -1.04085   -0.00364
          1      24500 2891.34768   -1.04004   -0.01037   -1.04084   -0.00360
          1      24600 2902.72426   -1.04004   -0.01035   -1.04085   -0.00359
          1      24700 2914.18629   -1.04004   -0.01034   -1.04083   -0.00359
          1      24800 2926.22381   -1.04005   -0.01033   -1.04084   -0.00360
          1      24900 2938.15992   -1.04005   -0.01031   -1.04083   -0.00359
          1      25000 2949.43507   -1.04005   -0.01030   -1.04082   -0.00356
          1      25100 2961.15574   -1.04005   -0.01029   -1.04082   -0.00358
          1      25200 2972.49378   -1.04005   -0.01027   -1.04085   -0.00358
          1      25300 2983.73900   -1.04005   -0.01026   -1.04084   -0.00356
          1      25400 2994.97921   -1.04006   -0.01025   -1.04083   -0.00352
          1      25500 3007.51171   -1.04006   -0.01023   -1.04084   -0.00355
          1      25600 3019.25554   -1.04006   -0.01022   -1.04085   -0.00353
          1      25700 3030.23301   -1.04006   -0.01021   -1.04084   -0.00351
          1      25800 3042.92445   -1.04006   -0.01019   -1.04081   -0.00350
          1      25900 3054.28606   -1.04006   -0.01018   -1.04086   -0.00352
          1      26000 3065.00465   -1.04007   -0.01017   -1.04084   -0.00353
          1      26100 3078.17358   -1.04007   -0.01015   -1.04083   -0.00350
          1      26200 3091.31964   -1.04007   -0.01014   -1.04086   -0.00350
          1      26300 3103.83814   -1.04007   -0.01013   -1.04084   -0.00351
          1      26400 3115.31480   -1.04007   -0.01012   -1.04085   -0.00351
          1      26500 3126.78258   -1.04007   -0.01010   -1.04086   -0.00348
          1      26600 3137.97556   -1.04007   -0.01009   -1.04082   -0.00346
          1      26700 3149.89540   -1.04008   -0.01008   -1.04085   -0.00346
          1      26800 3161.38939   -1.04008   -0.01007   -1.04083   -0.00345
          1      26900 3172.81530   -1.04008   -0.01005   -1.04081   -0.00346
          1      27000 3183.87099   -1.04008   -0.01004   -1.04081   -0.00344
          1      27100 3195.06309   -1.04008   -0.01003   -1.04084   -0.00348
          1      27200 3206.58783   -1.04008   -0.01002   -1.04083   -0.00346
          1      27300 3217.15925   -1.04008   -0.01001   -1.04083   -0.00345
          1      27400 3228.64867   -1.04009   -0.00999   -1.04083   -0.00341
          1      27500 3240.20930   -1.04009   -0.00998   -1.04082   -0.00341
          1      27600 3252.65747   -1.04009   -0.00997   -1.04086   -0.00342
          1      27700 3263.92751   -1.04009   -0.00996   -1.04084   -0.00343
          1      27800 3275.29950   -1.04009   -0.00995   -1.04081   -0.00339
          1      27900 3286.43363   -1.04009   -0.00993   -1.04081   -0.00342
          1      28000 3297.09587   -1.04010   -0.00992   -1.04082   -0.00337
          1      28100 3308.54861   -1.04010   -0.00991   -1.04084   -0.00338
          1      28200 3320.02177   -1.04010   -0.00990   -1.04085   -0.00341
          1      28300 3331.72515   -1.04010   -0.00989   -1.04085   -0.00340
          1      28400 3343.32831   -1.04010   -0.00988   -1.04085   -0.00336
          1      28500 3354.56020   -1.04010   -0.00986   -1.04084   -0.00338
          1      28600 3365.82698   -1.04010   -0.00985   -1.04086   -0.00339
          1      28700 3377.97917   -1.04010   -0.00984   -1.04086   -0.00337
          1      28800 3389.13913   -1.04011   -0.00983   -1.04085   -0.00335
          1      28900 3400.23303   -1.04011   -0.00982   -1.04085   -0.00336
          1      29000 3411.34808   -1.04011   -0.00981   -1.04084   -0.00335
          1      29100 3422.93658   -1.04011   -0.00980   -1.04084   -0.00334
          1      29200 3434.82629   -1.04011   -0.00979   -1.04087   -0.00333
          1      29300 3445.72212   -1.04011   -0.00977   -1.04083   -0.00332
          1      29400 3457.39907   -1.04011   -0.00976   -1.04083   -0.00331
          1      29500 3468.19715   -1.04012   -0.00975   -1.04086   -0.00333
          1      29600 3479.30092   -1.04012   -0.00974   -1.04083   -0.00330
          1      29700 3490.99968   -1.04012   -0.00973   -1.04083   -0.00332
          1      29800 3502.12585   -1.04012   -0.00972   -1.04084   -0.00331
          1      29900 3513.68355   -1.04012   -0.00971   -1.04082   -0.00332
          1      30000 3525.04241   -1.04012   -0.00970   -1.04083   -0.00328
          1      30100 3536.66057   -1.04012   -0.00969   -1.04085   -0.00330
          1      30200 3548.62410   -1.04012   -0.00968   -1.04084   -0.00329
          1      30300 3560.23090   -1.04013   -0.00967   -1.04085   -0.00328
          1      30400 3571.58018   -1.04013   -0.00966   -1.04084   -0.00330
          1      30500 3582.77313   -1.04013   -0.00965   -1.04083   -0.00329
          1      30600 3591.73054   -1.04013   -0.00964   -1.04083   -0.00327
          1      30695 3600.16277   -1.04013   -0.00963   -1.04084   -0.00328
