 6338685053373848
       3286
 3600.27197
   13.29101
   -1.00792
   -0.00850
   -1.01351
    0.00029

   -0.03426
    0.05250
   -0.04925
    0.03667
    0.01977
    0.06853
   -0.08551
    0.01548
   -0.04024
   -0.04775
    0.03346
   -0.01377
   -0.00319
    0.00599
    0.03284
   -0.06296
    0.02856
   -0.05592
   -0.02357
   -0.05060
    0.05362
   -0.02867
   -0.03493
   -0.03040
   -0.02372
   -0.00857
    0.06126
   -0.02990
   -0.03558
   -0.02638
   -0.03208
    0.04964
    0.07268
    0.02028
    0.01342
   -0.01217
    0.01009
    0.04378
   -0.02054
    0.04174
    0.02309
   -0.02582
   -0.01749
   -0.01191
    0.04084
    0.06502
    0.03523
   -0.01585
    0.06427
    0.07093
   -0.06459
   -0.02514
    0.01891
   -0.02237
    0.03882
    0.00744
   -0.02927
    0.01584
   -0.04776
   -0.01129
    0.03990
    0.04369
    0.00690
   -0.05389
    0.02596
   -0.02451
    0.04319
   -0.00527
   -0.01684
   -0.03630
    0.00557
    0.01820
    0.04825
   -0.02325
    0.06038
    0.04685
    0.02601
    0.01300
   -0.03799
    0.07234
   -0.06444
    0.02571
   -0.02039
    0.05601
   -0.04338
   -0.03547
   -0.05089
   -0.03868
    0.01836
   -0.00300
    0.03546
   -0.02370
   -0.06283
    0.05397
   -0.01662
   -0.06437
    0.04095
    0.04152
   -0.00350
    0.04843
   -0.05173
    0.00940
    0.02930
   -0.05494
    0.02170
    0.01846
    0.03055
    0.02563
    0.00524
   -0.06925
    0.06573
   -0.05761
   -0.01818
    0.02821
    0.02579
    0.04579
    0.00360
   -0.06348
    0.03896
    0.00829
   -0.00442
    0.01864
    0.00736
   -0.01930
   -0.06117
   -0.02649
   -0.03119
    0.06935
    0.05646
    0.05944
    0.00583
   -0.05447
   -0.04232
    0.03200
    0.07009
    0.04754
   -0.00854
    0.04358
   -0.03823
    0.07068
   -0.04915
   -0.06765
   -0.04138
   -0.03211
   -0.00278
    0.03607
   -0.03801
    0.00819
    0.00503
   -0.05781
   -0.00193
   -0.04004
   -0.00418
   -0.04907
    0.05931
    0.06468
   -0.03148
   -0.05116
   -0.02599
    0.02113
   -0.00901
   -0.03825
    0.05761
    0.06780
    0.00250
   -0.01270
    0.03965
   -0.04839
   -0.01564
   -0.04857
   -0.03863
    0.05110
   -0.04000
    0.00461
   -0.03828
    0.01464
    0.03068
    0.00184
    0.03330
    0.06876
    0.03731
   -0.01167
    0.06631
   -0.03776
    0.01127
    0.04167
   -0.00753
    0.02838
   -0.04144
    0.02585
   -0.05745
   -0.01628
   -0.06672
   -0.05295
    0.06165
   -0.03319
    0.04177
    0.03801
    0.03707
   -0.01720
   -0.00935
    0.00081
   -0.07151
    0.02540
   -0.00960
   -0.00584
   -0.00475
    0.05794
    0.00752
    0.00977
    0.02989
   -0.00836
   -0.05368
   -0.02897
    0.06597
    0.00594
    0.01916
   -0.05620
    0.04753
    0.01853
    0.07403
   -0.06129
   -0.00245
    0.04675
    0.05882
   -0.02410
    0.06872
    0.04309
    0.03643
   -0.04736
   -0.05317
   -0.02787
    0.05426
    0.03477
   -0.03526
   -0.07314
    0.02839
   -0.03656
    0.04398
   -0.06412
    0.01772
   -0.01738
   -0.02010
    0.04736
   -0.03876
   -0.01572
    0.02836
   -0.03952
    0.07201
   -0.00713
   -0.00594
    0.02398
   -0.02645
    0.03222
    0.02592
   -0.05624
    0.06152
   -0.00140
   -0.04312
   -0.03279
    0.01678
   -0.03584
    0.01171
   -0.07394
    0.01687
   -0.00471
    0.02051
    0.02891
   -0.00715
   -0.02807
    0.01437
    0.04135
    0.04795
   -0.04056
    0.00932
   -0.06508
   -0.06387
    0.05738
    0.03146
   -0.01584
    0.08012
    0.03126
   -0.03900
    0.03821
   -0.03495
    0.02793
   -0.03013
    0.04092
   -0.06479
   -0.05394
   -0.07003
   -0.01425
   -0.06167
    0.03160
    0.00998
    0.01621
    0.04501
    0.01513
    0.03688
    0.03758
    0.02238
    0.03879
    0.03101
    0.01158
   -0.02334
    0.02666
   -0.00162
   -0.05708
   -0.00584
    0.00588
    0.01383
   -0.02093
   -0.02045
    0.03803
    0.07281
   -0.02967
   -0.00169
   -0.01084
    0.05652
    0.01051
    0.02619
    0.04609
   -0.06260
    0.02002
   -0.04447
   -0.01820
   -0.01687
    0.03145
   -0.04892
    0.02193
   -0.01220
    0.04571
   -0.02496
   -0.05242
   -0.00475
    0.00203
    0.03671
   -0.00851
   -0.04598
    0.00747
    0.03888
    0.01338
   -0.00133
    0.01082
    0.04475
    0.05222
   -0.04035
    0.03806
    0.07002
    0.02067
    0.03719
   -0.01296
   -0.05565
    0.03501
   -0.00667
    0.04037
   -0.04534
   -0.01754
   -0.05981
   -0.05107
    0.04702
   -0.01481
    0.02817
   -0.06150
    0.04033
   -0.02304
    0.04229
   -0.04085
    0.03567
   -0.03993
    0.06446
   -0.05091
    0.05935
   -0.00967
   -0.03452
   -0.06175
    0.00060
    0.00967
   -0.04124
    0.03243
   -0.05321
    0.04290
    0.04459
   -0.03112
    0.02607
   -0.05076
    0.05199
    0.05371
   -0.03722
   -0.06935
    0.04475
    0.05731
    0.03961
   -0.06961
   -0.01694
   -0.03313
    0.01161
   -0.04630
    0.02531
   -0.01025
    0.00353
   -0.00754
   -0.02383
   -0.03381
    0.00312
    0.06155
    0.05636
   -0.02379
   -0.07560
    0.00036
   -0.03601
   -0.03530
    0.00022
   -0.03967
   -0.03771
    0.01413
    0.07598
    0.02480
   -0.03826
    0.03371
    0.05165
    0.04898
   -0.06247
    0.05276
    0.01424
    0.02214
   -0.00333
    0.01920
   -0.06880
   -0.06256
    0.03672
    0.07148
   -0.01597
    0.05055
    0.05911
    0.04388
   -0.01826
   -0.01889
   -0.02593
   -0.01218
    0.05721
    0.05891
   -0.05612
   -0.02677
   -0.02370
    0.00346
    0.00585
   -0.04174
    0.04922
   -0.05250
   -0.03630
    0.03704
    0.02304
    0.05360
   -0.06849
    0.01082
    0.04882
   -0.03399
   -0.03424
   -0.00606
   -0.00098
    0.05024
    0.00142
   -0.06266
   -0.06137
   -0.02106
   -0.05620
    0.00736
   -0.03801
    0.06458
    0.03221
    0.04356
    0.05094
   -0.03120
    0.06953
    0.03477
    0.06010
   -0.02312
   -0.05075
   -0.07159
    0.04659
   -0.05574
   -0.03035
   -0.02199
   -0.04035
   -0.00357
   -0.05585
    0.03635
    0.06396
   -0.04598
    0.03436
   -0.04621
    0.07079
   -0.01105
    0.07791
    0.01213
   -0.07317
   -0.00349
    0.06623
   -0.03329
    0.06071
    0.05605
   -0.03089
    0.01050
   -0.05265
   -0.01699
   -0.07618
    0.02123
   -0.02215
    0.00936
    0.02643
   -0.02363
   -0.04404
   -0.01635
    0.02160
   -0.05863
    0.00060
   -0.01230
    0.03700
   -0.03800
   -0.05168
    0.04058
    0.00658
   -0.04236
   -0.03387
    0.06240
   -0.05566
    0.03712
    0.02668
    0.04723
   -0.02060
    0.07524
   -0.00557
   -0.06664
   -0.02540
   -0.04624
    0.05956
   -0.02051
   -0.03215
    0.04673
    0.04688
   -0.05061
    0.05083
    0.04718
    0.02150
   -0.02420
    0.00386
   -0.05791
   -0.00265
   -0.04640
    0.04201
    0.05009
   -0.00201
   -0.06142
    0.03459
   -0.04703
    0.01740
   -0.04739
   -0.03838
   -0.02278
    0.04445
    0.04436
    0.01201
   -0.02365
   -0.03631
   -0.04390
   -0.01065
    0.06310
   -0.03397
   -0.04358
    0.06929
   -0.03965
    0.06169
   -0.03311
   -0.04923
    0.07119
   -0.02380
   -0.00429
    0.04680
   -0.00126
   -0.04498
    0.02274
   -0.06764
   -0.03825
   -0.00339
   -0.02357
   -0.01591
   -0.04192
   -0.05568
   -0.05574
   -0.03856
   -0.00588
    0.05571
    0.03012
    0.03838
    0.02866
    0.05773
    0.04429
    0.01892
   -0.04681

   -0.03386
    0.05490
   -0.04782
    0.03749
    0.02058
    0.06828
   -0.08612
    0.01420
   -0.03862
   -0.04801
    0.03387
   -0.01419
   -0.00420
    0.00537
    0.03188
   -0.06297
    0.02883
   -0.05733
   -0.02402
   -0.05041
    0.05406
   -0.02838
   -0.03731
   -0.02977
   -0.02304
   -0.00869
    0.06090
   -0.03059
   -0.03738
   -0.02586
   -0.03267
    0.04985
    0.07426
    0.02058
    0.01307
   -0.01191
    0.00842
    0.04437
   -0.02114
    0.03949
    0.02482
   -0.02502
   -0.01823
   -0.01210
    0.04063
    0.06528
    0.03416
   -0.01449
    0.06554
    0.07132
   -0.06412
   -0.02531
    0.01963
   -0.02266
    0.03928
    0.00713
   -0.02862
    0.01536
   -0.04740
   -0.01102
    0.04074
    0.04416
    0.00772
   -0.05366
    0.02534
   -0.02480
    0.04468
   -0.00424
   -0.01709
   -0.03743
    0.00656
    0.01889
    0.04909
   -0.02365
    0.06201
    0.04578
    0.02486
    0.01249
   -0.04071
    0.07229
   -0.06368
    0.02529
   -0.02111
    0.05623
   -0.04229
   -0.03527
   -0.05102
   -0.03970
    0.01899
   -0.00339
    0.03545
   -0.02385
   -0.06150
    0.05332
   -0.01778
   -0.06469
    0.04228
    0.04112
   -0.00299
    0.04820
   -0.05107
    0.00945
    0.02865
   -0.05611
    0.02159
    0.01760
    0.03146
    0.02531
    0.00546
   -0.06979
    0.06527
   -0.05755
   -0.01911
    0.02890
    0.02471
    0.04575
    0.00206
   -0.06427
    0.04114
    0.00836
   -0.00252
    0.01699
    0.00640
   -0.01905
   -0.06255
   -0.02728
   -0.03129
    0.06996
    0.05690
    0.05922
    0.00669
   -0.05553
   -0.04161
    0.03283
    0.06959
    0.04698
   -0.00877
    0.04485
   -0.03744
    0.07054
   -0.04937
   -0.06955
   -0.04202
   -0.03175
   -0.00282
    0.03542
   -0.03941
    0.00753
    0.00445
   -0.05819
   -0.00011
   -0.03928
   -0.00463
   -0.05024
    0.05983
    0.06474
   -0.03390
   -0.05183
   -0.02654
    0.02202
   -0.00780
   -0.03935
    0.05605
    0.06889
    0.00106
   -0.01274
    0.03902
   -0.04862
   -0.01549
   -0.04889
   -0.03757
    0.05159
   -0.04220
    0.00374
   -0.03786
    0.01437
    0.03171
    0.00118
    0.03262
    0.06782
    0.03831
   -0.01099
    0.06609
   -0.03977
    0.01072
    0.04113
   -0.00604
    0.02905
   -0.04087
    0.02419
   -0.05663
   -0.01564
   -0.06493
   -0.05187
    0.06316
   -0.03318
    0.04202
    0.03746
    0.03537
   -0.01759
   -0.00859
    0.00144
   -0.07286
    0.02587
   -0.00831
   -0.00580
   -0.00514
    0.05809
    0.00805
    0.01080
    0.03096
   -0.00821
   -0.05181
   -0.03146
    0.06695
    0.00613
    0.01996
   -0.05657
    0.04861
    0.01874
    0.07335
   -0.06196
   -0.00107
    0.04695
    0.05889
   -0.02428
    0.06977
    0.04399
    0.03577
   -0.04826
   -0.05276
   -0.02696
    0.05464
    0.03502
   -0.03545
   -0.07348
    0.02677
   -0.03868
    0.04410
   -0.06507
    0.01779
   -0.01763
   -0.02035
    0.04852
   -0.04007
   -0.01606
    0.02843
   -0.04086
    0.07153
   -0.00813
   -0.00527
    0.02434
   -0.02732
    0.03148
    0.02530
   -0.05550
    0.06267
   -0.00085
   -0.04445
   -0.03153
    0.01637
   -0.03611
    0.01340
   -0.07227
    0.01609
   -0.00376
    0.02049
    0.02895
   -0.00732
   -0.02775
    0.01325
    0.04277
    0.04889
   -0.04151
    0.00830
   -0.06640
   -0.06430
    0.05657
    0.03275
   -0.01591
    0.07929
    0.03217
   -0.03834
    0.03888
   -0.03544
    0.02781
   -0.03194
    0.04078
   -0.06537
   -0.05464
   -0.07174
   -0.01338
   -0.06252
    0.03285
    0.00892
    0.01570
    0.04626
    0.01416
    0.03508
    0.03970
    0.02179
    0.04050
    0.03069
    0.01131
   -0.02417
    0.02668
   -0.00174
   -0.05706
   -0.00428
    0.00616
    0.01298
   -0.01962
   -0.01928
    0.04037
    0.07273
   -0.02998
   -0.00212
   -0.00918
    0.05625
    0.01132
    0.02688
    0.04650
   -0.06411
    0.02039
   -0.04545
   -0.01704
   -0.01759
    0.03165
   -0.04974
    0.02300
   -0.01098
    0.04614
   -0.02528
   -0.05229
   -0.00446
   -0.00033
    0.03800
   -0.00834
   -0.04573
    0.00612
    0.03874
    0.01361
   -0.00099
    0.01222
    0.04554
    0.05227
   -0.04034
    0.03920
    0.07038
    0.02172
    0.03809
   -0.01074
   -0.05492
    0.03573
   -0.00708
    0.03952
   -0.04637
   -0.01679
   -0.05957
   -0.05107
    0.04814
   -0.01467
    0.02906
   -0.06275
    0.04063
   -0.02259
    0.04146
   -0.04005
    0.03552
   -0.03995
    0.06376
   -0.05072
    0.05931
   -0.00945
   -0.03481
   -0.06331
    0.00025
    0.01219
   -0.04169
    0.03188
   -0.05372
    0.04268
    0.04585
   -0.03234
    0.02753
   -0.04920
    0.04999
    0.05374
   -0.03619
   -0.06886
    0.04402
    0.05839
    0.03798
   -0.07078
   -0.01630
   -0.03271
    0.01002
   -0.04593
    0.02606
   -0.01109
    0.00257
   -0.00667
   -0.02264
   -0.03409
    0.00341
    0.06210
    0.05605
   -0.02455
   -0.07536
    0.00052
   -0.03672
   -0.03538
   -0.00058
   -0.03979
   -0.03816
    0.01413
    0.07572
    0.02616
   -0.03911
    0.03405
    0.05055
    0.05055
   -0.06179
    0.05217
    0.01373
    0.02123
   -0.00307
    0.01991
   -0.06950
   -0.06281
    0.03641
    0.07405
   -0.01468
    0.05144
    0.06048
    0.04407
   -0.02038
   -0.01879
   -0.02556
   -0.01152
    0.05799
    0.06079
   -0.05626
   -0.02598
   -0.02379
    0.00385
    0.00452
   -0.04171
    0.04814
   -0.05226
   -0.03667
    0.03927
    0.02256
    0.05543
   -0.06887
    0.01078
    0.04907
   -0.03362
   -0.03305
   -0.00471
   -0.00102
    0.05016
    0.00130
   -0.06195
   -0.06204
   -0.02153
   -0.05655
    0.00932
   -0.03828
    0.06430
    0.03290
    0.04464
    0.05118
   -0.03076
    0.06816
    0.03286
    0.06089
   -0.02409
   -0.04983
   -0.07281
    0.04601
   -0.05680
   -0.03026
   -0.02241
   -0.04103
   -0.00227
   -0.05723
    0.03669
    0.06623
   -0.04663
    0.03386
   -0.04733
    0.07035
   -0.00992
    0.07721
    0.01032
   -0.07356
   -0.00383
    0.06698
   -0.03484
    0.06093
    0.05516
   -0.02999
    0.01220
   -0.05413
   -0.01620
   -0.07583
    0.01993
   -0.02265
    0.01010
    0.02797
   -0.02215
   -0.04464
   -0.01535
    0.02095
   -0.05917
    0.00094
   -0.01256
    0.03791
   -0.03749
   -0.05228
    0.03924
    0.00616
   -0.04341
   -0.03444
    0.06436
   -0.05702
    0.03872
    0.02739
    0.04627
   -0.01910
    0.07669
   -0.00626
   -0.06694
   -0.02472
   -0.04514
    0.06002
   -0.01964
   -0.03264
    0.04563
    0.04723
   -0.04923
    0.05268
    0.04626
    0.02178
   -0.02598
    0.00296
   -0.05816
   -0.00098
   -0.04643
    0.04235
    0.05061
   -0.00119
   -0.06028
    0.03460
   -0.04751
    0.01704
   -0.04729
   -0.03687
   -0.02395
    0.04527
    0.04211
    0.01136
   -0.02339
   -0.03655
   -0.04220
   -0.00994
    0.06284
   -0.03461
   -0.04430
    0.06993
   -0.03975
    0.06117
   -0.03256
   -0.04885
    0.07137
   -0.02476
   -0.00518
    0.04722
    0.00017
   -0.04645
    0.02262
   -0.06765
   -0.04027
   -0.00508
   -0.02443
   -0.01565
   -0.04080
   -0.05645
   -0.05562
   -0.03954
   -0.00499
    0.05492
    0.02988
    0.03813
    0.03030
    0.05766
    0.04574
    0.01902
   -0.04840

   -0.02898
   -0.06985
   -0.09358
   -0.02292
   -0.03641
    0.04212
   -0.00772
    0.04330
   -0.07975
    0.00543
    0.01157
    0.01551
    0.03570
    0.02168
    0.07201
   -0.05499
    0.00236
    0.04461
    0.02002
   -0.05380
    0.01550
   -0.02087
    0.05744
   -0.05149
   -0.02616
    0.00598
    0.05939
   -0.00009
    0.03945
   -0.02502
    0.02727
    0.01397
   -0.03269
   -0.01262
    0.01416
   -0.01688
    0.06270
   -0.01058
    0.02514
    0.10834
   -0.04890
   -0.06323
   -0.00488
    0.00816
    0.03395
    0.02746
    0.04954
   -0.06497
   -0.02642
    0.03103
   -0.05865
   -0.01463
   -0.02281
   -0.00254
   -0.02497
    0.02651
   -0.04321
    0.02870
   -0.03414
   -0.03985
   -0.01611
    0.02144
   -0.04487
   -0.01817
    0.02615
   -0.00946
   -0.03134
   -0.03994
    0.00603
    0.03544
   -0.05426
    0.00825
   -0.01768
    0.00623
   -0.05957
    0.06771
    0.06038
    0.03374
    0.07048
    0.05201
   -0.07371
    0.04024
    0.00071
    0.00381
   -0.07870
   -0.01891
   -0.02047
    0.02405
   -0.02146
    0.00260
    0.01706
   -0.01857
   -0.07374
    0.03137
    0.03638
   -0.03076
   -0.00911
    0.04027
   -0.02179
    0.02653
   -0.06468
    0.03085
    0.05891
    0.01545
   -0.01944
    0.07414
   -0.02730
    0.03770
    0.02380
   -0.02389
    0.04285
   -0.04663
    0.02567
   -0.01456
    0.04971
    0.03151
    0.05906
   -0.01479
   -0.03865
   -0.00060
   -0.08349
    0.08704
    0.04822
   -0.01010
    0.01768
    0.01252
    0.00268
    0.00085
    0.01119
    0.05714
   -0.01150
    0.00649
   -0.02724
   -0.01198
    0.05580
    0.06235
    0.01581
   -0.05289
   -0.05342
    0.02121
   -0.01935
    0.04499
    0.00161
   -0.03704
   -0.01329
    0.07798
    0.03842
    0.04019
    0.02277
   -0.01878
   -0.08317
   -0.04008
    0.00085
    0.00249
    0.00182
    0.02396
    0.07054
    0.00394
   -0.00360
   -0.01918
   -0.03931
    0.01259
    0.09259
   -0.00035
    0.05427
   -0.03666
    0.05842
    0.00263
   -0.01829
   -0.01314
   -0.05960
   -0.00118
    0.05478
    0.04739
   -0.04851
    0.00898
   -0.03366
    0.00209
    0.03724
    0.05731
    0.00829
   -0.02304
    0.05026
    0.06063
    0.04614
    0.06128
   -0.05589
   -0.01411
   -0.05886
    0.07569
   -0.05423
   -0.03111
   -0.08480
   -0.06769
   -0.02513
   -0.01924
   -0.00194
    0.02182
    0.08173
   -0.00776
   -0.04507
   -0.02539
    0.02924
    0.01392
   -0.04138
   -0.00492
    0.01675
    0.03802
   -0.00433
   -0.03496
   -0.00561
   -0.01133
   -0.08577
    0.06891
    0.00272
   -0.01411
   -0.00808
   -0.01098
   -0.00057
    0.00294
    0.06985
   -0.01808
   -0.05477
    0.02657
    0.04137
   -0.02218
    0.00313
   -0.00588
    0.04935
   -0.01315
   -0.08151
   -0.03712
    0.01576
    0.02222
   -0.00729
   -0.02570
    0.06398
    0.05819
    0.01473
    0.01152
    0.00920
   -0.01528
   -0.01288
   -0.02743
    0.03107
    0.01710
    0.01052
    0.04083
    0.06303
    0.03061
   -0.03971
   -0.00535
    0.01212
    0.03920
    0.03951
   -0.05322
   -0.02536
   -0.01732
    0.02096
   -0.06018
    0.02677
    0.00190
   -0.05992
   -0.09649
    0.02699
   -0.04589
   -0.01520
    0.00847
    0.00529
   -0.01941
    0.04435
   -0.02286
   -0.03524
    0.00791
    0.06308
    0.01497
   -0.02849
    0.06111
   -0.03570
   -0.01151
    0.06115
   -0.02191
   -0.04415
    0.00443
    0.00314
    0.01673
    0.05586
    0.02886
   -0.00746
    0.01283
    0.03415
   -0.05775
    0.00665
   -0.04167
    0.06833
    0.04296
   -0.03524
    0.04355
    0.08057
   -0.06673
    0.06115
   -0.03207
    0.03654
    0.00662
   -0.00393
    0.00573
    0.00603
   -0.01018
   -0.06237
   -0.01664
    0.02808
   -0.06201
   -0.06188
   -0.05916
    0.04593
   -0.02052
    0.00744
   -0.06488
    0.05059
   -0.04371
    0.00628
    0.01262
    0.02066
   -0.00097
    0.02737
   -0.08026
    0.00588
    0.01341
    0.01536
   -0.02898
   -0.05729
   -0.01941
    0.02225
   -0.04113
    0.00515
    0.09901
   -0.03005
   -0.00067
   -0.02976
    0.02983
    0.02301
    0.01851
   -0.00141
   -0.05645
   -0.02498
    0.02838
   -0.03206
   -0.02699
    0.04854
   -0.02139
   -0.01900
   -0.07804
   -0.05943
    0.00855
    0.03887
    0.06434
    0.02253
   -0.03985
   -0.02891
   -0.03205
   -0.03356
   -0.02910
   -0.00508
    0.00988
    0.00027
   -0.03056
    0.08577
   -0.04220
    0.01513
   -0.01247
    0.06762
   -0.03686
    0.01998
   -0.01965
   -0.00440
    0.03664
    0.01121
   -0.09330
   -0.00443
    0.03601
   -0.00615
    0.03282
   -0.01928
    0.03950
   -0.04096
   -0.09408
    0.11002
    0.04993
   -0.02285
   -0.05802
    0.04465
   -0.00071
    0.08150
    0.00267
   -0.05283
   -0.03835
    0.07083
   -0.06516
    0.00025
    0.04891
    0.02618
   -0.03823
   -0.06492
   -0.00865
   -0.00534
    0.01624
    0.04398
    0.02903
   -0.04903
    0.00910
    0.02462
   -0.02643
    0.03584
   -0.02426
   -0.02001
    0.00131
    0.04485
   -0.03106
    0.00893
   -0.00242
    0.08216
   -0.02320
   -0.08059
    0.04540
    0.00852
    0.05284
    0.00572
   -0.01376
   -0.00012
   -0.00294
    0.03617
   -0.05014
   -0.06787
   -0.00469
   -0.02564
    0.01217
    0.08211
   -0.03717
   -0.03285
   -0.02798
    0.02255
   -0.04624
   -0.04830
   -0.05053
   -0.01848
   -0.00689
    0.05519
   -0.01431
    0.06054
   -0.02989
   -0.01791
   -0.07006
    0.02184
   -0.03183
   -0.02831
    0.00355
    0.01046
   -0.04320
   -0.04485
   -0.07414
    0.00233
    0.01167
    0.00904
   -0.05374
   -0.00831
    0.00464
   -0.02921
   -0.07388
   -0.00217
    0.05696
   -0.01247
   -0.02283
    0.00952
   -0.04960
    0.09955
    0.09671
    0.01642
    0.02795
   -0.04680
   -0.01292
    0.06124
    0.01753
   -0.02637
   -0.00962
    0.00722
   -0.04978
    0.04283
   -0.00860
   -0.05312
    0.01009
    0.03545
    0.02568
    0.05707
   -0.04044
    0.07131
    0.06912
   -0.01563
    0.00972
    0.00640
    0.03281
    0.01982
    0.05977
   -0.05266
   -0.04591
    0.02901
   -0.05238
   -0.06313
    0.05346
    0.01004
   -0.00765
   -0.03733
   -0.07410
   -0.01678
   -0.04308
    0.01974
   -0.00436
   -0.02583
   -0.01076
   -0.00304
   -0.04433
   -0.01116
    0.06750
    0.02258
    0.02507
    0.00555
   -0.03975
    0.02822
   -0.02982
   -0.02009
    0.07124
   -0.06885
   -0.00749
    0.02532
   -0.03593
   -0.03788
   -0.06775
    0.02620
   -0.04386
    0.01270
    0.07014
    0.00972
   -0.09960
   -0.04522
    0.07450
    0.00281
    0.07289
    0.01983
   -0.03917
   -0.05935
   -0.01909
   -0.00183
    0.00158
   -0.01221
   -0.07306
    0.01086
   -0.02384
    0.04500
   -0.03046
   -0.05665
    0.02476
   -0.01034
    0.09075
    0.03882
   -0.02866
   -0.00014
   -0.09137
   -0.03208
    0.05182
    0.00707
    0.00894
    0.00763
   -0.02602
    0.04547
   -0.04874
   -0.02992
    0.01102
    0.01586
    0.03014
   -0.00746
   -0.04688
    0.04917
   -0.00401
   -0.04065
    0.06399
    0.06726
    0.01692
   -0.02530
   -0.07971
    0.01026
   -0.03632
    0.01196
   -0.01556
    0.07761
    0.03639
    0.02722
   -0.06314
    0.04768
   -0.03355
    0.00009
    0.04012
