 444854635320372
       4912
 3600.47479
   -0.99858
    0.06314
   -1.01789
    0.06714

   -0.00722
   -0.03907
   -0.05765
    0.01519
    0.04828
    0.00186
   -0.02460
    0.05894
    0.04384
    0.02730
    0.01207
    0.02073
    0.01223
    0.02923
    0.02805
   -0.05663
   -0.02313
   -0.04845
   -0.01402
   -0.01868
    0.04517
    0.01984
   -0.03141
   -0.04841
    0.02993
   -0.03555
   -0.02436
   -0.04854
   -0.00098
   -0.04789
   -0.03346
   -0.00548
   -0.05762
   -0.01717
   -0.04987
   -0.04924
   -0.03380
   -0.02119
   -0.03392
    0.00444
   -0.00385
    0.05393
    0.01901
   -0.02556
   -0.03568
    0.06344
    0.04099
    0.02078
    0.04698
    0.01849
   -0.05908
   -0.02935
    0.00985
    0.05239
   -0.00705
   -0.04074
    0.01240
   -0.05939
    0.05138
    0.00159
    0.04271
    0.03116
    0.02657
   -0.03851
   -0.00985
   -0.00067
    0.00757
    0.06790
   -0.04494
    0.00665
    0.03272
    0.03822
    0.04083
   -0.03869
    0.07240
    0.06854
    0.06473
    0.02141
    0.04107
    0.04856
   -0.05949
    0.04378
   -0.03232
    0.01748
    0.01707
    0.05479
    0.03919
    0.03581
    0.04118
   -0.06149
   -0.02448
   -0.00644
   -0.05334
    0.05044
   -0.02736
   -0.03571
    0.00446
   -0.01675
    0.06131
    0.05305
   -0.00362
   -0.05724
    0.00080
   -0.03172
   -0.02771
    0.02837
    0.04936
   -0.06044
   -0.02070
   -0.06728
    0.03450
   -0.03635
   -0.03703
   -0.06738
    0.02261
   -0.01808
    0.02955
   -0.04510
    0.01056
    0.04179
   -0.01621
    0.04751
    0.07015
   -0.01944
    0.03622
    0.06250
   -0.04556
   -0.02337
    0.05943
    0.03505
   -0.06620
   -0.06410
   -0.02480
   -0.02960
   -0.00809
    0.04512
    0.04578
    0.03786
    0.00410
    0.06081
    0.03408
    0.04584
   -0.01707
   -0.04620
   -0.03723
    0.01061
   -0.05209
    0.02716
   -0.02681
    0.00278
    0.00254
   -0.03411
    0.02809
   -0.01787
   -0.03222
   -0.06467
    0.00525
    0.02832
    0.01714
   -0.04909
    0.02408
   -0.00595
    0.04838
    0.06583
    0.02000
   -0.05764
   -0.04451
   -0.02817
    0.06876
   -0.01740
    0.06789
    0.04733
    0.00306
    0.00358
   -0.05598
    0.02585
   -0.01837
    0.03192
    0.05430
    0.06052
   -0.03182
    0.01188
   -0.05364
   -0.03610
    0.05521
    0.03775
   -0.05722
    0.01301
   -0.07278
   -0.03830
    0.03405
   -0.01275
   -0.06198
    0.01545
    0.02936
   -0.07073
   -0.03940
   -0.03430
    0.05571
    0.03294
    0.01135
   -0.01004
    0.06003
   -0.02220
    0.04462
    0.05413
   -0.07013
   -0.01320
    0.01252
   -0.01088
   -0.02157
   -0.05251
    0.01541
    0.03971
    0.05252
   -0.05751
   -0.06112
    0.06125
   -0.04267
    0.05023
    0.03033
    0.02575
   -0.00558
   -0.05776
    0.01135
    0.01586
   -0.04213
    0.02071
   -0.00245
    0.00741
    0.04584
    0.00170
    0.03588
    0.02585
   -0.01718
   -0.00817
   -0.01396
   -0.04284
   -0.00983
   -0.05928
   -0.04568
    0.07300
   -0.04622
    0.05199
   -0.01796
    0.04806
    0.04224
    0.06579
   -0.00156
    0.04773
   -0.05555
   -0.03600
   -0.00715
   -0.03099
    0.06316
   -0.02887
    0.04721
    0.05599
   -0.04535
    0.05158
    0.03827
   -0.02145
    0.00459
    0.00011
   -0.02582
   -0.03308
   -0.06932
   -0.04757
    0.05596
   -0.04648
   -0.03624
   -0.03179
    0.03827
    0.02610
    0.00889
    0.03222
    0.05976
    0.05667
    0.04658
    0.00515
    0.04371
   -0.00151
   -0.03067
    0.04045
   -0.00180
    0.05037
   -0.07163
   -0.00016
    0.04575
   -0.02236
    0.04835
   -0.06438
    0.03300
   -0.05639
    0.05559
   -0.02047
    0.02535
    0.06100
    0.00523
    0.01433
   -0.02279
    0.03681
   -0.01119
   -0.02020
   -0.02342
   -0.01355
   -0.01301
   -0.03542
    0.03159
    0.05993
    0.03389
   -0.00555
   -0.06473
   -0.03345
    0.06139
    0.01832
   -0.00285
    0.01056
   -0.05939
   -0.00548
    0.00403
   -0.02818
   -0.05734
    0.02675
   -0.06082
    0.00226
    0.06431
   -0.01677
    0.04627
    0.05947
   -0.04467
    0.00706
   -0.02183
   -0.01397
    0.06790
   -0.00190
   -0.02406
    0.04176
   -0.00678
   -0.01491
    0.05680
   -0.04223
    0.03214
    0.04459
    0.00011
    0.04697
   -0.02785
    0.00201
    0.02848
    0.05582
    0.02923
    0.04156
   -0.02336
   -0.04508
    0.06310
   -0.00565
    0.05140
    0.03580
    0.04557
    0.05334
    0.00298
   -0.01730
    0.00578
    0.02090
    0.00201
   -0.00763
    0.04799
   -0.02426
    0.01106
    0.01280
    0.05683
    0.01854
    0.03791
   -0.03834
   -0.00806
    0.03738
    0.03113
    0.00932
    0.02678
   -0.03442
    0.01231
   -0.00785
    0.02736
    0.03841
    0.03802
   -0.00638
    0.02056
    0.05481
   -0.00151
   -0.06145
    0.05540
   -0.02810
   -0.03079
   -0.05101
    0.00603
   -0.05205
    0.04497
   -0.03996
    0.02295
    0.01144
    0.04963
   -0.03791
    0.05690
    0.06441
    0.01627
    0.02825
    0.00457
    0.06239
    0.03584
   -0.03774
   -0.01781
    0.01490
   -0.04266
   -0.05749
    0.05752
    0.01791
    0.00901
   -0.03263
    0.01366
    0.01626
    0.02854
    0.05069
   -0.02562
    0.01999
   -0.03421
    0.06962
   -0.03073
   -0.02020
   -0.01376
    0.03093
   -0.03988
   -0.05979
    0.03783
   -0.01760
    0.05955
   -0.06438
    0.00073
   -0.04878
   -0.01403
   -0.03047
   -0.03421
    0.03471
   -0.03927
   -0.00551
   -0.04178
    0.04270
    0.00763
   -0.04554
    0.03582
    0.04476
   -0.00335
    0.02695
   -0.02405
    0.04211
   -0.04963
   -0.01313
    0.06613
    0.02691
   -0.01119
   -0.01326
   -0.05490
    0.02084
   -0.02178
    0.04017
    0.06428
    0.03120
   -0.00616
   -0.06516
    0.04441
    0.04242
   -0.07096
   -0.01229
   -0.02569
    0.07226
    0.03206
    0.06629
    0.06812
   -0.02532
    0.04785
    0.03173
   -0.04065
   -0.05281
   -0.02812
    0.06116
   -0.05024
   -0.04037
   -0.05929
   -0.00378
    0.05989
   -0.06862
   -0.05038
    0.03697
    0.05219
    0.06425
    0.02235
   -0.04123
   -0.05892
    0.03785
    0.01906
   -0.06640
   -0.05472
    0.06272
    0.03157
    0.00464
   -0.07168
    0.05825
    0.05037
   -0.05390
    0.05783
    0.03603
   -0.07124
    0.03291
    0.05590
    0.00929
    0.06967
   -0.05755
    0.01673
   -0.05661
   -0.03784
    0.01229
    0.02149
   -0.04400
    0.05846
    0.03734
    0.05801
    0.01732
    0.05059
    0.02316
   -0.06304
    0.01125
    0.04898
    0.00747
    0.00321
   -0.05298
   -0.01829
   -0.04032
   -0.00433
   -0.04884
   -0.03581
    0.03993
    0.06015
    0.04350
    0.07088
   -0.00291
   -0.05316
   -0.03230
    0.01548
    0.05530
   -0.05684
   -0.02822
   -0.05226
    0.05587
    0.01704
   -0.03049
    0.02066
   -0.04533
   -0.06936
    0.05250
   -0.05054
    0.02283
    0.05861
   -0.01741
   -0.05617
   -0.03815
    0.02713
   -0.03398
    0.07003
   -0.03232
    0.03594
   -0.01382
   -0.02704
    0.01618
    0.04515
    0.00707
    0.00136
   -0.00846
   -0.05157
    0.06756
   -0.05430
   -0.01002
    0.05360
    0.02610
   -0.00782
   -0.00406
   -0.03395
    0.04361
   -0.01549
   -0.04775
   -0.03226
   -0.03879
   -0.03250
    0.04018
    0.05603
   -0.01332
    0.05744
   -0.01340
   -0.01126
    0.03000
   -0.02407
   -0.05560

   -0.00666
   -0.04041
   -0.05929
    0.01573
    0.04881
    0.00076
   -0.02588
    0.06085
    0.04558
    0.02737
    0.01177
    0.02105
    0.01262
    0.03027
    0.02775
   -0.05754
   -0.02403
   -0.04933
   -0.01366
   -0.01944
    0.04662
    0.01968
   -0.03190
   -0.05019
    0.02967
   -0.03559
   -0.02525
   -0.05027
   -0.00155
   -0.04783
   -0.03501
   -0.00621
   -0.05868
   -0.01725
   -0.05188
   -0.04953
   -0.03375
   -0.02265
   -0.03421
    0.00423
   -0.00303
    0.05591
    0.01904
   -0.02677
   -0.03782
    0.06547
    0.04145
    0.02097
    0.04762
    0.01870
   -0.05975
   -0.02982
    0.01065
    0.05349
   -0.00636
   -0.04147
    0.01357
   -0.06014
    0.05143
    0.00157
    0.04348
    0.03041
    0.02708
   -0.03993
   -0.00983
   -0.00138
    0.00811
    0.06889
   -0.04521
    0.00694
    0.03416
    0.03926
    0.04152
   -0.03872
    0.07287
    0.07081
    0.06612
    0.02136
    0.04124
    0.04963
   -0.06161
    0.04542
   -0.03339
    0.01816
    0.01835
    0.05642
    0.03970
    0.03721
    0.04255
   -0.06240
   -0.02530
   -0.00573
   -0.05538
    0.05166
   -0.02719
   -0.03573
    0.00433
   -0.01705
    0.06281
    0.05416
   -0.00400
   -0.05788
    0.00029
   -0.03181
   -0.02745
    0.02952
    0.05053
   -0.06063
   -0.02082
   -0.06760
    0.03539
   -0.03677
   -0.03788
   -0.06975
    0.02264
   -0.01893
    0.03062
   -0.04493
    0.01096
    0.04149
   -0.01637
    0.04751
    0.07161
   -0.02009
    0.03617
    0.06419
   -0.04689
   -0.02330
    0.06157
    0.03523
   -0.06696
   -0.06594
   -0.02491
   -0.03035
   -0.00817
    0.04652
    0.04634
    0.03814
    0.00346
    0.06267
    0.03526
    0.04613
   -0.01714
   -0.04649
   -0.03868
    0.01165
   -0.05227
    0.02855
   -0.02756
    0.00216
    0.00330
   -0.03552
    0.02891
   -0.01820
   -0.03371
   -0.06563
    0.00440
    0.02807
    0.01728
   -0.05017
    0.02412
   -0.00566
    0.04865
    0.06720
    0.02125
   -0.05858
   -0.04531
   -0.02941
    0.07131
   -0.01741
    0.06951
    0.04822
    0.00251
    0.00362
   -0.05706
    0.02694
   -0.01933
    0.03270
    0.05558
    0.06122
   -0.03178
    0.01189
   -0.05431
   -0.03617
    0.05587
    0.03794
   -0.05838
    0.01397
   -0.07431
   -0.03917
    0.03581
   -0.01271
   -0.06235
    0.01692
    0.03054
   -0.07230
   -0.03940
   -0.03475
    0.05599
    0.03494
    0.01190
   -0.01023
    0.06134
   -0.02256
    0.04603
    0.05478
   -0.07160
   -0.01432
    0.01302
   -0.01184
   -0.02301
   -0.05424
    0.01630
    0.04061
    0.05343
   -0.05842
   -0.06253
    0.06340
   -0.04257
    0.05170
    0.03218
    0.02598
   -0.00493
   -0.05843
    0.01201
    0.01666
   -0.04291
    0.02191
   -0.00226
    0.00693
    0.04706
    0.00086
    0.03677
    0.02621
   -0.01793
   -0.00938
   -0.01338
   -0.04364
   -0.01065
   -0.06114
   -0.04744
    0.07556
   -0.04652
    0.05284
   -0.01930
    0.04931
    0.04235
    0.06667
   -0.00236
    0.04824
   -0.05654
   -0.03634
   -0.00757
   -0.03151
    0.06373
   -0.03032
    0.04743
    0.05662
   -0.04649
    0.05267
    0.03934
   -0.02250
    0.00387
    0.00050
   -0.02723
   -0.03351
   -0.06974
   -0.04967
    0.05632
   -0.04801
   -0.03572
   -0.03285
    0.03872
    0.02734
    0.00927
    0.03386
    0.06130
    0.05881
    0.04679
    0.00479
    0.04528
   -0.00198
   -0.03142
    0.04252
   -0.00123
    0.05160
   -0.07265
   -0.00037
    0.04744
   -0.02328
    0.05012
   -0.06552
    0.03394
   -0.05829
    0.05623
   -0.02072
    0.02583
    0.06307
    0.00442
    0.01389
   -0.02399
    0.03727
   -0.01179
   -0.01981
   -0.02386
   -0.01382
   -0.01363
   -0.03635
    0.03141
    0.06182
    0.03409
   -0.00667
   -0.06622
   -0.03341
    0.06194
    0.01815
   -0.00279
    0.01161
   -0.06086
   -0.00538
    0.00381
   -0.02983
   -0.05736
    0.02793
   -0.06253
    0.00301
    0.06547
   -0.01723
    0.04654
    0.06018
   -0.04480
    0.00695
   -0.02246
   -0.01453
    0.07022
   -0.00244
   -0.02467
    0.04250
   -0.00622
   -0.01475
    0.05839
   -0.04278
    0.03359
    0.04523
    0.00044
    0.04818
   -0.02757
    0.00181
    0.02833
    0.05573
    0.03029
    0.04240
   -0.02407
   -0.04518
    0.06475
   -0.00619
    0.05256
    0.03628
    0.04630
    0.05339
    0.00334
   -0.01701
    0.00630
    0.02162
    0.00170
   -0.00755
    0.04806
   -0.02564
    0.01217
    0.01262
    0.05883
    0.01823
    0.03889
   -0.03930
   -0.00758
    0.03929
    0.03260
    0.01052
    0.02690
   -0.03440
    0.01356
   -0.00835
    0.02779
    0.03788
    0.03802
   -0.00730
    0.02010
    0.05621
   -0.00257
   -0.06372
    0.05553
   -0.02921
   -0.03251
   -0.05131
    0.00592
   -0.05274
    0.04488
   -0.04006
    0.02351
    0.01172
    0.05162
   -0.03899
    0.05787
    0.06603
    0.01747
    0.02948
    0.00401
    0.06261
    0.03754
   -0.03804
   -0.01884
    0.01574
   -0.04282
   -0.05963
    0.05920
    0.01944
    0.01004
   -0.03270
    0.01337
    0.01699
    0.02895
    0.05080
   -0.02656
    0.01995
   -0.03539
    0.07186
   -0.03092
   -0.01941
   -0.01487
    0.03241
   -0.04117
   -0.06084
    0.03932
   -0.01796
    0.06052
   -0.06675
    0.00121
   -0.04993
   -0.01492
   -0.03194
   -0.03567
    0.03519
   -0.04058
   -0.00639
   -0.04375
    0.04329
    0.00798
   -0.04573
    0.03544
    0.04610
   -0.00401
    0.02760
   -0.02340
    0.04286
   -0.05042
   -0.01301
    0.06661
    0.02613
   -0.01165
   -0.01277
   -0.05536
    0.02135
   -0.02156
    0.04086
    0.06559
    0.03227
   -0.00669
   -0.06566
    0.04612
    0.04289
   -0.07294
   -0.01170
   -0.02559
    0.07453
    0.03217
    0.06863
    0.07030
   -0.02565
    0.04885
    0.03148
   -0.04234
   -0.05380
   -0.02903
    0.06258
   -0.05121
   -0.04180
   -0.06097
   -0.00315
    0.06054
   -0.06962
   -0.05078
    0.03861
    0.05278
    0.06550
    0.02382
   -0.04138
   -0.06024
    0.03947
    0.01928
   -0.06883
   -0.05569
    0.06396
    0.03279
    0.00580
   -0.07381
    0.05867
    0.05062
   -0.05509
    0.05947
    0.03722
   -0.07291
    0.03470
    0.05760
    0.01020
    0.07102
   -0.05967
    0.01756
   -0.05731
   -0.03761
    0.01213
    0.02132
   -0.04487
    0.06001
    0.03800
    0.05993
    0.01807
    0.05178
    0.02307
   -0.06368
    0.01202
    0.05090
    0.00780
    0.00321
   -0.05452
   -0.01945
   -0.04125
   -0.00380
   -0.04941
   -0.03672
    0.04165
    0.06025
    0.04419
    0.07160
   -0.00262
   -0.05424
   -0.03369
    0.01528
    0.05661
   -0.05770
   -0.02785
   -0.05298
    0.05573
    0.01711
   -0.03068
    0.02160
   -0.04565
   -0.07025
    0.05281
   -0.05181
    0.02283
    0.06007
   -0.01812
   -0.05807
   -0.03901
    0.02776
   -0.03588
    0.07240
   -0.03295
    0.03708
   -0.01426
   -0.02689
    0.01733
    0.04638
    0.00774
    0.00131
   -0.00912
   -0.05279
    0.06834
   -0.05523
   -0.01021
    0.05492
    0.02778
   -0.00889
   -0.00408
   -0.03392
    0.04456
   -0.01517
   -0.04860
   -0.03310
   -0.03934
   -0.03300
    0.04121
    0.05629
   -0.01434
    0.05940
   -0.01361
   -0.01224
    0.03120
   -0.02396
   -0.05565
