          0          0    0.00000   -0.14199    0.15167   -0.14199    0.15167
          0          3    0.05494    0.95246    0.84742    0.95246    0.84742
          0          7    0.12920    0.95246    0.84742    0.45096    1.05323
          0         13    0.24184    0.95246    0.84742    0.25697    0.01894
          0         25    0.36524    0.95246    0.84742    0.23435   -0.00362
          1          0    0.64864    0.23435   -0.00362    0.23435   -0.00362
          1        100    2.01634   -0.12919    0.00025   -0.08642   -0.03525
          1        200    2.89139   -0.13487   -0.00343   -0.11537   -0.02580
          1        300    4.22455   -0.13818   -0.00368   -0.12561   -0.02140
          1        400    5.48961   -0.14020   -0.00394   -0.12434   -0.01908
          1        500    6.63392   -0.14168   -0.00412   -0.12945   -0.01630
          1        600    7.93236   -0.14281   -0.00423   -0.13253   -0.01524
          1        700    9.12678   -0.14373   -0.00421   -0.13442   -0.01393
          1        800   10.21842   -0.14452   -0.00409   -0.13608   -0.01282
          1        900   11.16884   -0.14523   -0.00391   -0.13754   -0.01185
          1       1000   12.35209   -0.14589   -0.00369   -0.13883   -0.01114
          1       1100   13.46518   -0.14649   -0.00345   -0.14011   -0.01048
          1       1200   14.54807   -0.14703   -0.00322   -0.14092   -0.00976
          1       1300   15.69001   -0.14753   -0.00300   -0.14172   -0.00922
          1       1400   16.65868   -0.14799   -0.00279   -0.14245   -0.00870
          1       1500   17.86131   -0.14841   -0.00259   -0.14308   -0.00827
          1       1600   19.09874   -0.14880   -0.00240   -0.14365   -0.00788
          1       1700   20.13044   -0.14917   -0.00222   -0.14416   -0.00753
          1       1800   21.09446   -0.14951   -0.00205   -0.14462   -0.00721
          1       1900   22.04401   -0.14983   -0.00188   -0.14504   -0.00692
          1       2000   23.16323   -0.15013   -0.00173   -0.14543   -0.00666
          1       2100   24.15372   -0.15042   -0.00158   -0.14578   -0.00643
          1       2200   25.12115   -0.15068   -0.00144   -0.14610   -0.00621
          1       2300   26.58815   -0.15094   -0.00131   -0.14622   -0.00620
          1       2400   27.75784   -0.15113   -0.00123   -0.14662   -0.00590
          1       2500   29.19289   -0.15131   -0.00115   -0.14689   -0.00572
          1       2600   30.23276   -0.15148   -0.00107   -0.14713   -0.00556
          1       2700   31.36197   -0.15164   -0.00100   -0.14736   -0.00541
          1       2800   32.43852   -0.15180   -0.00093   -0.14757   -0.00526
          1       2900   33.47453   -0.15195   -0.00086   -0.14777   -0.00513
          1       3000   34.40859   -0.15209   -0.00079   -0.14796   -0.00501
          1       3100   35.37517   -0.15223   -0.00073   -0.14814   -0.00489
          1       3200   36.52577   -0.15236   -0.00067   -0.14831   -0.00478
          1       3300   37.78165   -0.15249   -0.00060   -0.14847   -0.00467
          1       3400   38.94623   -0.15262   -0.00055   -0.14862   -0.00457
          1       3500   40.03257   -0.15274   -0.00049   -0.14876   -0.00448
          1       3600   41.00584   -0.15286   -0.00043   -0.14890   -0.00439
          1       3700   42.01360   -0.15296   -0.00039   -0.14903   -0.00431
          1       3800   42.97902   -0.15305   -0.00035   -0.14913   -0.00426
          1       3900   44.11423   -0.15313   -0.00032   -0.14925   -0.00418
          1       4000   45.18148   -0.15321   -0.00029   -0.14936   -0.00410
          1       4100   46.22471   -0.15329   -0.00026   -0.14947   -0.00403
          1       4200   47.31842   -0.15336   -0.00023   -0.14957   -0.00396
          1       4300   48.24248   -0.15343   -0.00019   -0.14968   -0.00390
          1       4400   49.35519   -0.15351   -0.00017   -0.14977   -0.00384
          1       4500   50.17029   -0.15358   -0.00014   -0.14986   -0.00377
          1       4600   51.13625   -0.15364   -0.00011   -0.14995   -0.00372
          1       4700   52.20284   -0.15371   -0.00008   -0.15004   -0.00366
          1       4800   53.10205   -0.15378   -0.00005   -0.15012   -0.00361
          1       4900   54.28576   -0.15384   -0.00002   -0.15020   -0.00356
          1       5000   55.35512   -0.15390    0.00000   -0.15028   -0.00351
          1       5100   56.42865   -0.15396    0.00003   -0.15035   -0.00346
          1       5200   57.55748   -0.15402    0.00005   -0.15048   -0.00335
          1       5300   58.44478   -0.15407    0.00007   -0.15048   -0.00339
          1       5400   59.52731   -0.15411    0.00008   -0.15055   -0.00334
          1       5500   60.68449   -0.15416    0.00010   -0.15061   -0.00330
          1       5600   61.88090   -0.15420    0.00012   -0.15068   -0.00326
          1       5700   63.08537   -0.15424    0.00013   -0.15074   -0.00322
          1       5800   64.35344   -0.15428    0.00015   -0.15080   -0.00318
          1       5900   65.58639   -0.15433    0.00016   -0.15086   -0.00314
          1       6000   66.74077   -0.15437    0.00018   -0.15091   -0.00311
          1       6100   67.91724   -0.15441    0.00019   -0.15097   -0.00307
          1       6200   69.31603   -0.15445    0.00021   -0.15102   -0.00304
          1       6300   70.53230   -0.15448    0.00022   -0.15107   -0.00300
          1       6400   71.74519   -0.15452    0.00024   -0.15112   -0.00297
          1       6500   72.78347   -0.15456    0.00025   -0.15117   -0.00294
          1       6600   74.04538   -0.15460    0.00027   -0.15122   -0.00291
          1       6700   75.16779   -0.15463    0.00028   -0.15137   -0.00275
          1       6800   76.14798   -0.15466    0.00029   -0.15130   -0.00286
          1       6900   77.16498   -0.15469    0.00030   -0.15134   -0.00284
          1       7000   78.20875   -0.15472    0.00031   -0.15139   -0.00281
          1       7100   79.18845   -0.15475    0.00032   -0.15143   -0.00278
          1       7200   80.35633   -0.15477    0.00033   -0.15147   -0.00276
          1       7300   81.48062   -0.15480    0.00034   -0.15151   -0.00273
          1       7400   82.54611   -0.15483    0.00034   -0.15155   -0.00270
          1       7500   83.45652   -0.15485    0.00035   -0.15159   -0.00268
          1       7600   84.71152   -0.15488    0.00036   -0.15162   -0.00266
          1       7700   86.03710   -0.15490    0.00037   -0.15166   -0.00263
          1       7800   87.16423   -0.15493    0.00038   -0.15170   -0.00261
          1       7900   88.35518   -0.15495    0.00039   -0.15173   -0.00259
          1       8000   89.56952   -0.15498    0.00040   -0.15176   -0.00257
          1       8100   90.71881   -0.15500    0.00040   -0.15180   -0.00255
          1       8200   91.65593   -0.15502    0.00041   -0.15183   -0.00252
          1       8300   92.96472   -0.15505    0.00042   -0.15186   -0.00251
          1       8400   94.06748   -0.15507    0.00043   -0.15174   -0.00269
          1       8500   95.03550   -0.15509    0.00043   -0.15192   -0.00247
          1       8600   96.25194   -0.15511    0.00044   -0.15195   -0.00245
          1       8700   97.43485   -0.15512    0.00044   -0.15198   -0.00244
          1       8800   98.50378   -0.15514    0.00045   -0.15201   -0.00242
          1       8900  100.09914   -0.15516    0.00045   -0.15203   -0.00240
          1       9000  101.21668   -0.15518    0.00046   -0.15206   -0.00238
          1       9100  102.42188   -0.15519    0.00046   -0.15209   -0.00236
          1       9200  103.44096   -0.15521    0.00047   -0.15212   -0.00235
          1       9300  104.51311   -0.15523    0.00047   -0.15214   -0.00233
          1       9400  105.64285   -0.15524    0.00048   -0.15217   -0.00231
          1       9500  106.82674   -0.15526    0.00048   -0.15219   -0.00230
          1       9600  107.95301   -0.15528    0.00049   -0.15222   -0.00228
          1       9700  109.21058   -0.15529    0.00049   -0.15224   -0.00227
          1       9800  110.27549   -0.15531    0.00050   -0.15227   -0.00225
          1       9900  111.42152   -0.15533    0.00050   -0.15229   -0.00224
          1      10000  112.41848   -0.15534    0.00051   -0.15231   -0.00222
          1      10100  113.68797   -0.15536    0.00051   -0.15233   -0.00221
          1      10200  114.84545   -0.15537    0.00052   -0.15226   -0.00232
          1      10300  116.26002   -0.15538    0.00052   -0.15237   -0.00218
          1      10400  117.31424   -0.15540    0.00052   -0.15240   -0.00217
          1      10500  118.50997   -0.15541    0.00053   -0.15242   -0.00216
          1      10600  119.67439   -0.15542    0.00053   -0.15244   -0.00214
          1      10700  120.69367   -0.15543    0.00053   -0.15246   -0.00213
          1      10800  121.91703   -0.15544    0.00053   -0.15248   -0.00212
          1      10900  123.00205   -0.15546    0.00054   -0.15250   -0.00211
          1      11000  123.93859   -0.15547    0.00054   -0.15252   -0.00209
          1      11100  125.26398   -0.15548    0.00054   -0.15254   -0.00208
          1      11200  126.60356   -0.15549    0.00055   -0.15256   -0.00207
          1      11300  127.84724   -0.15550    0.00055   -0.15258   -0.00206
          1      11400  129.15785   -0.15551    0.00055   -0.15259   -0.00204
          1      11500  130.25248   -0.15553    0.00056   -0.15261   -0.00203
          1      11600  131.39212   -0.15554    0.00056   -0.15263   -0.00202
          1      11700  132.45923   -0.15555    0.00056   -0.15265   -0.00201
          1      11800  133.43345   -0.15556    0.00056   -0.15267   -0.00200
          1      11900  134.30270   -0.15557    0.00057   -0.15268   -0.00199
          1      12000  135.18583   -0.15558    0.00057   -0.15270   -0.00198
          1      12100  136.27401   -0.15559    0.00057   -0.15258   -0.00215
          1      12200  137.14820   -0.15560    0.00057   -0.15273   -0.00196
          1      12300  138.22439   -0.15561    0.00058   -0.15275   -0.00195
          1      12400  139.43789   -0.15562    0.00058   -0.15276   -0.00194
          1      12500  140.70278   -0.15563    0.00058   -0.15278   -0.00193
          1      12600  141.71651   -0.15563    0.00058   -0.15279   -0.00192
          1      12700  142.55203   -0.15564    0.00058   -0.15281   -0.00191
          1      12800  143.69440   -0.15565    0.00059   -0.15282   -0.00190
          1      12900  144.75995   -0.15566    0.00059   -0.15284   -0.00189
          1      13000  145.66311   -0.15567    0.00059   -0.15285   -0.00188
          1      13100  147.15933   -0.15568    0.00059   -0.15287   -0.00187
          1      13200  148.24307   -0.15568    0.00059   -0.15288   -0.00186
          1      13300  149.43250   -0.15569    0.00059   -0.15290   -0.00186
          1      13400  150.91122   -0.15570    0.00060   -0.15291   -0.00185
          1      13500  151.75489   -0.15571    0.00060   -0.15292   -0.00184
          1      13600  152.97420   -0.15572    0.00060   -0.15294   -0.00183
          1      13700  154.15883   -0.15572    0.00060   -0.15295   -0.00182
          1      13800  155.31877   -0.15573    0.00060   -0.15296   -0.00181
          1      13900  156.51618   -0.15574    0.00060   -0.15298   -0.00180
          1      14000  157.74401   -0.15575    0.00061   -0.15299   -0.00180
          1      14100  158.90661   -0.15575    0.00061   -0.15297   -0.00183
          1      14200  160.01126   -0.15576    0.00061   -0.15301   -0.00179
          1      14300  161.01980   -0.15577    0.00061   -0.15302   -0.00178
          1      14400  162.09965   -0.15577    0.00061   -0.15304   -0.00177
          1      14500  163.31929   -0.15578    0.00061   -0.15305   -0.00176
          1      14600  164.50574   -0.15579    0.00061   -0.15306   -0.00175
          1      14700  165.55644   -0.15579    0.00061   -0.15307   -0.00174
          1      14800  166.64753   -0.15580    0.00061   -0.15309   -0.00174
          1      14900  167.84957   -0.15580    0.00062   -0.15310   -0.00173
          1      15000  168.89289   -0.15581    0.00062   -0.15311   -0.00172
          1      15100  170.22210   -0.15582    0.00062   -0.15312   -0.00172
          1      15200  171.49011   -0.15582    0.00062   -0.15313   -0.00171
          1      15300  172.36636   -0.15583    0.00062   -0.15314   -0.00170
          1      15400  173.54105   -0.15583    0.00062   -0.15315   -0.00169
          1      15500  174.80173   -0.15584    0.00062   -0.15316   -0.00169
          1      15600  176.13508   -0.15585    0.00062   -0.15317   -0.00168
          1      15700  177.54015   -0.15585    0.00062   -0.15319   -0.00167
          1      15800  178.89013   -0.15586    0.00062   -0.15320   -0.00167
          1      15900  179.85544   -0.15586    0.00063   -0.15321   -0.00166
          1      16000  181.16421   -0.15587    0.00063   -0.15322   -0.00165
          1      16100  182.33164   -0.15587    0.00063   -0.15323   -0.00165
          1      16200  183.34218   -0.15588    0.00063   -0.15324   -0.00164
          1      16300  184.52838   -0.15588    0.00063   -0.15309   -0.00184
          1      16400  185.61351   -0.15589    0.00063   -0.15325   -0.00163
          1      16500  186.54953   -0.15589    0.00063   -0.15326   -0.00162
          1      16600  187.64972   -0.15590    0.00063   -0.15327   -0.00162
          1      16700  188.71418   -0.15590    0.00063   -0.15328   -0.00161
          1      16800  189.67377   -0.15591    0.00063   -0.15329   -0.00161
          1      16900  190.84350   -0.15591    0.00063   -0.15330   -0.00160
          1      17000  191.95957   -0.15592    0.00063   -0.15331   -0.00159
          1      17100  192.95493   -0.15592    0.00063   -0.15332   -0.00159
          1      17200  194.02713   -0.15593    0.00063   -0.15333   -0.00158
          1      17300  195.15338   -0.15593    0.00063   -0.15334   -0.00158
          1      17400  196.27756   -0.15593    0.00064   -0.15335   -0.00157
          1      17500  197.35127   -0.15594    0.00064   -0.15336   -0.00157
          1      17600  198.43895   -0.15594    0.00064   -0.15337   -0.00156
          1      17700  199.36355   -0.15595    0.00065   -0.15337   -0.00155
          1      17800  200.33733   -0.15595    0.00065   -0.15338   -0.00155
          1      17900  201.44698   -0.15596    0.00066   -0.15339   -0.00154
          1      18000  202.31618   -0.15596    0.00066   -0.15340   -0.00154
          1      18100  203.42159   -0.15596    0.00066   -0.15341   -0.00153
          1      18200  204.61401   -0.15597    0.00067   -0.15342   -0.00153
          1      18300  205.78652   -0.15597    0.00067   -0.15342   -0.00152
          1      18400  206.72826   -0.15598    0.00068   -0.15343   -0.00152
          1      18500  208.02976   -0.15598    0.00068   -0.15344   -0.00151
          1      18600  209.34006   -0.15598    0.00068   -0.15357   -0.00134
          1      18700  210.41188   -0.15599    0.00069   -0.15346   -0.00150
          1      18800  211.47086   -0.15599    0.00069   -0.15346   -0.00150
          1      18900  212.65580   -0.15599    0.00069   -0.15347   -0.00149
          1      19000  213.69259   -0.15600    0.00069   -0.15348   -0.00149
          1      19100  214.98248   -0.15600    0.00070   -0.15349   -0.00148
          1      19200  216.04172   -0.15600    0.00070   -0.15349   -0.00148
          1      19300  217.19351   -0.15601    0.00070   -0.15350   -0.00148
          1      19400  218.21778   -0.15601    0.00070   -0.15351   -0.00147
          1      19500  219.41178   -0.15601    0.00071   -0.15352   -0.00147
          1      19600  220.44256   -0.15602    0.00071   -0.15352   -0.00146
          1      19700  221.51939   -0.15602    0.00071   -0.15353   -0.00146
          1      19800  222.62834   -0.15602    0.00071   -0.15354   -0.00145
          1      19900  224.04803   -0.15603    0.00072   -0.15355   -0.00145
          1      20000  224.93990   -0.15603    0.00072   -0.15355   -0.00144
          1      20100  226.26831   -0.15603    0.00072   -0.15356   -0.00144
          1      20200  227.39122   -0.15604    0.00073   -0.15357   -0.00143
          1      20300  228.38723   -0.15604    0.00073   -0.15357   -0.00143
          1      20400  229.60701   -0.15604    0.00073   -0.15358   -0.00143
          1      20500  230.88151   -0.15605    0.00073   -0.15359   -0.00142
          1      20600  232.04280   -0.15605    0.00074   -0.15359   -0.00142
          1      20700  233.26077   -0.15605    0.00074   -0.15360   -0.00141
          1      20800  234.42950   -0.15606    0.00074   -0.15361   -0.00141
          1      20900  235.70777   -0.15606    0.00074   -0.15361   -0.00141
          1      21000  237.02730   -0.15606    0.00075   -0.15357   -0.00146
          1      21100  238.06803   -0.15606    0.00075   -0.15362   -0.00141
          1      21200  239.18938   -0.15607    0.00075   -0.15363   -0.00139
          1      21300  240.31671   -0.15607    0.00075   -0.15364   -0.00139
          1      21400  241.25158   -0.15607    0.00076   -0.15364   -0.00139
          1      21500  242.50744   -0.15607    0.00076   -0.15365   -0.00138
          1      21600  243.63519   -0.15608    0.00076   -0.15366   -0.00138
          1      21700  244.78318   -0.15608    0.00076   -0.15366   -0.00137
          1      21800  245.91137   -0.15608    0.00076   -0.15367   -0.00137
          1      21900  246.89950   -0.15608    0.00076   -0.15367   -0.00137
          1      22000  247.78998   -0.15609    0.00077   -0.15368   -0.00136
          1      22100  248.91861   -0.15609    0.00077   -0.15369   -0.00136
          1      22200  250.15035   -0.15609    0.00077   -0.15369   -0.00136
          1      22300  251.42478   -0.15609    0.00077   -0.15370   -0.00135
          1      22400  252.38808   -0.15610    0.00077   -0.15370   -0.00135
          1      22500  253.67295   -0.15610    0.00078   -0.15371   -0.00134
          1      22600  254.86132   -0.15610    0.00078   -0.15372   -0.00134
          1      22700  255.87806   -0.15610    0.00078   -0.15372   -0.00134
          1      22800  256.85352   -0.15611    0.00078   -0.15373   -0.00133
          1      22900  258.12132   -0.15611    0.00078   -0.15373   -0.00133
          1      23000  259.28848   -0.15611    0.00079   -0.15374   -0.00133
          1      23100  260.19524   -0.15611    0.00079   -0.15374   -0.00132
          1      23200  261.19447   -0.15612    0.00079   -0.15375   -0.00132
          1      23300  262.51870   -0.15612    0.00079   -0.15375   -0.00132
          1      23400  263.80088   -0.15612    0.00079   -0.15376   -0.00131
          1      23500  265.06980   -0.15612    0.00080   -0.15376   -0.00132
          1      23600  266.04693   -0.15613    0.00080   -0.15372   -0.00138
          1      23700  267.15312   -0.15613    0.00080   -0.15377   -0.00130
          1      23800  268.36419   -0.15613    0.00080   -0.15378   -0.00130
          1      23900  269.54968   -0.15613    0.00080   -0.15379   -0.00130
          1      24000  270.53617   -0.15613    0.00080   -0.15379   -0.00129
          1      24100  271.74070   -0.15613    0.00081   -0.15380   -0.00129
          1      24200  273.09751   -0.15614    0.00081   -0.15380   -0.00129
          1      24300  274.22341   -0.15614    0.00081   -0.15381   -0.00128
          1      24400  275.35676   -0.15614    0.00081   -0.15381   -0.00128
          1      24500  276.62087   -0.15614    0.00081   -0.15382   -0.00128
          1      24600  277.86093   -0.15614    0.00081   -0.15382   -0.00127
          1      24700  279.04661   -0.15615    0.00081   -0.15383   -0.00127
          1      24800  279.89666   -0.15615    0.00081   -0.15383   -0.00127
          1      24900  281.12904   -0.15615    0.00082   -0.15384   -0.00126
          1      25000  282.04216   -0.15615    0.00082   -0.15384   -0.00126
          1      25100  283.03371   -0.15615    0.00082   -0.15385   -0.00126
          1      25200  284.02059   -0.15616    0.00082   -0.15385   -0.00126
          1      25300  284.97491   -0.15616    0.00082   -0.15386   -0.00125
          1      25400  285.88198   -0.15616    0.00082   -0.15386   -0.00125
          1      25500  286.96950   -0.15616    0.00082   -0.15386   -0.00125
          1      25600  288.33449   -0.15616    0.00083   -0.15387   -0.00124
          1      25700  289.75690   -0.15616    0.00083   -0.15387   -0.00124
          1      25800  291.12697   -0.15617    0.00083   -0.15388   -0.00124
          1      25900  292.21390   -0.15617    0.00083   -0.15388   -0.00124
          1      26000  293.25357   -0.15617    0.00083   -0.15389   -0.00123
          1      26100  294.60668   -0.15617    0.00083   -0.15389   -0.00123
          1      26200  295.71428   -0.15617    0.00083   -0.15391   -0.00121
          1      26300  296.88536   -0.15618    0.00084   -0.15393   -0.00119
          1      26400  298.07469   -0.15618    0.00084   -0.15390   -0.00122
          1      26500  299.11298   -0.15618    0.00084   -0.15391   -0.00122
          1      26600  300.05249   -0.15618    0.00084   -0.15391   -0.00122
          1      26700  301.26925   -0.15618    0.00084   -0.15392   -0.00121
          1      26800  302.40294   -0.15618    0.00084   -0.15392   -0.00121
          1      26900  303.41527   -0.15618    0.00084   -0.15393   -0.00121
          1      27000  304.49895   -0.15619    0.00084   -0.15393   -0.00121
          1      27100  305.61554   -0.15619    0.00084   -0.15393   -0.00120
          1      27200  306.75286   -0.15619    0.00084   -0.15394   -0.00120
          1      27300  308.04256   -0.15619    0.00085   -0.15394   -0.00120
          1      27400  309.20309   -0.15619    0.00085   -0.15395   -0.00119
          1      27500  310.25025   -0.15619    0.00085   -0.15395   -0.00119
          1      27600  311.27652   -0.15619    0.00085   -0.15396   -0.00119
          1      27700  312.64119   -0.15620    0.00085   -0.15396   -0.00119
          1      27800  313.62815   -0.15620    0.00085   -0.15396   -0.00118
          1      27900  314.75104   -0.15620    0.00085   -0.15397   -0.00118
          1      28000  315.88308   -0.15620    0.00085   -0.15397   -0.00118
          1      28100  317.05928   -0.15620    0.00085   -0.15398   -0.00118
          1      28200  317.93199   -0.15620    0.00085   -0.15398   -0.00117
          1      28300  318.98083   -0.15620    0.00086   -0.15398   -0.00117
          1      28400  320.25820   -0.15620    0.00086   -0.15399   -0.00117
          1      28500  321.28318   -0.15621    0.00086   -0.15399   -0.00117
          1      28600  322.44407   -0.15621    0.00086   -0.15400   -0.00116
          1      28700  323.82386   -0.15621    0.00086   -0.15400   -0.00116
          1      28800  324.86903   -0.15621    0.00086   -0.15400   -0.00116
          1      28900  325.94610   -0.15621    0.00086   -0.15401   -0.00116
          1      29000  326.95731   -0.15621    0.00086   -0.15400   -0.00116
          1      29100  328.04773   -0.15621    0.00086   -0.15395   -0.00124
          1      29200  329.07116   -0.15622    0.00086   -0.15402   -0.00115
          1      29300  330.32782   -0.15622    0.00087   -0.15402   -0.00115
          1      29400  331.44582   -0.15622    0.00087   -0.15402   -0.00115
          1      29500  332.61284   -0.15622    0.00087   -0.15403   -0.00114
          1      29600  333.59837   -0.15622    0.00087   -0.15403   -0.00114
          1      29700  334.81272   -0.15622    0.00087   -0.15404   -0.00114
          1      29800  335.92671   -0.15622    0.00087   -0.15404   -0.00114
          1      29900  337.20175   -0.15622    0.00087   -0.15404   -0.00113
          1      30000  338.67267   -0.15622    0.00087   -0.15405   -0.00113
          1      30100  339.72567   -0.15623    0.00087   -0.15405   -0.00113
          1      30200  341.02169   -0.15623    0.00087   -0.15405   -0.00113
          1      30300  341.99831   -0.15623    0.00087   -0.15406   -0.00113
          1      30400  343.12223   -0.15623    0.00087   -0.15406   -0.00112
          1      30500  344.21482   -0.15623    0.00087   -0.15406   -0.00112
          1      30600  345.61999   -0.15623    0.00087   -0.15407   -0.00112
          1      30700  346.83672   -0.15623    0.00088   -0.15407   -0.00112
          1      30800  347.92283   -0.15623    0.00088   -0.15407   -0.00111
          1      30900  348.98536   -0.15623    0.00088   -0.15408   -0.00111
          1      31000  350.15824   -0.15624    0.00088   -0.15408   -0.00111
          1      31100  351.34531   -0.15624    0.00088   -0.15408   -0.00111
          1      31200  352.50227   -0.15624    0.00088   -0.15409   -0.00111
          1      31300  353.68586   -0.15624    0.00088   -0.15409   -0.00110
          1      31400  354.64310   -0.15624    0.00088   -0.15409   -0.00110
          1      31500  355.79463   -0.15624    0.00088   -0.15410   -0.00110
          1      31600  356.94778   -0.15624    0.00088   -0.15410   -0.00110
          1      31700  357.99627   -0.15624    0.00088   -0.15410   -0.00110
          1      31800  359.37634   -0.15624    0.00088   -0.15411   -0.00109
          1      31900  360.55629   -0.15625    0.00088   -0.15416   -0.00103
          1      32000  361.81968   -0.15625    0.00088   -0.15412   -0.00108
          1      32100  363.02979   -0.15625    0.00088   -0.15412   -0.00109
          1      32200  364.32591   -0.15625    0.00089   -0.15412   -0.00109
          1      32300  365.39851   -0.15625    0.00089   -0.15412   -0.00108
          1      32400  366.60143   -0.15625    0.00089   -0.15413   -0.00108
          1      32500  367.93876   -0.15625    0.00089   -0.15413   -0.00108
          1      32600  369.18261   -0.15625    0.00089   -0.15413   -0.00108
          1      32700  370.21282   -0.15625    0.00089   -0.15414   -0.00108
          1      32800  371.42631   -0.15625    0.00089   -0.15414   -0.00107
          1      32900  372.79779   -0.15625    0.00089   -0.15414   -0.00107
          1      33000  373.53959   -0.15625    0.00089   -0.15414   -0.00107
          1      33100  374.63918   -0.15626    0.00089   -0.15415   -0.00107
          1      33200  376.07807   -0.15626    0.00089   -0.15415   -0.00107
          1      33300  377.13151   -0.15626    0.00089   -0.15415   -0.00106
          1      33400  378.33041   -0.15626    0.00089   -0.15416   -0.00106
          1      33500  379.27996   -0.15626    0.00089   -0.15416   -0.00106
          1      33600  380.58546   -0.15626    0.00089   -0.15416   -0.00106
          1      33700  381.76866   -0.15626    0.00089   -0.15417   -0.00106
          1      33800  383.00020   -0.15626    0.00089   -0.15417   -0.00106
          1      33900  384.17290   -0.15626    0.00089   -0.15417   -0.00105
          1      34000  385.39490   -0.15626    0.00089   -0.15417   -0.00105
          1      34100  386.59689   -0.15626    0.00089   -0.15418   -0.00105
          1      34200  387.68256   -0.15626    0.00090   -0.15418   -0.00105
          1      34300  388.88467   -0.15627    0.00090   -0.15418   -0.00105
          1      34400  390.24113   -0.15627    0.00090   -0.15419   -0.00104
          1      34500  391.18471   -0.15627    0.00090   -0.15419   -0.00104
          1      34600  392.27833   -0.15627    0.00090   -0.15419   -0.00104
          1      34700  393.23765   -0.15627    0.00090   -0.15419   -0.00104
          1      34800  394.14749   -0.15627    0.00090   -0.15421   -0.00102
          1      34900  395.42271   -0.15627    0.00090   -0.15423   -0.00099
          1      35000  396.58876   -0.15627    0.00090   -0.15420   -0.00103
          1      35100  397.64057   -0.15627    0.00090   -0.15420   -0.00103
          1      35200  398.65993   -0.15627    0.00090   -0.15421   -0.00103
          1      35300  399.75407   -0.15627    0.00090   -0.15421   -0.00103
          1      35400  400.69145   -0.15627    0.00090   -0.15421   -0.00103
          1      35500  401.59480   -0.15627    0.00090   -0.15422   -0.00103
          1      35600  402.71829   -0.15628    0.00090   -0.15422   -0.00102
          1      35700  403.89329   -0.15628    0.00090   -0.15422   -0.00102
          1      35800  405.03990   -0.15628    0.00090   -0.15422   -0.00102
          1      35900  406.10442   -0.15628    0.00090   -0.15423   -0.00102
          1      36000  407.35363   -0.15628    0.00090   -0.15423   -0.00102
          1      36100  408.32532   -0.15628    0.00090   -0.15423   -0.00102
          1      36200  409.18397   -0.15628    0.00090   -0.15423   -0.00101
          1      36300  410.57050   -0.15628    0.00090   -0.15424   -0.00101
          1      36400  411.61626   -0.15628    0.00090   -0.15424   -0.00101
          1      36500  412.90658   -0.15628    0.00090   -0.15424   -0.00101
          1      36600  414.05614   -0.15628    0.00090   -0.15424   -0.00101
          1      36700  415.06393   -0.15628    0.00090   -0.15425   -0.00101
          1      36800  416.22096   -0.15628    0.00091   -0.15425   -0.00100
          1      36900  417.26715   -0.15628    0.00091   -0.15425   -0.00100
          1      37000  418.44636   -0.15628    0.00091   -0.15425   -0.00100
          1      37100  419.42669   -0.15629    0.00091   -0.15426   -0.00100
          1      37200  420.33687   -0.15629    0.00091   -0.15426   -0.00100
          1      37300  421.52165   -0.15629    0.00091   -0.15426   -0.00100
          1      37400  422.79940   -0.15629    0.00091   -0.15426   -0.00099
          1      37500  423.87799   -0.15629    0.00091   -0.15427   -0.00099
          1      37600  425.00608   -0.15629    0.00091   -0.15427   -0.00099
          1      37700  426.34131   -0.15629    0.00091   -0.15427   -0.00099
          1      37800  427.59222   -0.15629    0.00091   -0.15427   -0.00099
          1      37900  428.70580   -0.15629    0.00091   -0.15429   -0.00097
          1      38000  429.99005   -0.15629    0.00091   -0.15430   -0.00095
          1      38100  430.93841   -0.15629    0.00091   -0.15428   -0.00098
          1      38200  432.35915   -0.15629    0.00091   -0.15428   -0.00098
          1      38300  433.52338   -0.15629    0.00091   -0.15429   -0.00098
          1      38400  434.58301   -0.15629    0.00091   -0.15429   -0.00098
          1      38500  435.55184   -0.15629    0.00091   -0.15429   -0.00098
          1      38600  436.55462   -0.15629    0.00091   -0.15429   -0.00098
          1      38700  437.58894   -0.15629    0.00091   -0.15430   -0.00098
          1      38800  438.88893   -0.15629    0.00091   -0.15430   -0.00097
          1      38900  440.06267   -0.15630    0.00091   -0.15430   -0.00097
          1      39000  441.21776   -0.15630    0.00091   -0.15430   -0.00097
          1      39100  442.34421   -0.15630    0.00091   -0.15430   -0.00097
          1      39200  443.64496   -0.15630    0.00091   -0.15431   -0.00097
          1      39300  444.76850   -0.15630    0.00091   -0.15431   -0.00097
          1      39400  445.63193   -0.15630    0.00091   -0.15431   -0.00097
          1      39500  446.62293   -0.15630    0.00091   -0.15431   -0.00096
          1      39600  447.83635   -0.15630    0.00091   -0.15432   -0.00096
          1      39700  449.07892   -0.15630    0.00091   -0.15432   -0.00096
          1      39800  449.92146   -0.15630    0.00091   -0.15432   -0.00096
          1      39900  451.11856   -0.15630    0.00091   -0.15432   -0.00096
          1      40000  452.21470   -0.15630    0.00091   -0.15432   -0.00096
          1      40100  453.16280   -0.15630    0.00091   -0.15433   -0.00096
          1      40200  454.15746   -0.15630    0.00091   -0.15433   -0.00095
          1      40300  455.17412   -0.15630    0.00091   -0.15433   -0.00095
          1      40400  456.26266   -0.15630    0.00091   -0.15433   -0.00095
          1      40500  457.51867   -0.15630    0.00091   -0.15434   -0.00095
          1      40600  458.53214   -0.15630    0.00091   -0.15434   -0.00095
          1      40700  459.53149   -0.15630    0.00091   -0.15434   -0.00095
          1      40800  460.62974   -0.15631    0.00092   -0.15434   -0.00095
          1      40900  461.72942   -0.15631    0.00092   -0.15434   -0.00094
          1      41000  462.90564   -0.15631    0.00092   -0.15435   -0.00094
          1      41100  464.02247   -0.15631    0.00092   -0.15435   -0.00094
          1      41200  464.96798   -0.15631    0.00092   -0.15430   -0.00102
          1      41300  465.99308   -0.15631    0.00092   -0.15435   -0.00095
          1      41400  466.78446   -0.15631    0.00092   -0.15435   -0.00094
          1      41500  467.87079   -0.15631    0.00092   -0.15436   -0.00094
          1      41600  468.90726   -0.15631    0.00092   -0.15436   -0.00094
          1      41700  470.10837   -0.15631    0.00092   -0.15436   -0.00093
          1      41800  471.09591   -0.15631    0.00092   -0.15436   -0.00093
          1      41900  472.34940   -0.15631    0.00092   -0.15436   -0.00093
          1      42000  473.61664   -0.15631    0.00092   -0.15437   -0.00093
          1      42100  474.74241   -0.15631    0.00092   -0.15437   -0.00093
          1      42200  476.23934   -0.15631    0.00092   -0.15437   -0.00093
          1      42300  477.27421   -0.15631    0.00092   -0.15437   -0.00093
          1      42400  478.21516   -0.15631    0.00092   -0.15437   -0.00093
          1      42500  479.26041   -0.15631    0.00092   -0.15438   -0.00092
          1      42600  480.19901   -0.15631    0.00092   -0.15438   -0.00092
          1      42700  481.64252   -0.15631    0.00092   -0.15438   -0.00092
          1      42800  482.62895   -0.15631    0.00092   -0.15438   -0.00092
          1      42900  483.68634   -0.15631    0.00092   -0.15438   -0.00092
          1      43000  484.75873   -0.15631    0.00092   -0.15439   -0.00092
          1      43100  485.77562   -0.15631    0.00092   -0.15439   -0.00092
          1      43200  486.92942   -0.15632    0.00092   -0.15439   -0.00092
          1      43300  487.99222   -0.15632    0.00092   -0.15439   -0.00091
          1      43400  488.97482   -0.15632    0.00092   -0.15439   -0.00091
          1      43500  490.14541   -0.15632    0.00092   -0.15440   -0.00091
          1      43600  491.48791   -0.15632    0.00092   -0.15440   -0.00091
          1      43700  492.64292   -0.15632    0.00092   -0.15440   -0.00091
          1      43800  493.64115   -0.15632    0.00092   -0.15440   -0.00091
          1      43900  494.76695   -0.15632    0.00092   -0.15440   -0.00091
          1      44000  495.96876   -0.15632    0.00092   -0.15441   -0.00091
          1      44100  497.07451   -0.15632    0.00092   -0.15441   -0.00090
          1      44200  498.36410   -0.15632    0.00092   -0.15441   -0.00090
          1      44300  499.52330   -0.15632    0.00092   -0.15441   -0.00090
          1      44400  500.45442   -0.15632    0.00092   -0.15441   -0.00090
          1      44500  501.50129   -0.15632    0.00092   -0.15441   -0.00090
          1      44600  502.63012   -0.15632    0.00092   -0.15438   -0.00095
          1      44700  503.74192   -0.15632    0.00092   -0.15441   -0.00091
          1      44800  504.90376   -0.15632    0.00092   -0.15442   -0.00090
          1      44900  506.18129   -0.15632    0.00092   -0.15442   -0.00090
          1      45000  507.37809   -0.15632    0.00092   -0.15442   -0.00089
          1      45100  508.46781   -0.15632    0.00092   -0.15443   -0.00089
          1      45200  509.66827   -0.15632    0.00092   -0.15443   -0.00089
          1      45300  510.70044   -0.15632    0.00092   -0.15443   -0.00089
          1      45400  512.18492   -0.15632    0.00092   -0.15443   -0.00089
          1      45500  513.30333   -0.15632    0.00092   -0.15443   -0.00089
          1      45600  514.30183   -0.15632    0.00092   -0.15444   -0.00089
          1      45700  515.41791   -0.15632    0.00092   -0.15444   -0.00089
          1      45800  516.75759   -0.15632    0.00092   -0.15444   -0.00089
          1      45900  517.54913   -0.15632    0.00092   -0.15444   -0.00088
          1      46000  518.71416   -0.15632    0.00092   -0.15444   -0.00088
          1      46100  519.80063   -0.15633    0.00092   -0.15444   -0.00088
          1      46200  520.96781   -0.15633    0.00092   -0.15445   -0.00088
          1      46300  522.06503   -0.15633    0.00092   -0.15445   -0.00088
          1      46400  523.12830   -0.15633    0.00092   -0.15445   -0.00088
          1      46500  524.24133   -0.15633    0.00092   -0.15445   -0.00088
          1      46600  525.30346   -0.15633    0.00092   -0.15445   -0.00088
          1      46700  526.51689   -0.15633    0.00092   -0.15445   -0.00088
          1      46800  527.54672   -0.15633    0.00092   -0.15446   -0.00087
          1      46900  528.68987   -0.15633    0.00092   -0.15446   -0.00087
          1      47000  529.69191   -0.15633    0.00092   -0.15446   -0.00087
          1      47100  530.87215   -0.15633    0.00092   -0.15446   -0.00087
          1      47200  531.95890   -0.15633    0.00092   -0.15446   -0.00087
          1      47300  532.89114   -0.15633    0.00092   -0.15446   -0.00087
          1      47400  534.04794   -0.15633    0.00092   -0.15447   -0.00087
          1      47500  535.34796   -0.15633    0.00092   -0.15447   -0.00087
          1      47600  536.45731   -0.15633    0.00092   -0.15447   -0.00087
          1      47700  537.38633   -0.15633    0.00092   -0.15447   -0.00086
          1      47800  538.69051   -0.15633    0.00092   -0.15447   -0.00086
          1      47900  539.84268   -0.15633    0.00092   -0.15447   -0.00086
          1      48000  541.04417   -0.15633    0.00092   -0.15447   -0.00087
          1      48100  542.29266   -0.15633    0.00092   -0.15442   -0.00094
          1      48200  543.70602   -0.15633    0.00092   -0.15448   -0.00086
          1      48300  544.75266   -0.15633    0.00092   -0.15448   -0.00086
          1      48400  545.88735   -0.15633    0.00092   -0.15448   -0.00086
          1      48500  547.19233   -0.15633    0.00092   -0.15448   -0.00086
          1      48600  548.20583   -0.15633    0.00092   -0.15449   -0.00086
          1      48700  549.21588   -0.15633    0.00092   -0.15449   -0.00085
          1      48800  550.23944   -0.15633    0.00092   -0.15449   -0.00085
          1      48900  551.34970   -0.15633    0.00092   -0.15449   -0.00085
          1      49000  552.40337   -0.15633    0.00092   -0.15449   -0.00085
          1      49100  553.59371   -0.15633    0.00092   -0.15449   -0.00085
          1      49200  554.77843   -0.15633    0.00092   -0.15450   -0.00085
          1      49300  556.01376   -0.15633    0.00092   -0.15450   -0.00085
          1      49400  557.03327   -0.15633    0.00092   -0.15450   -0.00085
          1      49500  557.88976   -0.15633    0.00092   -0.15450   -0.00085
          1      49600  558.89394   -0.15633    0.00092   -0.15450   -0.00085
          1      49700  560.04847   -0.15633    0.00092   -0.15450   -0.00084
          1      49800  561.30090   -0.15633    0.00092   -0.15450   -0.00084
          1      49900  562.63089   -0.15634    0.00092   -0.15451   -0.00084
          1      50000  563.87390   -0.15634    0.00092   -0.15451   -0.00084
          1      50100  565.06654   -0.15634    0.00092   -0.15451   -0.00084
          1      50200  566.28765   -0.15634    0.00092   -0.15451   -0.00084
          1      50300  567.46046   -0.15634    0.00092   -0.15451   -0.00084
          1      50400  568.53094   -0.15634    0.00092   -0.15451   -0.00084
          1      50500  569.42741   -0.15634    0.00092   -0.15452   -0.00084
          1      50600  570.46559   -0.15634    0.00092   -0.15452   -0.00084
          1      50700  571.55779   -0.15634    0.00092   -0.15452   -0.00083
          1      50800  572.74341   -0.15634    0.00092   -0.15452   -0.00083
          1      50900  573.63124   -0.15634    0.00092   -0.15452   -0.00083
          1      51000  574.62071   -0.15634    0.00092   -0.15452   -0.00083
          1      51100  575.73300   -0.15634    0.00092   -0.15452   -0.00083
          1      51200  576.74265   -0.15634    0.00092   -0.15453   -0.00083
          1      51300  577.79538   -0.15634    0.00092   -0.15453   -0.00083
          1      51400  578.94950   -0.15634    0.00092   -0.15453   -0.00083
          1      51500  580.19748   -0.15634    0.00092   -0.15454   -0.00082
          1      51600  581.41584   -0.15634    0.00092   -0.15457   -0.00077
          1      51700  582.74975   -0.15634    0.00092   -0.15453   -0.00082
          1      51800  584.01099   -0.15634    0.00092   -0.15453   -0.00082
          1      51900  584.99775   -0.15634    0.00092   -0.15454   -0.00082
          1      52000  585.94201   -0.15634    0.00092   -0.15454   -0.00082
          1      52100  587.02661   -0.15634    0.00092   -0.15454   -0.00082
          1      52200  588.18042   -0.15634    0.00092   -0.15454   -0.00082
          1      52300  589.51541   -0.15634    0.00092   -0.15454   -0.00082
          1      52400  590.80501   -0.15634    0.00092   -0.15454   -0.00082
          1      52500  592.10631   -0.15634    0.00092   -0.15454   -0.00082
          1      52600  593.06016   -0.15634    0.00092   -0.15455   -0.00082
          1      52700  594.08691   -0.15634    0.00092   -0.15455   -0.00082
          1      52800  595.29524   -0.15634    0.00092   -0.15455   -0.00082
          1      52900  596.60460   -0.15634    0.00092   -0.15455   -0.00081
          1      53000  597.41473   -0.15634    0.00092   -0.15455   -0.00081
          1      53100  598.62466   -0.15634    0.00092   -0.15455   -0.00081
          1      53200  599.58613   -0.15634    0.00092   -0.15455   -0.00081
          1      53253  600.00157   -0.15634    0.00092   -0.15675    0.00146
