          1          0    0.00000   -0.99372    0.08357   -0.99372    0.08357   -3.63837    3.63837    0.00000
          1          3    2.61588   -0.49426   -0.14910   -0.15288   -0.31220   -3.63837   -0.15288    0.00000
          2          0    2.61588   -0.15547   -0.07862   -0.15288   -0.31220   -3.63837   -0.15288   -1.89562
          2        100  101.08635   -0.85941    0.02132   -1.00677    0.08066   -3.63837   -0.16285   -1.89562
          2        200  192.77641   -0.90372    0.03782   -1.00998    0.08128   -3.63837   -0.16285   -1.89562
          2        300  289.64535   -0.92366    0.04547   -1.01134    0.08158   -3.63837   -0.16285   -1.89562
          2        400  382.50918   -0.93564    0.05011   -1.01058    0.08035   -3.63837   -0.16285   -1.89562
          2        500  480.91124   -0.94383    0.05331   -1.01250    0.08161   -3.63837   -0.16285   -1.89562
          2        600  579.59612   -0.94990    0.05570   -1.01137    0.08165   -3.63837   -0.16285   -1.89562
          2        700  674.79938   -0.95465    0.05755   -1.01142    0.08126   -3.63837   -0.16285   -1.89562
          2        800  801.55518   -0.95848    0.05905   -1.01270    0.08166   -3.63837   -0.16285   -1.89562
          2        900  926.65810   -0.96165    0.06030   -1.01085    0.08140   -3.63837   -0.16285   -1.89562
          2       1000 1016.92869   -0.96433    0.06137   -1.01257    0.08105   -3.63837   -0.16285   -1.89562
          2       1100 1118.62828   -0.96665    0.06228   -1.01307    0.08128   -3.63837   -0.16285   -1.89562
          2       1200 1218.90484   -0.96866    0.06308   -1.01218    0.08173   -3.63837   -0.16285   -1.89562
          2       1300 1326.57728   -0.97045    0.06379   -1.01325    0.08189   -3.63837   -0.16285   -1.89562
          2       1400 1414.82996   -0.97204    0.06442   -1.01359    0.08203   -3.63837   -0.16285   -1.89562
          2       1500 1528.62440   -0.97347    0.06499   -1.01355    0.08132   -3.63837   -0.16285   -1.89562
          2       1600 1627.71976   -0.97476    0.06551   -1.01337    0.08167   -3.63837   -0.16285   -1.89562
          2       1700 1719.06923   -0.97594    0.06598   -1.01347    0.08136   -3.63837   -0.16285   -1.89562
          2       1800 1807.82137   -0.97701    0.06641   -1.01372    0.08154   -3.63837   -0.16285   -1.89562
          2       1900 1894.98301   -0.97801    0.06680   -1.01300    0.08155   -3.63837   -0.16285   -1.89562
          2       2000 2001.62547   -0.97893    0.06717   -1.01329    0.08123   -3.63837   -0.16285   -1.89562
          2       2100 2105.54389   -0.97978    0.06751   -1.01327    0.08152   -3.63837   -0.16285   -1.89562
          2       2200 2217.68316   -0.98057    0.06782   -1.01331    0.08124   -3.63837   -0.16285   -1.89562
          2       2300 2309.68179   -0.98131    0.06812   -1.01314    0.08174   -3.63837   -0.16285   -1.89562
          2       2400 2423.17453   -0.98201    0.06840   -1.01302    0.08115   -3.63837   -0.16285   -1.89562
          2       2500 2528.38019   -0.98266    0.06866   -1.01392    0.08129   -3.63837   -0.16285   -1.89562
          2       2600 2638.23155   -0.98327    0.06891   -1.01325    0.08161   -3.63837   -0.16285   -1.89562
          2       2700 2772.42459   -0.98386    0.06914   -1.01327    0.08138   -3.63837   -0.16285   -1.89562
          2       2800 2910.58887   -0.98441    0.06936   -1.01338    0.08169   -3.63837   -0.16285   -1.89562
          2       2900 3012.73952   -0.98493    0.06957   -1.01348    0.08166   -3.63837   -0.16285   -1.89562
          2       3000 3121.50319   -0.98542    0.06976   -1.01267    0.08203   -3.63837   -0.16285   -1.89562
          2       3100 3244.01352   -0.98589    0.06995   -1.01269    0.08146   -3.63837   -0.16285   -1.89562
          2       3200 3386.08672   -0.98634    0.07013   -1.01410    0.08143   -3.63837   -0.16285   -1.89562
          2       3300 3500.88383   -0.98677    0.07030   -1.01332    0.08139   -3.63837   -0.16285   -1.89562
          2       3357 3600.36866   -0.98700    0.07040   -1.01381    0.08140   -3.63837   -0.16285   -1.89562
