          1          0    0.00000   -0.14814    0.51856   -0.14814    0.51856   -4.26723    4.26723    0.00000
          1         17    1.28634   -0.02703   -0.06243   -0.02653   -0.00958   -4.26723   -0.02653    0.00000
          2          0    1.28634   -0.05831   -0.06510   -0.02653   -0.00958   -4.26723   -0.02653   -2.14688
          2        100    8.74648   -0.48608    0.81115   -0.51775    1.33967   -4.26723   -0.02653   -2.14688
          2        200   14.75675   -0.50847    0.99890   -0.52286    1.35698   -4.26723   -0.02653   -2.14688
          2        300   21.47941   -0.51704    1.07943   -0.52509    1.36397   -4.26723   -0.02653   -2.14688
          2        400   28.19980   -0.52185    1.12611   -0.52641    1.36792   -4.26723   -0.02653   -2.14688
          2        500   34.92478   -0.52503    1.15729   -0.52732    1.37050   -4.26723   -0.02653   -2.14688
          2        600   41.54834   -0.52733    1.17990   -0.52799    1.37236   -4.26723   -0.02653   -2.14688
          2        700   48.08111   -0.52909    1.19722   -0.52852    1.37376   -4.26723   -0.02653   -2.14688
          2        800   54.45882   -0.53050    1.21100   -0.52894    1.37487   -4.26723   -0.02653   -2.14688
          2        900   61.32051   -0.53165    1.22230   -0.52929    1.37577   -4.26723   -0.02653   -2.14688
          2       1000   67.68077   -0.53263    1.23177   -0.52959    1.37652   -4.26723   -0.02653   -2.14688
          2       1100   74.19780   -0.53346    1.23985   -0.52985    1.37716   -4.26723   -0.02653   -2.14688
          2       1200   80.64486   -0.53391    1.24684   -0.53007    1.37771   -4.26723   -0.02653   -2.14688
          2       1300   87.48985   -0.53416    1.25297   -0.53027    1.37820   -4.26723   -0.02653   -2.14688
          2       1400   94.00870   -0.53436    1.25840   -0.53045    1.37862   -4.26723   -0.02653   -2.14688
          2       1500  100.91192   -0.53454    1.26324   -0.53061    1.37900   -4.26723   -0.02653   -2.14688
          2       1600  107.38803   -0.53469    1.26761   -0.53076    1.37934   -4.26723   -0.02653   -2.14688
          2       1700  114.08231   -0.53483    1.27156   -0.53089    1.37965   -4.26723   -0.02653   -2.14688
          2       1800  120.85899   -0.53495    1.27516   -0.53101    1.37992   -4.26723   -0.02653   -2.14688
          2       1900  127.31464   -0.53512    1.27851   -0.54132    1.39087   -4.26723   -0.02653   -2.14688
          2       2000  133.97589   -0.53528    1.28158   -0.53185    1.38033   -4.26723   -0.02653   -2.14688
          2       2100  140.66421   -0.53543    1.28442   -0.54171    1.39074   -4.26723   -0.02653   -2.14688
          2       2200  147.42005   -0.53560    1.28708   -0.53542    1.39079   -4.26723   -0.02653   -2.14688
          2       2300  154.13167   -0.53573    1.28953   -0.53388    1.38080   -4.26723   -0.02653   -2.14688
          2       2400  160.82725   -0.53585    1.29182   -0.54167    1.39051   -4.26723   -0.02653   -2.14688
          2       2500  167.01365   -0.53599    1.29399   -0.53798    1.39036   -4.26723   -0.02653   -2.14688
          2       2600  173.17109   -0.53610    1.29599   -0.53306    1.38136   -4.26723   -0.02653   -2.14688
          2       2700  180.23561   -0.53622    1.29791   -0.53550    1.38147   -4.26723   -0.02653   -2.14688
          2       2800  186.26770   -0.53632    1.29970   -0.54044    1.38616   -4.26723   -0.02653   -2.14688
          2       2900  192.77104   -0.53643    1.30140   -0.54029    1.39018   -4.26723   -0.02653   -2.14688
          2       3000  199.34532   -0.53653    1.30301   -0.53693    1.39040   -4.26723   -0.02653   -2.14688
          2       3100  206.36287   -0.53661    1.30454   -0.53105    1.39520   -4.26723   -0.02653   -2.14688
          2       3200  213.03696   -0.53670    1.30598   -0.53465    1.38206   -4.26723   -0.02653   -2.14688
          2       3300  219.66695   -0.53679    1.30737   -0.53603    1.38221   -4.26723   -0.02653   -2.14688
          2       3400  226.50204   -0.53687    1.30869   -0.53801    1.38295   -4.26723   -0.02653   -2.14688
          2       3500  232.96058   -0.53694    1.30995   -0.54013    1.38554   -4.26723   -0.02653   -2.14688
          2       3600  239.99376   -0.53702    1.31115   -0.54154    1.39000   -4.26723   -0.02653   -2.14688
          2       3700  246.43294   -0.53709    1.31230   -0.54062    1.38996   -4.26723   -0.02653   -2.14688
          2       3800  252.69953   -0.53716    1.31341   -0.53988    1.38993   -4.26723   -0.02653   -2.14688
          2       3900  258.84595   -0.53723    1.31447   -0.53906    1.38997   -4.26723   -0.02653   -2.14688
          2       4000  265.43660   -0.53729    1.31549   -0.53808    1.39011   -4.26723   -0.02653   -2.14688
          2       4100  271.76313   -0.53735    1.31647   -0.53726    1.39031   -4.26723   -0.02653   -2.14688
          2       4200  278.61559   -0.53741    1.31741   -0.53687    1.39046   -4.26723   -0.02653   -2.14688
          2       4300  285.92981   -0.53747    1.31832   -0.53648    1.39067   -4.26723   -0.02653   -2.14688
          2       4400  292.25030   -0.53752    1.31919   -0.53607    1.39095   -4.26723   -0.02653   -2.14688
          2       4500  299.00681   -0.53757    1.32004   -0.53563    1.39131   -4.26723   -0.02653   -2.14688
          2       4600  305.78257   -0.53762    1.32085   -0.53570    1.39129   -4.26723   -0.02653   -2.14688
          2       4700  312.41871   -0.53767    1.32164   -0.53619    1.39091   -4.26723   -0.02653   -2.14688
          2       4800  319.13619   -0.53772    1.32240   -0.53676    1.39062   -4.26723   -0.02653   -2.14688
          2       4900  325.33633   -0.53777    1.32314   -0.53729    1.39039   -4.26723   -0.02653   -2.14688
          2       5000  331.89738   -0.53781    1.32386   -0.53778    1.39022   -4.26723   -0.02653   -2.14688
          2       5100  338.89896   -0.53786    1.32455   -0.53824    1.39009   -4.26723   -0.02653   -2.14688
          2       5200  345.29625   -0.53790    1.32522   -0.53891    1.38989   -4.26723   -0.02653   -2.14688
          2       5300  352.00863   -0.53794    1.32587   -0.53959    1.38978   -4.26723   -0.02653   -2.14688
          2       5400  358.75334   -0.53798    1.32651   -0.54021    1.38971   -4.26723   -0.02653   -2.14688
          2       5500  364.63124   -0.53802    1.32712   -0.54097    1.38966   -4.26723   -0.02653   -2.14688
          2       5600  371.18176   -0.53805    1.32772   -0.54165    1.38964   -4.26723   -0.02653   -2.14688
          2       5700  377.94990   -0.53809    1.32830   -0.54090    1.38743   -4.26723   -0.02653   -2.14688
          2       5800  384.71333   -0.53813    1.32887   -0.53983    1.38557   -4.26723   -0.02653   -2.14688
          2       5900  391.31366   -0.53816    1.32942   -0.53894    1.38468   -4.26723   -0.02653   -2.14688
          2       6000  398.10340   -0.53820    1.32996   -0.53819    1.38427   -4.26723   -0.02653   -2.14688
          2       6100  404.75537   -0.53823    1.33048   -0.53743    1.38404   -4.26723   -0.02653   -2.14688
          2       6200  412.52729   -0.53826    1.33099   -0.53675    1.38399   -4.26723   -0.02653   -2.14688
          2       6300  419.21656   -0.53829    1.33148   -0.53619    1.38401   -4.26723   -0.02653   -2.14688
          2       6400  426.00378   -0.53833    1.33197   -0.53602    1.39151   -4.26723   -0.02653   -2.14688
          2       6500  432.86344   -0.53836    1.33245   -0.53824    1.39012   -4.26723   -0.02653   -2.14688
          2       6600  439.38840   -0.53839    1.33291   -0.53991    1.38968   -4.26723   -0.02653   -2.14688
          2       6700  446.57591   -0.53841    1.33336   -0.54121    1.38955   -4.26723   -0.02653   -2.14688
          2       6800  453.20097   -0.53844    1.33380   -0.54099    1.38764   -4.26723   -0.02653   -2.14688
          2       6900  459.90177   -0.53847    1.33423   -0.53944    1.38532   -4.26723   -0.02653   -2.14688
          2       7000  466.36386   -0.53850    1.33465   -0.53826    1.38457   -4.26723   -0.02653   -2.14688
          2       7100  472.94131   -0.53852    1.33506   -0.53732    1.38436   -4.26723   -0.02653   -2.14688
          2       7200  479.63274   -0.53855    1.33546   -0.53658    1.38432   -4.26723   -0.02653   -2.14688
          2       7300  486.47212   -0.53857    1.33586   -0.53652    1.39143   -4.26723   -0.02653   -2.14688
          2       7400  493.33187   -0.53860    1.33625   -0.53860    1.39010   -4.26723   -0.02653   -2.14688
          2       7500  499.53377   -0.53862    1.33663   -0.54040    1.38959   -4.26723   -0.02653   -2.14688
          2       7600  506.13387   -0.53864    1.33699   -0.54174    1.38947   -4.26723   -0.02653   -2.14688
          2       7700  512.90859   -0.53867    1.33736   -0.54008    1.38621   -4.26723   -0.02653   -2.14688
          2       7800  520.07541   -0.53869    1.33771   -0.53862    1.38493   -4.26723   -0.02653   -2.14688
          2       7900  526.40970   -0.53871    1.33806   -0.53751    1.38460   -4.26723   -0.02653   -2.14688
          2       8000  533.09721   -0.53873    1.33841   -0.53528    1.39302   -4.26723   -0.02653   -2.14688
          2       8100  539.54967   -0.53876    1.33874   -0.53829    1.39023   -4.26723   -0.02653   -2.14688
          2       8200  546.15499   -0.53878    1.33907   -0.54044    1.38955   -4.26723   -0.02653   -2.14688
          2       8300  553.05784   -0.53880    1.33939   -0.54144    1.38857   -4.26723   -0.02653   -2.14688
          2       8400  559.84061   -0.53882    1.33971   -0.53946    1.38555   -4.26723   -0.02653   -2.14688
          2       8500  566.34500   -0.53884    1.34002   -0.53803    1.38483   -4.26723   -0.02653   -2.14688
          2       8600  572.83484   -0.53886    1.34033   -0.53484    1.39365   -4.26723   -0.02653   -2.14688
          2       8700  579.38949   -0.53888    1.34063   -0.53809    1.39041   -4.26723   -0.02653   -2.14688
          2       8800  586.11024   -0.53890    1.34092   -0.54030    1.38958   -4.26723   -0.02653   -2.14688
          2       8900  592.45615   -0.53891    1.34121   -0.54172    1.38940   -4.26723   -0.02653   -2.14688
          2       9000  599.10489   -0.53893    1.34149   -0.53974    1.38593   -4.26723   -0.02653   -2.14688
          2       9017  600.00876   -0.53894    1.34154   -0.54059    1.38953   -4.26723   -0.02653   -2.14688
