          1          0    0.00000   -1.03504   -0.00835   -1.03504   -0.00835   -3.34873    3.34873    0.00000
          1          1    0.03166   -0.71719   -0.01404   -0.51768   -0.01251   -3.34873   -0.71719    0.00000
          2          0    0.03166   -0.30460   -0.04042   -0.51768   -0.01251   -3.34873   -0.71719   -2.03296
          2        100    6.71345   -0.95289   -0.01257   -1.03867   -0.00860   -3.34873   -0.71719   -2.03296
          2        200   12.81030   -0.97818   -0.01147   -1.03912   -0.00870   -3.34873   -0.71719   -2.03296
          2        300   19.05003   -0.98943   -0.01096   -1.03937   -0.00852   -3.34873   -0.71719   -2.03296
          2        400   24.71521   -0.99614   -0.01065   -1.03922   -0.00853   -3.34873   -0.71719   -2.03296
          2        500   30.89130   -1.00072   -0.01043   -1.03916   -0.00848   -3.34873   -0.71719   -2.03296
          2        600   37.27716   -1.00411   -0.01027   -1.03930   -0.00848   -3.34873   -0.71719   -2.03296
          2        700   43.40073   -1.00674   -0.01014   -1.03944   -0.00861   -3.34873   -0.71719   -2.03296
          2        800   49.23584   -1.00886   -0.01004   -1.03945   -0.00854   -3.34873   -0.71719   -2.03296
          2        900   55.70877   -1.01062   -0.00995   -1.03934   -0.00858   -3.34873   -0.71719   -2.03296
          2       1000   61.91182   -1.01211   -0.00988   -1.03945   -0.00850   -3.34873   -0.71719   -2.03296
          2       1100   67.96723   -1.01339   -0.00982   -1.03948   -0.00846   -3.34873   -0.71719   -2.03296
          2       1200   73.73129   -1.01451   -0.00977   -1.03949   -0.00852   -3.34873   -0.71719   -2.03296
          2       1300   80.45989   -1.01549   -0.00972   -1.03944   -0.00849   -3.34873   -0.71719   -2.03296
          2       1400   86.38187   -1.01637   -0.00967   -1.03945   -0.00849   -3.34873   -0.71719   -2.03296
          2       1500   92.60686   -1.01716   -0.00964   -1.03933   -0.00860   -3.34873   -0.71719   -2.03296
          2       1600   98.63909   -1.01787   -0.00960   -1.03943   -0.00849   -3.34873   -0.71719   -2.03296
          2       1700  104.92339   -1.01852   -0.00957   -1.03948   -0.00849   -3.34873   -0.71719   -2.03296
          2       1800  111.26552   -1.01912   -0.00954   -1.03952   -0.00849   -3.34873   -0.71719   -2.03296
          2       1900  117.65740   -1.01966   -0.00951   -1.03950   -0.00851   -3.34873   -0.71719   -2.03296
          2       2000  123.54772   -1.02017   -0.00949   -1.03948   -0.00851   -3.34873   -0.71719   -2.03296
          2       2100  130.19078   -1.02064   -0.00946   -1.03940   -0.00846   -3.34873   -0.71719   -2.03296
          2       2200  136.49598   -1.02108   -0.00944   -1.03949   -0.00850   -3.34873   -0.71719   -2.03296
          2       2300  142.42505   -1.02148   -0.00942   -1.03954   -0.00851   -3.34873   -0.71719   -2.03296
          2       2400  148.68585   -1.02187   -0.00940   -1.03946   -0.00851   -3.34873   -0.71719   -2.03296
          2       2500  154.61515   -1.02223   -0.00938   -1.03946   -0.00846   -3.34873   -0.71719   -2.03296
          2       2600  160.69252   -1.02256   -0.00937   -1.03951   -0.00852   -3.34873   -0.71719   -2.03296
          2       2700  166.85808   -1.02288   -0.00935   -1.03943   -0.00855   -3.34873   -0.71719   -2.03296
          2       2800  173.22714   -1.02319   -0.00934   -1.03945   -0.00852   -3.34873   -0.71719   -2.03296
          2       2900  179.62536   -1.02347   -0.00932   -1.03949   -0.00848   -3.34873   -0.71719   -2.03296
          2       3000  186.45869   -1.02374   -0.00931   -1.03953   -0.00847   -3.34873   -0.71719   -2.03296
          2       3100  193.29105   -1.02400   -0.00930   -1.03955   -0.00853   -3.34873   -0.71719   -2.03296
          2       3200  199.95444   -1.02425   -0.00928   -1.03955   -0.00849   -3.34873   -0.71719   -2.03296
          2       3300  206.34362   -1.02448   -0.00927   -1.03950   -0.00850   -3.34873   -0.71719   -2.03296
          2       3400  212.36981   -1.02471   -0.00926   -1.03947   -0.00853   -3.34873   -0.71719   -2.03296
          2       3500  218.41345   -1.02492   -0.00925   -1.03957   -0.00854   -3.34873   -0.71719   -2.03296
          2       3600  225.25057   -1.02513   -0.00924   -1.03956   -0.00851   -3.34873   -0.71719   -2.03296
          2       3700  231.17688   -1.02533   -0.00923   -1.03959   -0.00849   -3.34873   -0.71719   -2.03296
          2       3800  237.27170   -1.02552   -0.00922   -1.03954   -0.00850   -3.34873   -0.71719   -2.03296
          2       3900  243.14370   -1.02570   -0.00921   -1.03950   -0.00850   -3.34873   -0.71719   -2.03296
          2       4000  249.42088   -1.02588   -0.00920   -1.03954   -0.00850   -3.34873   -0.71719   -2.03296
          2       4100  255.91354   -1.02604   -0.00919   -1.03956   -0.00846   -3.34873   -0.71719   -2.03296
          2       4200  261.89408   -1.02621   -0.00919   -1.03959   -0.00853   -3.34873   -0.71719   -2.03296
          2       4300  268.74896   -1.02636   -0.00918   -1.03954   -0.00853   -3.34873   -0.71719   -2.03296
          2       4400  275.79045   -1.02652   -0.00917   -1.03956   -0.00850   -3.34873   -0.71719   -2.03296
          2       4500  282.06092   -1.02666   -0.00916   -1.03956   -0.00850   -3.34873   -0.71719   -2.03296
          2       4600  288.15309   -1.02681   -0.00916   -1.03955   -0.00849   -3.34873   -0.71719   -2.03296
          2       4700  294.35361   -1.02694   -0.00915   -1.03956   -0.00852   -3.34873   -0.71719   -2.03296
          2       4800  300.54364   -1.02708   -0.00914   -1.03955   -0.00850   -3.34873   -0.71719   -2.03296
          2       4900  307.08791   -1.02721   -0.00914   -1.03952   -0.00852   -3.34873   -0.71719   -2.03296
          2       5000  313.63471   -1.02733   -0.00913   -1.03955   -0.00849   -3.34873   -0.71719   -2.03296
          2       5100  319.89964   -1.02745   -0.00912   -1.03958   -0.00851   -3.34873   -0.71719   -2.03296
          2       5200  325.67934   -1.02757   -0.00912   -1.03956   -0.00850   -3.34873   -0.71719   -2.03296
          2       5300  331.91099   -1.02768   -0.00911   -1.03956   -0.00849   -3.34873   -0.71719   -2.03296
          2       5400  338.33024   -1.02780   -0.00911   -1.03959   -0.00851   -3.34873   -0.71719   -2.03296
          2       5500  344.51822   -1.02790   -0.00910   -1.03956   -0.00849   -3.34873   -0.71719   -2.03296
          2       5600  351.18433   -1.02801   -0.00910   -1.03960   -0.00848   -3.34873   -0.71719   -2.03296
          2       5700  357.47085   -1.02811   -0.00909   -1.03953   -0.00853   -3.34873   -0.71719   -2.03296
          2       5800  363.93814   -1.02821   -0.00908   -1.03957   -0.00852   -3.34873   -0.71719   -2.03296
          2       5900  370.17414   -1.02831   -0.00908   -1.03961   -0.00851   -3.34873   -0.71719   -2.03296
          2       6000  376.40400   -1.02840   -0.00908   -1.03956   -0.00853   -3.34873   -0.71719   -2.03296
          2       6100  381.98944   -1.02850   -0.00907   -1.03953   -0.00850   -3.34873   -0.71719   -2.03296
          2       6200  388.19475   -1.02859   -0.00907   -1.03956   -0.00854   -3.34873   -0.71719   -2.03296
          2       6300  394.54185   -1.02868   -0.00906   -1.03956   -0.00852   -3.34873   -0.71719   -2.03296
          2       6400  400.82333   -1.02876   -0.00906   -1.03957   -0.00852   -3.34873   -0.71719   -2.03296
          2       6500  408.50210   -1.02885   -0.00905   -1.03957   -0.00848   -3.34873   -0.71719   -2.03296
          2       6600  414.43978   -1.02893   -0.00905   -1.03958   -0.00851   -3.34873   -0.71719   -2.03296
          2       6700  420.72755   -1.02901   -0.00904   -1.03960   -0.00851   -3.34873   -0.71719   -2.03296
          2       6800  427.37355   -1.02909   -0.00904   -1.03954   -0.00852   -3.34873   -0.71719   -2.03296
          2       6900  433.59934   -1.02916   -0.00904   -1.03955   -0.00851   -3.34873   -0.71719   -2.03296
          2       7000  439.51340   -1.02924   -0.00903   -1.03957   -0.00850   -3.34873   -0.71719   -2.03296
          2       7100  446.05275   -1.02931   -0.00903   -1.03959   -0.00852   -3.34873   -0.71719   -2.03296
          2       7200  452.49490   -1.02938   -0.00903   -1.03956   -0.00850   -3.34873   -0.71719   -2.03296
          2       7300  458.35833   -1.02946   -0.00902   -1.03958   -0.00851   -3.34873   -0.71719   -2.03296
          2       7400  464.72922   -1.02952   -0.00902   -1.03960   -0.00849   -3.34873   -0.71719   -2.03296
          2       7500  470.73820   -1.02959   -0.00902   -1.03956   -0.00851   -3.34873   -0.71719   -2.03296
          2       7600  476.64005   -1.02966   -0.00901   -1.03958   -0.00852   -3.34873   -0.71719   -2.03296
          2       7700  482.24486   -1.02972   -0.00901   -1.03950   -0.00856   -3.34873   -0.71719   -2.03296
          2       7800  488.10288   -1.02979   -0.00901   -1.03953   -0.00847   -3.34873   -0.71719   -2.03296
          2       7900  494.53067   -1.02985   -0.00900   -1.03955   -0.00849   -3.34873   -0.71719   -2.03296
          2       8000  500.82212   -1.02991   -0.00900   -1.03959   -0.00849   -3.34873   -0.71719   -2.03296
          2       8100  506.78657   -1.02997   -0.00900   -1.03956   -0.00849   -3.34873   -0.71719   -2.03296
          2       8200  512.71916   -1.03003   -0.00899   -1.03959   -0.00849   -3.34873   -0.71719   -2.03296
          2       8300  518.36113   -1.03009   -0.00899   -1.03961   -0.00852   -3.34873   -0.71719   -2.03296
          2       8400  524.38717   -1.03015   -0.00899   -1.03952   -0.00848   -3.34873   -0.71719   -2.03296
          2       8500  531.22299   -1.03020   -0.00898   -1.03958   -0.00848   -3.34873   -0.71719   -2.03296
          2       8600  537.18576   -1.03026   -0.00898   -1.03960   -0.00852   -3.34873   -0.71719   -2.03296
          2       8700  543.37678   -1.03031   -0.00898   -1.03955   -0.00851   -3.34873   -0.71719   -2.03296
          2       8800  549.30851   -1.03037   -0.00898   -1.03961   -0.00850   -3.34873   -0.71719   -2.03296
          2       8900  555.76140   -1.03042   -0.00897   -1.03956   -0.00848   -3.34873   -0.71719   -2.03296
          2       9000  562.06822   -1.03047   -0.00897   -1.03957   -0.00851   -3.34873   -0.71719   -2.03296
          2       9100  568.85503   -1.03052   -0.00897   -1.03962   -0.00851   -3.34873   -0.71719   -2.03296
          2       9200  575.84536   -1.03057   -0.00897   -1.03956   -0.00848   -3.34873   -0.71719   -2.03296
          2       9300  583.08255   -1.03062   -0.00896   -1.03961   -0.00849   -3.34873   -0.71719   -2.03296
          2       9400  589.82445   -1.03067   -0.00896   -1.03962   -0.00850   -3.34873   -0.71719   -2.03296
          2       9500  596.31770   -1.03071   -0.00896   -1.03961   -0.00852   -3.34873   -0.71719   -2.03296
          2       9600  602.04659   -1.03076   -0.00896   -1.03960   -0.00852   -3.34873   -0.71719   -2.03296
          2       9700  607.66575   -1.03081   -0.00895   -1.03961   -0.00853   -3.34873   -0.71719   -2.03296
          2       9800  613.49822   -1.03085   -0.00895   -1.03959   -0.00851   -3.34873   -0.71719   -2.03296
          2       9900  619.64827   -1.03090   -0.00895   -1.03959   -0.00852   -3.34873   -0.71719   -2.03296
          2      10000  625.76775   -1.03094   -0.00895   -1.03955   -0.00851   -3.34873   -0.71719   -2.03296
          2      10100  632.12387   -1.03098   -0.00894   -1.03958   -0.00849   -3.34873   -0.71719   -2.03296
          2      10200  638.46822   -1.03103   -0.00894   -1.03959   -0.00851   -3.34873   -0.71719   -2.03296
          2      10300  644.66437   -1.03107   -0.00894   -1.03959   -0.00851   -3.34873   -0.71719   -2.03296
          2      10400  651.16916   -1.03111   -0.00894   -1.03955   -0.00847   -3.34873   -0.71719   -2.03296
          2      10500  657.49415   -1.03115   -0.00894   -1.03961   -0.00849   -3.34873   -0.71719   -2.03296
          2      10600  663.77875   -1.03119   -0.00893   -1.03960   -0.00850   -3.34873   -0.71719   -2.03296
          2      10700  669.93320   -1.03123   -0.00893   -1.03958   -0.00851   -3.34873   -0.71719   -2.03296
          2      10800  676.26476   -1.03127   -0.00893   -1.03961   -0.00851   -3.34873   -0.71719   -2.03296
          2      10900  682.24285   -1.03131   -0.00893   -1.03960   -0.00848   -3.34873   -0.71719   -2.03296
          2      11000  688.43651   -1.03135   -0.00893   -1.03961   -0.00850   -3.34873   -0.71719   -2.03296
          2      11100  694.40531   -1.03138   -0.00892   -1.03959   -0.00851   -3.34873   -0.71719   -2.03296
          2      11200  700.95456   -1.03142   -0.00892   -1.03960   -0.00851   -3.34873   -0.71719   -2.03296
          2      11300  706.85398   -1.03146   -0.00892   -1.03963   -0.00850   -3.34873   -0.71719   -2.03296
          2      11400  714.04311   -1.03149   -0.00892   -1.03959   -0.00852   -3.34873   -0.71719   -2.03296
          2      11500  720.03263   -1.03153   -0.00892   -1.03962   -0.00850   -3.34873   -0.71719   -2.03296
          2      11600  726.02623   -1.03157   -0.00892   -1.03961   -0.00851   -3.34873   -0.71719   -2.03296
          2      11700  732.00670   -1.03160   -0.00891   -1.03963   -0.00850   -3.34873   -0.71719   -2.03296
          2      11800  737.84579   -1.03163   -0.00891   -1.03959   -0.00849   -3.34873   -0.71719   -2.03296
          2      11900  744.26535   -1.03167   -0.00891   -1.03958   -0.00850   -3.34873   -0.71719   -2.03296
          2      12000  750.39946   -1.03170   -0.00891   -1.03958   -0.00847   -3.34873   -0.71719   -2.03296
          2      12100  756.52566   -1.03173   -0.00891   -1.03962   -0.00850   -3.34873   -0.71719   -2.03296
          2      12200  762.82015   -1.03177   -0.00890   -1.03959   -0.00850   -3.34873   -0.71719   -2.03296
          2      12300  768.97568   -1.03180   -0.00890   -1.03959   -0.00852   -3.34873   -0.71719   -2.03296
          2      12400  775.24798   -1.03183   -0.00890   -1.03961   -0.00850   -3.34873   -0.71719   -2.03296
          2      12500  781.17731   -1.03186   -0.00890   -1.03961   -0.00849   -3.34873   -0.71719   -2.03296
          2      12600  787.33686   -1.03189   -0.00890   -1.03961   -0.00849   -3.34873   -0.71719   -2.03296
          2      12700  793.68845   -1.03192   -0.00890   -1.03958   -0.00848   -3.34873   -0.71719   -2.03296
          2      12800  799.64674   -1.03195   -0.00890   -1.03959   -0.00850   -3.34873   -0.71719   -2.03296
          2      12900  805.59745   -1.03198   -0.00889   -1.03960   -0.00849   -3.34873   -0.71719   -2.03296
          2      13000  811.93100   -1.03201   -0.00889   -1.03960   -0.00853   -3.34873   -0.71719   -2.03296
          2      13100  818.28460   -1.03204   -0.00889   -1.03959   -0.00851   -3.34873   -0.71719   -2.03296
          2      13200  824.83635   -1.03207   -0.00889   -1.03958   -0.00848   -3.34873   -0.71719   -2.03296
          2      13300  831.24977   -1.03210   -0.00889   -1.03963   -0.00850   -3.34873   -0.71719   -2.03296
          2      13400  837.26430   -1.03213   -0.00889   -1.03961   -0.00851   -3.34873   -0.71719   -2.03296
          2      13500  843.47255   -1.03216   -0.00888   -1.03961   -0.00850   -3.34873   -0.71719   -2.03296
          2      13600  849.39012   -1.03218   -0.00888   -1.03961   -0.00851   -3.34873   -0.71719   -2.03296
          2      13700  855.37589   -1.03221   -0.00888   -1.03959   -0.00850   -3.34873   -0.71719   -2.03296
          2      13800  861.38810   -1.03224   -0.00888   -1.03958   -0.00850   -3.34873   -0.71719   -2.03296
          2      13900  867.57059   -1.03227   -0.00888   -1.03959   -0.00851   -3.34873   -0.71719   -2.03296
          2      14000  873.92194   -1.03229   -0.00888   -1.03961   -0.00850   -3.34873   -0.71719   -2.03296
          2      14100  879.84763   -1.03232   -0.00888   -1.03960   -0.00850   -3.34873   -0.71719   -2.03296
          2      14200  886.16714   -1.03234   -0.00888   -1.03959   -0.00848   -3.34873   -0.71719   -2.03296
          2      14300  892.69391   -1.03237   -0.00887   -1.03959   -0.00849   -3.34873   -0.71719   -2.03296
          2      14400  899.66185   -1.03239   -0.00887   -1.03956   -0.00850   -3.34873   -0.71719   -2.03296
          2      14500  905.76453   -1.03242   -0.00887   -1.03959   -0.00850   -3.34873   -0.71719   -2.03296
          2      14600  911.76515   -1.03244   -0.00887   -1.03960   -0.00850   -3.34873   -0.71719   -2.03296
          2      14700  918.90843   -1.03247   -0.00887   -1.03958   -0.00851   -3.34873   -0.71719   -2.03296
          2      14800  925.33238   -1.03249   -0.00887   -1.03955   -0.00853   -3.34873   -0.71719   -2.03296
          2      14900  931.46691   -1.03252   -0.00887   -1.03961   -0.00849   -3.34873   -0.71719   -2.03296
          2      15000  937.34482   -1.03254   -0.00887   -1.03959   -0.00849   -3.34873   -0.71719   -2.03296
          2      15100  943.49010   -1.03257   -0.00886   -1.03956   -0.00852   -3.34873   -0.71719   -2.03296
          2      15200  949.53194   -1.03259   -0.00886   -1.03957   -0.00850   -3.34873   -0.71719   -2.03296
          2      15300  956.34612   -1.03261   -0.00886   -1.03959   -0.00850   -3.34873   -0.71719   -2.03296
          2      15400  962.52636   -1.03263   -0.00886   -1.03963   -0.00849   -3.34873   -0.71719   -2.03296
          2      15500  968.76760   -1.03266   -0.00886   -1.03956   -0.00849   -3.34873   -0.71719   -2.03296
          2      15600  974.77266   -1.03268   -0.00886   -1.03960   -0.00849   -3.34873   -0.71719   -2.03296
          2      15700  980.88819   -1.03270   -0.00886   -1.03959   -0.00852   -3.34873   -0.71719   -2.03296
          2      15800  987.06719   -1.03272   -0.00886   -1.03959   -0.00849   -3.34873   -0.71719   -2.03296
          2      15900  993.61782   -1.03275   -0.00885   -1.03957   -0.00851   -3.34873   -0.71719   -2.03296
          2      16000 1000.02243   -1.03277   -0.00885   -1.03961   -0.00849   -3.34873   -0.71719   -2.03296
          2      16100 1006.42870   -1.03279   -0.00885   -1.03961   -0.00847   -3.34873   -0.71719   -2.03296
          2      16200 1012.69343   -1.03281   -0.00885   -1.03957   -0.00849   -3.34873   -0.71719   -2.03296
          2      16300 1019.42394   -1.03283   -0.00885   -1.03962   -0.00851   -3.34873   -0.71719   -2.03296
          2      16400 1025.43354   -1.03285   -0.00885   -1.03958   -0.00849   -3.34873   -0.71719   -2.03296
          2      16500 1031.74353   -1.03287   -0.00885   -1.03963   -0.00849   -3.34873   -0.71719   -2.03296
          2      16600 1037.85868   -1.03289   -0.00885   -1.03961   -0.00848   -3.34873   -0.71719   -2.03296
          2      16700 1043.90050   -1.03291   -0.00885   -1.03963   -0.00851   -3.34873   -0.71719   -2.03296
          2      16800 1050.13053   -1.03293   -0.00885   -1.03962   -0.00849   -3.34873   -0.71719   -2.03296
          2      16900 1056.28518   -1.03295   -0.00884   -1.03961   -0.00850   -3.34873   -0.71719   -2.03296
          2      17000 1062.86547   -1.03297   -0.00884   -1.03959   -0.00850   -3.34873   -0.71719   -2.03296
          2      17100 1069.07938   -1.03299   -0.00884   -1.03963   -0.00850   -3.34873   -0.71719   -2.03296
          2      17200 1075.60006   -1.03301   -0.00884   -1.03961   -0.00851   -3.34873   -0.71719   -2.03296
          2      17300 1081.99674   -1.03303   -0.00884   -1.03960   -0.00850   -3.34873   -0.71719   -2.03296
          2      17400 1088.03686   -1.03305   -0.00884   -1.03959   -0.00850   -3.34873   -0.71719   -2.03296
          2      17500 1094.73646   -1.03307   -0.00884   -1.03958   -0.00851   -3.34873   -0.71719   -2.03296
          2      17600 1101.03938   -1.03309   -0.00884   -1.03962   -0.00848   -3.34873   -0.71719   -2.03296
          2      17700 1107.57521   -1.03311   -0.00884   -1.03964   -0.00851   -3.34873   -0.71719   -2.03296
          2      17800 1113.93658   -1.03313   -0.00884   -1.03959   -0.00851   -3.34873   -0.71719   -2.03296
          2      17900 1120.36981   -1.03314   -0.00883   -1.03959   -0.00850   -3.34873   -0.71719   -2.03296
          2      18000 1126.66333   -1.03316   -0.00883   -1.03963   -0.00851   -3.34873   -0.71719   -2.03296
          2      18100 1133.27351   -1.03318   -0.00883   -1.03960   -0.00850   -3.34873   -0.71719   -2.03296
          2      18200 1139.24761   -1.03320   -0.00883   -1.03961   -0.00849   -3.34873   -0.71719   -2.03296
          2      18300 1145.34226   -1.03322   -0.00883   -1.03962   -0.00850   -3.34873   -0.71719   -2.03296
          2      18400 1151.49559   -1.03323   -0.00883   -1.03961   -0.00850   -3.34873   -0.71719   -2.03296
          2      18500 1157.99289   -1.03325   -0.00883   -1.03958   -0.00849   -3.34873   -0.71719   -2.03296
          2      18600 1164.45011   -1.03327   -0.00883   -1.03960   -0.00850   -3.34873   -0.71719   -2.03296
          2      18700 1170.85058   -1.03328   -0.00883   -1.03962   -0.00850   -3.34873   -0.71719   -2.03296
          2      18800 1177.43047   -1.03330   -0.00883   -1.03958   -0.00849   -3.34873   -0.71719   -2.03296
          2      18900 1183.78977   -1.03332   -0.00883   -1.03962   -0.00851   -3.34873   -0.71719   -2.03296
          2      19000 1191.12907   -1.03333   -0.00882   -1.03960   -0.00849   -3.34873   -0.71719   -2.03296
          2      19100 1198.54783   -1.03335   -0.00882   -1.03957   -0.00850   -3.34873   -0.71719   -2.03296
          2      19200 1204.68449   -1.03337   -0.00882   -1.03961   -0.00849   -3.34873   -0.71719   -2.03296
          2      19300 1211.25436   -1.03338   -0.00882   -1.03962   -0.00851   -3.34873   -0.71719   -2.03296
          2      19400 1217.59971   -1.03340   -0.00882   -1.03961   -0.00849   -3.34873   -0.71719   -2.03296
          2      19500 1223.78827   -1.03342   -0.00882   -1.03961   -0.00848   -3.34873   -0.71719   -2.03296
          2      19600 1229.87453   -1.03343   -0.00882   -1.03960   -0.00848   -3.34873   -0.71719   -2.03296
          2      19700 1236.75022   -1.03345   -0.00882   -1.03958   -0.00849   -3.34873   -0.71719   -2.03296
          2      19800 1243.01607   -1.03346   -0.00882   -1.03961   -0.00850   -3.34873   -0.71719   -2.03296
          2      19900 1248.83699   -1.03348   -0.00882   -1.03961   -0.00850   -3.34873   -0.71719   -2.03296
          2      20000 1254.71015   -1.03350   -0.00882   -1.03960   -0.00851   -3.34873   -0.71719   -2.03296
          2      20100 1261.70117   -1.03351   -0.00882   -1.03963   -0.00849   -3.34873   -0.71719   -2.03296
          2      20200 1268.08865   -1.03353   -0.00882   -1.03964   -0.00850   -3.34873   -0.71719   -2.03296
          2      20300 1274.35570   -1.03354   -0.00881   -1.03962   -0.00851   -3.34873   -0.71719   -2.03296
          2      20400 1280.82519   -1.03356   -0.00881   -1.03961   -0.00849   -3.34873   -0.71719   -2.03296
          2      20500 1287.25254   -1.03357   -0.00881   -1.03961   -0.00850   -3.34873   -0.71719   -2.03296
          2      20600 1293.51746   -1.03359   -0.00881   -1.03960   -0.00851   -3.34873   -0.71719   -2.03296
          2      20700 1299.87501   -1.03360   -0.00881   -1.03963   -0.00849   -3.34873   -0.71719   -2.03296
          2      20800 1306.28119   -1.03361   -0.00881   -1.03961   -0.00849   -3.34873   -0.71719   -2.03296
          2      20900 1312.78928   -1.03363   -0.00881   -1.03958   -0.00849   -3.34873   -0.71719   -2.03296
          2      21000 1318.97337   -1.03364   -0.00881   -1.03963   -0.00850   -3.34873   -0.71719   -2.03296
          2      21100 1325.08236   -1.03366   -0.00881   -1.03962   -0.00848   -3.34873   -0.71719   -2.03296
          2      21200 1331.05034   -1.03367   -0.00881   -1.03960   -0.00849   -3.34873   -0.71719   -2.03296
          2      21300 1337.41947   -1.03369   -0.00881   -1.03960   -0.00850   -3.34873   -0.71719   -2.03296
          2      21400 1344.13845   -1.03370   -0.00881   -1.03961   -0.00852   -3.34873   -0.71719   -2.03296
          2      21500 1351.05355   -1.03371   -0.00881   -1.03957   -0.00851   -3.34873   -0.71719   -2.03296
          2      21600 1356.89233   -1.03373   -0.00880   -1.03961   -0.00850   -3.34873   -0.71719   -2.03296
          2      21700 1363.00096   -1.03374   -0.00880   -1.03962   -0.00851   -3.34873   -0.71719   -2.03296
          2      21800 1369.72811   -1.03376   -0.00880   -1.03964   -0.00851   -3.34873   -0.71719   -2.03296
          2      21900 1375.72795   -1.03377   -0.00880   -1.03958   -0.00850   -3.34873   -0.71719   -2.03296
          2      22000 1382.51983   -1.03378   -0.00880   -1.03956   -0.00849   -3.34873   -0.71719   -2.03296
          2      22100 1389.59478   -1.03380   -0.00880   -1.03962   -0.00851   -3.34873   -0.71719   -2.03296
          2      22200 1396.47155   -1.03381   -0.00880   -1.03963   -0.00850   -3.34873   -0.71719   -2.03296
          2      22300 1402.98845   -1.03382   -0.00880   -1.03961   -0.00850   -3.34873   -0.71719   -2.03296
          2      22400 1409.41900   -1.03383   -0.00880   -1.03959   -0.00850   -3.34873   -0.71719   -2.03296
          2      22500 1415.57762   -1.03385   -0.00880   -1.03961   -0.00852   -3.34873   -0.71719   -2.03296
          2      22600 1422.22991   -1.03386   -0.00880   -1.03962   -0.00850   -3.34873   -0.71719   -2.03296
          2      22700 1429.27620   -1.03387   -0.00880   -1.03962   -0.00851   -3.34873   -0.71719   -2.03296
          2      22800 1435.71921   -1.03389   -0.00880   -1.03962   -0.00849   -3.34873   -0.71719   -2.03296
          2      22900 1441.62210   -1.03390   -0.00880   -1.03963   -0.00850   -3.34873   -0.71719   -2.03296
          2      23000 1447.86830   -1.03391   -0.00880   -1.03962   -0.00851   -3.34873   -0.71719   -2.03296
          2      23100 1454.44777   -1.03392   -0.00879   -1.03964   -0.00851   -3.34873   -0.71719   -2.03296
          2      23200 1460.83802   -1.03394   -0.00879   -1.03961   -0.00850   -3.34873   -0.71719   -2.03296
          2      23300 1466.81837   -1.03395   -0.00879   -1.03960   -0.00852   -3.34873   -0.71719   -2.03296
          2      23400 1472.95256   -1.03396   -0.00879   -1.03964   -0.00851   -3.34873   -0.71719   -2.03296
          2      23500 1478.88699   -1.03397   -0.00879   -1.03961   -0.00850   -3.34873   -0.71719   -2.03296
          2      23600 1485.25681   -1.03398   -0.00879   -1.03963   -0.00850   -3.34873   -0.71719   -2.03296
          2      23700 1492.29735   -1.03400   -0.00879   -1.03963   -0.00849   -3.34873   -0.71719   -2.03296
          2      23800 1498.59177   -1.03401   -0.00879   -1.03960   -0.00848   -3.34873   -0.71719   -2.03296
          2      23900 1504.75205   -1.03402   -0.00879   -1.03961   -0.00851   -3.34873   -0.71719   -2.03296
          2      24000 1512.15242   -1.03403   -0.00879   -1.03963   -0.00850   -3.34873   -0.71719   -2.03296
          2      24100 1517.90415   -1.03404   -0.00879   -1.03961   -0.00852   -3.34873   -0.71719   -2.03296
          2      24200 1524.02888   -1.03406   -0.00879   -1.03960   -0.00849   -3.34873   -0.71719   -2.03296
          2      24300 1531.18047   -1.03407   -0.00879   -1.03962   -0.00851   -3.34873   -0.71719   -2.03296
          2      24400 1537.73106   -1.03408   -0.00879   -1.03963   -0.00849   -3.34873   -0.71719   -2.03296
          2      24500 1543.84086   -1.03409   -0.00879   -1.03962   -0.00850   -3.34873   -0.71719   -2.03296
          2      24600 1550.01945   -1.03410   -0.00879   -1.03959   -0.00848   -3.34873   -0.71719   -2.03296
          2      24700 1556.32952   -1.03411   -0.00878   -1.03963   -0.00849   -3.34873   -0.71719   -2.03296
          2      24800 1563.05430   -1.03412   -0.00878   -1.03958   -0.00849   -3.34873   -0.71719   -2.03296
          2      24900 1569.50454   -1.03414   -0.00878   -1.03961   -0.00850   -3.34873   -0.71719   -2.03296
          2      25000 1576.33173   -1.03415   -0.00878   -1.03961   -0.00851   -3.34873   -0.71719   -2.03296
          2      25100 1582.47351   -1.03416   -0.00878   -1.03961   -0.00850   -3.34873   -0.71719   -2.03296
          2      25200 1588.99992   -1.03417   -0.00878   -1.03964   -0.00849   -3.34873   -0.71719   -2.03296
          2      25300 1595.48979   -1.03418   -0.00878   -1.03963   -0.00849   -3.34873   -0.71719   -2.03296
          2      25400 1602.13824   -1.03419   -0.00878   -1.03961   -0.00850   -3.34873   -0.71719   -2.03296
          2      25500 1608.36654   -1.03420   -0.00878   -1.03960   -0.00850   -3.34873   -0.71719   -2.03296
          2      25600 1614.38018   -1.03421   -0.00878   -1.03961   -0.00849   -3.34873   -0.71719   -2.03296
          2      25700 1620.27623   -1.03422   -0.00878   -1.03962   -0.00849   -3.34873   -0.71719   -2.03296
          2      25800 1626.62347   -1.03423   -0.00878   -1.03961   -0.00851   -3.34873   -0.71719   -2.03296
          2      25900 1632.50767   -1.03424   -0.00878   -1.03960   -0.00850   -3.34873   -0.71719   -2.03296
          2      26000 1638.43597   -1.03425   -0.00878   -1.03964   -0.00850   -3.34873   -0.71719   -2.03296
          2      26100 1644.06517   -1.03426   -0.00878   -1.03961   -0.00852   -3.34873   -0.71719   -2.03296
          2      26200 1650.41504   -1.03427   -0.00878   -1.03963   -0.00850   -3.34873   -0.71719   -2.03296
          2      26300 1656.66170   -1.03428   -0.00878   -1.03961   -0.00851   -3.34873   -0.71719   -2.03296
          2      26400 1663.06744   -1.03429   -0.00878   -1.03963   -0.00849   -3.34873   -0.71719   -2.03296
          2      26500 1669.40406   -1.03430   -0.00878   -1.03962   -0.00851   -3.34873   -0.71719   -2.03296
          2      26600 1675.70336   -1.03431   -0.00877   -1.03959   -0.00849   -3.34873   -0.71719   -2.03296
          2      26700 1681.91561   -1.03432   -0.00877   -1.03961   -0.00848   -3.34873   -0.71719   -2.03296
          2      26800 1688.05236   -1.03433   -0.00877   -1.03961   -0.00850   -3.34873   -0.71719   -2.03296
          2      26900 1694.19783   -1.03434   -0.00877   -1.03960   -0.00850   -3.34873   -0.71719   -2.03296
          2      27000 1700.01086   -1.03435   -0.00877   -1.03961   -0.00849   -3.34873   -0.71719   -2.03296
          2      27100 1706.32261   -1.03436   -0.00877   -1.03961   -0.00851   -3.34873   -0.71719   -2.03296
          2      27200 1712.70265   -1.03437   -0.00877   -1.03958   -0.00849   -3.34873   -0.71719   -2.03296
          2      27300 1718.99129   -1.03438   -0.00877   -1.03960   -0.00849   -3.34873   -0.71719   -2.03296
          2      27400 1725.42618   -1.03439   -0.00877   -1.03963   -0.00850   -3.34873   -0.71719   -2.03296
          2      27500 1731.39363   -1.03440   -0.00877   -1.03963   -0.00850   -3.34873   -0.71719   -2.03296
          2      27600 1737.75545   -1.03441   -0.00877   -1.03964   -0.00850   -3.34873   -0.71719   -2.03296
          2      27700 1743.98762   -1.03442   -0.00877   -1.03960   -0.00850   -3.34873   -0.71719   -2.03296
          2      27800 1750.03201   -1.03443   -0.00877   -1.03961   -0.00850   -3.34873   -0.71719   -2.03296
          2      27900 1755.62251   -1.03444   -0.00877   -1.03959   -0.00850   -3.34873   -0.71719   -2.03296
          2      28000 1761.57032   -1.03445   -0.00877   -1.03963   -0.00850   -3.34873   -0.71719   -2.03296
          2      28100 1767.80304   -1.03446   -0.00877   -1.03961   -0.00849   -3.34873   -0.71719   -2.03296
          2      28200 1773.66065   -1.03447   -0.00877   -1.03961   -0.00849   -3.34873   -0.71719   -2.03296
          2      28300 1779.87428   -1.03448   -0.00877   -1.03961   -0.00851   -3.34873   -0.71719   -2.03296
          2      28400 1786.01364   -1.03449   -0.00877   -1.03962   -0.00849   -3.34873   -0.71719   -2.03296
          2      28500 1792.51742   -1.03450   -0.00877   -1.03963   -0.00850   -3.34873   -0.71719   -2.03296
          2      28600 1798.67017   -1.03450   -0.00876   -1.03964   -0.00851   -3.34873   -0.71719   -2.03296
          2      28700 1805.23460   -1.03451   -0.00876   -1.03962   -0.00850   -3.34873   -0.71719   -2.03296
          2      28800 1811.53128   -1.03452   -0.00876   -1.03962   -0.00851   -3.34873   -0.71719   -2.03296
          2      28900 1817.66964   -1.03453   -0.00876   -1.03964   -0.00849   -3.34873   -0.71719   -2.03296
          2      29000 1824.36629   -1.03454   -0.00876   -1.03962   -0.00850   -3.34873   -0.71719   -2.03296
          2      29100 1830.48925   -1.03455   -0.00876   -1.03961   -0.00849   -3.34873   -0.71719   -2.03296
          2      29200 1836.58915   -1.03456   -0.00876   -1.03964   -0.00849   -3.34873   -0.71719   -2.03296
          2      29300 1842.39135   -1.03457   -0.00876   -1.03962   -0.00849   -3.34873   -0.71719   -2.03296
          2      29400 1848.53527   -1.03458   -0.00876   -1.03961   -0.00849   -3.34873   -0.71719   -2.03296
          2      29500 1854.50562   -1.03458   -0.00876   -1.03961   -0.00851   -3.34873   -0.71719   -2.03296
          2      29600 1860.77043   -1.03459   -0.00876   -1.03962   -0.00849   -3.34873   -0.71719   -2.03296
          2      29700 1868.02667   -1.03460   -0.00876   -1.03963   -0.00850   -3.34873   -0.71719   -2.03296
          2      29800 1874.45625   -1.03461   -0.00876   -1.03961   -0.00851   -3.34873   -0.71719   -2.03296
          2      29900 1880.27581   -1.03462   -0.00876   -1.03964   -0.00849   -3.34873   -0.71719   -2.03296
          2      30000 1886.51635   -1.03463   -0.00876   -1.03961   -0.00849   -3.34873   -0.71719   -2.03296
          2      30100 1892.84480   -1.03464   -0.00876   -1.03963   -0.00850   -3.34873   -0.71719   -2.03296
          2      30200 1898.40314   -1.03464   -0.00876   -1.03961   -0.00851   -3.34873   -0.71719   -2.03296
          2      30300 1904.72204   -1.03465   -0.00876   -1.03960   -0.00849   -3.34873   -0.71719   -2.03296
          2      30400 1910.77482   -1.03466   -0.00876   -1.03962   -0.00851   -3.34873   -0.71719   -2.03296
          2      30500 1916.88711   -1.03467   -0.00876   -1.03961   -0.00850   -3.34873   -0.71719   -2.03296
          2      30600 1922.54865   -1.03468   -0.00876   -1.03961   -0.00850   -3.34873   -0.71719   -2.03296
          2      30700 1928.51571   -1.03468   -0.00876   -1.03963   -0.00849   -3.34873   -0.71719   -2.03296
          2      30800 1934.79266   -1.03469   -0.00876   -1.03962   -0.00851   -3.34873   -0.71719   -2.03296
          2      30900 1940.90293   -1.03470   -0.00875   -1.03961   -0.00850   -3.34873   -0.71719   -2.03296
          2      31000 1947.12832   -1.03471   -0.00875   -1.03961   -0.00850   -3.34873   -0.71719   -2.03296
          2      31100 1953.68527   -1.03472   -0.00875   -1.03962   -0.00851   -3.34873   -0.71719   -2.03296
          2      31200 1960.61576   -1.03472   -0.00875   -1.03962   -0.00850   -3.34873   -0.71719   -2.03296
          2      31300 1966.92468   -1.03473   -0.00875   -1.03963   -0.00851   -3.34873   -0.71719   -2.03296
          2      31400 1973.09573   -1.03474   -0.00875   -1.03963   -0.00850   -3.34873   -0.71719   -2.03296
          2      31500 1979.37188   -1.03475   -0.00875   -1.03961   -0.00849   -3.34873   -0.71719   -2.03296
          2      31600 1985.91775   -1.03476   -0.00875   -1.03961   -0.00850   -3.34873   -0.71719   -2.03296
          2      31700 1992.97837   -1.03476   -0.00875   -1.03963   -0.00850   -3.34873   -0.71719   -2.03296
          2      31800 1999.58274   -1.03477   -0.00875   -1.03964   -0.00850   -3.34873   -0.71719   -2.03296
          2      31900 2006.58622   -1.03478   -0.00875   -1.03960   -0.00851   -3.34873   -0.71719   -2.03296
          2      32000 2013.61154   -1.03479   -0.00875   -1.03962   -0.00849   -3.34873   -0.71719   -2.03296
          2      32100 2020.66175   -1.03479   -0.00875   -1.03965   -0.00850   -3.34873   -0.71719   -2.03296
          2      32200 2027.57582   -1.03480   -0.00875   -1.03960   -0.00848   -3.34873   -0.71719   -2.03296
          2      32300 2034.89402   -1.03481   -0.00875   -1.03962   -0.00850   -3.34873   -0.71719   -2.03296
          2      32400 2041.67308   -1.03482   -0.00875   -1.03962   -0.00851   -3.34873   -0.71719   -2.03296
          2      32500 2048.44646   -1.03482   -0.00875   -1.03963   -0.00850   -3.34873   -0.71719   -2.03296
          2      32600 2055.35644   -1.03483   -0.00875   -1.03961   -0.00850   -3.34873   -0.71719   -2.03296
          2      32700 2061.47396   -1.03484   -0.00875   -1.03961   -0.00849   -3.34873   -0.71719   -2.03296
          2      32800 2068.17035   -1.03485   -0.00875   -1.03962   -0.00850   -3.34873   -0.71719   -2.03296
          2      32900 2074.36324   -1.03485   -0.00875   -1.03961   -0.00850   -3.34873   -0.71719   -2.03296
          2      33000 2080.50675   -1.03486   -0.00875   -1.03964   -0.00850   -3.34873   -0.71719   -2.03296
          2      33100 2086.50983   -1.03487   -0.00875   -1.03960   -0.00850   -3.34873   -0.71719   -2.03296
          2      33200 2092.44844   -1.03488   -0.00875   -1.03960   -0.00850   -3.34873   -0.71719   -2.03296
          2      33300 2098.64780   -1.03488   -0.00875   -1.03962   -0.00850   -3.34873   -0.71719   -2.03296
          2      33400 2104.40238   -1.03489   -0.00875   -1.03961   -0.00850   -3.34873   -0.71719   -2.03296
          2      33500 2110.77140   -1.03490   -0.00874   -1.03963   -0.00849   -3.34873   -0.71719   -2.03296
          2      33600 2116.96540   -1.03490   -0.00874   -1.03963   -0.00850   -3.34873   -0.71719   -2.03296
          2      33700 2123.31719   -1.03491   -0.00874   -1.03964   -0.00850   -3.34873   -0.71719   -2.03296
          2      33800 2129.01025   -1.03492   -0.00874   -1.03964   -0.00850   -3.34873   -0.71719   -2.03296
          2      33900 2135.63068   -1.03493   -0.00874   -1.03961   -0.00850   -3.34873   -0.71719   -2.03296
          2      34000 2141.64720   -1.03493   -0.00874   -1.03964   -0.00849   -3.34873   -0.71719   -2.03296
          2      34100 2147.88615   -1.03494   -0.00874   -1.03962   -0.00850   -3.34873   -0.71719   -2.03296
          2      34200 2154.36904   -1.03495   -0.00874   -1.03963   -0.00850   -3.34873   -0.71719   -2.03296
          2      34300 2161.13663   -1.03495   -0.00874   -1.03963   -0.00850   -3.34873   -0.71719   -2.03296
          2      34400 2167.54528   -1.03496   -0.00874   -1.03961   -0.00849   -3.34873   -0.71719   -2.03296
          2      34500 2173.71789   -1.03497   -0.00874   -1.03964   -0.00850   -3.34873   -0.71719   -2.03296
          2      34600 2180.28548   -1.03497   -0.00874   -1.03961   -0.00851   -3.34873   -0.71719   -2.03296
          2      34700 2186.14004   -1.03498   -0.00874   -1.03962   -0.00850   -3.34873   -0.71719   -2.03296
          2      34800 2192.33976   -1.03499   -0.00874   -1.03962   -0.00849   -3.34873   -0.71719   -2.03296
          2      34900 2198.58129   -1.03499   -0.00874   -1.03961   -0.00850   -3.34873   -0.71719   -2.03296
          2      35000 2204.70040   -1.03500   -0.00874   -1.03964   -0.00850   -3.34873   -0.71719   -2.03296
          2      35100 2210.92667   -1.03501   -0.00874   -1.03964   -0.00850   -3.34873   -0.71719   -2.03296
          2      35200 2217.07321   -1.03501   -0.00874   -1.03963   -0.00850   -3.34873   -0.71719   -2.03296
          2      35300 2223.09922   -1.03502   -0.00874   -1.03963   -0.00850   -3.34873   -0.71719   -2.03296
          2      35400 2229.08115   -1.03503   -0.00874   -1.03961   -0.00850   -3.34873   -0.71719   -2.03296
          2      35500 2235.16804   -1.03503   -0.00874   -1.03963   -0.00850   -3.34873   -0.71719   -2.03296
          2      35600 2241.56568   -1.03504   -0.00874   -1.03963   -0.00851   -3.34873   -0.71719   -2.03296
          2      35700 2247.86008   -1.03505   -0.00874   -1.03964   -0.00850   -3.34873   -0.71719   -2.03296
          2      35800 2253.96255   -1.03505   -0.00874   -1.03965   -0.00850   -3.34873   -0.71719   -2.03296
          2      35900 2259.73301   -1.03506   -0.00874   -1.03962   -0.00849   -3.34873   -0.71719   -2.03296
          2      36000 2265.97094   -1.03507   -0.00874   -1.03962   -0.00849   -3.34873   -0.71719   -2.03296
          2      36100 2272.36061   -1.03507   -0.00874   -1.03961   -0.00850   -3.34873   -0.71719   -2.03296
          2      36200 2278.87237   -1.03508   -0.00874   -1.03962   -0.00851   -3.34873   -0.71719   -2.03296
          2      36300 2285.28726   -1.03508   -0.00874   -1.03963   -0.00850   -3.34873   -0.71719   -2.03296
          2      36400 2291.15494   -1.03509   -0.00873   -1.03963   -0.00850   -3.34873   -0.71719   -2.03296
          2      36500 2298.47744   -1.03510   -0.00873   -1.03961   -0.00849   -3.34873   -0.71719   -2.03296
          2      36600 2304.54627   -1.03510   -0.00873   -1.03964   -0.00851   -3.34873   -0.71719   -2.03296
          2      36700 2310.64356   -1.03511   -0.00873   -1.03964   -0.00851   -3.34873   -0.71719   -2.03296
          2      36800 2317.01256   -1.03512   -0.00873   -1.03963   -0.00849   -3.34873   -0.71719   -2.03296
          2      36900 2323.92714   -1.03512   -0.00873   -1.03963   -0.00851   -3.34873   -0.71719   -2.03296
          2      37000 2330.94610   -1.03513   -0.00873   -1.03962   -0.00850   -3.34873   -0.71719   -2.03296
          2      37100 2337.59918   -1.03513   -0.00873   -1.03962   -0.00850   -3.34873   -0.71719   -2.03296
          2      37200 2343.40087   -1.03514   -0.00873   -1.03963   -0.00849   -3.34873   -0.71719   -2.03296
          2      37300 2349.46283   -1.03515   -0.00873   -1.03964   -0.00851   -3.34873   -0.71719   -2.03296
          2      37400 2355.23769   -1.03515   -0.00873   -1.03965   -0.00850   -3.34873   -0.71719   -2.03296
          2      37500 2361.22432   -1.03516   -0.00873   -1.03963   -0.00849   -3.34873   -0.71719   -2.03296
          2      37600 2367.37020   -1.03516   -0.00873   -1.03961   -0.00850   -3.34873   -0.71719   -2.03296
          2      37700 2373.32084   -1.03517   -0.00873   -1.03962   -0.00850   -3.34873   -0.71719   -2.03296
          2      37800 2379.61867   -1.03518   -0.00873   -1.03962   -0.00850   -3.34873   -0.71719   -2.03296
          2      37900 2385.73302   -1.03518   -0.00873   -1.03961   -0.00849   -3.34873   -0.71719   -2.03296
          2      38000 2392.10788   -1.03519   -0.00873   -1.03964   -0.00850   -3.34873   -0.71719   -2.03296
          2      38100 2398.14827   -1.03519   -0.00873   -1.03962   -0.00850   -3.34873   -0.71719   -2.03296
          2      38200 2404.42838   -1.03520   -0.00873   -1.03964   -0.00850   -3.34873   -0.71719   -2.03296
          2      38300 2410.51600   -1.03521   -0.00873   -1.03963   -0.00851   -3.34873   -0.71719   -2.03296
          2      38400 2416.88757   -1.03521   -0.00873   -1.03962   -0.00850   -3.34873   -0.71719   -2.03296
          2      38500 2422.86983   -1.03522   -0.00873   -1.03963   -0.00850   -3.34873   -0.71719   -2.03296
          2      38600 2428.97481   -1.03522   -0.00873   -1.03965   -0.00851   -3.34873   -0.71719   -2.03296
          2      38700 2434.98064   -1.03523   -0.00873   -1.03963   -0.00850   -3.34873   -0.71719   -2.03296
          2      38800 2441.32301   -1.03523   -0.00873   -1.03962   -0.00849   -3.34873   -0.71719   -2.03296
          2      38900 2447.67580   -1.03524   -0.00873   -1.03964   -0.00850   -3.34873   -0.71719   -2.03296
          2      39000 2454.08028   -1.03525   -0.00873   -1.03964   -0.00851   -3.34873   -0.71719   -2.03296
          2      39100 2460.14111   -1.03525   -0.00873   -1.03964   -0.00850   -3.34873   -0.71719   -2.03296
          2      39200 2466.05412   -1.03526   -0.00873   -1.03962   -0.00849   -3.34873   -0.71719   -2.03296
          2      39300 2472.07145   -1.03526   -0.00873   -1.03963   -0.00850   -3.34873   -0.71719   -2.03296
          2      39400 2477.66446   -1.03527   -0.00873   -1.03961   -0.00850   -3.34873   -0.71719   -2.03296
          2      39500 2483.78714   -1.03527   -0.00873   -1.03963   -0.00850   -3.34873   -0.71719   -2.03296
          2      39600 2490.43142   -1.03528   -0.00873   -1.03963   -0.00849   -3.34873   -0.71719   -2.03296
          2      39700 2496.77422   -1.03529   -0.00872   -1.03963   -0.00849   -3.34873   -0.71719   -2.03296
          2      39800 2502.41856   -1.03529   -0.00872   -1.03963   -0.00849   -3.34873   -0.71719   -2.03296
          2      39900 2508.45684   -1.03530   -0.00872   -1.03962   -0.00850   -3.34873   -0.71719   -2.03296
          2      40000 2514.35960   -1.03530   -0.00872   -1.03962   -0.00849   -3.34873   -0.71719   -2.03296
          2      40100 2520.81964   -1.03531   -0.00872   -1.03962   -0.00850   -3.34873   -0.71719   -2.03296
          2      40200 2526.77447   -1.03531   -0.00872   -1.03964   -0.00850   -3.34873   -0.71719   -2.03296
          2      40300 2533.02764   -1.03532   -0.00872   -1.03963   -0.00850   -3.34873   -0.71719   -2.03296
          2      40400 2538.93898   -1.03532   -0.00872   -1.03960   -0.00848   -3.34873   -0.71719   -2.03296
          2      40500 2544.93488   -1.03533   -0.00872   -1.03964   -0.00849   -3.34873   -0.71719   -2.03296
          2      40600 2551.12755   -1.03533   -0.00872   -1.03964   -0.00849   -3.34873   -0.71719   -2.03296
          2      40700 2557.37082   -1.03534   -0.00872   -1.03964   -0.00849   -3.34873   -0.71719   -2.03296
          2      40800 2563.31701   -1.03534   -0.00872   -1.03963   -0.00850   -3.34873   -0.71719   -2.03296
          2      40900 2570.55160   -1.03535   -0.00872   -1.03964   -0.00850   -3.34873   -0.71719   -2.03296
          2      41000 2577.26228   -1.03536   -0.00872   -1.03963   -0.00851   -3.34873   -0.71719   -2.03296
          2      41100 2583.41542   -1.03536   -0.00872   -1.03965   -0.00850   -3.34873   -0.71719   -2.03296
          2      41200 2589.68052   -1.03537   -0.00872   -1.03963   -0.00850   -3.34873   -0.71719   -2.03296
          2      41300 2596.15628   -1.03537   -0.00872   -1.03965   -0.00849   -3.34873   -0.71719   -2.03296
          2      41400 2603.04207   -1.03538   -0.00872   -1.03963   -0.00851   -3.34873   -0.71719   -2.03296
          2      41500 2610.68316   -1.03538   -0.00872   -1.03963   -0.00850   -3.34873   -0.71719   -2.03296
          2      41600 2617.05198   -1.03539   -0.00872   -1.03962   -0.00850   -3.34873   -0.71719   -2.03296
          2      41700 2623.19175   -1.03539   -0.00872   -1.03962   -0.00850   -3.34873   -0.71719   -2.03296
          2      41800 2629.62549   -1.03540   -0.00872   -1.03964   -0.00849   -3.34873   -0.71719   -2.03296
          2      41900 2635.86658   -1.03540   -0.00872   -1.03959   -0.00851   -3.34873   -0.71719   -2.03296
          2      42000 2642.21975   -1.03541   -0.00872   -1.03961   -0.00849   -3.34873   -0.71719   -2.03296
          2      42100 2649.02691   -1.03541   -0.00872   -1.03963   -0.00849   -3.34873   -0.71719   -2.03296
          2      42200 2655.10537   -1.03542   -0.00872   -1.03961   -0.00851   -3.34873   -0.71719   -2.03296
          2      42300 2661.39445   -1.03542   -0.00872   -1.03961   -0.00850   -3.34873   -0.71719   -2.03296
          2      42400 2667.46581   -1.03543   -0.00872   -1.03964   -0.00850   -3.34873   -0.71719   -2.03296
          2      42500 2673.96941   -1.03543   -0.00872   -1.03964   -0.00850   -3.34873   -0.71719   -2.03296
          2      42600 2680.23446   -1.03544   -0.00872   -1.03965   -0.00850   -3.34873   -0.71719   -2.03296
          2      42700 2685.86652   -1.03544   -0.00872   -1.03963   -0.00849   -3.34873   -0.71719   -2.03296
          2      42800 2691.99830   -1.03545   -0.00872   -1.03963   -0.00850   -3.34873   -0.71719   -2.03296
          2      42900 2698.01997   -1.03545   -0.00872   -1.03963   -0.00850   -3.34873   -0.71719   -2.03296
          2      43000 2705.06717   -1.03546   -0.00872   -1.03962   -0.00849   -3.34873   -0.71719   -2.03296
          2      43100 2712.19942   -1.03546   -0.00872   -1.03964   -0.00849   -3.34873   -0.71719   -2.03296
          2      43200 2718.31976   -1.03547   -0.00872   -1.03963   -0.00850   -3.34873   -0.71719   -2.03296
          2      43300 2725.15912   -1.03547   -0.00872   -1.03964   -0.00850   -3.34873   -0.71719   -2.03296
          2      43400 2732.10594   -1.03548   -0.00872   -1.03963   -0.00849   -3.34873   -0.71719   -2.03296
          2      43500 2739.29049   -1.03548   -0.00871   -1.03964   -0.00850   -3.34873   -0.71719   -2.03296
          2      43600 2745.97663   -1.03549   -0.00871   -1.03964   -0.00850   -3.34873   -0.71719   -2.03296
          2      43700 2752.80433   -1.03549   -0.00871   -1.03965   -0.00850   -3.34873   -0.71719   -2.03296
          2      43800 2759.94791   -1.03550   -0.00871   -1.03964   -0.00850   -3.34873   -0.71719   -2.03296
          2      43900 2766.45217   -1.03550   -0.00871   -1.03965   -0.00850   -3.34873   -0.71719   -2.03296
          2      44000 2772.64415   -1.03550   -0.00871   -1.03964   -0.00849   -3.34873   -0.71719   -2.03296
          2      44100 2778.97046   -1.03551   -0.00871   -1.03964   -0.00850   -3.34873   -0.71719   -2.03296
          2      44200 2784.91635   -1.03551   -0.00871   -1.03964   -0.00850   -3.34873   -0.71719   -2.03296
          2      44300 2790.54012   -1.03552   -0.00871   -1.03963   -0.00850   -3.34873   -0.71719   -2.03296
          2      44400 2796.39004   -1.03552   -0.00871   -1.03963   -0.00851   -3.34873   -0.71719   -2.03296
          2      44500 2802.80144   -1.03553   -0.00871   -1.03965   -0.00850   -3.34873   -0.71719   -2.03296
          2      44600 2808.57822   -1.03553   -0.00871   -1.03963   -0.00849   -3.34873   -0.71719   -2.03296
          2      44700 2814.63747   -1.03554   -0.00871   -1.03963   -0.00849   -3.34873   -0.71719   -2.03296
          2      44800 2820.42169   -1.03554   -0.00871   -1.03963   -0.00849   -3.34873   -0.71719   -2.03296
          2      44900 2826.85012   -1.03555   -0.00871   -1.03962   -0.00850   -3.34873   -0.71719   -2.03296
          2      45000 2834.84645   -1.03555   -0.00871   -1.03962   -0.00849   -3.34873   -0.71719   -2.03296
          2      45100 2840.81478   -1.03556   -0.00871   -1.03963   -0.00849   -3.34873   -0.71719   -2.03296
          2      45200 2846.92199   -1.03556   -0.00871   -1.03962   -0.00849   -3.34873   -0.71719   -2.03296
          2      45300 2853.03944   -1.03556   -0.00871   -1.03961   -0.00849   -3.34873   -0.71719   -2.03296
          2      45400 2858.95664   -1.03557   -0.00871   -1.03962   -0.00850   -3.34873   -0.71719   -2.03296
          2      45500 2865.41821   -1.03557   -0.00871   -1.03964   -0.00849   -3.34873   -0.71719   -2.03296
          2      45600 2872.39905   -1.03558   -0.00871   -1.03964   -0.00849   -3.34873   -0.71719   -2.03296
          2      45700 2878.82232   -1.03558   -0.00871   -1.03963   -0.00849   -3.34873   -0.71719   -2.03296
          2      45800 2884.75122   -1.03559   -0.00871   -1.03963   -0.00850   -3.34873   -0.71719   -2.03296
          2      45900 2891.33016   -1.03559   -0.00871   -1.03965   -0.00850   -3.34873   -0.71719   -2.03296
          2      46000 2898.27483   -1.03560   -0.00871   -1.03963   -0.00850   -3.34873   -0.71719   -2.03296
          2      46100 2904.09860   -1.03560   -0.00871   -1.03964   -0.00849   -3.34873   -0.71719   -2.03296
          2      46200 2910.67787   -1.03560   -0.00871   -1.03964   -0.00850   -3.34873   -0.71719   -2.03296
          2      46300 2916.98452   -1.03561   -0.00871   -1.03963   -0.00850   -3.34873   -0.71719   -2.03296
          2      46400 2922.96790   -1.03561   -0.00871   -1.03963   -0.00850   -3.34873   -0.71719   -2.03296
          2      46500 2929.06124   -1.03562   -0.00871   -1.03964   -0.00849   -3.34873   -0.71719   -2.03296
          2      46600 2935.66831   -1.03562   -0.00871   -1.03963   -0.00850   -3.34873   -0.71719   -2.03296
          2      46700 2941.79703   -1.03563   -0.00871   -1.03963   -0.00849   -3.34873   -0.71719   -2.03296
          2      46800 2948.36403   -1.03563   -0.00871   -1.03963   -0.00850   -3.34873   -0.71719   -2.03296
          2      46900 2954.24739   -1.03564   -0.00871   -1.03964   -0.00850   -3.34873   -0.71719   -2.03296
          2      47000 2959.69456   -1.03564   -0.00871   -1.03962   -0.00850   -3.34873   -0.71719   -2.03296
          2      47100 2965.85217   -1.03564   -0.00871   -1.03962   -0.00849   -3.34873   -0.71719   -2.03296
          2      47200 2971.80826   -1.03565   -0.00871   -1.03962   -0.00849   -3.34873   -0.71719   -2.03296
          2      47300 2977.76220   -1.03565   -0.00871   -1.03965   -0.00850   -3.34873   -0.71719   -2.03296
          2      47400 2983.78301   -1.03566   -0.00871   -1.03962   -0.00850   -3.34873   -0.71719   -2.03296
          2      47500 2990.22892   -1.03566   -0.00871   -1.03964   -0.00850   -3.34873   -0.71719   -2.03296
          2      47600 2995.98429   -1.03567   -0.00871   -1.03962   -0.00850   -3.34873   -0.71719   -2.03296
          2      47700 3002.25628   -1.03567   -0.00871   -1.03962   -0.00850   -3.34873   -0.71719   -2.03296
          2      47800 3008.38934   -1.03567   -0.00870   -1.03964   -0.00850   -3.34873   -0.71719   -2.03296
          2      47900 3014.78854   -1.03568   -0.00870   -1.03965   -0.00849   -3.34873   -0.71719   -2.03296
          2      48000 3020.65967   -1.03568   -0.00870   -1.03963   -0.00850   -3.34873   -0.71719   -2.03296
          2      48100 3027.60934   -1.03569   -0.00870   -1.03965   -0.00850   -3.34873   -0.71719   -2.03296
          2      48200 3034.55754   -1.03569   -0.00870   -1.03963   -0.00850   -3.34873   -0.71719   -2.03296
          2      48300 3041.04056   -1.03569   -0.00870   -1.03962   -0.00851   -3.34873   -0.71719   -2.03296
          2      48400 3047.27015   -1.03570   -0.00870   -1.03962   -0.00850   -3.34873   -0.71719   -2.03296
          2      48500 3053.47863   -1.03570   -0.00870   -1.03963   -0.00850   -3.34873   -0.71719   -2.03296
          2      48600 3059.82088   -1.03571   -0.00870   -1.03965   -0.00850   -3.34873   -0.71719   -2.03296
          2      48700 3066.29624   -1.03571   -0.00870   -1.03963   -0.00849   -3.34873   -0.71719   -2.03296
          2      48800 3072.64853   -1.03571   -0.00870   -1.03963   -0.00851   -3.34873   -0.71719   -2.03296
          2      48900 3079.36043   -1.03572   -0.00870   -1.03965   -0.00851   -3.34873   -0.71719   -2.03296
          2      49000 3085.31234   -1.03572   -0.00870   -1.03963   -0.00850   -3.34873   -0.71719   -2.03296
          2      49100 3091.15375   -1.03573   -0.00870   -1.03963   -0.00850   -3.34873   -0.71719   -2.03296
          2      49200 3097.75934   -1.03573   -0.00870   -1.03964   -0.00850   -3.34873   -0.71719   -2.03296
          2      49300 3103.93614   -1.03573   -0.00870   -1.03965   -0.00850   -3.34873   -0.71719   -2.03296
          2      49400 3110.48000   -1.03574   -0.00870   -1.03963   -0.00849   -3.34873   -0.71719   -2.03296
          2      49500 3116.96043   -1.03574   -0.00870   -1.03964   -0.00850   -3.34873   -0.71719   -2.03296
          2      49600 3123.51223   -1.03575   -0.00870   -1.03963   -0.00852   -3.34873   -0.71719   -2.03296
          2      49700 3129.64467   -1.03575   -0.00870   -1.03964   -0.00850   -3.34873   -0.71719   -2.03296
          2      49800 3135.73910   -1.03575   -0.00870   -1.03964   -0.00850   -3.34873   -0.71719   -2.03296
          2      49900 3142.16704   -1.03576   -0.00870   -1.03964   -0.00849   -3.34873   -0.71719   -2.03296
          2      50000 3148.07859   -1.03576   -0.00870   -1.03960   -0.00850   -3.34873   -0.71719   -2.03296
          2      50100 3154.40484   -1.03577   -0.00870   -1.03961   -0.00850   -3.34873   -0.71719   -2.03296
          2      50200 3160.27581   -1.03577   -0.00870   -1.03964   -0.00851   -3.34873   -0.71719   -2.03296
          2      50300 3166.56978   -1.03577   -0.00870   -1.03963   -0.00848   -3.34873   -0.71719   -2.03296
          2      50400 3172.63398   -1.03578   -0.00870   -1.03964   -0.00851   -3.34873   -0.71719   -2.03296
          2      50500 3178.87963   -1.03578   -0.00870   -1.03961   -0.00852   -3.34873   -0.71719   -2.03296
          2      50600 3184.95705   -1.03579   -0.00870   -1.03963   -0.00849   -3.34873   -0.71719   -2.03296
          2      50700 3191.48300   -1.03579   -0.00870   -1.03963   -0.00850   -3.34873   -0.71719   -2.03296
          2      50800 3198.46727   -1.03579   -0.00870   -1.03963   -0.00850   -3.34873   -0.71719   -2.03296
          2      50900 3204.74646   -1.03580   -0.00870   -1.03963   -0.00850   -3.34873   -0.71719   -2.03296
          2      51000 3210.89353   -1.03580   -0.00870   -1.03964   -0.00850   -3.34873   -0.71719   -2.03296
          2      51100 3216.51713   -1.03580   -0.00870   -1.03964   -0.00849   -3.34873   -0.71719   -2.03296
          2      51200 3222.53786   -1.03581   -0.00870   -1.03963   -0.00849   -3.34873   -0.71719   -2.03296
          2      51300 3229.68732   -1.03581   -0.00870   -1.03965   -0.00850   -3.34873   -0.71719   -2.03296
          2      51400 3235.57528   -1.03582   -0.00870   -1.03964   -0.00850   -3.34873   -0.71719   -2.03296
          2      51500 3242.06232   -1.03582   -0.00870   -1.03963   -0.00848   -3.34873   -0.71719   -2.03296
          2      51600 3248.32488   -1.03582   -0.00870   -1.03963   -0.00849   -3.34873   -0.71719   -2.03296
          2      51700 3254.26047   -1.03583   -0.00870   -1.03963   -0.00849   -3.34873   -0.71719   -2.03296
          2      51800 3260.71207   -1.03583   -0.00870   -1.03962   -0.00850   -3.34873   -0.71719   -2.03296
          2      51900 3266.90508   -1.03583   -0.00870   -1.03964   -0.00850   -3.34873   -0.71719   -2.03296
          2      52000 3273.07719   -1.03584   -0.00870   -1.03963   -0.00849   -3.34873   -0.71719   -2.03296
          2      52100 3279.61644   -1.03584   -0.00870   -1.03966   -0.00850   -3.34873   -0.71719   -2.03296
          2      52200 3286.89437   -1.03585   -0.00870   -1.03964   -0.00850   -3.34873   -0.71719   -2.03296
          2      52300 3293.30893   -1.03585   -0.00870   -1.03963   -0.00849   -3.34873   -0.71719   -2.03296
          2      52400 3299.49291   -1.03585   -0.00870   -1.03961   -0.00850   -3.34873   -0.71719   -2.03296
          2      52500 3305.71445   -1.03586   -0.00870   -1.03964   -0.00850   -3.34873   -0.71719   -2.03296
          2      52600 3311.80617   -1.03586   -0.00870   -1.03963   -0.00850   -3.34873   -0.71719   -2.03296
          2      52700 3318.21579   -1.03586   -0.00870   -1.03963   -0.00850   -3.34873   -0.71719   -2.03296
          2      52800 3324.16886   -1.03587   -0.00869   -1.03963   -0.00849   -3.34873   -0.71719   -2.03296
          2      52900 3330.27898   -1.03587   -0.00869   -1.03962   -0.00851   -3.34873   -0.71719   -2.03296
          2      53000 3336.82395   -1.03587   -0.00869   -1.03963   -0.00850   -3.34873   -0.71719   -2.03296
          2      53100 3343.72626   -1.03588   -0.00869   -1.03964   -0.00850   -3.34873   -0.71719   -2.03296
          2      53200 3350.23048   -1.03588   -0.00869   -1.03964   -0.00850   -3.34873   -0.71719   -2.03296
          2      53300 3356.94524   -1.03589   -0.00869   -1.03965   -0.00850   -3.34873   -0.71719   -2.03296
          2      53400 3363.05708   -1.03589   -0.00869   -1.03964   -0.00850   -3.34873   -0.71719   -2.03296
          2      53500 3369.38510   -1.03589   -0.00869   -1.03962   -0.00851   -3.34873   -0.71719   -2.03296
          2      53600 3376.72875   -1.03590   -0.00869   -1.03962   -0.00849   -3.34873   -0.71719   -2.03296
          2      53700 3383.69797   -1.03590   -0.00869   -1.03964   -0.00850   -3.34873   -0.71719   -2.03296
          2      53800 3389.82829   -1.03590   -0.00869   -1.03963   -0.00850   -3.34873   -0.71719   -2.03296
          2      53900 3396.19751   -1.03591   -0.00869   -1.03962   -0.00850   -3.34873   -0.71719   -2.03296
          2      54000 3402.27987   -1.03591   -0.00869   -1.03965   -0.00850   -3.34873   -0.71719   -2.03296
          2      54100 3408.52679   -1.03591   -0.00869   -1.03964   -0.00849   -3.34873   -0.71719   -2.03296
          2      54200 3414.62577   -1.03592   -0.00869   -1.03964   -0.00850   -3.34873   -0.71719   -2.03296
          2      54300 3420.94470   -1.03592   -0.00869   -1.03963   -0.00849   -3.34873   -0.71719   -2.03296
          2      54400 3427.03256   -1.03592   -0.00869   -1.03961   -0.00850   -3.34873   -0.71719   -2.03296
          2      54500 3433.13427   -1.03593   -0.00869   -1.03963   -0.00851   -3.34873   -0.71719   -2.03296
          2      54600 3439.56469   -1.03593   -0.00869   -1.03963   -0.00848   -3.34873   -0.71719   -2.03296
          2      54700 3445.86256   -1.03593   -0.00869   -1.03964   -0.00851   -3.34873   -0.71719   -2.03296
          2      54800 3451.91521   -1.03594   -0.00869   -1.03965   -0.00850   -3.34873   -0.71719   -2.03296
          2      54900 3458.21375   -1.03594   -0.00869   -1.03963   -0.00850   -3.34873   -0.71719   -2.03296
          2      55000 3464.40238   -1.03594   -0.00869   -1.03964   -0.00850   -3.34873   -0.71719   -2.03296
          2      55100 3470.65830   -1.03595   -0.00869   -1.03964   -0.00849   -3.34873   -0.71719   -2.03296
          2      55200 3476.65073   -1.03595   -0.00869   -1.03965   -0.00849   -3.34873   -0.71719   -2.03296
          2      55300 3482.40999   -1.03595   -0.00869   -1.03962   -0.00850   -3.34873   -0.71719   -2.03296
          2      55400 3488.72137   -1.03596   -0.00869   -1.03964   -0.00851   -3.34873   -0.71719   -2.03296
          2      55500 3494.70582   -1.03596   -0.00869   -1.03963   -0.00850   -3.34873   -0.71719   -2.03296
          2      55600 3501.20007   -1.03596   -0.00869   -1.03964   -0.00849   -3.34873   -0.71719   -2.03296
          2      55700 3507.76820   -1.03597   -0.00869   -1.03963   -0.00850   -3.34873   -0.71719   -2.03296
          2      55800 3513.97405   -1.03597   -0.00869   -1.03964   -0.00851   -3.34873   -0.71719   -2.03296
          2      55900 3520.46588   -1.03597   -0.00869   -1.03965   -0.00849   -3.34873   -0.71719   -2.03296
          2      56000 3526.72924   -1.03598   -0.00869   -1.03962   -0.00851   -3.34873   -0.71719   -2.03296
          2      56100 3532.90439   -1.03598   -0.00869   -1.03964   -0.00850   -3.34873   -0.71719   -2.03296
          2      56200 3538.98640   -1.03598   -0.00869   -1.03964   -0.00850   -3.34873   -0.71719   -2.03296
          2      56300 3545.23501   -1.03599   -0.00869   -1.03964   -0.00849   -3.34873   -0.71719   -2.03296
          2      56400 3551.32016   -1.03599   -0.00869   -1.03964   -0.00850   -3.34873   -0.71719   -2.03296
          2      56500 3557.60802   -1.03599   -0.00869   -1.03963   -0.00849   -3.34873   -0.71719   -2.03296
          2      56600 3563.26294   -1.03600   -0.00869   -1.03963   -0.00850   -3.34873   -0.71719   -2.03296
          2      56700 3569.58013   -1.03600   -0.00869   -1.03965   -0.00849   -3.34873   -0.71719   -2.03296
          2      56800 3575.66082   -1.03600   -0.00869   -1.03962   -0.00851   -3.34873   -0.71719   -2.03296
          2      56900 3581.78460   -1.03601   -0.00869   -1.03963   -0.00850   -3.34873   -0.71719   -2.03296
          2      57000 3588.34732   -1.03601   -0.00869   -1.03964   -0.00850   -3.34873   -0.71719   -2.03296
          2      57100 3594.69537   -1.03601   -0.00869   -1.03963   -0.00850   -3.34873   -0.71719   -2.03296
          2      57188 3600.05417   -1.03602   -0.00869   -1.03963   -0.00849   -3.34873   -0.71719   -2.03296
