          1          0    0.00000   -1.03656    0.00398   -1.03656    0.00398   -3.40713    3.40713    0.00000
          1          1    0.03691   -0.72372   -0.00864   -0.53001   -0.01068   -3.40713   -0.72372    0.00000
          2          0    0.03691   -0.30741   -0.03893   -0.53001   -0.01068   -3.40713   -0.72372   -2.06542
          2        100    6.59254   -0.95440   -0.00347   -1.04019    0.00210   -3.40713   -0.72372   -2.06542
          2        200   12.73743   -0.97962   -0.00194   -1.04021    0.00193   -3.40713   -0.72372   -2.06542
          2        300   19.08989   -0.99083   -0.00124   -1.04039    0.00222   -3.40713   -0.72372   -2.06542
          2        400   25.51182   -0.99752   -0.00081   -1.04029    0.00194   -3.40713   -0.72372   -2.06542
          2        500   32.46241   -1.00209   -0.00052   -1.04040    0.00204   -3.40713   -0.72372   -2.06542
          2        600   39.56650   -1.00546   -0.00030   -1.04066    0.00205   -3.40713   -0.72372   -2.06542
          2        700   46.32122   -1.00808   -0.00013   -1.04064    0.00198   -3.40713   -0.72372   -2.06542
          2        800   53.95502   -1.01020    0.00000   -1.04071    0.00197   -3.40713   -0.72372   -2.06542
          2        900   61.06210   -1.01195    0.00012   -1.04072    0.00203   -3.40713   -0.72372   -2.06542
          2       1000   68.93180   -1.01343    0.00021   -1.04064    0.00220   -3.40713   -0.72372   -2.06542
          2       1100   76.35668   -1.01471    0.00030   -1.04067    0.00206   -3.40713   -0.72372   -2.06542
          2       1200   84.04206   -1.01582    0.00037   -1.04067    0.00204   -3.40713   -0.72372   -2.06542
          2       1300   90.53805   -1.01681    0.00043   -1.04059    0.00203   -3.40713   -0.72372   -2.06542
          2       1400   97.19677   -1.01768    0.00049   -1.04056    0.00201   -3.40713   -0.72372   -2.06542
          2       1500  104.11777   -1.01847    0.00054   -1.04068    0.00207   -3.40713   -0.72372   -2.06542
          2       1600  110.18474   -1.01918    0.00059   -1.04071    0.00206   -3.40713   -0.72372   -2.06542
          2       1700  116.70731   -1.01983    0.00063   -1.04070    0.00204   -3.40713   -0.72372   -2.06542
          2       1800  123.59504   -1.02042    0.00067   -1.04078    0.00209   -3.40713   -0.72372   -2.06542
          2       1900  130.35949   -1.02097    0.00071   -1.04073    0.00199   -3.40713   -0.72372   -2.06542
          2       2000  137.11730   -1.02147    0.00074   -1.04071    0.00205   -3.40713   -0.72372   -2.06542
          2       2100  143.70648   -1.02194    0.00077   -1.04077    0.00200   -3.40713   -0.72372   -2.06542
          2       2200  150.34413   -1.02237    0.00080   -1.04076    0.00209   -3.40713   -0.72372   -2.06542
          2       2300  157.09387   -1.02278    0.00082   -1.04076    0.00206   -3.40713   -0.72372   -2.06542
          2       2400  163.29178   -1.02316    0.00085   -1.04076    0.00202   -3.40713   -0.72372   -2.06542
          2       2500  169.94301   -1.02352    0.00087   -1.04073    0.00198   -3.40713   -0.72372   -2.06542
          2       2600  176.08783   -1.02386    0.00090   -1.04073    0.00211   -3.40713   -0.72372   -2.06542
          2       2700  182.80824   -1.02417    0.00092   -1.04078    0.00208   -3.40713   -0.72372   -2.06542
          2       2800  188.67906   -1.02448    0.00094   -1.04077    0.00202   -3.40713   -0.72372   -2.06542
          2       2900  195.27705   -1.02476    0.00096   -1.04081    0.00200   -3.40713   -0.72372   -2.06542
          2       3000  202.11294   -1.02503    0.00097   -1.04071    0.00202   -3.40713   -0.72372   -2.06542
          2       3100  208.66773   -1.02529    0.00099   -1.04069    0.00203   -3.40713   -0.72372   -2.06542
          2       3200  215.05859   -1.02554    0.00101   -1.04070    0.00206   -3.40713   -0.72372   -2.06542
          2       3300  221.20286   -1.02577    0.00102   -1.04075    0.00203   -3.40713   -0.72372   -2.06542
          2       3400  227.36942   -1.02599    0.00104   -1.04079    0.00208   -3.40713   -0.72372   -2.06542
          2       3500  233.38645   -1.02621    0.00105   -1.04080    0.00200   -3.40713   -0.72372   -2.06542
          2       3600  240.72444   -1.02641    0.00106   -1.04073    0.00208   -3.40713   -0.72372   -2.06542
          2       3700  248.57248   -1.02661    0.00108   -1.04081    0.00200   -3.40713   -0.72372   -2.06542
          2       3800  255.12086   -1.02680    0.00109   -1.04078    0.00204   -3.40713   -0.72372   -2.06542
          2       3900  262.09251   -1.02698    0.00110   -1.04082    0.00204   -3.40713   -0.72372   -2.06542
          2       4000  269.40021   -1.02716    0.00111   -1.04077    0.00207   -3.40713   -0.72372   -2.06542
          2       4100  276.23769   -1.02732    0.00112   -1.04081    0.00207   -3.40713   -0.72372   -2.06542
          2       4200  283.03722   -1.02749    0.00113   -1.04075    0.00206   -3.40713   -0.72372   -2.06542
          2       4300  289.77640   -1.02764    0.00115   -1.04079    0.00202   -3.40713   -0.72372   -2.06542
          2       4400  296.51403   -1.02779    0.00116   -1.04079    0.00211   -3.40713   -0.72372   -2.06542
          2       4500  303.50639   -1.02794    0.00116   -1.04083    0.00202   -3.40713   -0.72372   -2.06542
          2       4600  310.99017   -1.02808    0.00117   -1.04074    0.00204   -3.40713   -0.72372   -2.06542
          2       4700  317.91863   -1.02822    0.00118   -1.04080    0.00201   -3.40713   -0.72372   -2.06542
          2       4800  325.51854   -1.02835    0.00119   -1.04082    0.00202   -3.40713   -0.72372   -2.06542
          2       4900  332.00997   -1.02848    0.00120   -1.04081    0.00200   -3.40713   -0.72372   -2.06542
          2       5000  338.42863   -1.02861    0.00121   -1.04079    0.00202   -3.40713   -0.72372   -2.06542
          2       5100  345.38197   -1.02873    0.00122   -1.04078    0.00202   -3.40713   -0.72372   -2.06542
          2       5200  352.11309   -1.02884    0.00122   -1.04080    0.00203   -3.40713   -0.72372   -2.06542
          2       5300  358.54527   -1.02896    0.00123   -1.04081    0.00203   -3.40713   -0.72372   -2.06542
          2       5400  365.80540   -1.02907    0.00124   -1.04082    0.00200   -3.40713   -0.72372   -2.06542
          2       5500  372.38043   -1.02918    0.00125   -1.04082    0.00202   -3.40713   -0.72372   -2.06542
          2       5600  379.51261   -1.02928    0.00125   -1.04079    0.00204   -3.40713   -0.72372   -2.06542
          2       5700  386.77086   -1.02938    0.00126   -1.04081    0.00202   -3.40713   -0.72372   -2.06542
          2       5800  394.77225   -1.02948    0.00127   -1.04080    0.00196   -3.40713   -0.72372   -2.06542
          2       5900  401.63080   -1.02958    0.00127   -1.04078    0.00203   -3.40713   -0.72372   -2.06542
          2       6000  407.93752   -1.02968    0.00128   -1.04080    0.00204   -3.40713   -0.72372   -2.06542
          2       6100  414.05896   -1.02977    0.00129   -1.04078    0.00208   -3.40713   -0.72372   -2.06542
          2       6200  420.95141   -1.02986    0.00129   -1.04077    0.00202   -3.40713   -0.72372   -2.06542
          2       6300  427.19961   -1.02995    0.00130   -1.04081    0.00201   -3.40713   -0.72372   -2.06542
          2       6400  434.05743   -1.03003    0.00130   -1.04078    0.00200   -3.40713   -0.72372   -2.06542
          2       6500  441.71994   -1.03012    0.00131   -1.04079    0.00203   -3.40713   -0.72372   -2.06542
          2       6600  448.21696   -1.03020    0.00131   -1.04079    0.00201   -3.40713   -0.72372   -2.06542
          2       6700  455.28255   -1.03028    0.00132   -1.04083    0.00205   -3.40713   -0.72372   -2.06542
          2       6800  462.14107   -1.03036    0.00132   -1.04077    0.00206   -3.40713   -0.72372   -2.06542
          2       6900  469.19822   -1.03043    0.00133   -1.04084    0.00201   -3.40713   -0.72372   -2.06542
          2       7000  476.62373   -1.03051    0.00133   -1.04080    0.00201   -3.40713   -0.72372   -2.06542
          2       7100  483.93142   -1.03058    0.00134   -1.04082    0.00206   -3.40713   -0.72372   -2.06542
          2       7200  491.45460   -1.03065    0.00134   -1.04080    0.00201   -3.40713   -0.72372   -2.06542
          2       7300  498.99229   -1.03072    0.00135   -1.04081    0.00204   -3.40713   -0.72372   -2.06542
          2       7400  505.61535   -1.03079    0.00135   -1.04082    0.00203   -3.40713   -0.72372   -2.06542
          2       7500  511.77181   -1.03086    0.00136   -1.04082    0.00198   -3.40713   -0.72372   -2.06542
          2       7600  518.16052   -1.03093    0.00136   -1.04085    0.00202   -3.40713   -0.72372   -2.06542
          2       7700  524.66850   -1.03099    0.00137   -1.04079    0.00200   -3.40713   -0.72372   -2.06542
          2       7800  531.10041   -1.03105    0.00137   -1.04084    0.00202   -3.40713   -0.72372   -2.06542
          2       7900  537.66130   -1.03112    0.00137   -1.04084    0.00198   -3.40713   -0.72372   -2.06542
          2       8000  543.87641   -1.03118    0.00138   -1.04079    0.00201   -3.40713   -0.72372   -2.06542
          2       8100  550.11455   -1.03124    0.00138   -1.04081    0.00202   -3.40713   -0.72372   -2.06542
          2       8200  556.97052   -1.03130    0.00139   -1.04080    0.00201   -3.40713   -0.72372   -2.06542
          2       8300  563.57599   -1.03136    0.00139   -1.04080    0.00199   -3.40713   -0.72372   -2.06542
          2       8400  569.93933   -1.03141    0.00139   -1.04085    0.00202   -3.40713   -0.72372   -2.06542
          2       8500  576.31903   -1.03147    0.00140   -1.04078    0.00199   -3.40713   -0.72372   -2.06542
          2       8600  582.51380   -1.03152    0.00140   -1.04081    0.00200   -3.40713   -0.72372   -2.06542
          2       8700  589.29712   -1.03158    0.00140   -1.04083    0.00205   -3.40713   -0.72372   -2.06542
          2       8800  595.92768   -1.03163    0.00141   -1.04082    0.00205   -3.40713   -0.72372   -2.06542
          2       8900  602.51929   -1.03168    0.00141   -1.04083    0.00204   -3.40713   -0.72372   -2.06542
          2       9000  609.14330   -1.03173    0.00141   -1.04080    0.00204   -3.40713   -0.72372   -2.06542
          2       9100  615.60118   -1.03178    0.00142   -1.04078    0.00199   -3.40713   -0.72372   -2.06542
          2       9200  622.00876   -1.03183    0.00142   -1.04085    0.00201   -3.40713   -0.72372   -2.06542
          2       9300  628.90230   -1.03188    0.00142   -1.04084    0.00202   -3.40713   -0.72372   -2.06542
          2       9400  635.92910   -1.03193    0.00143   -1.04082    0.00204   -3.40713   -0.72372   -2.06542
          2       9500  643.24291   -1.03198    0.00143   -1.04077    0.00206   -3.40713   -0.72372   -2.06542
          2       9600  650.36798   -1.03202    0.00143   -1.04083    0.00210   -3.40713   -0.72372   -2.06542
          2       9700  656.69330   -1.03207    0.00144   -1.04082    0.00206   -3.40713   -0.72372   -2.06542
          2       9800  663.42420   -1.03212    0.00144   -1.04080    0.00208   -3.40713   -0.72372   -2.06542
          2       9900  669.76275   -1.03216    0.00144   -1.04082    0.00204   -3.40713   -0.72372   -2.06542
          2      10000  676.20890   -1.03220    0.00145   -1.04084    0.00201   -3.40713   -0.72372   -2.06542
          2      10100  682.84154   -1.03225    0.00145   -1.04079    0.00202   -3.40713   -0.72372   -2.06542
          2      10200  689.32650   -1.03229    0.00145   -1.04081    0.00200   -3.40713   -0.72372   -2.06542
          2      10300  695.63519   -1.03233    0.00145   -1.04082    0.00200   -3.40713   -0.72372   -2.06542
          2      10400  702.01815   -1.03237    0.00146   -1.04083    0.00201   -3.40713   -0.72372   -2.06542
          2      10500  708.78587   -1.03241    0.00146   -1.04083    0.00202   -3.40713   -0.72372   -2.06542
          2      10600  714.94429   -1.03245    0.00146   -1.04081    0.00200   -3.40713   -0.72372   -2.06542
          2      10700  721.53756   -1.03249    0.00146   -1.04083    0.00204   -3.40713   -0.72372   -2.06542
          2      10800  728.15891   -1.03253    0.00147   -1.04085    0.00201   -3.40713   -0.72372   -2.06542
          2      10900  735.08671   -1.03257    0.00147   -1.04085    0.00200   -3.40713   -0.72372   -2.06542
          2      11000  741.63986   -1.03261    0.00147   -1.04083    0.00206   -3.40713   -0.72372   -2.06542
          2      11100  747.67114   -1.03265    0.00147   -1.04084    0.00202   -3.40713   -0.72372   -2.06542
          2      11200  754.26029   -1.03268    0.00148   -1.04083    0.00203   -3.40713   -0.72372   -2.06542
          2      11300  760.98329   -1.03272    0.00148   -1.04078    0.00203   -3.40713   -0.72372   -2.06542
          2      11400  767.02908   -1.03275    0.00148   -1.04082    0.00204   -3.40713   -0.72372   -2.06542
          2      11500  774.24124   -1.03279    0.00148   -1.04081    0.00202   -3.40713   -0.72372   -2.06542
          2      11600  780.69615   -1.03283    0.00149   -1.04083    0.00199   -3.40713   -0.72372   -2.06542
          2      11700  787.18996   -1.03286    0.00149   -1.04080    0.00201   -3.40713   -0.72372   -2.06542
          2      11800  793.76399   -1.03289    0.00149   -1.04079    0.00205   -3.40713   -0.72372   -2.06542
          2      11900  800.08764   -1.03293    0.00149   -1.04080    0.00201   -3.40713   -0.72372   -2.06542
          2      12000  806.30928   -1.03296    0.00150   -1.04082    0.00204   -3.40713   -0.72372   -2.06542
          2      12100  812.64781   -1.03299    0.00150   -1.04081    0.00201   -3.40713   -0.72372   -2.06542
          2      12200  818.60245   -1.03303    0.00150   -1.04081    0.00206   -3.40713   -0.72372   -2.06542
          2      12300  825.53416   -1.03306    0.00150   -1.04084    0.00204   -3.40713   -0.72372   -2.06542
          2      12400  831.46293   -1.03309    0.00150   -1.04080    0.00205   -3.40713   -0.72372   -2.06542
          2      12500  837.48812   -1.03312    0.00151   -1.04083    0.00199   -3.40713   -0.72372   -2.06542
          2      12600  843.60616   -1.03315    0.00151   -1.04083    0.00203   -3.40713   -0.72372   -2.06542
          2      12700  849.81381   -1.03318    0.00151   -1.04085    0.00203   -3.40713   -0.72372   -2.06542
          2      12800  856.83447   -1.03321    0.00151   -1.04081    0.00205   -3.40713   -0.72372   -2.06542
          2      12900  862.75146   -1.03324    0.00151   -1.04082    0.00201   -3.40713   -0.72372   -2.06542
          2      13000  868.81763   -1.03327    0.00152   -1.04079    0.00204   -3.40713   -0.72372   -2.06542
          2      13100  875.74259   -1.03330    0.00152   -1.04079    0.00203   -3.40713   -0.72372   -2.06542
          2      13200  882.33280   -1.03333    0.00152   -1.04082    0.00202   -3.40713   -0.72372   -2.06542
          2      13300  888.37792   -1.03336    0.00152   -1.04083    0.00201   -3.40713   -0.72372   -2.06542
          2      13400  894.62429   -1.03339    0.00152   -1.04084    0.00200   -3.40713   -0.72372   -2.06542
          2      13500  901.77555   -1.03341    0.00153   -1.04081    0.00202   -3.40713   -0.72372   -2.06542
          2      13600  909.10445   -1.03344    0.00153   -1.04082    0.00202   -3.40713   -0.72372   -2.06542
          2      13700  915.96364   -1.03347    0.00153   -1.04081    0.00204   -3.40713   -0.72372   -2.06542
          2      13800  922.38627   -1.03350    0.00153   -1.04084    0.00199   -3.40713   -0.72372   -2.06542
          2      13900  928.73638   -1.03352    0.00153   -1.04085    0.00203   -3.40713   -0.72372   -2.06542
          2      14000  934.52427   -1.03355    0.00153   -1.04081    0.00204   -3.40713   -0.72372   -2.06542
          2      14100  940.76515   -1.03358    0.00154   -1.04084    0.00204   -3.40713   -0.72372   -2.06542
          2      14200  947.08379   -1.03360    0.00154   -1.04082    0.00204   -3.40713   -0.72372   -2.06542
          2      14300  953.54317   -1.03363    0.00154   -1.04081    0.00198   -3.40713   -0.72372   -2.06542
          2      14400  960.59600   -1.03365    0.00154   -1.04083    0.00204   -3.40713   -0.72372   -2.06542
          2      14500  967.39952   -1.03368    0.00154   -1.04085    0.00201   -3.40713   -0.72372   -2.06542
          2      14600  973.86323   -1.03370    0.00154   -1.04083    0.00201   -3.40713   -0.72372   -2.06542
          2      14700  980.47632   -1.03373    0.00155   -1.04084    0.00205   -3.40713   -0.72372   -2.06542
          2      14800  987.31959   -1.03375    0.00155   -1.04080    0.00202   -3.40713   -0.72372   -2.06542
          2      14900  993.97370   -1.03377    0.00155   -1.04080    0.00200   -3.40713   -0.72372   -2.06542
          2      15000 1000.91024   -1.03380    0.00155   -1.04079    0.00201   -3.40713   -0.72372   -2.06542
          2      15100 1007.10946   -1.03382    0.00155   -1.04083    0.00203   -3.40713   -0.72372   -2.06542
          2      15200 1013.62702   -1.03385    0.00155   -1.04085    0.00202   -3.40713   -0.72372   -2.06542
          2      15300 1021.01414   -1.03387    0.00156   -1.04079    0.00203   -3.40713   -0.72372   -2.06542
          2      15400 1027.88145   -1.03389    0.00156   -1.04085    0.00204   -3.40713   -0.72372   -2.06542
          2      15500 1034.72729   -1.03391    0.00156   -1.04080    0.00203   -3.40713   -0.72372   -2.06542
          2      15600 1041.19505   -1.03394    0.00156   -1.04084    0.00200   -3.40713   -0.72372   -2.06542
          2      15700 1047.21339   -1.03396    0.00156   -1.04083    0.00206   -3.40713   -0.72372   -2.06542
          2      15800 1054.57473   -1.03398    0.00156   -1.04082    0.00206   -3.40713   -0.72372   -2.06542
          2      15900 1061.76654   -1.03400    0.00156   -1.04083    0.00206   -3.40713   -0.72372   -2.06542
          2      16000 1069.38607   -1.03402    0.00157   -1.04085    0.00203   -3.40713   -0.72372   -2.06542
          2      16100 1076.74772   -1.03405    0.00157   -1.04084    0.00203   -3.40713   -0.72372   -2.06542
          2      16200 1083.43470   -1.03407    0.00157   -1.04086    0.00204   -3.40713   -0.72372   -2.06542
          2      16300 1089.48646   -1.03409    0.00157   -1.04084    0.00203   -3.40713   -0.72372   -2.06542
          2      16400 1096.49249   -1.03411    0.00157   -1.04083    0.00199   -3.40713   -0.72372   -2.06542
          2      16500 1103.55545   -1.03413    0.00157   -1.04084    0.00204   -3.40713   -0.72372   -2.06542
          2      16600 1110.51128   -1.03415    0.00157   -1.04085    0.00201   -3.40713   -0.72372   -2.06542
          2      16700 1117.00974   -1.03417    0.00157   -1.04085    0.00206   -3.40713   -0.72372   -2.06542
          2      16800 1123.84102   -1.03419    0.00158   -1.04082    0.00205   -3.40713   -0.72372   -2.06542
          2      16900 1130.30243   -1.03421    0.00158   -1.04082    0.00205   -3.40713   -0.72372   -2.06542
          2      17000 1136.29016   -1.03423    0.00158   -1.04082    0.00203   -3.40713   -0.72372   -2.06542
          2      17100 1142.62527   -1.03425    0.00158   -1.04085    0.00205   -3.40713   -0.72372   -2.06542
          2      17200 1149.99129   -1.03427    0.00158   -1.04084    0.00204   -3.40713   -0.72372   -2.06542
          2      17300 1156.52606   -1.03429    0.00158   -1.04085    0.00204   -3.40713   -0.72372   -2.06542
          2      17400 1162.96963   -1.03431    0.00158   -1.04085    0.00200   -3.40713   -0.72372   -2.06542
          2      17500 1169.40170   -1.03433    0.00159   -1.04084    0.00201   -3.40713   -0.72372   -2.06542
          2      17600 1175.93440   -1.03434    0.00159   -1.04083    0.00201   -3.40713   -0.72372   -2.06542
          2      17700 1183.32371   -1.03436    0.00159   -1.04086    0.00199   -3.40713   -0.72372   -2.06542
          2      17800 1190.06947   -1.03438    0.00159   -1.04087    0.00203   -3.40713   -0.72372   -2.06542
          2      17900 1196.77730   -1.03440    0.00159   -1.04084    0.00202   -3.40713   -0.72372   -2.06542
          2      18000 1203.45309   -1.03442    0.00159   -1.04084    0.00199   -3.40713   -0.72372   -2.06542
          2      18100 1209.64879   -1.03443    0.00159   -1.04084    0.00203   -3.40713   -0.72372   -2.06542
          2      18200 1216.67554   -1.03445    0.00159   -1.04084    0.00200   -3.40713   -0.72372   -2.06542
          2      18300 1223.44599   -1.03447    0.00159   -1.04084    0.00202   -3.40713   -0.72372   -2.06542
          2      18400 1230.25530   -1.03449    0.00160   -1.04084    0.00201   -3.40713   -0.72372   -2.06542
          2      18500 1237.10403   -1.03451    0.00160   -1.04084    0.00202   -3.40713   -0.72372   -2.06542
          2      18600 1243.73791   -1.03452    0.00160   -1.04084    0.00201   -3.40713   -0.72372   -2.06542
          2      18700 1250.89562   -1.03454    0.00160   -1.04085    0.00198   -3.40713   -0.72372   -2.06542
          2      18800 1257.89911   -1.03456    0.00160   -1.04082    0.00203   -3.40713   -0.72372   -2.06542
          2      18900 1264.87855   -1.03457    0.00160   -1.04084    0.00204   -3.40713   -0.72372   -2.06542
          2      19000 1271.84654   -1.03459    0.00160   -1.04086    0.00203   -3.40713   -0.72372   -2.06542
          2      19100 1278.36302   -1.03461    0.00160   -1.04084    0.00201   -3.40713   -0.72372   -2.06542
          2      19200 1284.55591   -1.03462    0.00160   -1.04084    0.00199   -3.40713   -0.72372   -2.06542
          2      19300 1291.13301   -1.03464    0.00161   -1.04085    0.00204   -3.40713   -0.72372   -2.06542
          2      19400 1297.58972   -1.03466    0.00161   -1.04082    0.00204   -3.40713   -0.72372   -2.06542
          2      19500 1303.56944   -1.03467    0.00161   -1.04085    0.00203   -3.40713   -0.72372   -2.06542
          2      19600 1310.07988   -1.03469    0.00161   -1.04083    0.00205   -3.40713   -0.72372   -2.06542
          2      19700 1317.04305   -1.03470    0.00161   -1.04085    0.00202   -3.40713   -0.72372   -2.06542
          2      19800 1323.79694   -1.03472    0.00161   -1.04086    0.00206   -3.40713   -0.72372   -2.06542
          2      19900 1329.90012   -1.03473    0.00161   -1.04086    0.00201   -3.40713   -0.72372   -2.06542
          2      20000 1336.28336   -1.03475    0.00161   -1.04087    0.00202   -3.40713   -0.72372   -2.06542
          2      20100 1343.14446   -1.03476    0.00161   -1.04085    0.00201   -3.40713   -0.72372   -2.06542
          2      20200 1349.24048   -1.03478    0.00162   -1.04086    0.00202   -3.40713   -0.72372   -2.06542
          2      20300 1355.94616   -1.03480    0.00162   -1.04086    0.00205   -3.40713   -0.72372   -2.06542
          2      20400 1362.44598   -1.03481    0.00162   -1.04084    0.00204   -3.40713   -0.72372   -2.06542
          2      20500 1368.62133   -1.03482    0.00162   -1.04087    0.00199   -3.40713   -0.72372   -2.06542
          2      20600 1374.61097   -1.03484    0.00162   -1.04085    0.00202   -3.40713   -0.72372   -2.06542
          2      20700 1380.84701   -1.03485    0.00162   -1.04086    0.00202   -3.40713   -0.72372   -2.06542
          2      20800 1386.70861   -1.03487    0.00162   -1.04085    0.00203   -3.40713   -0.72372   -2.06542
          2      20900 1393.50610   -1.03488    0.00162   -1.04085    0.00204   -3.40713   -0.72372   -2.06542
          2      21000 1400.54125   -1.03490    0.00162   -1.04085    0.00200   -3.40713   -0.72372   -2.06542
          2      21100 1406.91506   -1.03491    0.00162   -1.04083    0.00198   -3.40713   -0.72372   -2.06542
          2      21200 1414.32881   -1.03493    0.00162   -1.04086    0.00204   -3.40713   -0.72372   -2.06542
          2      21300 1420.66909   -1.03494    0.00163   -1.04085    0.00202   -3.40713   -0.72372   -2.06542
          2      21400 1427.73013   -1.03495    0.00163   -1.04085    0.00201   -3.40713   -0.72372   -2.06542
          2      21500 1434.11793   -1.03497    0.00163   -1.04084    0.00201   -3.40713   -0.72372   -2.06542
          2      21600 1440.62328   -1.03498    0.00163   -1.04084    0.00199   -3.40713   -0.72372   -2.06542
          2      21700 1446.92813   -1.03500    0.00163   -1.04084    0.00202   -3.40713   -0.72372   -2.06542
          2      21800 1453.16382   -1.03501    0.00163   -1.04083    0.00201   -3.40713   -0.72372   -2.06542
          2      21900 1459.48124   -1.03502    0.00163   -1.04086    0.00204   -3.40713   -0.72372   -2.06542
          2      22000 1466.17140   -1.03504    0.00163   -1.04085    0.00200   -3.40713   -0.72372   -2.06542
          2      22100 1472.22028   -1.03505    0.00163   -1.04086    0.00201   -3.40713   -0.72372   -2.06542
          2      22200 1478.53717   -1.03506    0.00163   -1.04086    0.00200   -3.40713   -0.72372   -2.06542
          2      22300 1485.33218   -1.03508    0.00163   -1.04084    0.00203   -3.40713   -0.72372   -2.06542
          2      22400 1492.32455   -1.03509    0.00164   -1.04086    0.00202   -3.40713   -0.72372   -2.06542
          2      22500 1499.94281   -1.03510    0.00164   -1.04085    0.00199   -3.40713   -0.72372   -2.06542
          2      22600 1506.53116   -1.03511    0.00164   -1.04085    0.00200   -3.40713   -0.72372   -2.06542
          2      22700 1514.10358   -1.03513    0.00164   -1.04085    0.00200   -3.40713   -0.72372   -2.06542
          2      22800 1521.11393   -1.03514    0.00164   -1.04084    0.00205   -3.40713   -0.72372   -2.06542
          2      22900 1528.08060   -1.03515    0.00164   -1.04086    0.00203   -3.40713   -0.72372   -2.06542
          2      23000 1535.05925   -1.03516    0.00164   -1.04085    0.00200   -3.40713   -0.72372   -2.06542
          2      23100 1542.01083   -1.03518    0.00164   -1.04085    0.00204   -3.40713   -0.72372   -2.06542
          2      23200 1548.77005   -1.03519    0.00164   -1.04085    0.00201   -3.40713   -0.72372   -2.06542
          2      23300 1555.88775   -1.03520    0.00164   -1.04084    0.00202   -3.40713   -0.72372   -2.06542
          2      23400 1562.91518   -1.03521    0.00164   -1.04085    0.00200   -3.40713   -0.72372   -2.06542
          2      23500 1570.17666   -1.03523    0.00164   -1.04087    0.00202   -3.40713   -0.72372   -2.06542
          2      23600 1576.88565   -1.03524    0.00165   -1.04085    0.00198   -3.40713   -0.72372   -2.06542
          2      23700 1583.42754   -1.03525    0.00165   -1.04086    0.00203   -3.40713   -0.72372   -2.06542
          2      23800 1590.12524   -1.03526    0.00165   -1.04087    0.00204   -3.40713   -0.72372   -2.06542
          2      23900 1597.01558   -1.03527    0.00165   -1.04083    0.00202   -3.40713   -0.72372   -2.06542
          2      24000 1603.72025   -1.03529    0.00165   -1.04087    0.00200   -3.40713   -0.72372   -2.06542
          2      24100 1610.49779   -1.03530    0.00165   -1.04086    0.00200   -3.40713   -0.72372   -2.06542
          2      24200 1617.40985   -1.03531    0.00165   -1.04087    0.00202   -3.40713   -0.72372   -2.06542
          2      24300 1625.21282   -1.03532    0.00165   -1.04085    0.00203   -3.40713   -0.72372   -2.06542
          2      24400 1631.85158   -1.03533    0.00165   -1.04086    0.00204   -3.40713   -0.72372   -2.06542
          2      24500 1638.94088   -1.03534    0.00165   -1.04086    0.00200   -3.40713   -0.72372   -2.06542
          2      24600 1645.64530   -1.03535    0.00165   -1.04084    0.00204   -3.40713   -0.72372   -2.06542
          2      24700 1652.22924   -1.03537    0.00165   -1.04084    0.00200   -3.40713   -0.72372   -2.06542
          2      24800 1658.99604   -1.03538    0.00165   -1.04086    0.00200   -3.40713   -0.72372   -2.06542
          2      24900 1665.88971   -1.03539    0.00165   -1.04084    0.00203   -3.40713   -0.72372   -2.06542
          2      25000 1673.17185   -1.03540    0.00166   -1.04086    0.00201   -3.40713   -0.72372   -2.06542
          2      25100 1679.91098   -1.03541    0.00166   -1.04086    0.00203   -3.40713   -0.72372   -2.06542
          2      25200 1686.59372   -1.03542    0.00166   -1.04084    0.00201   -3.40713   -0.72372   -2.06542
          2      25300 1693.25147   -1.03543    0.00166   -1.04084    0.00202   -3.40713   -0.72372   -2.06542
          2      25400 1700.11830   -1.03544    0.00166   -1.04087    0.00203   -3.40713   -0.72372   -2.06542
          2      25500 1706.81687   -1.03545    0.00166   -1.04084    0.00203   -3.40713   -0.72372   -2.06542
          2      25600 1713.57513   -1.03546    0.00166   -1.04083    0.00203   -3.40713   -0.72372   -2.06542
          2      25700 1720.72308   -1.03547    0.00166   -1.04086    0.00202   -3.40713   -0.72372   -2.06542
          2      25800 1728.14020   -1.03548    0.00166   -1.04086    0.00204   -3.40713   -0.72372   -2.06542
          2      25900 1735.73737   -1.03549    0.00166   -1.04085    0.00202   -3.40713   -0.72372   -2.06542
          2      26000 1743.66365   -1.03551    0.00166   -1.04086    0.00202   -3.40713   -0.72372   -2.06542
          2      26100 1750.68399   -1.03552    0.00166   -1.04085    0.00197   -3.40713   -0.72372   -2.06542
          2      26200 1757.95033   -1.03553    0.00166   -1.04085    0.00199   -3.40713   -0.72372   -2.06542
          2      26300 1765.80210   -1.03554    0.00166   -1.04085    0.00204   -3.40713   -0.72372   -2.06542
          2      26400 1772.69557   -1.03555    0.00167   -1.04085    0.00202   -3.40713   -0.72372   -2.06542
          2      26500 1780.07160   -1.03556    0.00167   -1.04085    0.00198   -3.40713   -0.72372   -2.06542
          2      26600 1787.75101   -1.03557    0.00167   -1.04086    0.00202   -3.40713   -0.72372   -2.06542
          2      26700 1793.88603   -1.03558    0.00167   -1.04085    0.00201   -3.40713   -0.72372   -2.06542
          2      26800 1799.88893   -1.03559    0.00167   -1.04086    0.00200   -3.40713   -0.72372   -2.06542
          2      26900 1806.92028   -1.03560    0.00167   -1.04087    0.00199   -3.40713   -0.72372   -2.06542
          2      27000 1813.18094   -1.03561    0.00167   -1.04085    0.00202   -3.40713   -0.72372   -2.06542
          2      27100 1819.84714   -1.03562    0.00167   -1.04087    0.00201   -3.40713   -0.72372   -2.06542
          2      27200 1826.41792   -1.03563    0.00167   -1.04088    0.00202   -3.40713   -0.72372   -2.06542
          2      27300 1833.42895   -1.03564    0.00167   -1.04086    0.00199   -3.40713   -0.72372   -2.06542
          2      27400 1839.72566   -1.03564    0.00167   -1.04086    0.00200   -3.40713   -0.72372   -2.06542
          2      27500 1846.95857   -1.03565    0.00167   -1.04086    0.00200   -3.40713   -0.72372   -2.06542
          2      27600 1853.55417   -1.03566    0.00167   -1.04087    0.00200   -3.40713   -0.72372   -2.06542
          2      27700 1860.79598   -1.03567    0.00167   -1.04086    0.00202   -3.40713   -0.72372   -2.06542
          2      27800 1868.71121   -1.03568    0.00167   -1.04085    0.00203   -3.40713   -0.72372   -2.06542
          2      27900 1875.52411   -1.03569    0.00167   -1.04086    0.00201   -3.40713   -0.72372   -2.06542
          2      28000 1882.15504   -1.03570    0.00168   -1.04086    0.00203   -3.40713   -0.72372   -2.06542
          2      28100 1888.64170   -1.03571    0.00168   -1.04086    0.00202   -3.40713   -0.72372   -2.06542
          2      28200 1894.98506   -1.03572    0.00168   -1.04085    0.00201   -3.40713   -0.72372   -2.06542
          2      28300 1901.83575   -1.03573    0.00168   -1.04086    0.00201   -3.40713   -0.72372   -2.06542
          2      28400 1908.16345   -1.03574    0.00168   -1.04086    0.00201   -3.40713   -0.72372   -2.06542
          2      28500 1914.21155   -1.03575    0.00168   -1.04084    0.00204   -3.40713   -0.72372   -2.06542
          2      28600 1920.28419   -1.03576    0.00168   -1.04084    0.00202   -3.40713   -0.72372   -2.06542
          2      28700 1926.90759   -1.03577    0.00168   -1.04083    0.00199   -3.40713   -0.72372   -2.06542
          2      28800 1933.50626   -1.03577    0.00168   -1.04084    0.00201   -3.40713   -0.72372   -2.06542
          2      28900 1940.41229   -1.03578    0.00168   -1.04084    0.00202   -3.40713   -0.72372   -2.06542
          2      29000 1947.37006   -1.03579    0.00168   -1.04085    0.00199   -3.40713   -0.72372   -2.06542
          2      29100 1953.86483   -1.03580    0.00168   -1.04086    0.00200   -3.40713   -0.72372   -2.06542
          2      29200 1960.51187   -1.03581    0.00168   -1.04083    0.00203   -3.40713   -0.72372   -2.06542
          2      29300 1966.74809   -1.03582    0.00168   -1.04085    0.00202   -3.40713   -0.72372   -2.06542
          2      29400 1973.20774   -1.03583    0.00168   -1.04086    0.00202   -3.40713   -0.72372   -2.06542
          2      29500 1978.87882   -1.03584    0.00168   -1.04085    0.00202   -3.40713   -0.72372   -2.06542
          2      29600 1985.26982   -1.03584    0.00168   -1.04086    0.00201   -3.40713   -0.72372   -2.06542
          2      29700 1991.67628   -1.03585    0.00169   -1.04086    0.00201   -3.40713   -0.72372   -2.06542
          2      29800 1998.07433   -1.03586    0.00169   -1.04085    0.00203   -3.40713   -0.72372   -2.06542
          2      29900 2004.14631   -1.03587    0.00169   -1.04086    0.00203   -3.40713   -0.72372   -2.06542
          2      30000 2010.16453   -1.03588    0.00169   -1.04086    0.00202   -3.40713   -0.72372   -2.06542
          2      30100 2016.79058   -1.03589    0.00169   -1.04085    0.00200   -3.40713   -0.72372   -2.06542
          2      30200 2023.40222   -1.03589    0.00169   -1.04085    0.00202   -3.40713   -0.72372   -2.06542
          2      30300 2029.75163   -1.03590    0.00169   -1.04085    0.00203   -3.40713   -0.72372   -2.06542
          2      30400 2036.13687   -1.03591    0.00169   -1.04085    0.00201   -3.40713   -0.72372   -2.06542
          2      30500 2042.56136   -1.03592    0.00169   -1.04086    0.00202   -3.40713   -0.72372   -2.06542
          2      30600 2049.65951   -1.03593    0.00169   -1.04087    0.00204   -3.40713   -0.72372   -2.06542
          2      30700 2056.64563   -1.03594    0.00169   -1.04086    0.00199   -3.40713   -0.72372   -2.06542
          2      30800 2063.84662   -1.03594    0.00169   -1.04088    0.00205   -3.40713   -0.72372   -2.06542
          2      30900 2070.98583   -1.03595    0.00169   -1.04086    0.00203   -3.40713   -0.72372   -2.06542
          2      31000 2077.12026   -1.03596    0.00169   -1.04087    0.00200   -3.40713   -0.72372   -2.06542
          2      31100 2083.78997   -1.03597    0.00169   -1.04088    0.00200   -3.40713   -0.72372   -2.06542
          2      31200 2090.51248   -1.03598    0.00169   -1.04085    0.00203   -3.40713   -0.72372   -2.06542
          2      31300 2096.66798   -1.03598    0.00169   -1.04086    0.00201   -3.40713   -0.72372   -2.06542
          2      31400 2103.26409   -1.03599    0.00169   -1.04085    0.00204   -3.40713   -0.72372   -2.06542
          2      31500 2109.86885   -1.03600    0.00170   -1.04086    0.00201   -3.40713   -0.72372   -2.06542
          2      31600 2116.47012   -1.03601    0.00170   -1.04088    0.00203   -3.40713   -0.72372   -2.06542
          2      31700 2123.56055   -1.03601    0.00170   -1.04086    0.00201   -3.40713   -0.72372   -2.06542
          2      31800 2130.67350   -1.03602    0.00170   -1.04086    0.00202   -3.40713   -0.72372   -2.06542
          2      31900 2137.64455   -1.03603    0.00170   -1.04085    0.00200   -3.40713   -0.72372   -2.06542
          2      32000 2144.56171   -1.03604    0.00170   -1.04086    0.00201   -3.40713   -0.72372   -2.06542
          2      32100 2150.96791   -1.03604    0.00170   -1.04086    0.00202   -3.40713   -0.72372   -2.06542
          2      32200 2157.45453   -1.03605    0.00170   -1.04088    0.00204   -3.40713   -0.72372   -2.06542
          2      32300 2163.95138   -1.03606    0.00170   -1.04086    0.00203   -3.40713   -0.72372   -2.06542
          2      32400 2170.42059   -1.03607    0.00170   -1.04087    0.00202   -3.40713   -0.72372   -2.06542
          2      32500 2176.57084   -1.03607    0.00170   -1.04086    0.00202   -3.40713   -0.72372   -2.06542
          2      32600 2182.73586   -1.03608    0.00170   -1.04087    0.00200   -3.40713   -0.72372   -2.06542
          2      32700 2188.39736   -1.03609    0.00170   -1.04087    0.00201   -3.40713   -0.72372   -2.06542
          2      32800 2194.92688   -1.03610    0.00170   -1.04087    0.00201   -3.40713   -0.72372   -2.06542
          2      32900 2201.46750   -1.03610    0.00170   -1.04086    0.00205   -3.40713   -0.72372   -2.06542
          2      33000 2207.51140   -1.03611    0.00170   -1.04087    0.00203   -3.40713   -0.72372   -2.06542
          2      33100 2213.79030   -1.03612    0.00170   -1.04087    0.00202   -3.40713   -0.72372   -2.06542
          2      33200 2220.15322   -1.03613    0.00170   -1.04087    0.00201   -3.40713   -0.72372   -2.06542
          2      33300 2227.23847   -1.03613    0.00170   -1.04087    0.00204   -3.40713   -0.72372   -2.06542
          2      33400 2233.82260   -1.03614    0.00170   -1.04086    0.00200   -3.40713   -0.72372   -2.06542
          2      33500 2239.60702   -1.03615    0.00170   -1.04087    0.00203   -3.40713   -0.72372   -2.06542
          2      33600 2246.25032   -1.03615    0.00171   -1.04086    0.00204   -3.40713   -0.72372   -2.06542
          2      33700 2252.83298   -1.03616    0.00171   -1.04086    0.00203   -3.40713   -0.72372   -2.06542
          2      33800 2259.72721   -1.03617    0.00171   -1.04086    0.00202   -3.40713   -0.72372   -2.06542
          2      33900 2266.79469   -1.03618    0.00171   -1.04085    0.00202   -3.40713   -0.72372   -2.06542
          2      34000 2273.57625   -1.03618    0.00171   -1.04084    0.00204   -3.40713   -0.72372   -2.06542
          2      34100 2279.82702   -1.03619    0.00171   -1.04087    0.00202   -3.40713   -0.72372   -2.06542
          2      34200 2286.17307   -1.03620    0.00171   -1.04086    0.00203   -3.40713   -0.72372   -2.06542
          2      34300 2292.50330   -1.03620    0.00171   -1.04086    0.00204   -3.40713   -0.72372   -2.06542
          2      34400 2299.33684   -1.03621    0.00171   -1.04086    0.00203   -3.40713   -0.72372   -2.06542
          2      34500 2305.82374   -1.03622    0.00171   -1.04085    0.00202   -3.40713   -0.72372   -2.06542
          2      34600 2311.95660   -1.03622    0.00171   -1.04087    0.00203   -3.40713   -0.72372   -2.06542
          2      34700 2318.88132   -1.03623    0.00171   -1.04086    0.00203   -3.40713   -0.72372   -2.06542
          2      34800 2325.26107   -1.03624    0.00171   -1.04086    0.00202   -3.40713   -0.72372   -2.06542
          2      34900 2331.57780   -1.03624    0.00171   -1.04085    0.00203   -3.40713   -0.72372   -2.06542
          2      35000 2338.53144   -1.03625    0.00171   -1.04086    0.00201   -3.40713   -0.72372   -2.06542
          2      35100 2344.74083   -1.03626    0.00171   -1.04088    0.00202   -3.40713   -0.72372   -2.06542
          2      35200 2350.78672   -1.03626    0.00171   -1.04086    0.00201   -3.40713   -0.72372   -2.06542
          2      35300 2356.92291   -1.03627    0.00171   -1.04087    0.00201   -3.40713   -0.72372   -2.06542
          2      35400 2363.42897   -1.03628    0.00171   -1.04085    0.00201   -3.40713   -0.72372   -2.06542
          2      35500 2369.70217   -1.03628    0.00171   -1.04087    0.00203   -3.40713   -0.72372   -2.06542
          2      35600 2375.87814   -1.03629    0.00171   -1.04085    0.00204   -3.40713   -0.72372   -2.06542
          2      35700 2382.15782   -1.03630    0.00171   -1.04088    0.00203   -3.40713   -0.72372   -2.06542
          2      35800 2388.80759   -1.03630    0.00171   -1.04086    0.00200   -3.40713   -0.72372   -2.06542
          2      35900 2394.83961   -1.03631    0.00172   -1.04086    0.00201   -3.40713   -0.72372   -2.06542
          2      36000 2401.44513   -1.03631    0.00172   -1.04085    0.00204   -3.40713   -0.72372   -2.06542
          2      36100 2408.19658   -1.03632    0.00172   -1.04087    0.00201   -3.40713   -0.72372   -2.06542
          2      36200 2414.31211   -1.03633    0.00172   -1.04085    0.00203   -3.40713   -0.72372   -2.06542
          2      36300 2420.72781   -1.03633    0.00172   -1.04087    0.00203   -3.40713   -0.72372   -2.06542
          2      36400 2427.09822   -1.03634    0.00172   -1.04085    0.00200   -3.40713   -0.72372   -2.06542
          2      36500 2433.48281   -1.03635    0.00172   -1.04087    0.00201   -3.40713   -0.72372   -2.06542
          2      36600 2440.03181   -1.03635    0.00172   -1.04085    0.00201   -3.40713   -0.72372   -2.06542
          2      36700 2446.44460   -1.03636    0.00172   -1.04086    0.00201   -3.40713   -0.72372   -2.06542
          2      36800 2453.05111   -1.03637    0.00172   -1.04087    0.00201   -3.40713   -0.72372   -2.06542
          2      36900 2459.51773   -1.03637    0.00172   -1.04086    0.00201   -3.40713   -0.72372   -2.06542
          2      37000 2465.75524   -1.03638    0.00172   -1.04087    0.00202   -3.40713   -0.72372   -2.06542
          2      37100 2472.18933   -1.03638    0.00172   -1.04085    0.00205   -3.40713   -0.72372   -2.06542
          2      37200 2478.82852   -1.03639    0.00172   -1.04084    0.00203   -3.40713   -0.72372   -2.06542
          2      37300 2485.02522   -1.03640    0.00172   -1.04087    0.00202   -3.40713   -0.72372   -2.06542
          2      37400 2491.72561   -1.03640    0.00172   -1.04087    0.00203   -3.40713   -0.72372   -2.06542
          2      37500 2498.32424   -1.03641    0.00172   -1.04084    0.00201   -3.40713   -0.72372   -2.06542
          2      37600 2504.58577   -1.03641    0.00172   -1.04086    0.00202   -3.40713   -0.72372   -2.06542
          2      37700 2510.76135   -1.03642    0.00172   -1.04087    0.00201   -3.40713   -0.72372   -2.06542
          2      37800 2517.10280   -1.03643    0.00172   -1.04087    0.00202   -3.40713   -0.72372   -2.06542
          2      37900 2523.09484   -1.03643    0.00172   -1.04087    0.00201   -3.40713   -0.72372   -2.06542
          2      38000 2530.00906   -1.03644    0.00172   -1.04087    0.00201   -3.40713   -0.72372   -2.06542
          2      38100 2536.18733   -1.03644    0.00172   -1.04085    0.00201   -3.40713   -0.72372   -2.06542
          2      38200 2542.33767   -1.03645    0.00172   -1.04086    0.00202   -3.40713   -0.72372   -2.06542
          2      38300 2548.84617   -1.03645    0.00172   -1.04086    0.00202   -3.40713   -0.72372   -2.06542
          2      38400 2555.58820   -1.03646    0.00173   -1.04085    0.00200   -3.40713   -0.72372   -2.06542
          2      38500 2562.15394   -1.03647    0.00173   -1.04086    0.00201   -3.40713   -0.72372   -2.06542
          2      38600 2568.43555   -1.03647    0.00173   -1.04084    0.00202   -3.40713   -0.72372   -2.06542
          2      38700 2575.27530   -1.03648    0.00173   -1.04083    0.00202   -3.40713   -0.72372   -2.06542
          2      38800 2582.13958   -1.03648    0.00173   -1.04086    0.00202   -3.40713   -0.72372   -2.06542
          2      38900 2588.75768   -1.03649    0.00173   -1.04086    0.00203   -3.40713   -0.72372   -2.06542
          2      39000 2594.82437   -1.03649    0.00173   -1.04086    0.00202   -3.40713   -0.72372   -2.06542
          2      39100 2601.55095   -1.03650    0.00173   -1.04087    0.00200   -3.40713   -0.72372   -2.06542
          2      39200 2608.79700   -1.03651    0.00173   -1.04085    0.00203   -3.40713   -0.72372   -2.06542
          2      39300 2615.36801   -1.03651    0.00173   -1.04084    0.00201   -3.40713   -0.72372   -2.06542
          2      39400 2621.03855   -1.03652    0.00173   -1.04084    0.00201   -3.40713   -0.72372   -2.06542
          2      39500 2628.31715   -1.03652    0.00173   -1.04084    0.00203   -3.40713   -0.72372   -2.06542
          2      39600 2635.22783   -1.03653    0.00173   -1.04085    0.00200   -3.40713   -0.72372   -2.06542
          2      39700 2641.10248   -1.03653    0.00173   -1.04087    0.00202   -3.40713   -0.72372   -2.06542
          2      39800 2647.53242   -1.03654    0.00173   -1.04087    0.00202   -3.40713   -0.72372   -2.06542
          2      39900 2654.12729   -1.03654    0.00173   -1.04086    0.00201   -3.40713   -0.72372   -2.06542
          2      40000 2660.60390   -1.03655    0.00173   -1.04086    0.00200   -3.40713   -0.72372   -2.06542
          2      40100 2667.40300   -1.03656    0.00173   -1.04087    0.00202   -3.40713   -0.72372   -2.06542
          2      40200 2673.85192   -1.03656    0.00173   -1.04085    0.00202   -3.40713   -0.72372   -2.06542
          2      40300 2680.26526   -1.03657    0.00173   -1.04086    0.00201   -3.40713   -0.72372   -2.06542
          2      40400 2686.35557   -1.03657    0.00173   -1.04085    0.00202   -3.40713   -0.72372   -2.06542
          2      40500 2692.82443   -1.03658    0.00173   -1.04086    0.00199   -3.40713   -0.72372   -2.06542
          2      40600 2699.02915   -1.03658    0.00173   -1.04086    0.00203   -3.40713   -0.72372   -2.06542
          2      40700 2705.31024   -1.03659    0.00173   -1.04087    0.00202   -3.40713   -0.72372   -2.06542
          2      40800 2711.74272   -1.03659    0.00173   -1.04086    0.00204   -3.40713   -0.72372   -2.06542
          2      40900 2718.38876   -1.03660    0.00173   -1.04086    0.00203   -3.40713   -0.72372   -2.06542
          2      41000 2724.37403   -1.03660    0.00173   -1.04087    0.00201   -3.40713   -0.72372   -2.06542
          2      41100 2730.84505   -1.03661    0.00174   -1.04086    0.00201   -3.40713   -0.72372   -2.06542
          2      41200 2737.96925   -1.03661    0.00174   -1.04087    0.00202   -3.40713   -0.72372   -2.06542
          2      41300 2744.99415   -1.03662    0.00174   -1.04086    0.00201   -3.40713   -0.72372   -2.06542
          2      41400 2751.37615   -1.03662    0.00174   -1.04085    0.00203   -3.40713   -0.72372   -2.06542
          2      41500 2757.95480   -1.03663    0.00174   -1.04087    0.00200   -3.40713   -0.72372   -2.06542
          2      41600 2764.05915   -1.03663    0.00174   -1.04087    0.00202   -3.40713   -0.72372   -2.06542
          2      41700 2770.55290   -1.03664    0.00174   -1.04088    0.00203   -3.40713   -0.72372   -2.06542
          2      41800 2776.83625   -1.03664    0.00174   -1.04087    0.00202   -3.40713   -0.72372   -2.06542
          2      41900 2783.17896   -1.03665    0.00174   -1.04087    0.00202   -3.40713   -0.72372   -2.06542
          2      42000 2789.65737   -1.03665    0.00174   -1.04086    0.00201   -3.40713   -0.72372   -2.06542
          2      42100 2795.72870   -1.03666    0.00174   -1.04088    0.00201   -3.40713   -0.72372   -2.06542
          2      42200 2801.87538   -1.03667    0.00174   -1.04086    0.00202   -3.40713   -0.72372   -2.06542
          2      42300 2808.17575   -1.03667    0.00174   -1.04086    0.00201   -3.40713   -0.72372   -2.06542
          2      42400 2814.13054   -1.03668    0.00174   -1.04086    0.00203   -3.40713   -0.72372   -2.06542
          2      42500 2820.59459   -1.03668    0.00174   -1.04087    0.00203   -3.40713   -0.72372   -2.06542
          2      42600 2826.97648   -1.03668    0.00174   -1.04086    0.00203   -3.40713   -0.72372   -2.06542
          2      42700 2833.14495   -1.03669    0.00174   -1.04087    0.00201   -3.40713   -0.72372   -2.06542
          2      42800 2839.23521   -1.03669    0.00174   -1.04086    0.00202   -3.40713   -0.72372   -2.06542
          2      42900 2845.43817   -1.03670    0.00174   -1.04086    0.00204   -3.40713   -0.72372   -2.06542
          2      43000 2851.95670   -1.03670    0.00174   -1.04088    0.00201   -3.40713   -0.72372   -2.06542
          2      43100 2858.18828   -1.03671    0.00174   -1.04088    0.00202   -3.40713   -0.72372   -2.06542
          2      43200 2864.68677   -1.03671    0.00174   -1.04086    0.00200   -3.40713   -0.72372   -2.06542
          2      43300 2871.66504   -1.03672    0.00174   -1.04085    0.00201   -3.40713   -0.72372   -2.06542
          2      43400 2877.92471   -1.03672    0.00174   -1.04085    0.00204   -3.40713   -0.72372   -2.06542
          2      43500 2884.80158   -1.03673    0.00174   -1.04088    0.00202   -3.40713   -0.72372   -2.06542
          2      43600 2891.43545   -1.03673    0.00174   -1.04087    0.00203   -3.40713   -0.72372   -2.06542
          2      43700 2898.00986   -1.03674    0.00174   -1.04086    0.00202   -3.40713   -0.72372   -2.06542
          2      43800 2904.77524   -1.03674    0.00174   -1.04088    0.00201   -3.40713   -0.72372   -2.06542
          2      43900 2911.26576   -1.03675    0.00174   -1.04086    0.00202   -3.40713   -0.72372   -2.06542
          2      44000 2917.84004   -1.03675    0.00174   -1.04088    0.00201   -3.40713   -0.72372   -2.06542
          2      44100 2924.13652   -1.03676    0.00174   -1.04086    0.00201   -3.40713   -0.72372   -2.06542
          2      44200 2931.11302   -1.03676    0.00175   -1.04086    0.00201   -3.40713   -0.72372   -2.06542
          2      44300 2938.50549   -1.03677    0.00175   -1.04086    0.00202   -3.40713   -0.72372   -2.06542
          2      44400 2944.84595   -1.03677    0.00175   -1.04086    0.00202   -3.40713   -0.72372   -2.06542
          2      44500 2951.57567   -1.03678    0.00175   -1.04087    0.00201   -3.40713   -0.72372   -2.06542
          2      44600 2958.26181   -1.03678    0.00175   -1.04087    0.00203   -3.40713   -0.72372   -2.06542
          2      44700 2963.68133   -1.03679    0.00175   -1.04086    0.00202   -3.40713   -0.72372   -2.06542
          2      44800 2970.12872   -1.03679    0.00175   -1.04087    0.00202   -3.40713   -0.72372   -2.06542
          2      44900 2976.38462   -1.03679    0.00175   -1.04086    0.00201   -3.40713   -0.72372   -2.06542
          2      45000 2982.86872   -1.03680    0.00175   -1.04088    0.00204   -3.40713   -0.72372   -2.06542
          2      45100 2989.31713   -1.03680    0.00175   -1.04086    0.00203   -3.40713   -0.72372   -2.06542
          2      45200 2996.30636   -1.03681    0.00175   -1.04086    0.00201   -3.40713   -0.72372   -2.06542
          2      45300 3002.81968   -1.03681    0.00175   -1.04086    0.00204   -3.40713   -0.72372   -2.06542
          2      45400 3009.10748   -1.03682    0.00175   -1.04087    0.00203   -3.40713   -0.72372   -2.06542
          2      45500 3014.95351   -1.03682    0.00175   -1.04085    0.00203   -3.40713   -0.72372   -2.06542
          2      45600 3021.95002   -1.03683    0.00175   -1.04087    0.00200   -3.40713   -0.72372   -2.06542
          2      45700 3028.34726   -1.03683    0.00175   -1.04086    0.00202   -3.40713   -0.72372   -2.06542
          2      45800 3035.54490   -1.03683    0.00175   -1.04087    0.00202   -3.40713   -0.72372   -2.06542
          2      45900 3041.97088   -1.03684    0.00175   -1.04087    0.00201   -3.40713   -0.72372   -2.06542
          2      46000 3048.54703   -1.03684    0.00175   -1.04086    0.00201   -3.40713   -0.72372   -2.06542
          2      46100 3054.69936   -1.03685    0.00175   -1.04087    0.00204   -3.40713   -0.72372   -2.06542
          2      46200 3060.99554   -1.03685    0.00175   -1.04087    0.00201   -3.40713   -0.72372   -2.06542
          2      46300 3066.99160   -1.03686    0.00175   -1.04087    0.00200   -3.40713   -0.72372   -2.06542
          2      46400 3073.15583   -1.03686    0.00175   -1.04088    0.00203   -3.40713   -0.72372   -2.06542
          2      46500 3079.50361   -1.03687    0.00175   -1.04088    0.00202   -3.40713   -0.72372   -2.06542
          2      46600 3086.10529   -1.03687    0.00175   -1.04087    0.00201   -3.40713   -0.72372   -2.06542
          2      46700 3092.34786   -1.03687    0.00175   -1.04088    0.00201   -3.40713   -0.72372   -2.06542
          2      46800 3098.26253   -1.03688    0.00175   -1.04086    0.00203   -3.40713   -0.72372   -2.06542
          2      46900 3104.46879   -1.03688    0.00175   -1.04087    0.00201   -3.40713   -0.72372   -2.06542
          2      47000 3110.41301   -1.03689    0.00175   -1.04086    0.00202   -3.40713   -0.72372   -2.06542
          2      47100 3117.08672   -1.03689    0.00175   -1.04086    0.00205   -3.40713   -0.72372   -2.06542
          2      47200 3123.21332   -1.03690    0.00175   -1.04087    0.00201   -3.40713   -0.72372   -2.06542
          2      47300 3129.83289   -1.03690    0.00175   -1.04086    0.00200   -3.40713   -0.72372   -2.06542
          2      47400 3137.02221   -1.03690    0.00175   -1.04086    0.00199   -3.40713   -0.72372   -2.06542
          2      47500 3143.22508   -1.03691    0.00175   -1.04087    0.00201   -3.40713   -0.72372   -2.06542
          2      47600 3149.67165   -1.03691    0.00175   -1.04086    0.00204   -3.40713   -0.72372   -2.06542
          2      47700 3156.00183   -1.03692    0.00176   -1.04088    0.00203   -3.40713   -0.72372   -2.06542
          2      47800 3162.10955   -1.03692    0.00176   -1.04086    0.00202   -3.40713   -0.72372   -2.06542
          2      47900 3168.39564   -1.03692    0.00176   -1.04088    0.00202   -3.40713   -0.72372   -2.06542
          2      48000 3175.43986   -1.03693    0.00176   -1.04087    0.00201   -3.40713   -0.72372   -2.06542
          2      48100 3182.03502   -1.03693    0.00176   -1.04087    0.00202   -3.40713   -0.72372   -2.06542
          2      48200 3188.16893   -1.03694    0.00176   -1.04087    0.00201   -3.40713   -0.72372   -2.06542
          2      48300 3194.30911   -1.03694    0.00176   -1.04087    0.00201   -3.40713   -0.72372   -2.06542
          2      48400 3200.96405   -1.03695    0.00176   -1.04086    0.00203   -3.40713   -0.72372   -2.06542
          2      48500 3207.10092   -1.03695    0.00176   -1.04087    0.00202   -3.40713   -0.72372   -2.06542
          2      48600 3213.46392   -1.03695    0.00176   -1.04087    0.00203   -3.40713   -0.72372   -2.06542
          2      48700 3220.63632   -1.03696    0.00176   -1.04088    0.00201   -3.40713   -0.72372   -2.06542
          2      48800 3227.00749   -1.03696    0.00176   -1.04086    0.00202   -3.40713   -0.72372   -2.06542
          2      48900 3233.07612   -1.03697    0.00176   -1.04088    0.00200   -3.40713   -0.72372   -2.06542
          2      49000 3239.28412   -1.03697    0.00176   -1.04087    0.00201   -3.40713   -0.72372   -2.06542
          2      49100 3246.36587   -1.03697    0.00176   -1.04088    0.00201   -3.40713   -0.72372   -2.06542
          2      49200 3252.77754   -1.03698    0.00176   -1.04088    0.00200   -3.40713   -0.72372   -2.06542
          2      49300 3259.95511   -1.03698    0.00176   -1.04088    0.00201   -3.40713   -0.72372   -2.06542
          2      49400 3266.14639   -1.03699    0.00176   -1.04088    0.00202   -3.40713   -0.72372   -2.06542
          2      49500 3272.86602   -1.03699    0.00176   -1.04086    0.00199   -3.40713   -0.72372   -2.06542
          2      49600 3279.29502   -1.03699    0.00176   -1.04087    0.00202   -3.40713   -0.72372   -2.06542
          2      49700 3285.45467   -1.03700    0.00176   -1.04088    0.00201   -3.40713   -0.72372   -2.06542
          2      49800 3292.03384   -1.03700    0.00176   -1.04087    0.00202   -3.40713   -0.72372   -2.06542
          2      49900 3298.39473   -1.03701    0.00176   -1.04086    0.00201   -3.40713   -0.72372   -2.06542
          2      50000 3305.08564   -1.03701    0.00176   -1.04087    0.00202   -3.40713   -0.72372   -2.06542
          2      50100 3311.42720   -1.03701    0.00176   -1.04087    0.00200   -3.40713   -0.72372   -2.06542
          2      50200 3317.79008   -1.03702    0.00176   -1.04086    0.00202   -3.40713   -0.72372   -2.06542
          2      50300 3324.33690   -1.03702    0.00176   -1.04087    0.00203   -3.40713   -0.72372   -2.06542
          2      50400 3330.86856   -1.03702    0.00176   -1.04087    0.00200   -3.40713   -0.72372   -2.06542
          2      50500 3337.14851   -1.03703    0.00176   -1.04086    0.00202   -3.40713   -0.72372   -2.06542
          2      50600 3343.05679   -1.03703    0.00176   -1.04087    0.00200   -3.40713   -0.72372   -2.06542
          2      50700 3349.06270   -1.03704    0.00176   -1.04087    0.00200   -3.40713   -0.72372   -2.06542
          2      50800 3355.64289   -1.03704    0.00176   -1.04086    0.00201   -3.40713   -0.72372   -2.06542
          2      50900 3362.00167   -1.03704    0.00176   -1.04087    0.00199   -3.40713   -0.72372   -2.06542
          2      51000 3368.22283   -1.03705    0.00176   -1.04086    0.00202   -3.40713   -0.72372   -2.06542
          2      51100 3374.27544   -1.03705    0.00176   -1.04086    0.00202   -3.40713   -0.72372   -2.06542
          2      51200 3380.54433   -1.03706    0.00176   -1.04086    0.00200   -3.40713   -0.72372   -2.06542
          2      51300 3386.61484   -1.03706    0.00176   -1.04086    0.00201   -3.40713   -0.72372   -2.06542
          2      51400 3393.32380   -1.03706    0.00176   -1.04087    0.00201   -3.40713   -0.72372   -2.06542
          2      51500 3399.51625   -1.03707    0.00176   -1.04088    0.00202   -3.40713   -0.72372   -2.06542
          2      51600 3405.96940   -1.03707    0.00177   -1.04087    0.00202   -3.40713   -0.72372   -2.06542
          2      51700 3412.69868   -1.03707    0.00177   -1.04087    0.00201   -3.40713   -0.72372   -2.06542
          2      51800 3420.03992   -1.03708    0.00177   -1.04087    0.00201   -3.40713   -0.72372   -2.06542
          2      51900 3427.18914   -1.03708    0.00177   -1.04088    0.00201   -3.40713   -0.72372   -2.06542
          2      52000 3434.25342   -1.03708    0.00177   -1.04087    0.00201   -3.40713   -0.72372   -2.06542
          2      52100 3440.18258   -1.03709    0.00177   -1.04086    0.00202   -3.40713   -0.72372   -2.06542
          2      52200 3446.63388   -1.03709    0.00177   -1.04087    0.00202   -3.40713   -0.72372   -2.06542
          2      52300 3453.35345   -1.03710    0.00177   -1.04088    0.00202   -3.40713   -0.72372   -2.06542
          2      52400 3459.43543   -1.03710    0.00177   -1.04086    0.00201   -3.40713   -0.72372   -2.06542
          2      52500 3465.49608   -1.03710    0.00177   -1.04087    0.00202   -3.40713   -0.72372   -2.06542
          2      52600 3471.55032   -1.03711    0.00177   -1.04087    0.00202   -3.40713   -0.72372   -2.06542
          2      52700 3477.99372   -1.03711    0.00177   -1.04087    0.00201   -3.40713   -0.72372   -2.06542
          2      52800 3484.47247   -1.03711    0.00177   -1.04086    0.00201   -3.40713   -0.72372   -2.06542
          2      52900 3490.74045   -1.03712    0.00177   -1.04087    0.00201   -3.40713   -0.72372   -2.06542
          2      53000 3497.15212   -1.03712    0.00177   -1.04087    0.00202   -3.40713   -0.72372   -2.06542
          2      53100 3504.30234   -1.03712    0.00177   -1.04086    0.00202   -3.40713   -0.72372   -2.06542
          2      53200 3510.85022   -1.03713    0.00177   -1.04088    0.00201   -3.40713   -0.72372   -2.06542
          2      53300 3516.58910   -1.03713    0.00177   -1.04087    0.00202   -3.40713   -0.72372   -2.06542
          2      53400 3523.13418   -1.03714    0.00177   -1.04086    0.00201   -3.40713   -0.72372   -2.06542
          2      53500 3529.77266   -1.03714    0.00177   -1.04085    0.00199   -3.40713   -0.72372   -2.06542
          2      53600 3536.42897   -1.03714    0.00177   -1.04086    0.00200   -3.40713   -0.72372   -2.06542
          2      53700 3543.16162   -1.03715    0.00177   -1.04087    0.00202   -3.40713   -0.72372   -2.06542
          2      53800 3549.40855   -1.03715    0.00177   -1.04086    0.00202   -3.40713   -0.72372   -2.06542
          2      53900 3555.61423   -1.03715    0.00177   -1.04086    0.00202   -3.40713   -0.72372   -2.06542
          2      54000 3562.11418   -1.03716    0.00177   -1.04088    0.00202   -3.40713   -0.72372   -2.06542
          2      54100 3568.00082   -1.03716    0.00177   -1.04086    0.00201   -3.40713   -0.72372   -2.06542
          2      54200 3573.85918   -1.03716    0.00177   -1.04088    0.00201   -3.40713   -0.72372   -2.06542
          2      54300 3579.94064   -1.03717    0.00177   -1.04087    0.00203   -3.40713   -0.72372   -2.06542
          2      54400 3586.83969   -1.03717    0.00177   -1.04085    0.00200   -3.40713   -0.72372   -2.06542
          2      54500 3593.92146   -1.03717    0.00177   -1.04087    0.00203   -3.40713   -0.72372   -2.06542
          2      54600 3599.69900   -1.03718    0.00177   -1.04088    0.00201   -3.40713   -0.72372   -2.06542
          2      54603 3600.00635   -1.03718    0.00177   -1.04087    0.00201   -3.40713   -0.72372   -2.06542
