   10000000
          7
  933.17238
   -1.00029
    0.05548
   -1.01253
    0.00002

    0.02272
   -0.06624
    0.03453
   -0.01805
    0.06341
   -0.04026
    0.03909
   -0.05243
    0.06116
   -0.01213
    0.06758
    0.02971
    0.06196
    0.01197
   -0.04903
    0.05891
    0.05674
    0.05507
   -0.02157
    0.05412
    0.06966
   -0.04581
   -0.05316
   -0.00136
   -0.00119
    0.00012
    0.03969
   -0.07304
   -0.03914
    0.00202
    0.02789
   -0.05763
    0.02704
   -0.00932
   -0.04781
    0.06767
   -0.01459
    0.01786
   -0.06129
   -0.04732
   -0.02808
    0.02306
    0.03774
    0.04375
    0.05429
   -0.06662
    0.02924
   -0.03369
    0.05551
    0.00759
   -0.02848
    0.01732
    0.04326
   -0.01297
    0.00600
   -0.02892
   -0.06500
    0.07226
   -0.00187
   -0.04376
    0.02968
   -0.00832
    0.02686
    0.03918
   -0.05972
    0.03540
    0.07345
    0.02242
    0.00331
    0.06572
   -0.00734
   -0.06308
    0.03907
   -0.05393
    0.03506
   -0.01051
   -0.01767
    0.06016
   -0.03773
   -0.01794
    0.03034
   -0.03335
   -0.01452
   -0.02750
   -0.04500
   -0.07150
    0.00378
   -0.02530
    0.03298
   -0.01851
   -0.03664
    0.04316
    0.05676
    0.05330
    0.04625
   -0.01925
   -0.04087
   -0.03880
    0.05678
   -0.02302
   -0.03772
    0.06484
    0.02809
    0.07350
    0.06446
    0.02108
    0.02820
    0.02093
    0.06098
    0.02102
    0.03683
    0.03022
    0.00906
    0.03932
   -0.05292
   -0.02226
   -0.06756
    0.03779
   -0.00608
   -0.02440
    0.06490
   -0.04679
   -0.00329
   -0.01500
    0.07022
    0.00133
   -0.01809
    0.06627
   -0.06880
    0.00072
    0.03718
   -0.01896
   -0.02652
    0.01394
   -0.02246
   -0.01364
    0.05946
    0.02317
   -0.01251
   -0.01358
   -0.03019
   -0.00072
    0.04885
    0.05817
    0.05831
    0.04809
   -0.05775
   -0.02901
   -0.07454
   -0.05161
   -0.05641
   -0.01951
   -0.01761
   -0.05272
   -0.04010
   -0.06420
    0.06426
   -0.00715
   -0.07298
   -0.05084
   -0.04548
   -0.03436
    0.04699
    0.06284
   -0.02936
    0.01557
   -0.05536
    0.05903
    0.01837
    0.00169
    0.04454
   -0.03574
    0.05647
    0.03660
   -0.01570
   -0.03548
    0.03343
   -0.00394
   -0.02594
   -0.04919
   -0.04386
    0.01980
   -0.02547
    0.06190
    0.06557
    0.02521
   -0.02837
    0.03226
   -0.03465
   -0.06197
    0.03337
   -0.04962
   -0.03759
   -0.05460
   -0.04180
   -0.01784
   -0.01995
   -0.04790
   -0.02260
   -0.06714
    0.02725
    0.01490
   -0.07003
    0.07826
   -0.05636
   -0.02811
   -0.03410
    0.02321
   -0.04770
   -0.00001
    0.06488
    0.02487
    0.01231
    0.05416
    0.05025
    0.04068
   -0.04769
   -0.02642
   -0.01022
    0.03470
   -0.06197
    0.02036
   -0.07292
   -0.00058
    0.04615
   -0.06087
    0.05629
    0.00753
   -0.05824
   -0.05607
    0.04735
    0.00400
    0.06956
   -0.02964
   -0.04391
    0.04128
    0.00969
   -0.06636
    0.03502
    0.01572
    0.02223
   -0.05794
    0.00694
   -0.00364
   -0.02604
   -0.04143
    0.02123
    0.04743
    0.02522
   -0.02525
   -0.02045
    0.01515
   -0.05042
   -0.03450
    0.03624
    0.04070
   -0.04911
   -0.01494
    0.04434
    0.04179
   -0.00306
   -0.04043
    0.05660
   -0.00444
    0.01342
    0.01432
   -0.03398
   -0.01319
   -0.02119
    0.05536
   -0.03500
   -0.01637
   -0.05119
    0.03322
   -0.03920
    0.00553
   -0.00657
    0.01219
    0.04565
   -0.05036
   -0.05167
   -0.01654
   -0.01407
    0.01353
    0.04894
    0.02427
    0.02779
   -0.03941
    0.01261
   -0.01806
    0.05652
   -0.01037
    0.01982
    0.05610
   -0.00867
    0.05518
   -0.04136
   -0.03846
    0.02497
   -0.00091
   -0.01741
    0.03709
    0.00751
   -0.03479
   -0.07683
   -0.02099
   -0.00659
    0.00031
    0.00594
    0.06465
   -0.01925
    0.01441
    0.04278
    0.02706
    0.03644
   -0.06663
   -0.01538
    0.05912
    0.00205
    0.02394
   -0.01519
    0.03683
   -0.01068
   -0.02291
    0.05257
   -0.00658
   -0.05903
    0.02487
    0.02192
   -0.03538
   -0.02710
    0.05400
    0.05707
   -0.00093
   -0.00498
   -0.01608
   -0.00497
    0.03954
    0.03461
    0.02738
    0.00074
    0.04485
   -0.03060
   -0.01116
    0.01105
    0.00118
   -0.02665
   -0.06781
    0.00565
   -0.00895
   -0.06117
    0.01901
    0.02320
   -0.00078
   -0.00931
    0.03882
   -0.04205
   -0.01166
   -0.04195
   -0.06903
    0.06406
   -0.00277
   -0.03279
   -0.01639
   -0.05447
   -0.06717
    0.03972
   -0.05307
    0.06562
   -0.05074
   -0.04977
    0.07111
    0.04430
   -0.00889
    0.05796
    0.02434
    0.00089
   -0.03551
   -0.04163
   -0.00381
    0.03426
   -0.02665
   -0.07134
    0.00808
    0.00951
    0.00347
    0.02426
   -0.01437
    0.02685
    0.00473
   -0.05512
   -0.02216
    0.02995
    0.03537
    0.06645
    0.01396
   -0.01102
   -0.05936
   -0.05778
    0.03110
   -0.06346
   -0.01165
    0.06785
    0.03934
   -0.01325
    0.02246
   -0.01855
   -0.00901
    0.07402
    0.04207
   -0.00586
   -0.04876
   -0.01147
   -0.00146
    0.02968
   -0.05780
   -0.07157
   -0.03641
    0.06552
   -0.03142
   -0.00687
   -0.05170
   -0.00814
    0.02671
   -0.01275
    0.07058
   -0.04332
   -0.04147
    0.03336
    0.03915
   -0.03288
   -0.06103
   -0.02137
   -0.00280
   -0.02536
    0.05251
    0.02597
   -0.02134
    0.02713
   -0.06871
   -0.06412
    0.03784
    0.06503
   -0.04318
   -0.07281
   -0.04643
    0.01224
    0.01772
   -0.01335
    0.05914
    0.03304
    0.02210
    0.01653
    0.02139
    0.00621
   -0.06012
    0.04487
    0.01780
    0.06607
   -0.06816
    0.01840
   -0.05838
   -0.05782
   -0.07066
    0.06338
   -0.03450
    0.06285
   -0.02919
    0.01906
   -0.00486
   -0.04992
   -0.03575
   -0.03376
    0.06273
    0.03212
    0.03643
   -0.04334
   -0.01189
    0.03758
    0.06207
    0.00619
    0.06899
   -0.04000
   -0.03577
   -0.01404
    0.05733
    0.03033
   -0.01620
   -0.02196
   -0.06446
    0.01367
    0.05222
    0.03151
   -0.01443
    0.02181
   -0.00382
    0.02545
    0.03070
    0.01828
   -0.04363
   -0.00520
   -0.02415
    0.06020
   -0.01267
    0.03051
   -0.01245
    0.05487
    0.01829
   -0.06030
    0.04792
    0.04715
    0.05639
   -0.06026
    0.01267
    0.00630
   -0.05252
    0.03357
    0.05117
    0.06452
    0.00662
    0.05240
   -0.05672
    0.06539
   -0.05706
    0.04681
   -0.02119
   -0.05231
   -0.05349
   -0.01755
    0.02961
   -0.02155
    0.03325
   -0.01983
   -0.06157
   -0.01252
   -0.06470
    0.00769
   -0.02881
   -0.05367
    0.03303
    0.06373
   -0.02473
    0.06321
   -0.04368
    0.04572
   -0.05186
   -0.03107
   -0.00362
    0.05046
    0.00580
   -0.01284
   -0.03505
    0.06712
   -0.07482
   -0.03626
    0.03690
    0.03399
    0.05547
    0.02897
    0.00702
   -0.06058
   -0.04270
   -0.01597
   -0.04244
   -0.01336
   -0.02662
    0.04738
   -0.06997
   -0.06650
    0.00767
   -0.00420
   -0.05048
    0.04237
    0.01337
    0.01112
    0.05073
    0.04828
    0.00700
   -0.03492
   -0.07448
    0.02281
   -0.04680
    0.01288
    0.03934
   -0.05092
   -0.01429
   -0.01155
    0.04059
   -0.00364
   -0.06084
   -0.05202
   -0.03155
   -0.00715
    0.03454
   -0.03895
    0.00311
   -0.06100
   -0.07081
   -0.04958
    0.03667

    0.01905
   -0.06344
    0.03641
   -0.02093
    0.06227
   -0.03477
    0.03836
   -0.05435
    0.06048
   -0.01117
    0.07580
    0.02998
    0.06385
    0.01967
   -0.05010
    0.05263
    0.05177
    0.06189
   -0.01431
    0.06471
    0.08014
   -0.04876
   -0.05791
    0.00009
   -0.01016
   -0.00776
    0.04458
   -0.07389
   -0.04529
    0.00075
    0.02991
   -0.05241
    0.02821
   -0.01732
   -0.04566
    0.07042
   -0.01786
    0.00645
   -0.05919
   -0.03521
   -0.02912
    0.02824
    0.03521
    0.04208
    0.06347
   -0.06804
    0.03691
   -0.03569
    0.05198
    0.00485
   -0.02852
    0.01869
    0.04668
   -0.01098
   -0.00017
   -0.02676
   -0.06580
    0.06643
   -0.00987
   -0.04201
    0.02499
   -0.01908
    0.02338
    0.03721
   -0.05452
    0.03635
    0.07048
    0.01645
    0.00263
    0.06612
   -0.00703
   -0.05745
    0.03505
   -0.05308
    0.03575
   -0.00430
   -0.02450
    0.05716
   -0.03933
   -0.01413
    0.02958
   -0.02610
   -0.01939
   -0.01460
   -0.05022
   -0.06408
    0.01277
   -0.02993
    0.03973
   -0.01854
   -0.03468
    0.04648
    0.04393
    0.04938
    0.04526
   -0.01743
   -0.03916
   -0.04352
    0.06442
   -0.02773
   -0.04018
    0.06460
    0.02633
    0.07147
    0.07327
    0.02200
    0.03384
    0.02009
    0.05763
    0.02089
    0.02669
    0.02701
    0.00149
    0.04345
   -0.06018
   -0.02997
   -0.06201
    0.03390
   -0.01361
   -0.02610
    0.06430
   -0.04629
   -0.00849
   -0.01692
    0.07005
   -0.00379
   -0.01840
    0.06738
   -0.07156
    0.00635
    0.03240
   -0.02351
   -0.02822
    0.02262
   -0.02220
   -0.01375
    0.04952
    0.02502
   -0.01583
   -0.02237
   -0.03563
   -0.00247
    0.05465
    0.06519
    0.05991
    0.05208
   -0.05053
   -0.02565
   -0.07598
   -0.05024
   -0.04877
   -0.02169
   -0.02242
   -0.03877
   -0.04318
   -0.07689
    0.06053
    0.00704
   -0.06901
   -0.05061
   -0.04957
   -0.03060
    0.05276
    0.05461
   -0.03453
    0.01640
   -0.05522
    0.06009
    0.01082
   -0.00665
    0.04683
   -0.03663
    0.05499
    0.03057
   -0.01609
   -0.02965
    0.02774
   -0.00751
   -0.02288
   -0.04487
   -0.05187
    0.02243
   -0.03764
    0.06398
    0.06311
    0.01380
   -0.02029
    0.02064
   -0.03774
   -0.06716
    0.04061
   -0.04849
   -0.03309
   -0.05343
   -0.04583
   -0.01988
   -0.01550
   -0.05678
   -0.01847
   -0.06509
    0.02479
    0.01612
   -0.07650
    0.07956
   -0.05006
   -0.02201
   -0.03179
    0.01964
   -0.04306
   -0.00967
    0.06149
    0.03023
    0.01763
    0.04669
    0.05579
    0.03390
   -0.04034
   -0.02454
   -0.01075
    0.04406
   -0.05801
    0.01157
   -0.07571
    0.00006
    0.04665
   -0.06435
    0.06313
    0.01120
   -0.05730
   -0.07304
    0.05437
    0.00850
    0.07278
   -0.02439
   -0.04611
    0.04799
    0.00955
   -0.06294
    0.02832
    0.01815
    0.01713
   -0.05206
   -0.00351
   -0.00196
   -0.03005
   -0.04146
    0.02747
    0.04925
    0.02331
   -0.01881
   -0.01902
    0.01638
   -0.05705
   -0.02728
    0.03559
    0.04203
   -0.04866
   -0.01391
    0.03840
    0.04002
   -0.00903
   -0.03700
    0.05600
    0.00249
    0.01089
    0.00910
   -0.02555
   -0.01520
   -0.02403
    0.05833
   -0.03650
   -0.01797
   -0.05345
    0.03382
   -0.02781
    0.00377
   -0.01719
    0.01409
    0.05068
   -0.04717
   -0.05028
   -0.01343
   -0.01056
    0.01814
    0.04248
    0.02051
    0.02703
   -0.03293
    0.01252
   -0.01988
    0.04821
   -0.01553
    0.01208
    0.05617
   -0.00157
    0.05992
   -0.04494
   -0.03584
    0.02764
    0.00518
   -0.00926
    0.04000
    0.00498
   -0.03336
   -0.07510
   -0.02084
   -0.00358
    0.00156
    0.00857
    0.06864
   -0.02461
    0.01440
    0.04205
    0.03056
    0.03669
   -0.07118
   -0.01059
    0.06479
    0.00238
    0.02451
   -0.00930
    0.04155
   -0.00824
   -0.01192
    0.04642
    0.00098
   -0.06705
    0.02546
    0.02498
   -0.03542
   -0.02105
    0.06016
    0.05705
    0.00397
    0.00093
   -0.02720
   -0.00717
    0.04607
    0.02352
    0.02202
   -0.00027
    0.04864
   -0.03010
   -0.01520
    0.02047
    0.00065
   -0.02444
   -0.06091
    0.00451
   -0.01148
   -0.06253
    0.01348
    0.02532
    0.00896
   -0.00614
    0.02603
   -0.03549
   -0.01112
   -0.04102
   -0.06830
    0.05806
    0.00181
   -0.03858
   -0.01046
   -0.05520
   -0.05959
    0.04147
   -0.04968
    0.06591
   -0.04924
   -0.04917
    0.06843
    0.03723
   -0.00515
    0.05133
    0.03002
   -0.01164
   -0.02593
   -0.03553
   -0.00017
    0.03590
   -0.02634
   -0.06827
    0.01501
    0.01381
    0.00414
    0.02310
   -0.01684
    0.02257
    0.00407
   -0.06078
   -0.02776
    0.02840
    0.03551
    0.06500
    0.01255
   -0.01884
   -0.06404
   -0.06319
    0.03552
   -0.05557
   -0.01200
    0.06477
    0.04959
   -0.00892
    0.02686
   -0.01763
   -0.01114
    0.07447
    0.04240
   -0.00675
   -0.04332
   -0.00831
   -0.00727
    0.03444
   -0.05396
   -0.08031
   -0.04523
    0.06401
   -0.03078
   -0.01056
   -0.05134
   -0.00120
    0.02707
   -0.00920
    0.07058
   -0.04136
   -0.04733
    0.02908
    0.03754
   -0.03353
   -0.06439
   -0.02590
   -0.00339
   -0.02552
    0.04611
    0.02085
   -0.01462
    0.03047
   -0.06400
   -0.05928
    0.03532
    0.05333
   -0.03768
   -0.06745
   -0.04237
    0.01071
    0.01538
   -0.01186
    0.06170
    0.03445
    0.01626
    0.01970
    0.03196
    0.01023
   -0.07081
    0.03830
    0.02115
    0.06377
   -0.07260
    0.02147
   -0.05773
   -0.05896
   -0.06897
    0.07436
   -0.02834
    0.06642
   -0.02075
    0.01193
   -0.00125
   -0.05223
   -0.04294
   -0.02668
    0.06110
    0.03360
    0.04156
   -0.03666
   -0.01067
    0.03758
    0.05256
    0.00946
    0.06800
   -0.03752
   -0.03360
   -0.00700
    0.06216
    0.03558
   -0.01113
   -0.02756
   -0.06935
    0.02072
    0.04972
    0.02957
   -0.02330
    0.02421
   -0.00697
    0.02556
    0.03676
    0.01793
   -0.04677
   -0.00431
   -0.02823
    0.04688
   -0.01211
    0.02404
   -0.01450
    0.04911
    0.01653
   -0.06040
    0.04510
    0.04515
    0.06030
   -0.05895
    0.01543
   -0.00183
   -0.04699
    0.02501
    0.04628
    0.06194
    0.00147
    0.05361
   -0.05967
    0.07124
   -0.05842
    0.04561
   -0.01964
   -0.05416
   -0.05794
   -0.01772
    0.03939
   -0.02315
    0.02412
   -0.01603
   -0.05550
   -0.00785
   -0.06686
   -0.00079
   -0.02412
   -0.05870
    0.04663
    0.05792
   -0.02186
    0.06734
   -0.04293
    0.04057
   -0.05296
   -0.03908
   -0.00742
    0.04468
    0.01301
   -0.01729
   -0.04342
    0.06773
   -0.07747
   -0.03303
    0.03489
    0.03165
    0.05029
    0.03004
    0.00250
   -0.06149
   -0.04511
   -0.02038
   -0.03219
   -0.01796
   -0.01866
    0.04121
   -0.06315
   -0.06549
    0.00659
    0.00189
   -0.04600
    0.04946
    0.01193
    0.01187
    0.04459
    0.05694
    0.00798
   -0.02568
   -0.08052
    0.02310
   -0.05145
    0.02063
    0.03913
   -0.04962
   -0.01502
   -0.01656
    0.03042
   -0.01690
   -0.06193
   -0.05583
   -0.03834
   -0.00416
    0.03059
   -0.02507
   -0.00532
   -0.05657
   -0.06905
   -0.05400
    0.03807
