          1          0    0.00000   -0.99755    0.07202   -0.99755    0.07202   -3.62387    3.62387    0.00000
          1          3    1.15501   -0.49868   -0.11341   -0.16588   -0.34651   -3.62387   -0.16588    0.00000
          2          0    1.15501   -0.15676   -0.06947   -0.16588   -0.34651   -3.62387   -0.16588   -1.89488
          2        100   46.81831   -0.86036    0.03410   -1.00721    0.09728   -3.62387   -0.16588   -1.89488
          2        200   96.00073   -0.90433    0.05195   -1.01126    0.09908   -3.62387   -0.16588   -1.89488
          2        300  144.98120   -0.92415    0.06017   -1.01210    0.09919   -3.62387   -0.16588   -1.89488
          2        400  195.02135   -0.93607    0.06517   -1.01257    0.09926   -3.62387   -0.16588   -1.89488
          2        500  247.26689   -0.94424    0.06863   -1.01288    0.09930   -3.62387   -0.16588   -1.89488
          2        600  306.31518   -0.95029    0.07122   -1.01160    0.10080   -3.62387   -0.16588   -1.89488
          2        700  376.16517   -0.95500    0.07324   -1.01111    0.10006   -3.62387   -0.16588   -1.89488
          2        800  450.65130   -0.95879    0.07488   -1.01301    0.10031   -3.62387   -0.16588   -1.89488
          2        900  532.74433   -0.96195    0.07624   -1.01390    0.09855   -3.62387   -0.16588   -1.89488
          2       1000  609.27077   -0.96463    0.07740   -1.01290    0.09966   -3.62387   -0.16588   -1.89488
          2       1100  688.37222   -0.96693    0.07840   -1.01287    0.09894   -3.62387   -0.16588   -1.89488
          2       1200  766.62789   -0.96895    0.07927   -1.01322    0.09916   -3.62387   -0.16588   -1.89488
          2       1300  844.67183   -0.97072    0.08004   -1.01412    0.09925   -3.62387   -0.16588   -1.89488
          2       1400  919.41772   -0.97231    0.08073   -1.01229    0.10031   -3.62387   -0.16588   -1.89488
          2       1500 1000.56414   -0.97373    0.08134   -1.01354    0.09960   -3.62387   -0.16588   -1.89488
          2       1600 1080.70990   -0.97502    0.08191   -1.01278    0.09905   -3.62387   -0.16588   -1.89488
          2       1700 1161.02108   -0.97620    0.08242   -1.01291    0.09916   -3.62387   -0.16588   -1.89488
          2       1800 1249.01254   -0.97728    0.08289   -1.01340    0.10000   -3.62387   -0.16588   -1.89488
          2       1900 1339.16091   -0.97827    0.08332   -1.01411    0.09951   -3.62387   -0.16588   -1.89488
          2       2000 1425.63463   -0.97918    0.08372   -1.01319    0.09932   -3.62387   -0.16588   -1.89488
          2       2100 1509.96132   -0.98003    0.08409   -1.01311    0.10043   -3.62387   -0.16588   -1.89488
          2       2200 1594.60244   -0.98082    0.08444   -1.01336    0.10031   -3.62387   -0.16588   -1.89488
          2       2300 1698.69674   -0.98156    0.08476   -1.01372    0.09946   -3.62387   -0.16588   -1.89488
          2       2400 1777.52580   -0.98226    0.08507   -1.01352    0.10004   -3.62387   -0.16588   -1.89488
          2       2500 1857.86868   -0.98291    0.08535   -1.01370    0.09914   -3.62387   -0.16588   -1.89488
          2       2600 1952.70839   -0.98352    0.08562   -1.01353    0.09952   -3.62387   -0.16588   -1.89488
          2       2700 2044.42065   -0.98410    0.08587   -1.01413    0.09911   -3.62387   -0.16588   -1.89488
          2       2800 2147.11161   -0.98465    0.08611   -1.01371    0.10011   -3.62387   -0.16588   -1.89488
          2       2900 2245.26519   -0.98517    0.08634   -1.01375    0.09972   -3.62387   -0.16588   -1.89488
          2       3000 2355.21248   -0.98566    0.08656   -1.01371    0.09949   -3.62387   -0.16588   -1.89488
          2       3100 2444.04786   -0.98613    0.08676   -1.01379    0.09909   -3.62387   -0.16588   -1.89488
          2       3200 2532.95389   -0.98658    0.08696   -1.01417    0.09905   -3.62387   -0.16588   -1.89488
          2       3300 2623.20475   -0.98701    0.08715   -1.01421    0.09941   -3.62387   -0.16588   -1.89488
          2       3400 2724.51034   -0.98741    0.08732   -1.01315    0.09860   -3.62387   -0.16588   -1.89488
          2       3500 2826.67778   -0.98780    0.08750   -1.01391    0.09942   -3.62387   -0.16588   -1.89488
          2       3600 2952.54856   -0.98818    0.08766   -1.01404    0.09933   -3.62387   -0.16588   -1.89488
          2       3700 3044.27989   -0.98854    0.08782   -1.01309    0.10013   -3.62387   -0.16588   -1.89488
          2       3800 3140.19621   -0.98888    0.08797   -1.01366    0.09932   -3.62387   -0.16588   -1.89488
          2       3900 3245.73983   -0.98921    0.08811   -1.01408    0.09952   -3.62387   -0.16588   -1.89488
          2       4000 3348.76091   -0.98953    0.08825   -1.01427    0.09940   -3.62387   -0.16588   -1.89488
          2       4100 3460.26477   -0.98984    0.08839   -1.01326    0.09933   -3.62387   -0.16588   -1.89488
          2       4200 3584.20601   -0.99014    0.08852   -1.01452    0.09936   -3.62387   -0.16588   -1.89488
          2       4215 3600.31258   -0.99018    0.08854   -1.01358    0.09948   -3.62387   -0.16588   -1.89488
