 5174404354687176
       1784
 3600.66019
   29.37541
   -0.99918
   -0.00932
   -1.00721
   -0.00031

   -0.02495
    0.00074
    0.04911
   -0.03025
   -0.01439
   -0.00963
    0.00864
   -0.03809
    0.02560
   -0.05996
    0.02464
    0.02351
    0.06864
    0.03352
   -0.02082
    0.05896
   -0.01475
   -0.08085
    0.03891
   -0.06806
   -0.03994
   -0.04057
   -0.01770
    0.05245
   -0.00538
    0.00303
   -0.03546
    0.02390
   -0.06100
   -0.04038
   -0.00051
    0.01839
    0.01850
   -0.04953
   -0.05572
   -0.04243
   -0.02680
    0.00228
   -0.06244
   -0.04944
   -0.02976
    0.03077
    0.00369
    0.03579
   -0.06263
   -0.04731
    0.02171
    0.06041
   -0.02694
   -0.06264
   -0.03381
   -0.03695
    0.01891
   -0.01029
   -0.01850
   -0.06694
   -0.00506
   -0.03042
   -0.02051
   -0.00194
    0.02293
   -0.05630
    0.04370
    0.05013
   -0.05619
   -0.03417
   -0.05818
   -0.01022
   -0.01600
    0.04386
   -0.02916
   -0.04040
   -0.04688
   -0.07410
   -0.00551
    0.05547
    0.02414
   -0.03468
   -0.03545
   -0.04964
   -0.04078
   -0.05331
    0.03059
    0.00099
   -0.00379
    0.02020
   -0.00927
   -0.05057
   -0.03853
   -0.01079
   -0.03149
    0.03023
    0.04065
   -0.02605
    0.05916
    0.02733
   -0.01831
   -0.03515
   -0.05536
    0.07603
    0.04305
   -0.02952
    0.02565
    0.00510
    0.00789
    0.02961
    0.00199
    0.05630
   -0.03012
    0.00679
    0.01092
   -0.05219
   -0.01397
   -0.06626
    0.07239
    0.02850
   -0.05678
   -0.04453
    0.05798
   -0.01022
   -0.02283
    0.00844
   -0.03180
    0.04016
   -0.04599
   -0.02387
    0.01320
    0.01735
   -0.05487
    0.04603
   -0.07554
   -0.06695
    0.07614
    0.03593
   -0.03021
   -0.04071
   -0.03042
   -0.06279
    0.05199
   -0.00800
    0.06454
    0.03455
    0.01847
    0.06549
    0.06936
    0.01299
   -0.03627
   -0.05489
    0.08205
   -0.07834
   -0.02549
   -0.00185
    0.04385
   -0.06512
    0.03183
   -0.01741
   -0.01061
   -0.03693
   -0.03881
    0.03409
    0.03477
   -0.03503
   -0.05721
    0.03872
   -0.00296
   -0.06531
    0.03756
    0.02476
    0.01555
   -0.03591
   -0.07655
    0.00674
    0.03191
    0.06907
    0.01616
    0.02101
   -0.05273
   -0.06607
   -0.01066
    0.01845
    0.02518
    0.00915
    0.05296
   -0.02388
    0.02128
    0.02691
   -0.00141
   -0.02015
    0.02860
   -0.05375
    0.05352
   -0.01466
    0.05572
   -0.04433
    0.00092
   -0.03526
   -0.05620
    0.05151
   -0.05994
    0.01684
    0.05430
    0.05987
   -0.05813
    0.01991
    0.01625
   -0.00558
    0.05300
    0.05457
    0.02848
   -0.02984
    0.04325
    0.03450
    0.05421
   -0.05136
   -0.00248
    0.03858
    0.00119
    0.04780
   -0.06621
   -0.03287
    0.01819
   -0.00282
   -0.01606
   -0.01148
    0.02543
   -0.03024
   -0.05692
    0.06605
   -0.04347
    0.04705
    0.06673
    0.04045
    0.02078
   -0.00671
   -0.00396
    0.01636
    0.01755
    0.06508
   -0.03983
    0.02005
    0.00106
    0.05487
    0.00429
    0.00082
   -0.03802
   -0.06838
   -0.04413
    0.03149
    0.01201
   -0.03587
   -0.00917
    0.01592
    0.03471
   -0.00630
    0.03258
    0.04425
   -0.05372
   -0.03721
    0.06405
   -0.06794
   -0.03536
   -0.01387
   -0.05697
   -0.01651
   -0.04321
    0.02114
   -0.04037
   -0.05869
   -0.02235
    0.01941
    0.00691
   -0.02938
   -0.01157
   -0.02915
   -0.04936
   -0.00669
   -0.04038
    0.06136
    0.03903
    0.07938
    0.03299
    0.02174
   -0.05869
   -0.04923
   -0.04518
    0.06892
    0.01835
    0.01178
    0.06281
   -0.05252
   -0.04918
    0.00649
    0.05087
   -0.00119
   -0.03850
    0.04122
   -0.05064
    0.05861
   -0.05668
    0.02311
   -0.00098
   -0.00286
   -0.04290
   -0.07589
    0.07162
   -0.02170
   -0.03162
   -0.01796
    0.02341
   -0.02201
    0.04479
    0.03884
   -0.03012
   -0.04052
   -0.03860
   -0.04323
    0.01588
    0.04749
    0.04308
   -0.02662
   -0.01846
   -0.03233
   -0.00299
    0.07074
    0.02495
   -0.03891
   -0.06817
    0.05490
   -0.00116
    0.00154
    0.04531
    0.01069
   -0.01455
   -0.00767
   -0.02107
    0.06873
   -0.00015
    0.01140
   -0.06806
    0.04320
   -0.03041
   -0.04866
   -0.03454
    0.07375
    0.05600
   -0.06687
    0.01635
    0.04277
   -0.06791
    0.02975
   -0.01319
    0.02268
    0.06810
    0.03731
    0.01767
   -0.05231
    0.05733
   -0.00928
    0.06163
    0.05662
    0.00994
    0.00703
    0.01076
    0.07105
   -0.01142
    0.03666
   -0.01681
   -0.03521
    0.02779
   -0.05216
   -0.00083
    0.02618
    0.07628
   -0.05935
    0.06317
    0.02442
   -0.02279
   -0.06225
   -0.07847
    0.02576
    0.01584
   -0.02153
   -0.02387
    0.05780
    0.02300
   -0.01973
    0.02392
   -0.05257
    0.03039
   -0.04448
   -0.02017
   -0.04804
    0.07752
    0.04746
    0.02699
   -0.01413
   -0.03632
   -0.06301
   -0.03549
    0.02939
    0.04034
    0.04751
   -0.04677
   -0.07059
   -0.06786
   -0.06429
    0.01096
   -0.01318
   -0.01530
   -0.05890
    0.02458
    0.07093
   -0.00073
   -0.04944
    0.03331
    0.04225
    0.02683
    0.03854
    0.05078
    0.06047
   -0.00668
    0.00181
    0.03956
   -0.05551
   -0.02840
    0.02130
    0.02206
    0.05451
    0.02647
   -0.01591
    0.05348
    0.05434
    0.03184
   -0.03196
    0.04922
    0.00749
   -0.02788
   -0.00757
   -0.01979
   -0.08677
    0.06043
   -0.04147
   -0.01086
    0.03638
    0.04574
   -0.00392
   -0.03611
    0.01480
    0.06468
   -0.06174
   -0.06556
   -0.02955
   -0.02442
    0.00022
   -0.02195
    0.04094
   -0.06666
    0.04510
   -0.01590
    0.02431
    0.01155
   -0.01569
   -0.03017
    0.06605
   -0.03502
    0.03908
    0.00194
    0.03977
    0.05437
    0.07547
    0.06525
   -0.02858
    0.03562
   -0.04886
    0.05156
    0.04609
    0.00646
    0.00285
    0.01914
    0.01207
    0.04721
   -0.01586
   -0.01313
    0.05303
   -0.03984
   -0.02309
    0.01356
   -0.01276
    0.07287
    0.04609
    0.01924
    0.01542
   -0.00266
   -0.07217
   -0.03432
   -0.05624
   -0.01576
   -0.05551
   -0.03417
    0.08544
   -0.03874
   -0.02234
   -0.02415
   -0.02031
    0.04576
   -0.00151
    0.03637
   -0.03889
   -0.04833
   -0.03407
    0.01882
   -0.02026
   -0.01953
   -0.03350
    0.03155
    0.01413
   -0.05489
    0.01542
    0.00786
   -0.02819
   -0.02983
    0.01624
   -0.02854
   -0.02660
    0.01289
   -0.07418
   -0.01210
   -0.05232
   -0.03341
   -0.03441
   -0.01868
    0.05608
   -0.03857
   -0.02680
    0.01093
   -0.00005
    0.04294
   -0.03917
   -0.04704
    0.04950
    0.07103
   -0.05135
    0.03765
   -0.04141
   -0.00082
    0.05641
   -0.04036
    0.01874
   -0.02023
   -0.02337
    0.02467
    0.02465
    0.02339
    0.04952
    0.06221
    0.04585
    0.04576
   -0.05238
    0.05049
   -0.00197
   -0.04268
    0.02144
   -0.01594
   -0.00032
    0.01819
   -0.02459
    0.04050
    0.07653
    0.00970
   -0.04569
    0.01448
   -0.00509
   -0.02980
   -0.04278
    0.01911
    0.06572
    0.02959
    0.03332
   -0.05490
   -0.02120
   -0.00419
   -0.05052
   -0.04814
    0.01424
    0.03153
    0.01905
   -0.00423
    0.02839
   -0.01732
    0.04650
   -0.07323
    0.06661
    0.01547
   -0.05775
   -0.03068
    0.01714
   -0.03658
   -0.03297
   -0.04190
    0.06090

   -0.02667
   -0.00070
    0.04920
   -0.02981
   -0.01444
   -0.00974
    0.00757
   -0.03851
    0.02649
   -0.06073
    0.02561
    0.02322
    0.06749
    0.03425
   -0.02265
    0.05903
   -0.01588
   -0.07946
    0.03983
   -0.07014
   -0.04151
   -0.04081
   -0.01587
    0.05342
   -0.00556
    0.00245
   -0.03430
    0.02439
   -0.06033
   -0.03894
   -0.00116
    0.01831
    0.01902
   -0.04918
   -0.05544
   -0.04278
   -0.02683
    0.00265
   -0.06384
   -0.04881
   -0.03133
    0.03253
    0.00311
    0.03403
   -0.06256
   -0.04798
    0.02346
    0.05937
   -0.02669
   -0.06256
   -0.03457
   -0.03890
    0.01930
   -0.00992
   -0.01917
   -0.06760
   -0.00432
   -0.03202
   -0.02091
   -0.00370
    0.02384
   -0.05719
    0.04334
    0.05007
   -0.05645
   -0.03354
   -0.05839
   -0.01106
   -0.01677
    0.04430
   -0.02995
   -0.04128
   -0.04632
   -0.07347
   -0.00571
    0.05584
    0.02464
   -0.03320
   -0.03474
   -0.04928
   -0.04085
   -0.05520
    0.03038
   -0.00070
   -0.00261
    0.02057
   -0.00998
   -0.05163
   -0.03896
   -0.00993
   -0.03387
    0.03222
    0.04077
   -0.02627
    0.05966
    0.02913
   -0.02031
   -0.03495
   -0.05638
    0.07693
    0.04093
   -0.03065
    0.02608
    0.00633
    0.00596
    0.02859
    0.00205
    0.05596
   -0.03018
    0.00627
    0.00980
   -0.05151
   -0.01369
   -0.06707
    0.07254
    0.03022
   -0.05748
   -0.04577
    0.05852
   -0.01048
   -0.02153
    0.00712
   -0.03371
    0.04041
   -0.04887
   -0.02399
    0.01282
    0.01775
   -0.05420
    0.04755
   -0.07418
   -0.06761
    0.07601
    0.03614
   -0.03174
   -0.04306
   -0.03081
   -0.06388
    0.05231
   -0.00844
    0.06424
    0.03454
    0.01759
    0.06551
    0.06798
    0.01300
   -0.03536
   -0.05521
    0.08216
   -0.07764
   -0.02644
   -0.00262
    0.04515
   -0.06474
    0.03035
   -0.01753
   -0.00995
   -0.03633
   -0.03943
    0.03577
    0.03368
   -0.03659
   -0.05789
    0.03996
   -0.00329
   -0.06429
    0.03780
    0.02440
    0.01611
   -0.03548
   -0.07737
    0.00858
    0.03060
    0.06989
    0.01435
    0.02017
   -0.05283
   -0.06525
   -0.01008
    0.01869
    0.02339
    0.00995
    0.05281
   -0.02266
    0.02020
    0.02669
   -0.00179
   -0.02075
    0.02881
   -0.05506
    0.05438
   -0.01526
    0.05606
   -0.04382
    0.00110
   -0.03627
   -0.05508
    0.05182
   -0.05989
    0.01700
    0.05583
    0.06027
   -0.05983
    0.01954
    0.01687
   -0.00733
    0.05326
    0.05334
    0.02926
   -0.03130
    0.04483
    0.03488
    0.05646
   -0.05132
   -0.00304
    0.03726
    0.00118
    0.04835
   -0.06759
   -0.03317
    0.01867
   -0.00340
   -0.01587
   -0.01097
    0.02526
   -0.03091
   -0.05973
    0.06593
   -0.04324
    0.04809
    0.06556
    0.04146
    0.01969
   -0.00844
   -0.00368
    0.01667
    0.01691
    0.06578
   -0.03937
    0.01950
    0.00074
    0.05542
    0.00594
    0.00033
   -0.03670
   -0.06867
   -0.04429
    0.03145
    0.01043
   -0.03595
   -0.00790
    0.01652
    0.03748
   -0.00733
    0.03223
    0.04373
   -0.05415
   -0.03737
    0.06389
   -0.06758
   -0.03650
   -0.01442
   -0.05766
   -0.01662
   -0.04266
    0.02171
   -0.04069
   -0.05758
   -0.02327
    0.01888
    0.00763
   -0.02855
   -0.01196
   -0.02901
   -0.04985
   -0.00707
   -0.04034
    0.06268
    0.03959
    0.07797
    0.03239
    0.02019
   -0.05857
   -0.04924
   -0.04765
    0.06767
    0.01836
    0.01349
    0.06454
   -0.05471
   -0.04877
    0.00654
    0.04964
    0.00040
   -0.04087
    0.04081
   -0.05021
    0.05907
   -0.05617
    0.02298
   -0.00154
   -0.00252
   -0.04284
   -0.07763
    0.07223
   -0.02207
   -0.03180
   -0.01676
    0.02334
   -0.02275
    0.04646
    0.03940
   -0.03075
   -0.03988
   -0.03837
   -0.04280
    0.01627
    0.04966
    0.04322
   -0.02514
   -0.01683
   -0.03269
   -0.00372
    0.07157
    0.02597
   -0.03945
   -0.06934
    0.05675
   -0.00073
    0.00134
    0.04560
    0.01174
   -0.01616
   -0.00884
   -0.02250
    0.06852
    0.00148
    0.01063
   -0.07012
    0.04260
   -0.03252
   -0.04798
   -0.03411
    0.07453
    0.05682
   -0.06646
    0.01702
    0.04290
   -0.06852
    0.02852
   -0.01479
    0.02130
    0.06876
    0.03803
    0.01847
   -0.05189
    0.05781
   -0.00935
    0.06148
    0.05755
    0.00986
    0.00803
    0.01098
    0.07296
   -0.01182
    0.03603
   -0.01690
   -0.03437
    0.02675
   -0.05244
   -0.00132
    0.02712
    0.07605
   -0.05950
    0.06203
    0.02343
   -0.02298
   -0.06204
   -0.08085
    0.02657
    0.01661
   -0.02150
   -0.02149
    0.06013
    0.02410
   -0.01810
    0.02284
   -0.05071
    0.03167
   -0.04542
   -0.02105
   -0.04858
    0.07588
    0.04882
    0.02718
   -0.01383
   -0.03657
   -0.06277
   -0.03750
    0.02990
    0.04113
    0.04870
   -0.04847
   -0.07067
   -0.06799
   -0.06438
    0.01047
   -0.01542
   -0.01442
   -0.06074
    0.02541
    0.07088
   -0.00081
   -0.05131
    0.03342
    0.04025
    0.02753
    0.03951
    0.05033
    0.06025
   -0.00551
    0.00221
    0.03891
   -0.05445
   -0.02819
    0.02234
    0.02269
    0.05467
    0.02722
   -0.01577
    0.05561
    0.05422
    0.03264
   -0.03179
    0.05092
    0.00782
   -0.02797
   -0.00764
   -0.01974
   -0.08596
    0.06099
   -0.03940
   -0.01166
    0.03650
    0.04518
   -0.00569
   -0.03644
    0.01503
    0.06366
   -0.06366
   -0.06520
   -0.02922
   -0.02379
    0.00086
   -0.02221
    0.04167
   -0.06692
    0.04413
   -0.01608
    0.02625
    0.01199
   -0.01734
   -0.03050
    0.06518
   -0.03562
    0.03963
    0.00118
    0.04020
    0.05429
    0.07658
    0.06584
   -0.02764
    0.03480
   -0.05059
    0.05157
    0.04521
    0.00636
    0.00356
    0.01953
    0.01258
    0.04637
   -0.01639
   -0.01243
    0.05202
   -0.04127
   -0.02366
    0.01332
   -0.01364
    0.07254
    0.04684
    0.01976
    0.01556
   -0.00165
   -0.07315
   -0.03531
   -0.05754
   -0.01633
   -0.05742
   -0.03418
    0.08395
   -0.04089
   -0.02148
   -0.02437
   -0.02033
    0.04605
   -0.00113
    0.03605
   -0.04024
   -0.04738
   -0.03420
    0.01862
   -0.02091
   -0.01846
   -0.03425
    0.03279
    0.01229
   -0.05367
    0.01521
    0.00892
   -0.02946
   -0.03040
    0.01702
   -0.02713
   -0.02802
    0.01400
   -0.07460
   -0.01335
   -0.05189
   -0.03554
   -0.03385
   -0.01947
    0.05622
   -0.03943
   -0.02716
    0.00974
    0.00030
    0.04356
   -0.03905
   -0.04775
    0.05042
    0.07119
   -0.05283
    0.03630
   -0.04156
   -0.00051
    0.05704
   -0.03885
    0.01792
   -0.02168
   -0.02261
    0.02462
    0.02498
    0.02446
    0.04998
    0.06278
    0.04672
    0.04611
   -0.05425
    0.05027
   -0.00205
   -0.04278
    0.02185
   -0.01668
   -0.00013
    0.01842
   -0.02512
    0.04089
    0.07540
    0.00976
   -0.04666
    0.01490
   -0.00742
   -0.03061
   -0.04283
    0.02015
    0.06623
    0.02951
    0.03419
   -0.05410
   -0.02089
   -0.00358
   -0.05192
   -0.04853
    0.01471
    0.03269
    0.02128
   -0.00441
    0.03041
   -0.01846
    0.04691
   -0.07457
    0.06833
    0.01661
   -0.05698
   -0.03189
    0.01712
   -0.03708
   -0.03479
   -0.04071
    0.06074

    0.05038
    0.06703
    0.00882
   -0.03711
   -0.00763
   -0.00586
    0.03612
   -0.00710
   -0.00952
   -0.00135
   -0.00703
    0.02476
    0.08643
   -0.01160
    0.04844
    0.02012
    0.04749
   -0.10782
    0.00447
    0.02975
    0.03367
   -0.00047
   -0.07194
   -0.02526
   -0.00100
    0.02054
   -0.05382
   -0.00193
   -0.05629
   -0.07552
    0.02387
    0.01619
   -0.00661
   -0.03160
   -0.04446
    0.00273
   -0.01739
   -0.00064
    0.03624
   -0.04013
    0.04371
   -0.06038
    0.02861
    0.08589
   -0.03169
   -0.00139
   -0.05520
    0.06485
   -0.02388
   -0.05075
    0.02669
    0.02964
    0.00041
   -0.00038
    0.01350
   -0.00957
    0.00713
    0.04618
   -0.01570
    0.07090
   -0.02731
   -0.01457
    0.04032
    0.04805
   -0.01947
   -0.05091
   -0.01584
   -0.00250
    0.01567
    0.00468
    0.03839
    0.00586
   -0.07247
   -0.07512
   -0.01118
    0.02656
   -0.01126
   -0.07572
   -0.04341
   -0.04905
   -0.03351
    0.02572
    0.01686
    0.07966
   -0.03810
   -0.02414
    0.02637
    0.01359
   -0.00396
   -0.03778
    0.07146
   -0.06679
    0.00858
   -0.00269
    0.01176
   -0.05068
    0.06430
   -0.01866
   -0.00966
    0.04987
    0.08046
    0.02562
    0.00886
   -0.03549
    0.07679
    0.06316
   -0.01150
    0.05210
   -0.02627
    0.01916
    0.03515
   -0.05587
   -0.04122
   -0.01943
    0.03941
   -0.05379
   -0.00875
    0.03722
    0.03564
    0.01388
   -0.04778
    0.07014
    0.05152
    0.00975
    0.07680
    0.00843
    0.02234
    0.01469
   -0.03938
   -0.00407
   -0.08991
   -0.02673
    0.07500
   -0.00959
    0.03863
    0.06908
    0.02337
   -0.00511
    0.02576
   -0.00620
    0.02219
    0.01600
    0.04461
    0.03365
    0.08801
    0.00572
   -0.07357
   -0.01063
    0.04493
   -0.04936
    0.01690
    0.02558
   -0.02631
   -0.04034
    0.07856
   -0.00282
   -0.04275
   -0.04013
   -0.00810
   -0.04817
    0.06850
    0.02446
   -0.02702
   -0.03776
    0.01246
   -0.07985
    0.01947
    0.03845
   -0.01671
   -0.02063
   -0.01147
   -0.06924
    0.08766
    0.00976
    0.07858
    0.03388
   -0.02762
   -0.06821
   -0.02652
    0.01015
    0.05874
   -0.01889
    0.01807
   -0.06108
    0.04818
    0.03192
    0.01330
    0.00139
    0.02187
    0.03804
   -0.02663
    0.03515
    0.01851
   -0.04200
   -0.01338
    0.01701
   -0.08258
    0.01329
   -0.06044
    0.00419
   -0.03161
    0.03900
    0.03142
    0.01489
   -0.02138
    0.06346
    0.02931
    0.06492
   -0.01106
    0.01407
   -0.05013
    0.01438
   -0.04131
   -0.04154
    0.01858
    0.08665
    0.01925
    0.00684
    0.01870
   -0.02079
   -0.01539
    0.01261
   -0.00249
   -0.04364
    0.01921
    0.00547
    0.05720
    0.03719
   -0.02724
   -0.00802
    0.06953
   -0.02039
    0.07566
    0.05543
   -0.03045
   -0.02049
    0.04220
    0.00199
   -0.03712
    0.01578
    0.03972
    0.00915
   -0.08107
    0.01923
   -0.05813
   -0.04673
   -0.03452
    0.04111
    0.05709
   -0.00966
   -0.03651
   -0.02475
   -0.06562
    0.03490
    0.03360
    0.03610
   -0.03488
   -0.00729
    0.03260
   -0.05045
    0.02181
    0.02247
   -0.00002
   -0.00208
   -0.03673
   -0.00940
   -0.01353
   -0.07709
    0.02850
    0.04698
   -0.00883
   -0.03889
    0.00565
   -0.02193
    0.00869
   -0.00010
   -0.01032
   -0.02365
    0.00845
    0.10797
    0.05094
    0.06437
   -0.03890
   -0.00961
    0.05833
    0.10986
    0.01826
   -0.06281
   -0.01689
    0.05091
   -0.03943
    0.00576
    0.10213
   -0.04907
    0.06599
    0.02370
   -0.03995
    0.02245
   -0.04838
    0.00848
    0.00517
   -0.02193
   -0.00658
    0.03097
    0.01232
    0.00627
   -0.01861
   -0.04408
    0.02070
    0.01237
   -0.04804
    0.00628
    0.00550
   -0.04863
   -0.02204
   -0.04565
   -0.01817
   -0.04268
    0.01841
   -0.08982
   -0.05955
   -0.01015
    0.01518
    0.02347
   -0.04758
   -0.02588
    0.01762
   -0.04873
   -0.00913
    0.00731
    0.03006
   -0.04049
    0.05460
    0.04861
    0.03668
    0.05394
   -0.07894
    0.03378
    0.03782
    0.03698
    0.06084
   -0.03607
   -0.05092
    0.01938
   -0.01717
   -0.03658
   -0.03654
    0.02212
   -0.02629
    0.07036
    0.04367
    0.04234
    0.01815
    0.00241
   -0.01888
   -0.04776
    0.03656
   -0.01718
    0.02910
    0.00000
    0.00057
   -0.01592
   -0.01962
   -0.02224
    0.01483
    0.06924
    0.00731
   -0.03622
    0.04803
   -0.00334
    0.02629
   -0.02660
    0.06078
   -0.03487
    0.09302
    0.07161
   -0.00982
   -0.05144
    0.03415
   -0.01836
   -0.01701
   -0.01943
   -0.09779
   -0.05871
   -0.04462
   -0.07601
    0.05452
   -0.10419
   -0.04583
    0.01065
    0.04212
    0.00406
    0.10352
   -0.01295
   -0.00253
   -0.03922
   -0.01043
   -0.05398
    0.04892
    0.00459
   -0.01282
   -0.01709
    0.04990
   -0.03948
   -0.03873
   -0.03124
    0.02490
    0.06898
   -0.05502
    0.04448
   -0.01557
    0.05446
    0.01387
    0.06223
    0.02330
    0.11273
   -0.00543
   -0.01035
    0.03853
    0.03637
   -0.05899
   -0.00484
    0.04424
   -0.07171
   -0.02896
   -0.04668
   -0.01694
    0.04112
    0.00519
   -0.01533
   -0.04841
    0.02995
   -0.02471
   -0.00616
   -0.04229
    0.00385
    0.00835
   -0.00373
   -0.02805
   -0.09170
    0.01083
   -0.10272
    0.03015
    0.00309
    0.04943
    0.07620
   -0.01089
   -0.00464
    0.07827
    0.02752
   -0.05036
   -0.04176
   -0.02385
   -0.01436
   -0.00831
   -0.00858
   -0.03336
    0.04016
    0.00804
   -0.03270
   -0.00897
    0.04648
   -0.00317
    0.07956
   -0.01060
    0.01179
    0.03633
    0.00145
    0.03130
    0.02514
    0.01796
   -0.07183
    0.05387
    0.03889
    0.01743
    0.05034
    0.01346
   -0.01836
   -0.01569
   -0.01445
    0.07369
    0.01319
   -0.02375
    0.05948
    0.01238
    0.00243
   -0.00467
    0.00912
    0.06110
    0.01439
    0.01234
    0.00369
   -0.03668
    0.01071
    0.00632
   -0.00046
    0.01130
    0.03332
   -0.02450
    0.12215
    0.04279
   -0.05411
    0.00565
    0.01515
    0.02028
   -0.02373
    0.04028
    0.02487
   -0.07137
   -0.01147
    0.02840
    0.00502
   -0.05513
   -0.00325
   -0.01429
    0.08772
   -0.06103
    0.02256
   -0.02106
    0.03543
   -0.00206
   -0.01963
   -0.06911
    0.04016
   -0.03841
   -0.02595
    0.06131
   -0.06131
    0.08658
   -0.04697
    0.00838
    0.02550
   -0.00195
   -0.00761
    0.06888
   -0.02217
   -0.01728
   -0.03034
    0.00895
    0.00186
    0.02979
    0.03932
    0.06456
   -0.01716
    0.02318
    0.00247
   -0.08563
    0.03748
    0.03863
   -0.05234
    0.00163
   -0.00774
   -0.02206
    0.01201
    0.00231
   -0.00161
    0.01389
    0.04961
    0.01687
    0.01277
   -0.00774
   -0.00328
    0.01661
   -0.01824
    0.00973
    0.01165
    0.01293
    0.09114
   -0.02329
    0.01207
   -0.00237
    0.09170
    0.03394
   -0.04206
   -0.02987
    0.01860
    0.03158
    0.01863
   -0.05571
   -0.03443
   -0.01482
    0.02526
   -0.00438
    0.00770
   -0.02210
   -0.06402
    0.01095
   -0.04631
    0.02529
    0.01630
    0.00590
   -0.01965
   -0.04755
   -0.07264
    0.01878
    0.02253
   -0.00968
    0.06304
   -0.07065
    0.03877
