          1          0    0.00000   -1.03388   -0.01296   -1.03388   -0.01296   -3.39677    3.39677    0.00000
          1          1    0.05559   -0.71306   -0.02365   -0.51089   -0.01133   -3.39677   -0.51089    0.00000
          2          0    0.05559   -0.30431   -0.04407   -0.51089   -0.01133   -3.39677   -0.51089   -1.95383
          2        100   15.08769   -0.94849   -0.03153   -1.03532   -0.01070   -3.39677   -1.03745   -1.95383
          2        200   30.07661   -0.97506   -0.03021   -1.03737   -0.01176   -3.39677   -1.03823   -1.95383
          2        300   45.43670   -0.98686   -0.02961   -1.03762   -0.01200   -3.39677   -1.03846   -1.95383
          2        400   60.65277   -0.99389   -0.02925   -1.03819   -0.01160   -3.39677   -1.03857   -1.95383
          2        500   77.05526   -0.99868   -0.02900   -1.03782   -0.01151   -3.39677   -1.03877   -1.95383
          2        600   92.57415   -1.00223   -0.02882   -1.03846   -0.01168   -3.39677   -1.03884   -1.95383
          2        700  107.94421   -1.00499   -0.02867   -1.03875   -0.01145   -3.39677   -1.03889   -1.95383
          2        800  123.59281   -1.00721   -0.02856   -1.03833   -0.01141   -3.39677   -1.03890   -1.95383
          2        900  139.14507   -1.00905   -0.02846   -1.03832   -0.01156   -3.39677   -1.03897   -1.95383
          2       1000  154.23940   -1.01061   -0.02838   -1.03877   -0.01135   -3.39677   -1.03897   -1.95383
          2       1100  169.18848   -1.01195   -0.02831   -1.03836   -0.01142   -3.39677   -1.03897   -1.95383
          2       1200  184.01510   -1.01312   -0.02825   -1.03862   -0.01144   -3.39677   -1.03901   -1.95383
          2       1300  199.47786   -1.01415   -0.02819   -1.03868   -0.01149   -3.39677   -1.03901   -1.95383
          2       1400  215.33952   -1.01507   -0.02814   -1.03859   -0.01129   -3.39677   -1.03910   -1.95383
          2       1500  230.51586   -1.01589   -0.02810   -1.03876   -0.01146   -3.39677   -1.03910   -1.95383
          2       1600  245.83949   -1.01664   -0.02806   -1.03889   -0.01149   -3.39677   -1.03910   -1.95383
          2       1700  262.45449   -1.01732   -0.02803   -1.03890   -0.01150   -3.39677   -1.03911   -1.95383
          2       1800  277.56041   -1.01794   -0.02799   -1.03887   -0.01153   -3.39677   -1.03911   -1.95383
          2       1900  292.03397   -1.01851   -0.02796   -1.03909   -0.01140   -3.39677   -1.03911   -1.95383
          2       2000  307.31183   -1.01904   -0.02793   -1.03879   -0.01145   -3.39677   -1.03914   -1.95383
          2       2100  322.71888   -1.01953   -0.02791   -1.03888   -0.01143   -3.39677   -1.03920   -1.95383
          2       2200  338.39507   -1.01999   -0.02788   -1.03898   -0.01157   -3.39677   -1.03920   -1.95383
          2       2300  353.74513   -1.02042   -0.02786   -1.03885   -0.01159   -3.39677   -1.03920   -1.95383
          2       2400  368.97019   -1.02082   -0.02784   -1.03889   -0.01151   -3.39677   -1.03922   -1.95383
          2       2500  384.99592   -1.02119   -0.02782   -1.03896   -0.01152   -3.39677   -1.03922   -1.95383
          2       2600  400.55227   -1.02154   -0.02780   -1.03882   -0.01146   -3.39677   -1.03923   -1.95383
          2       2700  416.42952   -1.02188   -0.02778   -1.03899   -0.01150   -3.39677   -1.03924   -1.95383
          2       2800  431.65168   -1.02220   -0.02777   -1.03886   -0.01147   -3.39677   -1.03924   -1.95383
          2       2900  446.71451   -1.02249   -0.02775   -1.03899   -0.01144   -3.39677   -1.03924   -1.95383
          2       3000  463.80723   -1.02278   -0.02774   -1.03892   -0.01148   -3.39677   -1.03924   -1.95383
          2       3100  479.68604   -1.02305   -0.02772   -1.03899   -0.01156   -3.39677   -1.03924   -1.95383
          2       3200  494.59133   -1.02331   -0.02771   -1.03887   -0.01137   -3.39677   -1.03924   -1.95383
          2       3300  509.92119   -1.02355   -0.02770   -1.03904   -0.01153   -3.39677   -1.03928   -1.95383
          2       3400  525.22933   -1.02379   -0.02768   -1.03907   -0.01151   -3.39677   -1.03928   -1.95383
          2       3500  540.33407   -1.02401   -0.02767   -1.03913   -0.01162   -3.39677   -1.03928   -1.95383
          2       3600  556.32916   -1.02423   -0.02758   -1.03898   -0.01158   -3.39677   -1.03928   -1.95383
          2       3700  571.41224   -1.02444   -0.02736   -1.03906   -0.01145   -3.39677   -1.03928   -1.95383
          2       3800  586.89966   -1.02463   -0.02715   -1.03874   -0.01143   -3.39677   -1.03928   -1.95383
          2       3900  601.83568   -1.02482   -0.02695   -1.03913   -0.01155   -3.39677   -1.03928   -1.95383
          2       4000  617.35764   -1.02501   -0.02675   -1.03883   -0.01151   -3.39677   -1.03928   -1.95383
          2       4100  632.18471   -1.02518   -0.02656   -1.03895   -0.01156   -3.39677   -1.03928   -1.95383
          2       4200  648.01551   -1.02536   -0.02638   -1.03885   -0.01140   -3.39677   -1.03928   -1.95383
          2       4300  664.03923   -1.02552   -0.02621   -1.03923   -0.01151   -3.39677   -1.03928   -1.95383
          2       4400  679.04155   -1.02568   -0.02604   -1.03892   -0.01154   -3.39677   -1.03928   -1.95383
          2       4500  694.15352   -1.02583   -0.02588   -1.03899   -0.01148   -3.39677   -1.03928   -1.95383
          2       4600  709.14412   -1.02598   -0.02572   -1.03923   -0.01150   -3.39677   -1.03928   -1.95383
          2       4700  724.41431   -1.02612   -0.02557   -1.03907   -0.01141   -3.39677   -1.03930   -1.95383
          2       4800  740.10606   -1.02626   -0.02542   -1.03907   -0.01139   -3.39677   -1.03930   -1.95383
          2       4900  756.99564   -1.02640   -0.02528   -1.03915   -0.01154   -3.39677   -1.03930   -1.95383
          2       5000  771.64989   -1.02653   -0.02514   -1.03896   -0.01143   -3.39677   -1.03930   -1.95383
          2       5100  786.78877   -1.02666   -0.02501   -1.03917   -0.01157   -3.39677   -1.03930   -1.95383
          2       5200  801.95731   -1.02678   -0.02487   -1.03910   -0.01142   -3.39677   -1.03930   -1.95383
          2       5300  817.33464   -1.02690   -0.02475   -1.03902   -0.01150   -3.39677   -1.03930   -1.95383
          2       5400  833.06292   -1.02702   -0.02462   -1.03900   -0.01150   -3.39677   -1.03930   -1.95383
          2       5500  848.61328   -1.02713   -0.02450   -1.03895   -0.01145   -3.39677   -1.03930   -1.95383
          2       5600  864.82159   -1.02724   -0.02439   -1.03914   -0.01152   -3.39677   -1.03930   -1.95383
          2       5700  880.16800   -1.02735   -0.02427   -1.03902   -0.01143   -3.39677   -1.03930   -1.95383
          2       5800  895.49421   -1.02745   -0.02416   -1.03918   -0.01158   -3.39677   -1.03930   -1.95383
          2       5900  910.17379   -1.02755   -0.02406   -1.03900   -0.01144   -3.39677   -1.03930   -1.95383
          2       6000  925.44415   -1.02765   -0.02395   -1.03904   -0.01145   -3.39677   -1.03930   -1.95383
          2       6100  941.11216   -1.02775   -0.02385   -1.03896   -0.01147   -3.39677   -1.03936   -1.95383
          2       6200  957.31597   -1.02784   -0.02375   -1.03910   -0.01155   -3.39677   -1.03936   -1.95383
          2       6300  972.17203   -1.02794   -0.02365   -1.03908   -0.01147   -3.39677   -1.03936   -1.95383
          2       6400  987.39918   -1.02803   -0.02355   -1.03899   -0.01151   -3.39677   -1.03936   -1.95383
          2       6500 1002.74223   -1.02811   -0.02346   -1.03921   -0.01147   -3.39677   -1.03936   -1.95383
          2       6600 1017.80917   -1.02820   -0.02337   -1.03909   -0.01142   -3.39677   -1.03936   -1.95383
          2       6700 1032.63798   -1.02828   -0.02328   -1.03928   -0.01151   -3.39677   -1.03936   -1.95383
          2       6800 1047.21529   -1.02837   -0.02319   -1.03911   -0.01142   -3.39677   -1.03936   -1.95383
          2       6900 1062.58525   -1.02845   -0.02311   -1.03893   -0.01146   -3.39677   -1.03936   -1.95383
          2       7000 1078.77858   -1.02853   -0.02303   -1.03919   -0.01147   -3.39677   -1.03936   -1.95383
          2       7100 1094.02090   -1.02860   -0.02294   -1.03914   -0.01147   -3.39677   -1.03936   -1.95383
          2       7200 1109.70564   -1.02868   -0.02286   -1.03910   -0.01155   -3.39677   -1.03936   -1.95383
          2       7300 1124.41561   -1.02875   -0.02279   -1.03920   -0.01148   -3.39677   -1.03936   -1.95383
          2       7400 1139.84593   -1.02882   -0.02271   -1.03909   -0.01152   -3.39677   -1.03936   -1.95383
          2       7500 1154.69759   -1.02890   -0.02264   -1.03920   -0.01146   -3.39677   -1.03936   -1.95383
          2       7600 1169.65674   -1.02896   -0.02256   -1.03916   -0.01138   -3.39677   -1.03936   -1.95383
          2       7700 1184.69172   -1.02903   -0.02249   -1.03917   -0.01150   -3.39677   -1.03936   -1.95383
          2       7800 1199.86677   -1.02910   -0.02242   -1.03921   -0.01149   -3.39677   -1.03936   -1.95383
          2       7900 1214.78327   -1.02917   -0.02235   -1.03908   -0.01147   -3.39677   -1.03936   -1.95383
          2       8000 1230.31728   -1.02923   -0.02228   -1.03920   -0.01143   -3.39677   -1.03936   -1.95383
          2       8100 1245.89176   -1.02929   -0.02221   -1.03911   -0.01151   -3.39677   -1.03936   -1.95383
          2       8200 1260.90010   -1.02935   -0.02215   -1.03910   -0.01148   -3.39677   -1.03936   -1.95383
          2       8300 1276.08503   -1.02942   -0.02208   -1.03904   -0.01147   -3.39677   -1.03936   -1.95383
          2       8400 1291.26575   -1.02948   -0.02202   -1.03927   -0.01152   -3.39677   -1.03936   -1.95383
          2       8500 1306.47214   -1.02953   -0.02196   -1.03916   -0.01145   -3.39677   -1.03936   -1.95383
          2       8600 1321.97578   -1.02959   -0.02190   -1.03898   -0.01155   -3.39677   -1.03936   -1.95383
          2       8700 1337.68502   -1.02965   -0.02184   -1.03917   -0.01144   -3.39677   -1.03936   -1.95383
          2       8800 1352.45065   -1.02970   -0.02178   -1.03907   -0.01147   -3.39677   -1.03936   -1.95383
          2       8900 1367.59394   -1.02976   -0.02172   -1.03916   -0.01153   -3.39677   -1.03936   -1.95383
          2       9000 1382.66249   -1.02981   -0.02166   -1.03917   -0.01145   -3.39677   -1.03936   -1.95383
          2       9100 1398.21209   -1.02987   -0.02161   -1.03910   -0.01155   -3.39677   -1.03936   -1.95383
          2       9200 1413.40445   -1.02992   -0.02155   -1.03908   -0.01155   -3.39677   -1.03936   -1.95383
          2       9300 1428.59224   -1.02997   -0.02150   -1.03913   -0.01152   -3.39677   -1.03936   -1.95383
          2       9400 1444.06865   -1.03002   -0.02145   -1.03920   -0.01146   -3.39677   -1.03936   -1.95383
          2       9500 1459.26689   -1.03007   -0.02139   -1.03917   -0.01142   -3.39677   -1.03936   -1.95383
          2       9600 1474.23756   -1.03012   -0.02134   -1.03911   -0.01152   -3.39677   -1.03936   -1.95383
          2       9700 1489.50170   -1.03017   -0.02129   -1.03920   -0.01155   -3.39677   -1.03936   -1.95383
          2       9800 1505.12635   -1.03021   -0.02124   -1.03913   -0.01149   -3.39677   -1.03937   -1.95383
          2       9900 1521.21714   -1.03026   -0.02119   -1.03918   -0.01148   -3.39677   -1.03937   -1.95383
          2      10000 1536.69337   -1.03031   -0.02114   -1.03919   -0.01152   -3.39677   -1.03937   -1.95383
          2      10100 1552.69033   -1.03035   -0.02109   -1.03916   -0.01150   -3.39677   -1.03937   -1.95383
          2      10200 1568.14871   -1.03040   -0.02105   -1.03931   -0.01149   -3.39677   -1.03937   -1.95383
          2      10300 1583.17466   -1.03044   -0.02100   -1.03915   -0.01155   -3.39677   -1.03937   -1.95383
          2      10400 1598.39827   -1.03048   -0.02095   -1.03917   -0.01148   -3.39677   -1.03937   -1.95383
          2      10500 1612.96930   -1.03053   -0.02091   -1.03920   -0.01148   -3.39677   -1.03937   -1.95383
          2      10600 1628.03525   -1.03057   -0.02086   -1.03919   -0.01146   -3.39677   -1.03937   -1.95383
          2      10700 1643.75144   -1.03061   -0.02082   -1.03914   -0.01149   -3.39677   -1.03937   -1.95383
          2      10800 1660.95603   -1.03065   -0.02078   -1.03912   -0.01155   -3.39677   -1.03937   -1.95383
          2      10900 1677.78813   -1.03069   -0.02074   -1.03926   -0.01151   -3.39677   -1.03937   -1.95383
          2      11000 1693.60009   -1.03073   -0.02069   -1.03923   -0.01149   -3.39677   -1.03937   -1.95383
          2      11100 1708.55016   -1.03077   -0.02065   -1.03917   -0.01147   -3.39677   -1.03937   -1.95383
          2      11200 1724.01943   -1.03081   -0.02061   -1.03920   -0.01146   -3.39677   -1.03937   -1.95383
          2      11300 1738.81096   -1.03085   -0.02057   -1.03906   -0.01139   -3.39677   -1.03937   -1.95383
          2      11400 1754.63582   -1.03088   -0.02053   -1.03916   -0.01150   -3.39677   -1.03937   -1.95383
          2      11500 1769.71599   -1.03092   -0.02049   -1.03918   -0.01154   -3.39677   -1.03937   -1.95383
          2      11600 1785.45108   -1.03096   -0.02045   -1.03923   -0.01144   -3.39677   -1.03937   -1.95383
          2      11700 1800.69672   -1.03100   -0.02041   -1.03921   -0.01155   -3.39677   -1.03937   -1.95383
          2      11800 1816.82667   -1.03103   -0.02038   -1.03924   -0.01147   -3.39677   -1.03937   -1.95383
          2      11900 1832.08786   -1.03107   -0.02034   -1.03922   -0.01153   -3.39677   -1.03937   -1.95383
          2      12000 1847.16849   -1.03110   -0.02030   -1.03924   -0.01148   -3.39677   -1.03937   -1.95383
          2      12100 1862.55920   -1.03114   -0.02026   -1.03913   -0.01154   -3.39677   -1.03937   -1.95383
          2      12200 1877.95485   -1.03117   -0.02023   -1.03922   -0.01145   -3.39677   -1.03937   -1.95383
          2      12300 1892.88609   -1.03120   -0.02019   -1.03921   -0.01151   -3.39677   -1.03937   -1.95383
          2      12400 1908.26571   -1.03124   -0.02016   -1.03918   -0.01149   -3.39677   -1.03938   -1.95383
          2      12500 1923.24361   -1.03127   -0.02012   -1.03917   -0.01156   -3.39677   -1.03938   -1.95383
          2      12600 1938.29215   -1.03130   -0.02009   -1.03925   -0.01152   -3.39677   -1.03938   -1.95383
          2      12700 1953.90256   -1.03133   -0.02005   -1.03906   -0.01148   -3.39677   -1.03938   -1.95383
          2      12800 1968.65833   -1.03137   -0.02002   -1.03925   -0.01149   -3.39677   -1.03940   -1.95383
          2      12900 1984.02596   -1.03140   -0.01999   -1.03927   -0.01152   -3.39677   -1.03940   -1.95383
          2      13000 1999.44315   -1.03143   -0.01996   -1.03918   -0.01151   -3.39677   -1.03940   -1.95383
          2      13100 2014.89621   -1.03146   -0.01992   -1.03920   -0.01149   -3.39677   -1.03940   -1.95383
          2      13200 2029.58501   -1.03149   -0.01989   -1.03917   -0.01149   -3.39677   -1.03940   -1.95383
          2      13300 2044.73032   -1.03152   -0.01986   -1.03923   -0.01152   -3.39677   -1.03940   -1.95383
          2      13400 2059.65635   -1.03155   -0.01983   -1.03926   -0.01150   -3.39677   -1.03940   -1.95383
          2      13500 2074.88444   -1.03158   -0.01980   -1.03916   -0.01144   -3.39677   -1.03940   -1.95383
          2      13600 2092.27950   -1.03161   -0.01977   -1.03926   -0.01148   -3.39677   -1.03940   -1.95383
          2      13700 2107.95425   -1.03164   -0.01974   -1.03914   -0.01152   -3.39677   -1.03940   -1.95383
          2      13800 2123.16878   -1.03166   -0.01971   -1.03920   -0.01143   -3.39677   -1.03940   -1.95383
          2      13900 2138.48784   -1.03169   -0.01968   -1.03928   -0.01145   -3.39677   -1.03940   -1.95383
          2      14000 2153.69977   -1.03172   -0.01965   -1.03912   -0.01142   -3.39677   -1.03940   -1.95383
          2      14100 2168.57469   -1.03175   -0.01962   -1.03920   -0.01149   -3.39677   -1.03940   -1.95383
          2      14200 2184.50453   -1.03177   -0.01959   -1.03917   -0.01153   -3.39677   -1.03940   -1.95383
          2      14300 2199.60233   -1.03180   -0.01956   -1.03923   -0.01146   -3.39677   -1.03940   -1.95383
          2      14400 2214.88243   -1.03183   -0.01953   -1.03918   -0.01151   -3.39677   -1.03940   -1.95383
          2      14500 2230.55450   -1.03185   -0.01951   -1.03925   -0.01146   -3.39677   -1.03940   -1.95383
          2      14600 2245.02378   -1.03188   -0.01948   -1.03923   -0.01144   -3.39677   -1.03940   -1.95383
          2      14700 2260.76564   -1.03191   -0.01945   -1.03918   -0.01150   -3.39677   -1.03940   -1.95383
          2      14800 2276.09262   -1.03193   -0.01942   -1.03920   -0.01149   -3.39677   -1.03940   -1.95383
          2      14900 2291.16230   -1.03196   -0.01940   -1.03926   -0.01149   -3.39677   -1.03940   -1.95383
          2      15000 2306.39024   -1.03198   -0.01937   -1.03921   -0.01151   -3.39677   -1.03940   -1.95383
          2      15100 2321.61235   -1.03201   -0.01934   -1.03917   -0.01147   -3.39677   -1.03940   -1.95383
          2      15200 2337.91315   -1.03203   -0.01932   -1.03922   -0.01148   -3.39677   -1.03940   -1.95383
          2      15300 2355.29460   -1.03205   -0.01929   -1.03914   -0.01157   -3.39677   -1.03940   -1.95383
          2      15400 2371.92646   -1.03208   -0.01927   -1.03923   -0.01152   -3.39677   -1.03940   -1.95383
          2      15500 2388.52732   -1.03210   -0.01924   -1.03925   -0.01147   -3.39677   -1.03940   -1.95383
          2      15600 2405.38940   -1.03213   -0.01922   -1.03924   -0.01152   -3.39677   -1.03940   -1.95383
          2      15700 2422.06471   -1.03215   -0.01919   -1.03919   -0.01147   -3.39677   -1.03940   -1.95383
          2      15800 2438.45064   -1.03217   -0.01917   -1.03918   -0.01148   -3.39677   -1.03940   -1.95383
          2      15900 2454.61257   -1.03219   -0.01914   -1.03925   -0.01157   -3.39677   -1.03940   -1.95383
          2      16000 2469.30172   -1.03222   -0.01912   -1.03916   -0.01142   -3.39677   -1.03940   -1.95383
          2      16100 2484.43649   -1.03224   -0.01910   -1.03929   -0.01145   -3.39677   -1.03940   -1.95383
          2      16200 2499.90680   -1.03226   -0.01907   -1.03922   -0.01145   -3.39677   -1.03940   -1.95383
          2      16300 2514.98075   -1.03228   -0.01905   -1.03914   -0.01153   -3.39677   -1.03940   -1.95383
          2      16400 2530.19438   -1.03231   -0.01903   -1.03919   -0.01150   -3.39677   -1.03940   -1.95383
          2      16500 2545.78355   -1.03233   -0.01900   -1.03926   -0.01148   -3.39677   -1.03940   -1.95383
          2      16600 2560.39809   -1.03235   -0.01898   -1.03929   -0.01148   -3.39677   -1.03940   -1.95383
          2      16700 2575.36558   -1.03237   -0.01896   -1.03921   -0.01152   -3.39677   -1.03940   -1.95383
          2      16800 2590.93462   -1.03239   -0.01894   -1.03929   -0.01144   -3.39677   -1.03940   -1.95383
          2      16900 2606.39481   -1.03241   -0.01891   -1.03921   -0.01149   -3.39677   -1.03940   -1.95383
          2      17000 2621.55954   -1.03243   -0.01889   -1.03925   -0.01146   -3.39677   -1.03940   -1.95383
          2      17100 2637.25280   -1.03245   -0.01887   -1.03932   -0.01143   -3.39677   -1.03940   -1.95383
          2      17200 2652.65048   -1.03247   -0.01885   -1.03920   -0.01153   -3.39677   -1.03940   -1.95383
          2      17300 2668.17322   -1.03249   -0.01883   -1.03923   -0.01154   -3.39677   -1.03940   -1.95383
          2      17400 2683.12388   -1.03251   -0.01881   -1.03920   -0.01150   -3.39677   -1.03940   -1.95383
          2      17500 2698.36224   -1.03253   -0.01879   -1.03930   -0.01148   -3.39677   -1.03940   -1.95383
          2      17600 2713.72033   -1.03255   -0.01877   -1.03929   -0.01149   -3.39677   -1.03940   -1.95383
          2      17700 2729.59899   -1.03257   -0.01874   -1.03926   -0.01154   -3.39677   -1.03940   -1.95383
          2      17800 2745.10712   -1.03259   -0.01872   -1.03928   -0.01143   -3.39677   -1.03940   -1.95383
          2      17900 2759.97885   -1.03261   -0.01870   -1.03929   -0.01150   -3.39677   -1.03940   -1.95383
          2      18000 2774.79922   -1.03263   -0.01868   -1.03922   -0.01147   -3.39677   -1.03940   -1.95383
          2      18100 2789.44819   -1.03265   -0.01866   -1.03931   -0.01145   -3.39677   -1.03940   -1.95383
          2      18200 2804.83385   -1.03267   -0.01864   -1.03922   -0.01155   -3.39677   -1.03940   -1.95383
          2      18300 2820.46082   -1.03269   -0.01862   -1.03926   -0.01148   -3.39677   -1.03940   -1.95383
          2      18400 2836.15725   -1.03270   -0.01861   -1.03921   -0.01152   -3.39677   -1.03940   -1.95383
          2      18500 2851.12799   -1.03272   -0.01859   -1.03924   -0.01146   -3.39677   -1.03940   -1.95383
          2      18600 2867.14458   -1.03274   -0.01857   -1.03920   -0.01148   -3.39677   -1.03940   -1.95383
          2      18700 2882.09772   -1.03276   -0.01855   -1.03921   -0.01148   -3.39677   -1.03940   -1.95383
          2      18800 2897.37037   -1.03278   -0.01853   -1.03920   -0.01150   -3.39677   -1.03940   -1.95383
          2      18900 2912.32501   -1.03279   -0.01851   -1.03924   -0.01149   -3.39677   -1.03940   -1.95383
          2      19000 2927.54744   -1.03281   -0.01849   -1.03928   -0.01149   -3.39677   -1.03940   -1.95383
          2      19100 2944.90562   -1.03283   -0.01847   -1.03915   -0.01153   -3.39677   -1.03940   -1.95383
          2      19200 2960.18022   -1.03285   -0.01846   -1.03928   -0.01151   -3.39677   -1.03940   -1.95383
          2      19300 2975.44173   -1.03286   -0.01844   -1.03936   -0.01147   -3.39677   -1.03940   -1.95383
          2      19400 2990.54033   -1.03288   -0.01842   -1.03930   -0.01150   -3.39677   -1.03940   -1.95383
          2      19500 3005.97957   -1.03290   -0.01840   -1.03927   -0.01148   -3.39677   -1.03940   -1.95383
          2      19600 3021.53886   -1.03291   -0.01838   -1.03932   -0.01148   -3.39677   -1.03940   -1.95383
          2      19700 3036.42564   -1.03293   -0.01837   -1.03930   -0.01148   -3.39677   -1.03940   -1.95383
          2      19800 3051.47004   -1.03295   -0.01835   -1.03930   -0.01148   -3.39677   -1.03940   -1.95383
          2      19900 3066.80031   -1.03296   -0.01833   -1.03927   -0.01147   -3.39677   -1.03940   -1.95383
          2      20000 3081.77982   -1.03298   -0.01831   -1.03931   -0.01147   -3.39677   -1.03940   -1.95383
          2      20100 3097.07506   -1.03300   -0.01830   -1.03924   -0.01150   -3.39677   -1.03940   -1.95383
          2      20200 3111.80677   -1.03301   -0.01828   -1.03929   -0.01149   -3.39677   -1.03940   -1.95383
          2      20300 3127.03290   -1.03303   -0.01826   -1.03931   -0.01144   -3.39677   -1.03940   -1.95383
          2      20400 3141.91460   -1.03304   -0.01825   -1.03930   -0.01145   -3.39677   -1.03940   -1.95383
          2      20500 3156.58871   -1.03306   -0.01823   -1.03928   -0.01151   -3.39677   -1.03940   -1.95383
          2      20600 3171.75091   -1.03307   -0.01821   -1.03922   -0.01146   -3.39677   -1.03940   -1.95383
          2      20700 3187.12454   -1.03309   -0.01820   -1.03929   -0.01148   -3.39677   -1.03940   -1.95383
          2      20800 3202.56617   -1.03310   -0.01818   -1.03928   -0.01147   -3.39677   -1.03940   -1.95383
          2      20900 3217.60720   -1.03312   -0.01817   -1.03929   -0.01148   -3.39677   -1.03940   -1.95383
          2      21000 3231.87886   -1.03314   -0.01815   -1.03923   -0.01150   -3.39677   -1.03941   -1.95383
          2      21100 3247.24703   -1.03315   -0.01813   -1.03921   -0.01151   -3.39677   -1.03941   -1.95383
          2      21200 3262.88362   -1.03316   -0.01812   -1.03932   -0.01149   -3.39677   -1.03941   -1.95383
          2      21300 3278.77795   -1.03318   -0.01810   -1.03921   -0.01148   -3.39677   -1.03941   -1.95383
          2      21400 3293.04174   -1.03319   -0.01809   -1.03929   -0.01153   -3.39677   -1.03941   -1.95383
          2      21500 3307.96824   -1.03321   -0.01807   -1.03922   -0.01147   -3.39677   -1.03941   -1.95383
          2      21600 3323.30975   -1.03322   -0.01806   -1.03926   -0.01155   -3.39677   -1.03941   -1.95383
          2      21700 3339.02620   -1.03324   -0.01804   -1.03916   -0.01153   -3.39677   -1.03941   -1.95383
          2      21800 3353.64815   -1.03325   -0.01803   -1.03932   -0.01151   -3.39677   -1.03941   -1.95383
          2      21900 3368.30135   -1.03327   -0.01801   -1.03924   -0.01152   -3.39677   -1.03941   -1.95383
          2      22000 3382.90553   -1.03328   -0.01800   -1.03933   -0.01148   -3.39677   -1.03941   -1.95383
          2      22100 3398.07577   -1.03329   -0.01798   -1.03925   -0.01145   -3.39677   -1.03941   -1.95383
          2      22200 3413.49325   -1.03331   -0.01797   -1.03922   -0.01147   -3.39677   -1.03941   -1.95383
          2      22300 3429.53019   -1.03332   -0.01795   -1.03921   -0.01146   -3.39677   -1.03941   -1.95383
          2      22400 3444.34893   -1.03334   -0.01794   -1.03924   -0.01152   -3.39677   -1.03941   -1.95383
          2      22500 3459.64433   -1.03335   -0.01792   -1.03933   -0.01150   -3.39677   -1.03941   -1.95383
          2      22600 3474.89657   -1.03336   -0.01791   -1.03931   -0.01151   -3.39677   -1.03941   -1.95383
          2      22700 3490.77263   -1.03338   -0.01790   -1.03935   -0.01150   -3.39677   -1.03941   -1.95383
          2      22800 3505.97698   -1.03339   -0.01788   -1.03925   -0.01147   -3.39677   -1.03941   -1.95383
          2      22900 3521.41204   -1.03340   -0.01787   -1.03933   -0.01152   -3.39677   -1.03941   -1.95383
          2      23000 3537.01840   -1.03342   -0.01785   -1.03929   -0.01153   -3.39677   -1.03941   -1.95383
          2      23100 3553.62561   -1.03343   -0.01784   -1.03929   -0.01147   -3.39677   -1.03941   -1.95383
          2      23200 3568.36545   -1.03344   -0.01783   -1.03925   -0.01152   -3.39677   -1.03941   -1.95383
          2      23300 3584.31527   -1.03345   -0.01781   -1.03930   -0.01149   -3.39677   -1.03941   -1.95383
          2      23395 3600.04944   -1.03347   -0.01780   -1.03929   -0.01145   -3.39677   -1.03941   -1.95383
