          0          0    0.00000   -1.03639   -0.03018   -1.03639   -0.03018
          1          0    0.16837   -1.03639   -0.03018   -1.03639   -0.03018
          1        100    5.53870   -1.04059   -0.03121   -1.04101   -0.03105
          1        200   10.87317   -1.04101   -0.03124   -1.04125   -0.03144
          1        300   16.90409   -1.04119   -0.03124   -1.04144   -0.03121
          1        400   22.60410   -1.04129   -0.03125   -1.04161   -0.03128
          1        500   28.28420   -1.04136   -0.03125   -1.04158   -0.03135
          1        600   33.95545   -1.04141   -0.03125   -1.04163   -0.03116
          1        700   39.94335   -1.04144   -0.03125   -1.04165   -0.03125
          1        800   45.48599   -1.04147   -0.03125   -1.04161   -0.03132
          1        900   51.26325   -1.04150   -0.03125   -1.04166   -0.03120
          1       1000   57.31907   -1.04152   -0.03125   -1.04173   -0.03128
          1       1100   63.03928   -1.04154   -0.03125   -1.04168   -0.03131
          1       1200   68.71301   -1.04156   -0.03125   -1.04172   -0.03122
          1       1300   74.80672   -1.04157   -0.03125   -1.04173   -0.03127
          1       1400   80.76286   -1.04158   -0.03125   -1.04167   -0.03129
          1       1500   87.47936   -1.04159   -0.03125   -1.04175   -0.03121
          1       1600   93.43187   -1.04160   -0.03125   -1.04175   -0.03127
          1       1700   99.40300   -1.04161   -0.03125   -1.04170   -0.03129
          1       1800  105.00261   -1.04162   -0.03125   -1.04177   -0.03120
          1       1900  110.84131   -1.04163   -0.03125   -1.04177   -0.03127
          1       2000  116.81905   -1.04164   -0.03125   -1.04169   -0.03128
          1       2100  122.67396   -1.04164   -0.03125   -1.04173   -0.03122
          1       2200  128.46968   -1.04165   -0.03125   -1.04176   -0.03126
          1       2300  134.07316   -1.04165   -0.03125   -1.04169   -0.03128
          1       2400  139.76865   -1.04166   -0.03125   -1.04174   -0.03121
          1       2500  145.05847   -1.04166   -0.03125   -1.04179   -0.03127
          1       2600  150.83199   -1.04167   -0.03125   -1.04178   -0.03127
          1       2700  156.69105   -1.04167   -0.03125   -1.04179   -0.03121
          1       2800  162.95908   -1.04168   -0.03125   -1.04179   -0.03125
          1       2900  168.82382   -1.04168   -0.03125   -1.04175   -0.03127
          1       3000  174.62760   -1.04169   -0.03125   -1.04179   -0.03122
          1       3100  180.35462   -1.04169   -0.03125   -1.04180   -0.03125
          1       3200  186.35140   -1.04169   -0.03125   -1.04179   -0.03126
          1       3300  191.93462   -1.04170   -0.03125   -1.04175   -0.03121
          1       3400  197.31633   -1.04170   -0.03125   -1.04182   -0.03126
          1       3500  203.50040   -1.04170   -0.03125   -1.04174   -0.03127
          1       3600  209.12923   -1.04170   -0.03125   -1.04180   -0.03121
          1       3700  214.75986   -1.04171   -0.03125   -1.04181   -0.03125
          1       3800  220.18569   -1.04171   -0.03125   -1.04175   -0.03126
          1       3900  225.64333   -1.04171   -0.03125   -1.04178   -0.03121
          1       4000  231.61146   -1.04172   -0.03124   -1.04177   -0.03121
          1       4100  238.02032   -1.04172   -0.03124   -1.04177   -0.03120
          1       4200  243.53350   -1.04172   -0.03124   -1.04178   -0.03120
          1       4300  249.41791   -1.04172   -0.03124   -1.04181   -0.03120
          1       4400  255.38901   -1.04172   -0.03124   -1.04176   -0.03126
          1       4500  260.83925   -1.04173   -0.03124   -1.04179   -0.03126
          1       4600  266.42167   -1.04173   -0.03124   -1.04177   -0.03121
          1       4700  272.22041   -1.04173   -0.03124   -1.04176   -0.03124
          1       4800  278.30552   -1.04173   -0.03124   -1.04182   -0.03118
          1       4900  284.65345   -1.04173   -0.03124   -1.04181   -0.03121
          1       5000  290.04591   -1.04174   -0.03124   -1.04178   -0.03128
          1       5100  296.06667   -1.04174   -0.03124   -1.04183   -0.03123
          1       5200  301.86511   -1.04174   -0.03124   -1.04178   -0.03123
          1       5300  308.14076   -1.04174   -0.03124   -1.04184   -0.03125
          1       5400  314.65170   -1.04174   -0.03124   -1.04181   -0.03122
          1       5500  320.16107   -1.04174   -0.03124   -1.04184   -0.03125
          1       5600  326.08954   -1.04175   -0.03124   -1.04182   -0.03121
          1       5700  331.38884   -1.04175   -0.03124   -1.04184   -0.03120
          1       5800  336.73372   -1.04175   -0.03124   -1.04180   -0.03121
          1       5900  342.64898   -1.04175   -0.03124   -1.04181   -0.03126
          1       6000  348.36243   -1.04175   -0.03124   -1.04179   -0.03122
          1       6100  354.07531   -1.04175   -0.03124   -1.04181   -0.03126
          1       6200  359.55566   -1.04175   -0.03124   -1.04184   -0.03123
          1       6300  365.07258   -1.04176   -0.03124   -1.04177   -0.03119
          1       6400  370.84250   -1.04176   -0.03124   -1.04185   -0.03120
          1       6500  376.17039   -1.04176   -0.03124   -1.04179   -0.03123
          1       6600  382.15082   -1.04176   -0.03124   -1.04177   -0.03122
          1       6700  387.55082   -1.04176   -0.03124   -1.04182   -0.03123
          1       6800  393.43325   -1.04176   -0.03124   -1.04183   -0.03124
          1       6900  400.11172   -1.04176   -0.03124   -1.04181   -0.03127
          1       7000  406.07589   -1.04176   -0.03124   -1.04179   -0.03118
          1       7100  411.60642   -1.04176   -0.03124   -1.04182   -0.03121
          1       7200  417.08609   -1.04177   -0.03124   -1.04183   -0.03123
          1       7300  422.62192   -1.04177   -0.03124   -1.04185   -0.03123
          1       7400  428.40472   -1.04177   -0.03124   -1.04181   -0.03122
          1       7500  434.10639   -1.04177   -0.03124   -1.04181   -0.03122
          1       7600  439.84701   -1.04177   -0.03124   -1.04180   -0.03122
          1       7700  445.50538   -1.04177   -0.03124   -1.04180   -0.03123
          1       7800  450.96703   -1.04177   -0.03124   -1.04181   -0.03124
          1       7900  456.71445   -1.04177   -0.03124   -1.04184   -0.03124
          1       8000  462.97478   -1.04177   -0.03124   -1.04183   -0.03124
          1       8100  468.64185   -1.04177   -0.03124   -1.04181   -0.03120
          1       8200  474.47134   -1.04177   -0.03124   -1.04182   -0.03125
          1       8300  479.89034   -1.04178   -0.03124   -1.04184   -0.03122
          1       8400  485.74574   -1.04178   -0.03124   -1.04183   -0.03120
          1       8500  491.21781   -1.04178   -0.03124   -1.04183   -0.03118
          1       8600  496.56413   -1.04178   -0.03124   -1.04183   -0.03124
          1       8700  501.70489   -1.04178   -0.03124   -1.04185   -0.03122
          1       8800  507.24444   -1.04178   -0.03124   -1.04181   -0.03121
          1       8900  512.63867   -1.04178   -0.03124   -1.04183   -0.03121
          1       9000  518.11284   -1.04178   -0.03124   -1.04180   -0.03122
          1       9100  523.82003   -1.04178   -0.03124   -1.04184   -0.03122
          1       9200  529.93499   -1.04178   -0.03124   -1.04181   -0.03121
          1       9300  535.73004   -1.04178   -0.03124   -1.04183   -0.03124
          1       9400  541.32718   -1.04178   -0.03124   -1.04183   -0.03123
          1       9500  547.13854   -1.04178   -0.03124   -1.04183   -0.03119
          1       9600  552.52912   -1.04178   -0.03124   -1.04182   -0.03125
          1       9700  558.05947   -1.04179   -0.03124   -1.04185   -0.03122
          1       9800  563.98255   -1.04179   -0.03124   -1.04185   -0.03121
          1       9900  569.44926   -1.04179   -0.03124   -1.04184   -0.03120
          1      10000  575.14794   -1.04179   -0.03124   -1.04184   -0.03121
          1      10100  581.43792   -1.04179   -0.03124   -1.04182   -0.03121
          1      10200  587.39742   -1.04179   -0.03124   -1.04184   -0.03126
          1      10300  592.99947   -1.04179   -0.03124   -1.04181   -0.03123
          1      10400  598.51096   -1.04179   -0.03124   -1.04185   -0.03122
          1      10500  604.09267   -1.04179   -0.03124   -1.04185   -0.03122
          1      10600  609.68373   -1.04179   -0.03124   -1.04184   -0.03120
          1      10700  616.13685   -1.04179   -0.03124   -1.04184   -0.03123
          1      10800  621.52487   -1.04179   -0.03124   -1.04184   -0.03121
          1      10900  627.08122   -1.04179   -0.03124   -1.04182   -0.03124
          1      11000  632.73270   -1.04179   -0.03124   -1.04183   -0.03122
          1      11100  638.38873   -1.04179   -0.03124   -1.04187   -0.03121
          1      11200  643.72998   -1.04179   -0.03124   -1.04181   -0.03121
          1      11300  649.63360   -1.04179   -0.03124   -1.04186   -0.03121
          1      11400  655.18912   -1.04179   -0.03124   -1.04185   -0.03121
          1      11500  660.70103   -1.04179   -0.03124   -1.04184   -0.03121
          1      11600  666.29205   -1.04179   -0.03124   -1.04184   -0.03124
          1      11700  672.23091   -1.04179   -0.03124   -1.04184   -0.03122
          1      11800  677.48236   -1.04179   -0.03124   -1.04183   -0.03119
          1      11900  683.46336   -1.04179   -0.03124   -1.04184   -0.03123
          1      12000  688.87216   -1.04180   -0.03124   -1.04183   -0.03124
          1      12100  694.64213   -1.04180   -0.03124   -1.04185   -0.03121
          1      12200  700.87104   -1.04180   -0.03124   -1.04183   -0.03120
          1      12300  706.70696   -1.04180   -0.03124   -1.04183   -0.03119
          1      12400  713.27662   -1.04180   -0.03124   -1.04185   -0.03120
          1      12500  719.46592   -1.04180   -0.03124   -1.04186   -0.03121
          1      12600  725.06195   -1.04180   -0.03124   -1.04186   -0.03120
          1      12700  730.84754   -1.04180   -0.03124   -1.04185   -0.03121
          1      12800  736.70438   -1.04180   -0.03124   -1.04183   -0.03125
          1      12900  742.43927   -1.04180   -0.03124   -1.04186   -0.03121
          1      13000  748.25691   -1.04180   -0.03124   -1.04185   -0.03122
          1      13100  754.33364   -1.04180   -0.03124   -1.04182   -0.03123
          1      13200  759.98212   -1.04180   -0.03123   -1.04185   -0.03120
          1      13300  765.87641   -1.04180   -0.03123   -1.04185   -0.03121
          1      13400  772.33094   -1.04180   -0.03123   -1.04184   -0.03125
          1      13500  779.22320   -1.04180   -0.03123   -1.04184   -0.03122
          1      13600  784.99287   -1.04180   -0.03123   -1.04185   -0.03123
          1      13700  791.18673   -1.04180   -0.03123   -1.04184   -0.03123
          1      13800  797.97639   -1.04180   -0.03123   -1.04183   -0.03121
          1      13900  803.90894   -1.04180   -0.03123   -1.04187   -0.03122
          1      14000  809.45123   -1.04180   -0.03123   -1.04181   -0.03123
          1      14100  815.20429   -1.04180   -0.03123   -1.04186   -0.03122
          1      14200  820.99638   -1.04180   -0.03123   -1.04182   -0.03120
          1      14300  827.12904   -1.04180   -0.03123   -1.04185   -0.03120
          1      14400  832.58027   -1.04180   -0.03123   -1.04185   -0.03123
          1      14500  839.37492   -1.04180   -0.03123   -1.04184   -0.03122
          1      14600  844.85035   -1.04180   -0.03123   -1.04182   -0.03126
          1      14700  850.47207   -1.04180   -0.03123   -1.04183   -0.03121
          1      14800  856.26897   -1.04180   -0.03123   -1.04183   -0.03124
          1      14900  862.48735   -1.04180   -0.03123   -1.04185   -0.03121
          1      15000  868.47465   -1.04180   -0.03123   -1.04182   -0.03121
          1      15100  874.40039   -1.04180   -0.03123   -1.04185   -0.03121
          1      15200  880.15431   -1.04181   -0.03123   -1.04186   -0.03121
          1      15300  885.77400   -1.04181   -0.03123   -1.04186   -0.03123
          1      15400  891.61544   -1.04181   -0.03123   -1.04185   -0.03122
          1      15500  898.33903   -1.04181   -0.03123   -1.04184   -0.03120
          1      15600  904.33592   -1.04181   -0.03123   -1.04186   -0.03121
          1      15700  910.13333   -1.04181   -0.03123   -1.04183   -0.03124
          1      15800  916.76957   -1.04181   -0.03123   -1.04185   -0.03123
          1      15900  923.34088   -1.04181   -0.03123   -1.04180   -0.03124
          1      16000  930.40088   -1.04181   -0.03123   -1.04182   -0.03121
          1      16100  936.89159   -1.04181   -0.03123   -1.04186   -0.03122
          1      16200  943.49625   -1.04181   -0.03123   -1.04184   -0.03120
          1      16300  950.15194   -1.04181   -0.03123   -1.04184   -0.03120
          1      16400  955.73635   -1.04181   -0.03123   -1.04183   -0.03123
          1      16500  961.33648   -1.04181   -0.03123   -1.04183   -0.03122
          1      16600  967.22017   -1.04181   -0.03123   -1.04186   -0.03123
          1      16700  972.90121   -1.04181   -0.03123   -1.04184   -0.03122
          1      16800  978.59194   -1.04181   -0.03123   -1.04184   -0.03123
          1      16900  984.06146   -1.04181   -0.03123   -1.04186   -0.03123
          1      17000  989.94616   -1.04181   -0.03123   -1.04185   -0.03122
          1      17100  995.79548   -1.04181   -0.03123   -1.04186   -0.03121
          1      17200 1001.57096   -1.04181   -0.03123   -1.04187   -0.03124
          1      17300 1007.37012   -1.04181   -0.03123   -1.04183   -0.03120
          1      17400 1013.25478   -1.04181   -0.03123   -1.04186   -0.03122
          1      17500 1019.15481   -1.04181   -0.03123   -1.04185   -0.03121
          1      17600 1026.06789   -1.04181   -0.03123   -1.04185   -0.03121
          1      17700 1032.78625   -1.04181   -0.03123   -1.04184   -0.03123
          1      17800 1038.35331   -1.04181   -0.03123   -1.04185   -0.03122
          1      17900 1044.04792   -1.04181   -0.03123   -1.04183   -0.03124
          1      18000 1050.05052   -1.04181   -0.03123   -1.04185   -0.03121
          1      18100 1055.66770   -1.04181   -0.03123   -1.04184   -0.03120
          1      18200 1062.12445   -1.04181   -0.03123   -1.04185   -0.03120
          1      18300 1068.35875   -1.04181   -0.03123   -1.04184   -0.03121
          1      18400 1074.37070   -1.04181   -0.03123   -1.04184   -0.03119
          1      18500 1079.92095   -1.04181   -0.03123   -1.04183   -0.03124
          1      18600 1085.74859   -1.04181   -0.03123   -1.04186   -0.03121
          1      18700 1091.30023   -1.04181   -0.03123   -1.04184   -0.03122
          1      18800 1097.54607   -1.04181   -0.03123   -1.04186   -0.03123
          1      18900 1103.21255   -1.04181   -0.03123   -1.04184   -0.03121
          1      19000 1109.25028   -1.04181   -0.03123   -1.04181   -0.03120
          1      19100 1114.99798   -1.04181   -0.03123   -1.04185   -0.03121
          1      19200 1120.58668   -1.04181   -0.03123   -1.04186   -0.03121
          1      19300 1126.80703   -1.04181   -0.03123   -1.04185   -0.03122
          1      19400 1132.49525   -1.04181   -0.03123   -1.04184   -0.03124
          1      19500 1138.53654   -1.04181   -0.03123   -1.04185   -0.03123
          1      19600 1144.36737   -1.04181   -0.03123   -1.04185   -0.03123
          1      19700 1150.22776   -1.04182   -0.03123   -1.04187   -0.03121
          1      19800 1156.10452   -1.04182   -0.03123   -1.04186   -0.03122
          1      19900 1162.14233   -1.04182   -0.03123   -1.04184   -0.03123
          1      20000 1167.78601   -1.04182   -0.03123   -1.04185   -0.03121
          1      20100 1173.54441   -1.04182   -0.03123   -1.04184   -0.03119
          1      20200 1179.22458   -1.04182   -0.03123   -1.04185   -0.03122
          1      20300 1185.28958   -1.04182   -0.03123   -1.04186   -0.03123
          1      20400 1191.40245   -1.04182   -0.03123   -1.04183   -0.03123
          1      20500 1197.01659   -1.04182   -0.03123   -1.04187   -0.03121
          1      20600 1202.60683   -1.04182   -0.03123   -1.04183   -0.03121
          1      20700 1208.35500   -1.04182   -0.03123   -1.04184   -0.03121
          1      20800 1213.89082   -1.04182   -0.03123   -1.04184   -0.03121
          1      20900 1219.48237   -1.04182   -0.03123   -1.04186   -0.03124
          1      21000 1225.29547   -1.04182   -0.03123   -1.04185   -0.03123
          1      21100 1231.00133   -1.04182   -0.03123   -1.04186   -0.03123
          1      21200 1237.10275   -1.04182   -0.03123   -1.04186   -0.03121
          1      21300 1242.99576   -1.04182   -0.03123   -1.04188   -0.03121
          1      21400 1248.56041   -1.04182   -0.03123   -1.04184   -0.03123
          1      21500 1254.06549   -1.04182   -0.03123   -1.04186   -0.03123
          1      21600 1259.94734   -1.04182   -0.03123   -1.04186   -0.03122
          1      21700 1265.28805   -1.04182   -0.03123   -1.04187   -0.03122
          1      21800 1271.48295   -1.04182   -0.03123   -1.04186   -0.03122
          1      21900 1277.22024   -1.04182   -0.03123   -1.04185   -0.03120
          1      22000 1282.68027   -1.04182   -0.03123   -1.04182   -0.03122
          1      22100 1288.17525   -1.04182   -0.03123   -1.04184   -0.03124
          1      22200 1293.48734   -1.04182   -0.03123   -1.04187   -0.03122
          1      22300 1298.85476   -1.04182   -0.03123   -1.04185   -0.03122
          1      22400 1304.57027   -1.04182   -0.03123   -1.04187   -0.03121
          1      22500 1310.24254   -1.04182   -0.03123   -1.04186   -0.03123
          1      22600 1316.07810   -1.04182   -0.03123   -1.04185   -0.03121
          1      22700 1322.34613   -1.04182   -0.03123   -1.04185   -0.03121
          1      22800 1328.36264   -1.04182   -0.03123   -1.04185   -0.03123
          1      22900 1334.60744   -1.04182   -0.03123   -1.04184   -0.03122
          1      23000 1340.35374   -1.04182   -0.03123   -1.04185   -0.03123
          1      23100 1346.33256   -1.04182   -0.03123   -1.04186   -0.03119
          1      23200 1352.01874   -1.04182   -0.03123   -1.04187   -0.03120
          1      23300 1357.65607   -1.04182   -0.03123   -1.04186   -0.03123
          1      23400 1363.55693   -1.04182   -0.03123   -1.04184   -0.03120
          1      23500 1369.28524   -1.04182   -0.03123   -1.04186   -0.03122
          1      23600 1374.74331   -1.04182   -0.03123   -1.04184   -0.03121
          1      23700 1380.03175   -1.04182   -0.03123   -1.04188   -0.03122
          1      23800 1385.76283   -1.04182   -0.03123   -1.04186   -0.03121
          1      23900 1392.05982   -1.04182   -0.03123   -1.04186   -0.03122
          1      24000 1398.13997   -1.04182   -0.03123   -1.04186   -0.03124
          1      24100 1404.94236   -1.04182   -0.03123   -1.04185   -0.03120
          1      24200 1411.13091   -1.04182   -0.03123   -1.04188   -0.03123
          1      24300 1416.75435   -1.04182   -0.03123   -1.04185   -0.03120
          1      24400 1423.20134   -1.04182   -0.03123   -1.04185   -0.03123
          1      24500 1428.99558   -1.04182   -0.03123   -1.04186   -0.03122
          1      24600 1435.21680   -1.04182   -0.03123   -1.04186   -0.03122
          1      24700 1441.03747   -1.04182   -0.03123   -1.04187   -0.03121
          1      24800 1447.23475   -1.04182   -0.03123   -1.04184   -0.03119
          1      24900 1452.83058   -1.04182   -0.03123   -1.04187   -0.03123
          1      25000 1458.45369   -1.04182   -0.03123   -1.04187   -0.03122
          1      25100 1464.04002   -1.04182   -0.03123   -1.04186   -0.03120
          1      25200 1470.13180   -1.04182   -0.03123   -1.04185   -0.03122
          1      25300 1475.20977   -1.04182   -0.03123   -1.04186   -0.03122
          1      25400 1481.44482   -1.04182   -0.03123   -1.04185   -0.03122
          1      25500 1487.08378   -1.04182   -0.03123   -1.04185   -0.03122
          1      25600 1493.16446   -1.04182   -0.03123   -1.04187   -0.03121
          1      25700 1498.88699   -1.04182   -0.03123   -1.04187   -0.03121
          1      25800 1504.56831   -1.04182   -0.03123   -1.04185   -0.03121
          1      25900 1510.01170   -1.04182   -0.03123   -1.04186   -0.03121
          1      26000 1515.50369   -1.04182   -0.03123   -1.04186   -0.03122
          1      26100 1521.45563   -1.04182   -0.03123   -1.04187   -0.03122
          1      26200 1527.29729   -1.04182   -0.03123   -1.04186   -0.03122
          1      26300 1534.05043   -1.04182   -0.03123   -1.04187   -0.03121
          1      26400 1540.10543   -1.04183   -0.03123   -1.04186   -0.03123
          1      26500 1546.36845   -1.04183   -0.03123   -1.04187   -0.03122
          1      26600 1552.28627   -1.04183   -0.03123   -1.04186   -0.03123
          1      26700 1558.42112   -1.04183   -0.03123   -1.04186   -0.03122
          1      26800 1564.58343   -1.04183   -0.03123   -1.04188   -0.03121
          1      26900 1570.13650   -1.04183   -0.03123   -1.04185   -0.03121
          1      27000 1575.90050   -1.04183   -0.03123   -1.04186   -0.03121
          1      27100 1581.75367   -1.04183   -0.03123   -1.04186   -0.03120
          1      27200 1587.26796   -1.04183   -0.03123   -1.04186   -0.03120
          1      27300 1593.28563   -1.04183   -0.03123   -1.04186   -0.03122
          1      27400 1599.15662   -1.04183   -0.03123   -1.04186   -0.03124
          1      27500 1604.80933   -1.04183   -0.03123   -1.04188   -0.03122
          1      27600 1610.91496   -1.04183   -0.03123   -1.04185   -0.03123
          1      27700 1617.24818   -1.04183   -0.03123   -1.04186   -0.03121
          1      27800 1623.41655   -1.04183   -0.03123   -1.04185   -0.03122
          1      27900 1629.81524   -1.04183   -0.03123   -1.04188   -0.03121
          1      28000 1636.63056   -1.04183   -0.03123   -1.04186   -0.03121
          1      28100 1642.78357   -1.04183   -0.03123   -1.04185   -0.03121
          1      28200 1648.73055   -1.04183   -0.03123   -1.04185   -0.03123
          1      28300 1654.36918   -1.04183   -0.03123   -1.04185   -0.03121
          1      28400 1660.23203   -1.04183   -0.03123   -1.04186   -0.03121
          1      28500 1666.44439   -1.04183   -0.03123   -1.04187   -0.03120
          1      28600 1672.16869   -1.04183   -0.03123   -1.04187   -0.03121
          1      28700 1678.01485   -1.04183   -0.03123   -1.04188   -0.03122
          1      28800 1684.89874   -1.04183   -0.03123   -1.04185   -0.03121
          1      28900 1691.03358   -1.04183   -0.03123   -1.04186   -0.03122
          1      29000 1697.51590   -1.04183   -0.03123   -1.04185   -0.03123
          1      29100 1703.55962   -1.04183   -0.03123   -1.04185   -0.03119
          1      29200 1709.87081   -1.04183   -0.03123   -1.04186   -0.03122
          1      29300 1715.05321   -1.04183   -0.03123   -1.04185   -0.03121
          1      29400 1720.70987   -1.04183   -0.03123   -1.04186   -0.03123
          1      29500 1726.44240   -1.04183   -0.03123   -1.04187   -0.03123
          1      29600 1732.37584   -1.04183   -0.03123   -1.04187   -0.03121
          1      29700 1738.23817   -1.04183   -0.03123   -1.04185   -0.03123
          1      29800 1743.92062   -1.04183   -0.03123   -1.04186   -0.03121
          1      29900 1749.43302   -1.04183   -0.03123   -1.04184   -0.03121
          1      30000 1755.03615   -1.04183   -0.03123   -1.04184   -0.03121
          1      30100 1761.10590   -1.04183   -0.03123   -1.04187   -0.03122
          1      30200 1766.82973   -1.04183   -0.03123   -1.04187   -0.03121
          1      30300 1772.28469   -1.04183   -0.03123   -1.04187   -0.03123
          1      30400 1778.03875   -1.04183   -0.03123   -1.04184   -0.03121
          1      30500 1783.42804   -1.04183   -0.03123   -1.04186   -0.03121
          1      30600 1789.90924   -1.04183   -0.03123   -1.04184   -0.03120
          1      30700 1795.75755   -1.04183   -0.03123   -1.04185   -0.03123
          1      30800 1801.66615   -1.04183   -0.03123   -1.04186   -0.03121
          1      30900 1807.44629   -1.04183   -0.03123   -1.04188   -0.03123
          1      31000 1814.12994   -1.04183   -0.03123   -1.04187   -0.03120
          1      31100 1819.95160   -1.04183   -0.03123   -1.04186   -0.03120
          1      31200 1825.79508   -1.04183   -0.03123   -1.04186   -0.03122
          1      31300 1831.77692   -1.04183   -0.03123   -1.04186   -0.03121
          1      31400 1837.53628   -1.04183   -0.03123   -1.04187   -0.03120
          1      31500 1843.11593   -1.04183   -0.03123   -1.04186   -0.03122
          1      31600 1848.89799   -1.04183   -0.03123   -1.04187   -0.03123
          1      31700 1854.73708   -1.04183   -0.03123   -1.04188   -0.03122
          1      31800 1861.03762   -1.04183   -0.03123   -1.04186   -0.03123
          1      31900 1868.01779   -1.04183   -0.03123   -1.04186   -0.03122
          1      32000 1873.52454   -1.04183   -0.03123   -1.04187   -0.03121
          1      32100 1878.91641   -1.04183   -0.03123   -1.04185   -0.03121
          1      32200 1884.51401   -1.04183   -0.03123   -1.04185   -0.03123
          1      32300 1891.15310   -1.04183   -0.03123   -1.04186   -0.03123
          1      32400 1896.30126   -1.04183   -0.03123   -1.04185   -0.03123
          1      32500 1901.70787   -1.04183   -0.03123   -1.04188   -0.03121
          1      32600 1907.24536   -1.04183   -0.03123   -1.04187   -0.03121
          1      32700 1913.67262   -1.04183   -0.03123   -1.04186   -0.03123
          1      32800 1919.29729   -1.04183   -0.03123   -1.04187   -0.03119
          1      32900 1925.23927   -1.04183   -0.03123   -1.04187   -0.03121
          1      33000 1931.15542   -1.04183   -0.03123   -1.04188   -0.03121
          1      33100 1937.61588   -1.04183   -0.03123   -1.04187   -0.03122
          1      33200 1943.19805   -1.04183   -0.03123   -1.04188   -0.03124
          1      33300 1949.19399   -1.04183   -0.03123   -1.04187   -0.03121
          1      33400 1955.62888   -1.04183   -0.03123   -1.04186   -0.03121
          1      33500 1961.79033   -1.04183   -0.03123   -1.04185   -0.03124
          1      33600 1968.07186   -1.04183   -0.03123   -1.04187   -0.03120
          1      33700 1974.30901   -1.04183   -0.03123   -1.04186   -0.03121
          1      33800 1980.10163   -1.04183   -0.03123   -1.04186   -0.03122
          1      33900 1985.90787   -1.04183   -0.03123   -1.04187   -0.03121
          1      34000 1992.10983   -1.04183   -0.03123   -1.04186   -0.03121
          1      34100 1998.68570   -1.04183   -0.03123   -1.04186   -0.03124
          1      34200 2005.29197   -1.04183   -0.03123   -1.04186   -0.03121
          1      34300 2011.19833   -1.04183   -0.03123   -1.04188   -0.03121
          1      34400 2016.62170   -1.04183   -0.03123   -1.04185   -0.03123
          1      34500 2022.19732   -1.04183   -0.03123   -1.04187   -0.03122
          1      34600 2027.91358   -1.04183   -0.03123   -1.04185   -0.03120
          1      34700 2033.61799   -1.04183   -0.03123   -1.04186   -0.03123
          1      34800 2039.03899   -1.04183   -0.03123   -1.04188   -0.03122
          1      34900 2044.52306   -1.04183   -0.03123   -1.04186   -0.03122
          1      35000 2050.22403   -1.04183   -0.03123   -1.04186   -0.03123
          1      35100 2055.97900   -1.04183   -0.03123   -1.04186   -0.03123
          1      35200 2061.65184   -1.04183   -0.03123   -1.04186   -0.03122
          1      35300 2067.38376   -1.04183   -0.03123   -1.04187   -0.03123
          1      35400 2073.27528   -1.04183   -0.03123   -1.04187   -0.03122
          1      35500 2078.89492   -1.04183   -0.03123   -1.04187   -0.03123
          1      35600 2085.38121   -1.04183   -0.03123   -1.04187   -0.03121
          1      35700 2090.52993   -1.04183   -0.03123   -1.04187   -0.03122
          1      35800 2096.08467   -1.04183   -0.03123   -1.04188   -0.03122
          1      35900 2101.78512   -1.04183   -0.03123   -1.04186   -0.03123
          1      36000 2107.61054   -1.04183   -0.03123   -1.04187   -0.03123
          1      36100 2114.19613   -1.04183   -0.03123   -1.04185   -0.03123
          1      36200 2119.88224   -1.04183   -0.03123   -1.04187   -0.03121
          1      36300 2125.36081   -1.04183   -0.03123   -1.04186   -0.03120
          1      36400 2131.71964   -1.04183   -0.03123   -1.04185   -0.03121
          1      36500 2137.46248   -1.04183   -0.03123   -1.04187   -0.03122
          1      36600 2143.48414   -1.04183   -0.03123   -1.04186   -0.03122
          1      36700 2149.20371   -1.04184   -0.03123   -1.04186   -0.03121
          1      36800 2154.76728   -1.04184   -0.03123   -1.04187   -0.03120
          1      36900 2160.80045   -1.04184   -0.03123   -1.04187   -0.03121
          1      37000 2166.46421   -1.04184   -0.03123   -1.04187   -0.03122
          1      37100 2171.96415   -1.04184   -0.03123   -1.04187   -0.03122
          1      37200 2178.36159   -1.04184   -0.03123   -1.04186   -0.03124
          1      37300 2184.05348   -1.04184   -0.03123   -1.04186   -0.03122
          1      37400 2189.64014   -1.04184   -0.03123   -1.04186   -0.03123
          1      37500 2195.34011   -1.04184   -0.03123   -1.04186   -0.03122
          1      37600 2200.72606   -1.04184   -0.03123   -1.04185   -0.03123
          1      37700 2206.38015   -1.04184   -0.03123   -1.04186   -0.03123
          1      37800 2211.92523   -1.04184   -0.03123   -1.04187   -0.03120
          1      37900 2217.30115   -1.04184   -0.03123   -1.04186   -0.03121
          1      38000 2223.15180   -1.04184   -0.03123   -1.04188   -0.03121
          1      38100 2229.08172   -1.04184   -0.03123   -1.04187   -0.03120
          1      38200 2234.85179   -1.04184   -0.03123   -1.04187   -0.03121
          1      38300 2240.96485   -1.04184   -0.03123   -1.04187   -0.03121
          1      38400 2247.12716   -1.04184   -0.03123   -1.04187   -0.03121
          1      38500 2252.44390   -1.04184   -0.03123   -1.04186   -0.03122
          1      38600 2258.15126   -1.04184   -0.03123   -1.04188   -0.03123
          1      38700 2264.79359   -1.04184   -0.03123   -1.04187   -0.03121
          1      38800 2270.56127   -1.04184   -0.03123   -1.04186   -0.03123
          1      38900 2277.30302   -1.04184   -0.03123   -1.04186   -0.03122
          1      39000 2283.26704   -1.04184   -0.03123   -1.04186   -0.03122
          1      39100 2289.78962   -1.04184   -0.03123   -1.04187   -0.03122
          1      39200 2296.25296   -1.04184   -0.03123   -1.04185   -0.03123
          1      39300 2302.28973   -1.04184   -0.03123   -1.04186   -0.03121
          1      39400 2308.45711   -1.04184   -0.03123   -1.04186   -0.03121
          1      39500 2314.36613   -1.04184   -0.03123   -1.04188   -0.03122
          1      39600 2319.79524   -1.04184   -0.03123   -1.04187   -0.03122
          1      39700 2325.32010   -1.04184   -0.03123   -1.04187   -0.03121
          1      39800 2331.99688   -1.04184   -0.03123   -1.04185   -0.03121
          1      39900 2338.09505   -1.04184   -0.03123   -1.04186   -0.03122
          1      40000 2344.37504   -1.04184   -0.03123   -1.04186   -0.03122
          1      40100 2349.91355   -1.04184   -0.03123   -1.04186   -0.03122
          1      40200 2355.62940   -1.04184   -0.03123   -1.04187   -0.03121
          1      40300 2361.41511   -1.04184   -0.03123   -1.04185   -0.03123
          1      40400 2367.01609   -1.04184   -0.03123   -1.04188   -0.03121
          1      40500 2372.50221   -1.04184   -0.03123   -1.04187   -0.03122
          1      40600 2377.87277   -1.04184   -0.03123   -1.04186   -0.03122
          1      40700 2383.46465   -1.04184   -0.03123   -1.04188   -0.03122
          1      40800 2389.23299   -1.04184   -0.03123   -1.04187   -0.03120
          1      40900 2395.23634   -1.04184   -0.03123   -1.04187   -0.03122
          1      41000 2400.81239   -1.04184   -0.03123   -1.04187   -0.03123
          1      41100 2406.26758   -1.04184   -0.03123   -1.04189   -0.03121
          1      41200 2411.63310   -1.04184   -0.03123   -1.04187   -0.03122
          1      41300 2417.41624   -1.04184   -0.03123   -1.04188   -0.03122
          1      41400 2423.12553   -1.04184   -0.03123   -1.04188   -0.03122
          1      41500 2428.73992   -1.04184   -0.03123   -1.04188   -0.03122
          1      41600 2434.35276   -1.04184   -0.03123   -1.04186   -0.03121
          1      41700 2440.39925   -1.04184   -0.03123   -1.04188   -0.03121
          1      41800 2445.78769   -1.04184   -0.03123   -1.04185   -0.03120
          1      41900 2451.24907   -1.04184   -0.03123   -1.04188   -0.03121
          1      42000 2456.81661   -1.04184   -0.03123   -1.04187   -0.03122
          1      42100 2462.77376   -1.04184   -0.03123   -1.04188   -0.03121
          1      42200 2468.72153   -1.04184   -0.03123   -1.04185   -0.03122
          1      42300 2474.48226   -1.04184   -0.03123   -1.04186   -0.03121
          1      42400 2480.22711   -1.04184   -0.03123   -1.04187   -0.03122
          1      42500 2486.00983   -1.04184   -0.03123   -1.04188   -0.03121
          1      42600 2491.97064   -1.04184   -0.03123   -1.04186   -0.03123
          1      42700 2497.80908   -1.04184   -0.03123   -1.04187   -0.03122
          1      42800 2503.48207   -1.04184   -0.03123   -1.04187   -0.03121
          1      42900 2509.11946   -1.04184   -0.03123   -1.04187   -0.03122
          1      43000 2515.63740   -1.04184   -0.03123   -1.04187   -0.03120
          1      43100 2521.38783   -1.04184   -0.03123   -1.04187   -0.03121
          1      43200 2527.38019   -1.04184   -0.03123   -1.04187   -0.03122
          1      43300 2533.29578   -1.04184   -0.03123   -1.04187   -0.03123
          1      43400 2539.07110   -1.04184   -0.03123   -1.04187   -0.03121
          1      43500 2544.59768   -1.04184   -0.03123   -1.04186   -0.03121
          1      43600 2549.83302   -1.04184   -0.03123   -1.04185   -0.03119
          1      43700 2555.29198   -1.04184   -0.03123   -1.04186   -0.03123
          1      43800 2560.58925   -1.04184   -0.03123   -1.04187   -0.03121
          1      43900 2565.92409   -1.04184   -0.03123   -1.04187   -0.03123
          1      44000 2571.34850   -1.04184   -0.03123   -1.04187   -0.03123
          1      44100 2577.27312   -1.04184   -0.03123   -1.04186   -0.03122
          1      44200 2582.75986   -1.04184   -0.03123   -1.04187   -0.03122
          1      44300 2588.07617   -1.04184   -0.03123   -1.04186   -0.03121
          1      44400 2595.41552   -1.04184   -0.03123   -1.04187   -0.03121
          1      44500 2602.43557   -1.04184   -0.03123   -1.04187   -0.03121
          1      44600 2607.97468   -1.04184   -0.03123   -1.04186   -0.03122
          1      44700 2613.70054   -1.04184   -0.03123   -1.04186   -0.03119
          1      44800 2619.75818   -1.04184   -0.03123   -1.04186   -0.03122
          1      44900 2626.75748   -1.04184   -0.03123   -1.04186   -0.03120
          1      45000 2632.73213   -1.04184   -0.03123   -1.04188   -0.03122
          1      45100 2638.72598   -1.04184   -0.03123   -1.04188   -0.03121
          1      45200 2644.36413   -1.04184   -0.03123   -1.04186   -0.03123
          1      45300 2650.68925   -1.04184   -0.03123   -1.04187   -0.03120
          1      45400 2656.69816   -1.04184   -0.03123   -1.04188   -0.03120
          1      45500 2662.59292   -1.04184   -0.03123   -1.04188   -0.03121
          1      45600 2668.54353   -1.04184   -0.03123   -1.04188   -0.03120
          1      45700 2674.55798   -1.04184   -0.03123   -1.04187   -0.03122
          1      45800 2680.50304   -1.04184   -0.03123   -1.04185   -0.03121
          1      45900 2686.47463   -1.04184   -0.03123   -1.04187   -0.03120
          1      46000 2692.86806   -1.04184   -0.03123   -1.04187   -0.03121
          1      46100 2699.02090   -1.04184   -0.03123   -1.04187   -0.03122
          1      46200 2705.05631   -1.04184   -0.03123   -1.04187   -0.03121
          1      46300 2711.17437   -1.04184   -0.03123   -1.04185   -0.03122
          1      46400 2717.15536   -1.04184   -0.03123   -1.04187   -0.03120
          1      46500 2723.12778   -1.04184   -0.03123   -1.04187   -0.03123
          1      46600 2728.91491   -1.04184   -0.03123   -1.04188   -0.03121
          1      46700 2734.76211   -1.04184   -0.03123   -1.04188   -0.03121
          1      46800 2740.80372   -1.04184   -0.03123   -1.04187   -0.03121
          1      46900 2746.57698   -1.04184   -0.03123   -1.04186   -0.03123
          1      47000 2752.27224   -1.04184   -0.03123   -1.04188   -0.03122
          1      47100 2758.29851   -1.04184   -0.03123   -1.04188   -0.03122
          1      47200 2764.60043   -1.04184   -0.03123   -1.04187   -0.03120
          1      47300 2770.00802   -1.04184   -0.03123   -1.04187   -0.03122
          1      47400 2776.34424   -1.04184   -0.03123   -1.04187   -0.03120
          1      47500 2781.86332   -1.04184   -0.03123   -1.04185   -0.03120
          1      47600 2787.55339   -1.04184   -0.03123   -1.04188   -0.03121
          1      47700 2792.89971   -1.04184   -0.03123   -1.04187   -0.03120
          1      47800 2798.28613   -1.04184   -0.03123   -1.04186   -0.03121
          1      47900 2804.71466   -1.04184   -0.03123   -1.04188   -0.03122
          1      48000 2811.28135   -1.04184   -0.03123   -1.04188   -0.03122
          1      48100 2816.88474   -1.04184   -0.03123   -1.04188   -0.03119
          1      48200 2822.52668   -1.04184   -0.03123   -1.04186   -0.03122
          1      48300 2828.59867   -1.04184   -0.03123   -1.04187   -0.03121
          1      48400 2834.14481   -1.04184   -0.03123   -1.04188   -0.03122
          1      48500 2839.67479   -1.04184   -0.03123   -1.04188   -0.03121
          1      48600 2845.91967   -1.04184   -0.03123   -1.04188   -0.03122
          1      48700 2851.67759   -1.04184   -0.03123   -1.04186   -0.03121
          1      48800 2857.60532   -1.04184   -0.03123   -1.04186   -0.03121
          1      48900 2863.42333   -1.04184   -0.03123   -1.04186   -0.03120
          1      49000 2868.94278   -1.04184   -0.03123   -1.04189   -0.03121
          1      49100 2874.63190   -1.04184   -0.03123   -1.04187   -0.03123
          1      49200 2880.18557   -1.04184   -0.03123   -1.04188   -0.03123
          1      49300 2886.26337   -1.04184   -0.03123   -1.04186   -0.03121
          1      49400 2892.27436   -1.04184   -0.03123   -1.04187   -0.03120
          1      49500 2898.28638   -1.04184   -0.03123   -1.04187   -0.03122
          1      49600 2903.93762   -1.04184   -0.03123   -1.04188   -0.03120
          1      49700 2909.89110   -1.04184   -0.03123   -1.04186   -0.03121
          1      49800 2915.36298   -1.04184   -0.03123   -1.04187   -0.03121
          1      49900 2920.93901   -1.04184   -0.03123   -1.04186   -0.03122
          1      50000 2926.86956   -1.04184   -0.03123   -1.04187   -0.03122
          1      50100 2932.59895   -1.04184   -0.03123   -1.04187   -0.03123
          1      50200 2938.73789   -1.04184   -0.03123   -1.04187   -0.03122
          1      50300 2944.58184   -1.04184   -0.03123   -1.04188   -0.03121
          1      50400 2950.54770   -1.04184   -0.03123   -1.04188   -0.03121
          1      50500 2956.69109   -1.04184   -0.03123   -1.04187   -0.03123
          1      50600 2962.45709   -1.04184   -0.03123   -1.04187   -0.03121
          1      50700 2967.97452   -1.04184   -0.03123   -1.04187   -0.03121
          1      50800 2974.11762   -1.04184   -0.03123   -1.04187   -0.03121
          1      50900 2979.71774   -1.04184   -0.03123   -1.04187   -0.03120
          1      51000 2985.00783   -1.04184   -0.03123   -1.04188   -0.03122
          1      51100 2990.82915   -1.04184   -0.03123   -1.04186   -0.03123
          1      51200 2996.93464   -1.04184   -0.03123   -1.04187   -0.03121
          1      51300 3002.71346   -1.04184   -0.03123   -1.04187   -0.03120
          1      51400 3008.20864   -1.04184   -0.03123   -1.04188   -0.03120
          1      51500 3013.63981   -1.04184   -0.03123   -1.04188   -0.03121
          1      51600 3019.12046   -1.04184   -0.03123   -1.04186   -0.03121
          1      51700 3025.02800   -1.04184   -0.03123   -1.04187   -0.03122
          1      51800 3030.87940   -1.04184   -0.03123   -1.04187   -0.03122
          1      51900 3036.38333   -1.04184   -0.03123   -1.04187   -0.03121
          1      52000 3042.95406   -1.04184   -0.03123   -1.04188   -0.03121
          1      52100 3048.48696   -1.04184   -0.03123   -1.04185   -0.03123
          1      52200 3054.21147   -1.04184   -0.03123   -1.04187   -0.03122
          1      52300 3060.17924   -1.04184   -0.03123   -1.04187   -0.03121
          1      52400 3066.13688   -1.04184   -0.03123   -1.04187   -0.03121
          1      52500 3071.39507   -1.04184   -0.03123   -1.04188   -0.03121
          1      52600 3076.73161   -1.04184   -0.03123   -1.04187   -0.03121
          1      52700 3082.33948   -1.04184   -0.03123   -1.04187   -0.03122
          1      52800 3088.02683   -1.04184   -0.03123   -1.04188   -0.03121
          1      52900 3095.44718   -1.04184   -0.03123   -1.04188   -0.03122
          1      53000 3101.14854   -1.04184   -0.03123   -1.04186   -0.03122
          1      53100 3106.55959   -1.04184   -0.03123   -1.04186   -0.03122
          1      53200 3112.55965   -1.04184   -0.03123   -1.04188   -0.03121
          1      53300 3117.83578   -1.04184   -0.03123   -1.04187   -0.03121
          1      53400 3123.18747   -1.04184   -0.03123   -1.04186   -0.03119
          1      53500 3128.45327   -1.04184   -0.03123   -1.04188   -0.03121
          1      53600 3135.11592   -1.04184   -0.03123   -1.04185   -0.03122
          1      53700 3140.40016   -1.04185   -0.03123   -1.04188   -0.03120
          1      53800 3145.62866   -1.04185   -0.03123   -1.04187   -0.03123
          1      53900 3150.63191   -1.04185   -0.03123   -1.04187   -0.03123
          1      54000 3156.03423   -1.04185   -0.03123   -1.04186   -0.03121
          1      54100 3160.86488   -1.04185   -0.03123   -1.04188   -0.03121
          1      54200 3166.07594   -1.04185   -0.03123   -1.04187   -0.03121
          1      54300 3171.62516   -1.04185   -0.03123   -1.04187   -0.03121
          1      54400 3177.24038   -1.04185   -0.03123   -1.04187   -0.03123
          1      54500 3182.90958   -1.04185   -0.03123   -1.04188   -0.03121
          1      54600 3188.38660   -1.04185   -0.03123   -1.04188   -0.03121
          1      54700 3194.28783   -1.04185   -0.03123   -1.04187   -0.03121
          1      54800 3200.38315   -1.04185   -0.03123   -1.04188   -0.03122
          1      54900 3205.89993   -1.04185   -0.03123   -1.04188   -0.03121
          1      55000 3211.43519   -1.04185   -0.03123   -1.04188   -0.03124
          1      55100 3216.86450   -1.04185   -0.03123   -1.04187   -0.03122
          1      55200 3222.66908   -1.04185   -0.03123   -1.04187   -0.03121
          1      55300 3227.91394   -1.04185   -0.03123   -1.04186   -0.03120
          1      55400 3233.77163   -1.04185   -0.03123   -1.04188   -0.03122
          1      55500 3240.23083   -1.04185   -0.03123   -1.04188   -0.03122
          1      55600 3246.40882   -1.04185   -0.03123   -1.04187   -0.03122
          1      55700 3252.36276   -1.04185   -0.03123   -1.04186   -0.03123
          1      55800 3258.34572   -1.04185   -0.03123   -1.04186   -0.03121
          1      55900 3264.06037   -1.04185   -0.03123   -1.04188   -0.03121
          1      56000 3269.63725   -1.04185   -0.03123   -1.04186   -0.03121
          1      56100 3275.24508   -1.04185   -0.03123   -1.04187   -0.03121
          1      56200 3280.78592   -1.04185   -0.03123   -1.04187   -0.03122
          1      56300 3285.98835   -1.04185   -0.03123   -1.04187   -0.03122
          1      56400 3291.64548   -1.04185   -0.03123   -1.04187   -0.03120
          1      56500 3297.61797   -1.04185   -0.03123   -1.04186   -0.03122
          1      56600 3303.30218   -1.04185   -0.03123   -1.04188   -0.03121
          1      56700 3309.62606   -1.04185   -0.03123   -1.04188   -0.03122
          1      56800 3316.44437   -1.04185   -0.03123   -1.04186   -0.03121
          1      56900 3321.97938   -1.04185   -0.03123   -1.04185   -0.03120
          1      57000 3327.63094   -1.04185   -0.03123   -1.04187   -0.03122
          1      57100 3333.42252   -1.04185   -0.03123   -1.04188   -0.03123
          1      57200 3338.85247   -1.04185   -0.03123   -1.04189   -0.03122
          1      57300 3344.79195   -1.04185   -0.03123   -1.04188   -0.03122
          1      57400 3350.44920   -1.04185   -0.03123   -1.04186   -0.03121
          1      57500 3356.32427   -1.04185   -0.03123   -1.04188   -0.03122
          1      57600 3361.86490   -1.04185   -0.03123   -1.04186   -0.03122
          1      57700 3368.17974   -1.04185   -0.03123   -1.04188   -0.03120
          1      57800 3374.22198   -1.04185   -0.03123   -1.04189   -0.03121
          1      57900 3380.01891   -1.04185   -0.03123   -1.04187   -0.03120
          1      58000 3386.13490   -1.04185   -0.03123   -1.04187   -0.03122
          1      58100 3391.82434   -1.04185   -0.03123   -1.04186   -0.03123
          1      58200 3396.91205   -1.04185   -0.03123   -1.04188   -0.03122
          1      58300 3402.65517   -1.04185   -0.03123   -1.04188   -0.03122
          1      58400 3408.63178   -1.04185   -0.03123   -1.04187   -0.03122
          1      58500 3414.05774   -1.04185   -0.03123   -1.04186   -0.03122
          1      58600 3419.29584   -1.04185   -0.03123   -1.04187   -0.03122
          1      58700 3424.34048   -1.04185   -0.03123   -1.04186   -0.03122
          1      58800 3429.45362   -1.04185   -0.03123   -1.04187   -0.03122
          1      58900 3434.86732   -1.04185   -0.03123   -1.04188   -0.03122
          1      59000 3440.44018   -1.04185   -0.03123   -1.04187   -0.03121
          1      59100 3445.89499   -1.04185   -0.03123   -1.04187   -0.03122
          1      59200 3451.78478   -1.04185   -0.03123   -1.04187   -0.03122
          1      59300 3457.47490   -1.04185   -0.03123   -1.04188   -0.03121
          1      59400 3463.00807   -1.04185   -0.03123   -1.04185   -0.03120
          1      59500 3468.66956   -1.04185   -0.03123   -1.04185   -0.03122
          1      59600 3474.42530   -1.04185   -0.03123   -1.04188   -0.03121
          1      59700 3480.04917   -1.04185   -0.03122   -1.04188   -0.03121
          1      59800 3485.81266   -1.04185   -0.03122   -1.04188   -0.03123
          1      59900 3491.11560   -1.04185   -0.03122   -1.04186   -0.03121
          1      60000 3496.99253   -1.04185   -0.03122   -1.04186   -0.03120
          1      60100 3502.41971   -1.04185   -0.03122   -1.04187   -0.03121
          1      60200 3508.00817   -1.04185   -0.03122   -1.04188   -0.03122
          1      60300 3513.49338   -1.04185   -0.03122   -1.04188   -0.03122
          1      60400 3518.81833   -1.04185   -0.03122   -1.04187   -0.03120
          1      60500 3525.03305   -1.04185   -0.03122   -1.04189   -0.03122
          1      60600 3530.43417   -1.04185   -0.03122   -1.04186   -0.03121
          1      60700 3535.91380   -1.04185   -0.03122   -1.04188   -0.03121
          1      60800 3541.66347   -1.04185   -0.03122   -1.04187   -0.03122
          1      60900 3547.58139   -1.04185   -0.03122   -1.04188   -0.03122
          1      61000 3553.78462   -1.04185   -0.03122   -1.04188   -0.03121
          1      61100 3559.76596   -1.04185   -0.03122   -1.04188   -0.03122
          1      61200 3565.19873   -1.04185   -0.03122   -1.04189   -0.03121
          1      61300 3570.81309   -1.04185   -0.03122   -1.04187   -0.03120
          1      61400 3576.56660   -1.04185   -0.03122   -1.04188   -0.03121
          1      61500 3582.69850   -1.04185   -0.03122   -1.04188   -0.03121
          1      61600 3587.99914   -1.04185   -0.03122   -1.04187   -0.03122
          1      61700 3593.08487   -1.04185   -0.03122   -1.04187   -0.03123
          1      61800 3597.47792   -1.04185   -0.03122   -1.04187   -0.03121
          1      61859 3600.01117   -1.04185   -0.03122   -1.04188   -0.03120
