          1          0    0.00000   -1.03451   -0.01713   -1.03451   -0.01713   -3.40771    3.40771    0.00000
          1          1    0.05454   -0.71195   -0.04891   -0.51219   -0.04108   -3.40771   -0.51219    0.00000
          2          0    0.05454   -0.30276   -0.05317   -0.51219   -0.04108   -3.40771   -0.51219   -1.95995
          2        100   15.11163   -0.94805   -0.05175   -1.03566   -0.01547   -3.40771   -1.03662   -1.95995
          2        200   30.83154   -0.97469   -0.05078   -1.03696   -0.01547   -3.40771   -1.03798   -1.95995
          2        300   46.05346   -0.98651   -0.05031   -1.03776   -0.01539   -3.40771   -1.03805   -1.95995
          2        400   60.93648   -0.99356   -0.05003   -1.03786   -0.01542   -3.40771   -1.03825   -1.95995
          2        500   76.42597   -0.99838   -0.04984   -1.03772   -0.01567   -3.40771   -1.03857   -1.95995
          2        600   92.06312   -1.00193   -0.04970   -1.03829   -0.01548   -3.40771   -1.03857   -1.95995
          2        700  107.81950   -1.00470   -0.04959   -1.03806   -0.01539   -3.40771   -1.03867   -1.95995
          2        800  123.99836   -1.00692   -0.04901   -1.03813   -0.01543   -3.40771   -1.03877   -1.95995
          2        900  139.66511   -1.00877   -0.04710   -1.03811   -0.01545   -3.40771   -1.03877   -1.95995
          2       1000  154.25683   -1.01033   -0.04548   -1.03846   -0.01562   -3.40771   -1.03877   -1.95995
          2       1100  170.25150   -1.01167   -0.04409   -1.03820   -0.01565   -3.40771   -1.03878   -1.95995
          2       1200  185.73075   -1.01284   -0.04288   -1.03813   -0.01567   -3.40771   -1.03882   -1.95995
          2       1300  200.60684   -1.01388   -0.04181   -1.03829   -0.01556   -3.40771   -1.03886   -1.95995
          2       1400  215.32438   -1.01480   -0.04086   -1.03858   -0.01550   -3.40771   -1.03889   -1.95995
          2       1500  230.72078   -1.01563   -0.04000   -1.03882   -0.01548   -3.40771   -1.03889   -1.95995
          2       1600  245.90596   -1.01637   -0.03922   -1.03863   -0.01569   -3.40771   -1.03892   -1.95995
          2       1700  261.76453   -1.01706   -0.03852   -1.03845   -0.01569   -3.40771   -1.03892   -1.95995
          2       1800  276.98069   -1.01768   -0.03787   -1.03851   -0.01551   -3.40771   -1.03892   -1.95995
          2       1900  292.01227   -1.01825   -0.03728   -1.03859   -0.01547   -3.40771   -1.03896   -1.95995
          2       2000  307.81595   -1.01878   -0.03673   -1.03862   -0.01565   -3.40771   -1.03903   -1.95995
          2       2100  323.16102   -1.01928   -0.03622   -1.03850   -0.01567   -3.40771   -1.03903   -1.95995
          2       2200  338.17862   -1.01973   -0.03574   -1.03867   -0.01550   -3.40771   -1.03903   -1.95995
          2       2300  352.93320   -1.02016   -0.03530   -1.03878   -0.01554   -3.40771   -1.03903   -1.95995
          2       2400  368.15538   -1.02056   -0.03489   -1.03872   -0.01555   -3.40771   -1.03903   -1.95995
          2       2500  383.27656   -1.02094   -0.03450   -1.03883   -0.01564   -3.40771   -1.03903   -1.95995
          2       2600  399.04420   -1.02129   -0.03413   -1.03870   -0.01551   -3.40771   -1.03903   -1.95995
          2       2700  415.13145   -1.02163   -0.03378   -1.03874   -0.01549   -3.40771   -1.03903   -1.95995
          2       2800  429.82168   -1.02195   -0.03345   -1.03869   -0.01550   -3.40771   -1.03903   -1.95995
          2       2900  444.86876   -1.02225   -0.03314   -1.03863   -0.01558   -3.40771   -1.03903   -1.95995
          2       3000  459.67966   -1.02253   -0.03285   -1.03867   -0.01562   -3.40771   -1.03903   -1.95995
          2       3100  475.10441   -1.02280   -0.03257   -1.03898   -0.01558   -3.40771   -1.03903   -1.95995
          2       3200  490.17880   -1.02306   -0.03230   -1.03877   -0.01559   -3.40771   -1.03903   -1.95995
          2       3300  505.72845   -1.02331   -0.03204   -1.03860   -0.01559   -3.40771   -1.03903   -1.95995
          2       3400  520.80048   -1.02354   -0.03180   -1.03885   -0.01567   -3.40771   -1.03903   -1.95995
          2       3500  537.14893   -1.02377   -0.03157   -1.03882   -0.01558   -3.40771   -1.03903   -1.95995
          2       3600  551.80948   -1.02398   -0.03134   -1.03884   -0.01557   -3.40771   -1.03904   -1.95995
          2       3700  567.14908   -1.02419   -0.03113   -1.03891   -0.01564   -3.40771   -1.03904   -1.95995
          2       3800  582.36305   -1.02439   -0.03092   -1.03886   -0.01559   -3.40771   -1.03904   -1.95995
          2       3900  597.76808   -1.02458   -0.03073   -1.03865   -0.01550   -3.40771   -1.03904   -1.95995
          2       4000  613.74282   -1.02477   -0.03054   -1.03872   -0.01560   -3.40771   -1.03904   -1.95995
          2       4100  629.07533   -1.02494   -0.03035   -1.03890   -0.01557   -3.40771   -1.03904   -1.95995
          2       4200  643.99330   -1.02511   -0.03018   -1.03891   -0.01558   -3.40771   -1.03905   -1.95995
          2       4300  659.66464   -1.02528   -0.03000   -1.03886   -0.01555   -3.40771   -1.03905   -1.95995
          2       4400  674.75262   -1.02544   -0.02984   -1.03874   -0.01551   -3.40771   -1.03905   -1.95995
          2       4500  690.14797   -1.02559   -0.02968   -1.03889   -0.01561   -3.40771   -1.03907   -1.95995
          2       4600  705.98816   -1.02574   -0.02953   -1.03879   -0.01550   -3.40771   -1.03909   -1.95995
          2       4700  721.98213   -1.02588   -0.02938   -1.03877   -0.01560   -3.40771   -1.03909   -1.95995
          2       4800  737.09531   -1.02602   -0.02923   -1.03883   -0.01554   -3.40771   -1.03909   -1.95995
          2       4900  752.26229   -1.02616   -0.02909   -1.03896   -0.01556   -3.40771   -1.03909   -1.95995
          2       5000  767.52080   -1.02629   -0.02896   -1.03882   -0.01562   -3.40771   -1.03909   -1.95995
          2       5100  782.25696   -1.02642   -0.02883   -1.03895   -0.01567   -3.40771   -1.03909   -1.95995
          2       5200  798.85451   -1.02654   -0.02870   -1.03903   -0.01558   -3.40771   -1.03909   -1.95995
          2       5300  814.28452   -1.02666   -0.02857   -1.03906   -0.01559   -3.40771   -1.03909   -1.95995
          2       5400  829.02311   -1.02678   -0.02845   -1.03879   -0.01557   -3.40771   -1.03909   -1.95995
          2       5500  844.15419   -1.02689   -0.02834   -1.03886   -0.01556   -3.40771   -1.03909   -1.95995
          2       5600  858.97734   -1.02700   -0.02822   -1.03885   -0.01559   -3.40771   -1.03909   -1.95995
          2       5700  873.40227   -1.02711   -0.02811   -1.03905   -0.01558   -3.40771   -1.03909   -1.95995
          2       5800  888.32328   -1.02722   -0.02800   -1.03875   -0.01559   -3.40771   -1.03909   -1.95995
          2       5900  903.56609   -1.02732   -0.02790   -1.03898   -0.01562   -3.40771   -1.03909   -1.95995
          2       6000  919.78335   -1.02742   -0.02779   -1.03892   -0.01557   -3.40771   -1.03909   -1.95995
          2       6100  935.30291   -1.02751   -0.02769   -1.03900   -0.01565   -3.40771   -1.03909   -1.95995
          2       6200  950.23441   -1.02761   -0.02760   -1.03898   -0.01554   -3.40771   -1.03909   -1.95995
          2       6300  964.69242   -1.02770   -0.02750   -1.03892   -0.01561   -3.40771   -1.03910   -1.95995
          2       6400  980.22192   -1.02779   -0.02741   -1.03882   -0.01567   -3.40771   -1.03911   -1.95995
          2       6500  996.69213   -1.02788   -0.02732   -1.03883   -0.01561   -3.40771   -1.03911   -1.95995
          2       6600 1011.77838   -1.02797   -0.02723   -1.03894   -0.01560   -3.40771   -1.03911   -1.95995
          2       6700 1026.16286   -1.02805   -0.02714   -1.03891   -0.01565   -3.40771   -1.03911   -1.95995
          2       6800 1041.06869   -1.02813   -0.02705   -1.03884   -0.01564   -3.40771   -1.03911   -1.95995
          2       6900 1056.24171   -1.02821   -0.02697   -1.03895   -0.01561   -3.40771   -1.03911   -1.95995
          2       7000 1071.68829   -1.02829   -0.02689   -1.03895   -0.01559   -3.40771   -1.03911   -1.95995
          2       7100 1087.10291   -1.02837   -0.02681   -1.03901   -0.01557   -3.40771   -1.03911   -1.95995
          2       7200 1102.75616   -1.02844   -0.02673   -1.03885   -0.01559   -3.40771   -1.03911   -1.95995
          2       7300 1118.38945   -1.02852   -0.02666   -1.03891   -0.01559   -3.40771   -1.03911   -1.95995
          2       7400 1134.39042   -1.02859   -0.02658   -1.03886   -0.01561   -3.40771   -1.03911   -1.95995
          2       7500 1150.34118   -1.02866   -0.02651   -1.03895   -0.01564   -3.40771   -1.03911   -1.95995
          2       7600 1165.18386   -1.02873   -0.02643   -1.03897   -0.01563   -3.40771   -1.03911   -1.95995
          2       7700 1179.62863   -1.02880   -0.02636   -1.03904   -0.01560   -3.40771   -1.03911   -1.95995
          2       7800 1195.00331   -1.02887   -0.02630   -1.03896   -0.01564   -3.40771   -1.03911   -1.95995
          2       7900 1209.66885   -1.02893   -0.02623   -1.03890   -0.01555   -3.40771   -1.03913   -1.95995
          2       8000 1225.06635   -1.02900   -0.02616   -1.03893   -0.01560   -3.40771   -1.03913   -1.95995
          2       8100 1240.90670   -1.02906   -0.02610   -1.03890   -0.01558   -3.40771   -1.03913   -1.95995
          2       8200 1256.06874   -1.02912   -0.02603   -1.03898   -0.01555   -3.40771   -1.03913   -1.95995
          2       8300 1271.57616   -1.02918   -0.02597   -1.03902   -0.01559   -3.40771   -1.03913   -1.95995
          2       8400 1287.39528   -1.02924   -0.02591   -1.03895   -0.01556   -3.40771   -1.03913   -1.95995
          2       8500 1303.87800   -1.02930   -0.02585   -1.03895   -0.01555   -3.40771   -1.03913   -1.95995
          2       8600 1319.12086   -1.02936   -0.02579   -1.03906   -0.01561   -3.40771   -1.03913   -1.95995
          2       8700 1333.60523   -1.02942   -0.02573   -1.03898   -0.01560   -3.40771   -1.03913   -1.95995
          2       8800 1349.34848   -1.02947   -0.02567   -1.03892   -0.01557   -3.40771   -1.03913   -1.95995
          2       8900 1364.30540   -1.02953   -0.02561   -1.03893   -0.01558   -3.40771   -1.03913   -1.95995
          2       9000 1379.84556   -1.02958   -0.02556   -1.03890   -0.01561   -3.40771   -1.03913   -1.95995
          2       9100 1395.15782   -1.02964   -0.02550   -1.03905   -0.01560   -3.40771   -1.03913   -1.95995
          2       9200 1410.94615   -1.02969   -0.02545   -1.03900   -0.01561   -3.40771   -1.03913   -1.95995
          2       9300 1426.36833   -1.02974   -0.02540   -1.03895   -0.01563   -3.40771   -1.03913   -1.95995
          2       9400 1442.32683   -1.02979   -0.02534   -1.03891   -0.01559   -3.40771   -1.03913   -1.95995
          2       9500 1458.85104   -1.02984   -0.02529   -1.03898   -0.01565   -3.40771   -1.03913   -1.95995
          2       9600 1475.03402   -1.02989   -0.02524   -1.03894   -0.01561   -3.40771   -1.03913   -1.95995
          2       9700 1491.15643   -1.02994   -0.02519   -1.03905   -0.01562   -3.40771   -1.03913   -1.95995
          2       9800 1506.43024   -1.02998   -0.02514   -1.03893   -0.01561   -3.40771   -1.03913   -1.95995
          2       9900 1521.48525   -1.03003   -0.02509   -1.03905   -0.01560   -3.40771   -1.03914   -1.95995
          2      10000 1536.69475   -1.03008   -0.02505   -1.03903   -0.01559   -3.40771   -1.03914   -1.95995
          2      10100 1551.83204   -1.03012   -0.02500   -1.03896   -0.01557   -3.40771   -1.03914   -1.95995
          2      10200 1567.58115   -1.03017   -0.02495   -1.03895   -0.01563   -3.40771   -1.03914   -1.95995
          2      10300 1582.70857   -1.03021   -0.02491   -1.03905   -0.01561   -3.40771   -1.03914   -1.95995
          2      10400 1596.81467   -1.03025   -0.02486   -1.03901   -0.01561   -3.40771   -1.03914   -1.95995
          2      10500 1612.33066   -1.03030   -0.02482   -1.03892   -0.01559   -3.40771   -1.03914   -1.95995
          2      10600 1628.28610   -1.03034   -0.02478   -1.03897   -0.01561   -3.40771   -1.03914   -1.95995
          2      10700 1642.68671   -1.03038   -0.02473   -1.03904   -0.01562   -3.40771   -1.03914   -1.95995
          2      10800 1657.22531   -1.03042   -0.02469   -1.03899   -0.01569   -3.40771   -1.03914   -1.95995
          2      10900 1671.68954   -1.03046   -0.02465   -1.03901   -0.01563   -3.40771   -1.03914   -1.95995
          2      11000 1687.10391   -1.03050   -0.02461   -1.03896   -0.01559   -3.40771   -1.03914   -1.95995
          2      11100 1702.28925   -1.03054   -0.02457   -1.03889   -0.01564   -3.40771   -1.03914   -1.95995
          2      11200 1717.27774   -1.03058   -0.02453   -1.03895   -0.01561   -3.40771   -1.03914   -1.95995
          2      11300 1732.16495   -1.03062   -0.02449   -1.03901   -0.01557   -3.40771   -1.03914   -1.95995
          2      11400 1747.68495   -1.03066   -0.02445   -1.03904   -0.01559   -3.40771   -1.03914   -1.95995
          2      11500 1762.00652   -1.03069   -0.02441   -1.03888   -0.01557   -3.40771   -1.03914   -1.95995
          2      11600 1776.89290   -1.03073   -0.02437   -1.03900   -0.01556   -3.40771   -1.03914   -1.95995
          2      11700 1791.85776   -1.03077   -0.02433   -1.03904   -0.01560   -3.40771   -1.03914   -1.95995
          2      11800 1807.21373   -1.03080   -0.02430   -1.03903   -0.01564   -3.40771   -1.03914   -1.95995
          2      11900 1822.15981   -1.03084   -0.02426   -1.03907   -0.01557   -3.40771   -1.03914   -1.95995
          2      12000 1836.99414   -1.03087   -0.02422   -1.03900   -0.01560   -3.40771   -1.03914   -1.95995
          2      12100 1852.39856   -1.03091   -0.02419   -1.03899   -0.01562   -3.40771   -1.03914   -1.95995
          2      12200 1866.93761   -1.03094   -0.02415   -1.03902   -0.01560   -3.40771   -1.03914   -1.95995
          2      12300 1881.30766   -1.03098   -0.02412   -1.03899   -0.01566   -3.40771   -1.03914   -1.95995
          2      12400 1896.86793   -1.03101   -0.02408   -1.03899   -0.01565   -3.40771   -1.03914   -1.95995
          2      12500 1911.71353   -1.03104   -0.02405   -1.03906   -0.01565   -3.40771   -1.03914   -1.95995
          2      12600 1927.32660   -1.03108   -0.02402   -1.03889   -0.01562   -3.40771   -1.03914   -1.95995
          2      12700 1943.03761   -1.03111   -0.02398   -1.03890   -0.01565   -3.40771   -1.03916   -1.95995
          2      12800 1960.38659   -1.03114   -0.02395   -1.03901   -0.01564   -3.40771   -1.03916   -1.95995
          2      12900 1975.55059   -1.03117   -0.02392   -1.03900   -0.01560   -3.40771   -1.03916   -1.95995
          2      13000 1990.57894   -1.03120   -0.02389   -1.03900   -0.01564   -3.40771   -1.03916   -1.95995
          2      13100 2005.87106   -1.03123   -0.02385   -1.03896   -0.01558   -3.40771   -1.03916   -1.95995
          2      13200 2020.37283   -1.03126   -0.02382   -1.03895   -0.01555   -3.40771   -1.03916   -1.95995
          2      13300 2035.27231   -1.03129   -0.02379   -1.03898   -0.01563   -3.40771   -1.03916   -1.95995
          2      13400 2050.30624   -1.03132   -0.02376   -1.03899   -0.01564   -3.40771   -1.03916   -1.95995
          2      13500 2066.99728   -1.03135   -0.02373   -1.03895   -0.01556   -3.40771   -1.03916   -1.95995
          2      13600 2081.98190   -1.03138   -0.02370   -1.03898   -0.01561   -3.40771   -1.03916   -1.95995
          2      13700 2097.53294   -1.03141   -0.02367   -1.03907   -0.01565   -3.40771   -1.03916   -1.95995
          2      13800 2112.76768   -1.03144   -0.02364   -1.03900   -0.01563   -3.40771   -1.03916   -1.95995
          2      13900 2128.18532   -1.03147   -0.02361   -1.03897   -0.01564   -3.40771   -1.03916   -1.95995
          2      14000 2142.99240   -1.03149   -0.02359   -1.03892   -0.01568   -3.40771   -1.03916   -1.95995
          2      14100 2157.65237   -1.03152   -0.02356   -1.03910   -0.01561   -3.40771   -1.03916   -1.95995
          2      14200 2172.93699   -1.03155   -0.02353   -1.03896   -0.01559   -3.40771   -1.03916   -1.95995
          2      14300 2188.50144   -1.03157   -0.02350   -1.03904   -0.01564   -3.40771   -1.03916   -1.95995
          2      14400 2203.55998   -1.03160   -0.02347   -1.03913   -0.01560   -3.40771   -1.03916   -1.95995
          2      14500 2218.77510   -1.03163   -0.02345   -1.03907   -0.01562   -3.40771   -1.03916   -1.95995
          2      14600 2234.22917   -1.03165   -0.02342   -1.03901   -0.01558   -3.40771   -1.03916   -1.95995
          2      14700 2249.73200   -1.03168   -0.02339   -1.03908   -0.01563   -3.40771   -1.03918   -1.95995
          2      14800 2264.61545   -1.03170   -0.02337   -1.03905   -0.01564   -3.40771   -1.03918   -1.95995
          2      14900 2279.79199   -1.03173   -0.02334   -1.03902   -0.01560   -3.40771   -1.03918   -1.95995
          2      15000 2294.46302   -1.03176   -0.02331   -1.03907   -0.01560   -3.40771   -1.03918   -1.95995
          2      15100 2309.44248   -1.03178   -0.02329   -1.03906   -0.01559   -3.40771   -1.03918   -1.95995
          2      15200 2325.24663   -1.03180   -0.02326   -1.03910   -0.01563   -3.40771   -1.03918   -1.95995
          2      15300 2340.02646   -1.03183   -0.02324   -1.03906   -0.01561   -3.40771   -1.03918   -1.95995
          2      15400 2355.28556   -1.03185   -0.02321   -1.03898   -0.01565   -3.40771   -1.03918   -1.95995
          2      15500 2370.59369   -1.03188   -0.02319   -1.03900   -0.01562   -3.40771   -1.03918   -1.95995
          2      15600 2386.20424   -1.03190   -0.02317   -1.03911   -0.01565   -3.40771   -1.03918   -1.95995
          2      15700 2401.26256   -1.03192   -0.02314   -1.03903   -0.01560   -3.40771   -1.03918   -1.95995
          2      15800 2416.26619   -1.03195   -0.02312   -1.03898   -0.01560   -3.40771   -1.03918   -1.95995
          2      15900 2431.94112   -1.03197   -0.02309   -1.03900   -0.01563   -3.40771   -1.03918   -1.95995
          2      16000 2447.44598   -1.03199   -0.02307   -1.03898   -0.01560   -3.40771   -1.03918   -1.95995
          2      16100 2462.63151   -1.03202   -0.02305   -1.03902   -0.01560   -3.40771   -1.03918   -1.95995
          2      16200 2478.40177   -1.03204   -0.02302   -1.03904   -0.01558   -3.40771   -1.03918   -1.95995
          2      16300 2492.95338   -1.03206   -0.02300   -1.03911   -0.01560   -3.40771   -1.03918   -1.95995
          2      16400 2507.67652   -1.03208   -0.02298   -1.03912   -0.01566   -3.40771   -1.03918   -1.95995
          2      16500 2522.99267   -1.03210   -0.02296   -1.03911   -0.01564   -3.40771   -1.03918   -1.95995
          2      16600 2538.05715   -1.03212   -0.02293   -1.03901   -0.01564   -3.40771   -1.03918   -1.95995
          2      16700 2553.76844   -1.03215   -0.02291   -1.03907   -0.01562   -3.40771   -1.03918   -1.95995
          2      16800 2569.03596   -1.03217   -0.02289   -1.03903   -0.01563   -3.40771   -1.03918   -1.95995
          2      16900 2584.61292   -1.03219   -0.02287   -1.03902   -0.01561   -3.40771   -1.03918   -1.95995
          2      17000 2599.55413   -1.03221   -0.02285   -1.03902   -0.01560   -3.40771   -1.03918   -1.95995
          2      17100 2614.25028   -1.03223   -0.02283   -1.03910   -0.01556   -3.40771   -1.03918   -1.95995
          2      17200 2629.45282   -1.03225   -0.02281   -1.03897   -0.01560   -3.40771   -1.03918   -1.95995
          2      17300 2645.04380   -1.03227   -0.02278   -1.03898   -0.01555   -3.40771   -1.03918   -1.95995
          2      17400 2660.20345   -1.03229   -0.02276   -1.03895   -0.01558   -3.40771   -1.03918   -1.95995
          2      17500 2675.44276   -1.03231   -0.02274   -1.03912   -0.01564   -3.40771   -1.03918   -1.95995
          2      17600 2690.75265   -1.03233   -0.02272   -1.03904   -0.01561   -3.40771   -1.03918   -1.95995
          2      17700 2705.56168   -1.03235   -0.02270   -1.03903   -0.01563   -3.40771   -1.03918   -1.95995
          2      17800 2721.05187   -1.03237   -0.02268   -1.03909   -0.01562   -3.40771   -1.03918   -1.95995
          2      17900 2736.38189   -1.03239   -0.02266   -1.03909   -0.01565   -3.40771   -1.03918   -1.95995
          2      18000 2751.51428   -1.03241   -0.02264   -1.03909   -0.01561   -3.40771   -1.03918   -1.95995
          2      18100 2766.29637   -1.03243   -0.02262   -1.03911   -0.01561   -3.40771   -1.03918   -1.95995
          2      18200 2781.48297   -1.03244   -0.02261   -1.03902   -0.01561   -3.40771   -1.03918   -1.95995
          2      18300 2796.38409   -1.03246   -0.02259   -1.03907   -0.01568   -3.40771   -1.03918   -1.95995
          2      18400 2812.04688   -1.03248   -0.02257   -1.03907   -0.01561   -3.40771   -1.03918   -1.95995
          2      18500 2827.13617   -1.03250   -0.02255   -1.03904   -0.01561   -3.40771   -1.03918   -1.95995
          2      18600 2842.15454   -1.03252   -0.02253   -1.03904   -0.01565   -3.40771   -1.03918   -1.95995
          2      18700 2856.33116   -1.03254   -0.02251   -1.03911   -0.01564   -3.40771   -1.03918   -1.95995
          2      18800 2870.99920   -1.03255   -0.02249   -1.03910   -0.01565   -3.40771   -1.03918   -1.95995
          2      18900 2885.93066   -1.03257   -0.02247   -1.03907   -0.01563   -3.40771   -1.03918   -1.95995
          2      19000 2900.80049   -1.03259   -0.02246   -1.03908   -0.01562   -3.40771   -1.03918   -1.95995
          2      19100 2915.64973   -1.03261   -0.02244   -1.03911   -0.01559   -3.40771   -1.03918   -1.95995
          2      19200 2931.04707   -1.03262   -0.02242   -1.03900   -0.01565   -3.40771   -1.03918   -1.95995
          2      19300 2945.71689   -1.03264   -0.02240   -1.03906   -0.01558   -3.40771   -1.03918   -1.95995
          2      19400 2961.45370   -1.03266   -0.02239   -1.03901   -0.01567   -3.40771   -1.03918   -1.95995
          2      19500 2976.88620   -1.03267   -0.02237   -1.03911   -0.01563   -3.40771   -1.03918   -1.95995
          2      19600 2991.69189   -1.03269   -0.02235   -1.03901   -0.01564   -3.40771   -1.03918   -1.95995
          2      19700 3006.15088   -1.03271   -0.02233   -1.03908   -0.01562   -3.40771   -1.03918   -1.95995
          2      19800 3021.15720   -1.03272   -0.02232   -1.03909   -0.01564   -3.40771   -1.03918   -1.95995
          2      19900 3035.58387   -1.03274   -0.02230   -1.03905   -0.01560   -3.40771   -1.03918   -1.95995
          2      20000 3052.35463   -1.03276   -0.02228   -1.03906   -0.01562   -3.40771   -1.03918   -1.95995
          2      20100 3067.87795   -1.03277   -0.02227   -1.03899   -0.01564   -3.40771   -1.03918   -1.95995
          2      20200 3083.04423   -1.03279   -0.02225   -1.03907   -0.01561   -3.40771   -1.03918   -1.95995
          2      20300 3098.11926   -1.03280   -0.02223   -1.03908   -0.01568   -3.40771   -1.03918   -1.95995
          2      20400 3113.07958   -1.03282   -0.02222   -1.03912   -0.01562   -3.40771   -1.03918   -1.95995
          2      20500 3128.38185   -1.03284   -0.02220   -1.03909   -0.01559   -3.40771   -1.03918   -1.95995
          2      20600 3143.34164   -1.03285   -0.02219   -1.03907   -0.01562   -3.40771   -1.03918   -1.95995
          2      20700 3159.45140   -1.03287   -0.02217   -1.03905   -0.01565   -3.40771   -1.03918   -1.95995
          2      20800 3174.16363   -1.03288   -0.02215   -1.03914   -0.01563   -3.40771   -1.03918   -1.95995
          2      20900 3188.56878   -1.03290   -0.02214   -1.03908   -0.01564   -3.40771   -1.03918   -1.95995
          2      21000 3203.94368   -1.03291   -0.02212   -1.03901   -0.01562   -3.40771   -1.03918   -1.95995
          2      21100 3218.87851   -1.03293   -0.02211   -1.03906   -0.01562   -3.40771   -1.03918   -1.95995
          2      21200 3234.21019   -1.03294   -0.02209   -1.03911   -0.01559   -3.40771   -1.03918   -1.95995
          2      21300 3249.56262   -1.03296   -0.02208   -1.03900   -0.01563   -3.40771   -1.03918   -1.95995
          2      21400 3265.04509   -1.03297   -0.02206   -1.03905   -0.01565   -3.40771   -1.03918   -1.95995
          2      21500 3280.08862   -1.03299   -0.02205   -1.03910   -0.01564   -3.40771   -1.03918   -1.95995
          2      21600 3294.72044   -1.03300   -0.02203   -1.03914   -0.01565   -3.40771   -1.03918   -1.95995
          2      21700 3309.52419   -1.03301   -0.02202   -1.03913   -0.01562   -3.40771   -1.03918   -1.95995
          2      21800 3324.23136   -1.03303   -0.02200   -1.03907   -0.01562   -3.40771   -1.03918   -1.95995
          2      21900 3339.90589   -1.03304   -0.02199   -1.03899   -0.01562   -3.40771   -1.03918   -1.95995
          2      22000 3353.91049   -1.03306   -0.02197   -1.03904   -0.01560   -3.40771   -1.03918   -1.95995
          2      22100 3369.06591   -1.03307   -0.02196   -1.03909   -0.01564   -3.40771   -1.03918   -1.95995
          2      22200 3384.43182   -1.03309   -0.02194   -1.03905   -0.01561   -3.40771   -1.03918   -1.95995
          2      22300 3399.89590   -1.03310   -0.02193   -1.03905   -0.01565   -3.40771   -1.03918   -1.95995
          2      22400 3415.50599   -1.03311   -0.02192   -1.03911   -0.01564   -3.40771   -1.03918   -1.95995
          2      22500 3430.11900   -1.03313   -0.02190   -1.03898   -0.01568   -3.40771   -1.03918   -1.95995
          2      22600 3445.34573   -1.03314   -0.02189   -1.03908   -0.01562   -3.40771   -1.03918   -1.95995
          2      22700 3460.34045   -1.03315   -0.02187   -1.03913   -0.01561   -3.40771   -1.03918   -1.95995
          2      22800 3475.89246   -1.03317   -0.02186   -1.03905   -0.01565   -3.40771   -1.03918   -1.95995
          2      22900 3491.27950   -1.03318   -0.02185   -1.03910   -0.01564   -3.40771   -1.03918   -1.95995
          2      23000 3506.22290   -1.03319   -0.02183   -1.03912   -0.01558   -3.40771   -1.03918   -1.95995
          2      23100 3520.60224   -1.03321   -0.02182   -1.03902   -0.01567   -3.40771   -1.03921   -1.95995
          2      23200 3535.85520   -1.03322   -0.02181   -1.03910   -0.01560   -3.40771   -1.03921   -1.95995
          2      23300 3550.51962   -1.03323   -0.02179   -1.03912   -0.01561   -3.40771   -1.03921   -1.95995
          2      23400 3565.57347   -1.03324   -0.02178   -1.03910   -0.01560   -3.40771   -1.03921   -1.95995
          2      23500 3580.27682   -1.03326   -0.02177   -1.03906   -0.01563   -3.40771   -1.03921   -1.95995
          2      23600 3594.84908   -1.03327   -0.02175   -1.03907   -0.01560   -3.40771   -1.03921   -1.95995
          2      23632 3600.11518   -1.03327   -0.02175   -1.03905   -0.01566   -3.40771   -1.03921   -1.95995
