          1          0    0.00000   -0.21390    0.36192   -0.21390    0.36192   -4.49998    4.49998    0.00000
          1         17    0.68251   -0.10035   -0.03041   -0.03666   -0.05226   -4.49998   -0.03666    0.00000
          2          0    0.68251   -0.07320   -0.05608   -0.03666   -0.05226   -4.49998   -0.03666   -2.26832
          2        100    4.74796   -0.47820    0.54476   -0.50825    0.86344   -4.49998   -0.03666   -2.26832
          2        200    8.88285   -0.50081    0.60333   -0.52068    0.85974   -4.49998   -0.03666   -2.26832
          2        300   12.78022   -0.50933    0.65334   -0.52537    0.85836   -4.49998   -0.03666   -2.26832
          2        400   16.25751   -0.51395    0.68369   -0.52792    0.85757   -4.49998   -0.03666   -2.26832
          2        500   19.98878   -0.51690    0.70426   -0.52957    0.85702   -4.49998   -0.03666   -2.26832
          2        600   23.71469   -0.51897    0.71929   -0.53072    0.85661   -4.49998   -0.03666   -2.26832
          2        700   27.49598   -0.52052    0.73086   -0.53159    0.85628   -4.49998   -0.03666   -2.26832
          2        800   31.06904   -0.52173    0.74008   -0.53227    0.85601   -4.49998   -0.03666   -2.26832
          2        900   34.41922   -0.52270    0.74765   -0.53282    0.85578   -4.49998   -0.03666   -2.26832
          2       1000   37.68527   -0.52351    0.75399   -0.53328    0.85558   -4.49998   -0.03666   -2.26832
          2       1100   41.85527   -0.52419    0.75939   -0.53367    0.85541   -4.49998   -0.03666   -2.26832
          2       1200   45.82180   -0.52477    0.76407   -0.53400    0.85525   -4.49998   -0.03666   -2.26832
          2       1300   49.36835   -0.52527    0.76816   -0.53428    0.85511   -4.49998   -0.03666   -2.26832
          2       1400   52.46442   -0.52571    0.77177   -0.53454    0.85498   -4.49998   -0.03666   -2.26832
          2       1500   55.99344   -0.52611    0.77500   -0.53476    0.85486   -4.49998   -0.03666   -2.26832
          2       1600   59.37759   -0.52646    0.77789   -0.53496    0.85476   -4.49998   -0.03666   -2.26832
          2       1700   62.79543   -0.52677    0.78051   -0.53514    0.85466   -4.49998   -0.03666   -2.26832
          2       1800   65.98695   -0.52706    0.78289   -0.53531    0.85456   -4.49998   -0.03666   -2.26832
          2       1900   69.39571   -0.52732    0.78507   -0.53546    0.85448   -4.49998   -0.03666   -2.26832
          2       2000   72.74381   -0.52756    0.78707   -0.53560    0.85440   -4.49998   -0.03666   -2.26832
          2       2100   76.14293   -0.52778    0.78892   -0.53572    0.85432   -4.49998   -0.03666   -2.26832
          2       2200   79.59788   -0.52799    0.79063   -0.53584    0.85425   -4.49998   -0.03666   -2.26832
          2       2300   82.86017   -0.52817    0.79221   -0.53595    0.85419   -4.49998   -0.03666   -2.26832
          2       2400   86.48407   -0.52835    0.79370   -0.53605    0.85412   -4.49998   -0.03666   -2.26832
          2       2500   90.26848   -0.52851    0.79508   -0.53614    0.85406   -4.49998   -0.03666   -2.26832
          2       2600   93.51741   -0.52867    0.79638   -0.53623    0.85401   -4.49998   -0.03666   -2.26832
          2       2700   97.49694   -0.52881    0.79760   -0.53631    0.85395   -4.49998   -0.03666   -2.26832
          2       2800  101.34273   -0.52895    0.79875   -0.53639    0.85390   -4.49998   -0.03666   -2.26832
          2       2900  104.57967   -0.52907    0.79983   -0.53647    0.85385   -4.49998   -0.03666   -2.26832
          2       3000  108.34661   -0.52920    0.80086   -0.53654    0.85380   -4.49998   -0.03666   -2.26832
          2       3100  111.96202   -0.52931    0.80183   -0.53660    0.85376   -4.49998   -0.03666   -2.26832
          2       3200  115.51781   -0.52942    0.80275   -0.53666    0.85372   -4.49998   -0.03666   -2.26832
          2       3300  118.95713   -0.52952    0.80363   -0.53672    0.85367   -4.49998   -0.03666   -2.26832
          2       3400  122.53415   -0.52962    0.80446   -0.53678    0.85363   -4.49998   -0.03666   -2.26832
          2       3500  126.05682   -0.52971    0.80526   -0.53683    0.85359   -4.49998   -0.03666   -2.26832
          2       3600  129.65723   -0.52982    0.80602   -0.53595    0.85344   -4.49998   -0.03666   -2.26832
          2       3700  133.12229   -0.52993    0.80676   -0.53556    0.85322   -4.49998   -0.03666   -2.26832
          2       3800  137.05219   -0.53003    0.80746   -0.53635    0.85341   -4.49998   -0.03666   -2.26832
          2       3900  140.42813   -0.53013    0.80813   -0.53681    0.85338   -4.49998   -0.03666   -2.26832
          2       4000  144.04685   -0.53023    0.80877   -0.53265    0.84838   -4.49998   -0.03666   -2.26832
          2       4100  147.68482   -0.53032    0.80939   -0.53124    0.84887   -4.49998   -0.03666   -2.26832
          2       4200  151.08102   -0.53042    0.80999   -0.53576    0.85297   -4.49998   -0.03666   -2.26832
          2       4300  154.51993   -0.53051    0.81056   -0.53388    0.84805   -4.49998   -0.03666   -2.26832
          2       4400  158.15598   -0.53059    0.81111   -0.52991    0.85336   -4.49998   -0.03666   -2.26832
          2       4500  161.89999   -0.53067    0.81164   -0.53679    0.85317   -4.49998   -0.03666   -2.26832
          2       4600  165.77612   -0.53075    0.81215   -0.53185    0.84898   -4.49998   -0.03666   -2.26832
          2       4700  169.69539   -0.53083    0.81265   -0.53664    0.85306   -4.49998   -0.03666   -2.26832
          2       4800  173.43917   -0.53091    0.81312   -0.53185    0.84903   -4.49998   -0.03666   -2.26832
          2       4900  176.98204   -0.53098    0.81358   -0.53681    0.85303   -4.49998   -0.03666   -2.26832
          2       5000  180.68913   -0.53105    0.81403   -0.53024    0.85335   -4.49998   -0.03666   -2.26832
          2       5100  184.24750   -0.53113    0.81446   -0.53422    0.84823   -4.49998   -0.03666   -2.26832
          2       5200  187.83309   -0.53119    0.81488   -0.53544    0.85234   -4.49998   -0.03666   -2.26832
          2       5300  191.26400   -0.53126    0.81529   -0.53245    0.84899   -4.49998   -0.03666   -2.26832
          2       5400  195.51779   -0.53132    0.81568   -0.53694    0.85289   -4.49998   -0.03666   -2.26832
          2       5500  199.45809   -0.53138    0.81606   -0.53353    0.85181   -4.49998   -0.03666   -2.26832
          2       5600  203.37092   -0.53144    0.81643   -0.53274    0.84894   -4.49998   -0.03666   -2.26832
          2       5700  207.49265   -0.53150    0.81679   -0.53534    0.84871   -4.49998   -0.03666   -2.26832
          2       5800  211.39964   -0.53156    0.81714   -0.53590    0.85231   -4.49998   -0.03666   -2.26832
          2       5900  215.68661   -0.53161    0.81748   -0.53066    0.85334   -4.49998   -0.03666   -2.26832
          2       6000  219.07611   -0.53167    0.81781   -0.53354    0.84866   -4.49998   -0.03666   -2.26832
          2       6100  222.25657   -0.53172    0.81813   -0.53696    0.85268   -4.49998   -0.03666   -2.26832
          2       6200  225.90689   -0.53177    0.81844   -0.53486    0.85183   -4.49998   -0.03666   -2.26832
          2       6300  229.46407   -0.53182    0.81875   -0.53083    0.85322   -4.49998   -0.03666   -2.26832
          2       6400  233.49992   -0.53187    0.81904   -0.53302    0.84901   -4.49998   -0.03666   -2.26832
          2       6500  237.19525   -0.53192    0.81933   -0.53397    0.84857   -4.49998   -0.03666   -2.26832
          2       6600  241.15854   -0.53197    0.81962   -0.53553    0.84890   -4.49998   -0.03666   -2.26832
          2       6700  245.09395   -0.53201    0.81989   -0.53675    0.85241   -4.49998   -0.03666   -2.26832
          2       6800  248.68107   -0.53206    0.82016   -0.53577    0.85194   -4.49998   -0.03666   -2.26832
          2       6900  252.22650   -0.53210    0.82042   -0.53391    0.85162   -4.49998   -0.03666   -2.26832
          2       7000  255.45678   -0.53214    0.82068   -0.53277    0.84927   -4.49998   -0.03666   -2.26832
          2       7100  258.77748   -0.53218    0.82093   -0.53340    0.84897   -4.49998   -0.03666   -2.26832
          2       7200  261.92636   -0.53223    0.82117   -0.53444    0.84859   -4.49998   -0.03666   -2.26832
          2       7300  266.01949   -0.53226    0.82141   -0.53617    0.84990   -4.49998   -0.03666   -2.26832
          2       7400  269.61541   -0.53230    0.82165   -0.53666    0.85219   -4.49998   -0.03666   -2.26832
          2       7500  273.76654   -0.53234    0.82187   -0.53589    0.85183   -4.49998   -0.03666   -2.26832
          2       7600  277.58419   -0.53238    0.82210   -0.53553    0.85165   -4.49998   -0.03666   -2.26832
          2       7700  281.26799   -0.53242    0.82232   -0.53554    0.85163   -4.49998   -0.03666   -2.26832
          2       7800  285.40140   -0.53245    0.82253   -0.53555    0.85162   -4.49998   -0.03666   -2.26832
          2       7900  289.57689   -0.53249    0.82274   -0.53557    0.85160   -4.49998   -0.03666   -2.26832
          2       8000  292.87199   -0.53252    0.82295   -0.53558    0.85159   -4.49998   -0.03666   -2.26832
          2       8100  296.40932   -0.53256    0.82315   -0.53560    0.85158   -4.49998   -0.03666   -2.26832
          2       8200  299.79925   -0.53259    0.82334   -0.53561    0.85157   -4.49998   -0.03666   -2.26832
          2       8300  303.04375   -0.53262    0.82354   -0.53563    0.85156   -4.49998   -0.03666   -2.26832
          2       8400  306.43469   -0.53265    0.82373   -0.53564    0.85155   -4.49998   -0.03666   -2.26832
          2       8500  310.16328   -0.53269    0.82391   -0.53566    0.85154   -4.49998   -0.03666   -2.26832
          2       8600  314.28759   -0.53272    0.82410   -0.53567    0.85153   -4.49998   -0.03666   -2.26832
          2       8700  317.51082   -0.53275    0.82427   -0.53569    0.85152   -4.49998   -0.03666   -2.26832
          2       8800  320.89520   -0.53278    0.82445   -0.53570    0.85151   -4.49998   -0.03666   -2.26832
          2       8900  324.10481   -0.53281    0.82462   -0.53571    0.85150   -4.49998   -0.03666   -2.26832
          2       9000  327.86068   -0.53283    0.82479   -0.53573    0.85149   -4.49998   -0.03666   -2.26832
          2       9100  331.29907   -0.53286    0.82496   -0.53574    0.85148   -4.49998   -0.03666   -2.26832
          2       9200  334.73292   -0.53289    0.82512   -0.53575    0.85147   -4.49998   -0.03666   -2.26832
          2       9300  338.23870   -0.53292    0.82528   -0.53577    0.85146   -4.49998   -0.03666   -2.26832
          2       9400  341.81120   -0.53294    0.82544   -0.53578    0.85145   -4.49998   -0.03666   -2.26832
          2       9500  344.94475   -0.53297    0.82559   -0.53579    0.85144   -4.49998   -0.03666   -2.26832
          2       9600  348.61513   -0.53299    0.82575   -0.53613    0.85152   -4.49998   -0.03666   -2.26832
          2       9700  351.74081   -0.53302    0.82589   -0.53668    0.85172   -4.49998   -0.03666   -2.26832
          2       9800  355.32552   -0.53304    0.82604   -0.53707    0.85191   -4.49998   -0.03666   -2.26832
          2       9900  358.85607   -0.53307    0.82619   -0.53596    0.84924   -4.49998   -0.03666   -2.26832
          2      10000  362.57447   -0.53309    0.82633   -0.53465    0.84877   -4.49998   -0.03666   -2.26832
          2      10100  366.30494   -0.53312    0.82647   -0.53384    0.84915   -4.49998   -0.03666   -2.26832
          2      10200  370.01832   -0.53314    0.82661   -0.53383    0.85142   -4.49998   -0.03666   -2.26832
          2      10300  373.59592   -0.53317    0.82674   -0.53583    0.85129   -4.49998   -0.03666   -2.26832
          2      10400  377.58622   -0.53319    0.82687   -0.53693    0.85171   -4.49998   -0.03666   -2.26832
          2      10500  381.13406   -0.53321    0.82701   -0.53562    0.84893   -4.49998   -0.03666   -2.26832
          2      10600  384.64396   -0.53323    0.82713   -0.53449    0.84888   -4.49998   -0.03666   -2.26832
          2      10700  388.59543   -0.53325    0.82726   -0.53378    0.84926   -4.49998   -0.03666   -2.26832
          2      10800  392.14643   -0.53328    0.82739   -0.53455    0.85121   -4.49998   -0.03666   -2.26832
          2      10900  395.70220   -0.53330    0.82751   -0.53622    0.85134   -4.49998   -0.03666   -2.26832
          2      11000  399.11166   -0.53332    0.82763   -0.53707    0.85174   -4.49998   -0.03666   -2.26832
          2      11100  403.80490   -0.53334    0.82775   -0.53534    0.84884   -4.49998   -0.03666   -2.26832
          2      11200  407.69287   -0.53336    0.82787   -0.53435    0.84900   -4.49998   -0.03666   -2.26832
          2      11300  411.17477   -0.53338    0.82799   -0.53229    0.85264   -4.49998   -0.03666   -2.26832
          2      11400  414.71230   -0.53340    0.82810   -0.53514    0.85113   -4.49998   -0.03666   -2.26832
          2      11500  418.61665   -0.53342    0.82821   -0.53655    0.85139   -4.49998   -0.03666   -2.26832
          2      11600  422.30414   -0.53344    0.82833   -0.53650    0.85008   -4.49998   -0.03666   -2.26832
          2      11700  426.12205   -0.53346    0.82844   -0.53510    0.84885   -4.49998   -0.03666   -2.26832
          2      11800  429.44581   -0.53348    0.82854   -0.53424    0.84911   -4.49998   -0.03666   -2.26832
          2      11900  433.06979   -0.53349    0.82865   -0.53339    0.85179   -4.49998   -0.03666   -2.26832
          2      12000  436.44797   -0.53351    0.82876   -0.53563    0.85112   -4.49998   -0.03666   -2.26832
          2      12100  439.90937   -0.53353    0.82886   -0.53683    0.85145   -4.49998   -0.03666   -2.26832
          2      12200  443.73172   -0.53355    0.82896   -0.53610    0.84943   -4.49998   -0.03666   -2.26832
          2      12300  447.42542   -0.53356    0.82906   -0.53490    0.84890   -4.49998   -0.03666   -2.26832
          2      12400  451.51246   -0.53358    0.82916   -0.53414    0.84922   -4.49998   -0.03666   -2.26832
          2      12500  455.68124   -0.53360    0.82926   -0.53420    0.85136   -4.49998   -0.03666   -2.26832
          2      12600  459.61097   -0.53361    0.82936   -0.53604    0.85114   -4.49998   -0.03666   -2.26832
          2      12700  463.18232   -0.53363    0.82946   -0.53708    0.85150   -4.49998   -0.03666   -2.26832
          2      12800  466.88463   -0.53365    0.82955   -0.53577    0.84913   -4.49998   -0.03666   -2.26832
          2      12900  470.18053   -0.53366    0.82964   -0.53473    0.84899   -4.49998   -0.03666   -2.26832
          2      13000  473.95395   -0.53368    0.82974   -0.53406    0.84932   -4.49998   -0.03666   -2.26832
          2      13100  478.04498   -0.53369    0.82983   -0.53485    0.85115   -4.49998   -0.03666   -2.26832
          2      13200  482.22147   -0.53371    0.82992   -0.53640    0.85119   -4.49998   -0.03666   -2.26832
          2      13300  485.93579   -0.53372    0.83001   -0.53704    0.85154   -4.49998   -0.03666   -2.26832
          2      13400  489.82339   -0.53374    0.83010   -0.53550    0.84901   -4.49998   -0.03666   -2.26832
          2      13500  493.56893   -0.53375    0.83018   -0.53458    0.84908   -4.49998   -0.03666   -2.26832
          2      13600  497.13627   -0.53377    0.83027   -0.53365    0.85170   -4.49998   -0.03666   -2.26832
          2      13700  500.76628   -0.53378    0.83035   -0.53612    0.85108   -4.49998   -0.03666   -2.26832
          2      13800  504.62544   -0.53380    0.83044   -0.53657    0.85013   -4.49998   -0.03666   -2.26832
          2      13900  507.93436   -0.53381    0.83052   -0.53485    0.84894   -4.49998   -0.03666   -2.26832
          2      14000  511.38762   -0.53383    0.83060   -0.53370    0.85168   -4.49998   -0.03666   -2.26832
          2      14100  514.90992   -0.53384    0.83068   -0.53644    0.85111   -4.49998   -0.03666   -2.26832
          2      14200  518.96801   -0.53385    0.83076   -0.53590    0.84909   -4.49998   -0.03666   -2.26832
          2      14300  522.65530   -0.53387    0.83084   -0.53451    0.84912   -4.49998   -0.03666   -2.26832
          2      14400  526.65515   -0.53388    0.83092   -0.53496    0.85107   -4.49998   -0.03666   -2.26832
          2      14500  530.45023   -0.53389    0.83100   -0.53696    0.85126   -4.49998   -0.03666   -2.26832
          2      14600  534.15533   -0.53391    0.83107   -0.53536    0.84890   -4.49998   -0.03666   -2.26832
          2      14700  537.68570   -0.53392    0.83115   -0.53425    0.84930   -4.49998   -0.03666   -2.26832
          2      14800  541.82260   -0.53393    0.83122   -0.53613    0.85094   -4.49998   -0.03666   -2.26832
          2      14900  545.73878   -0.53395    0.83130   -0.53622    0.84953   -4.49998   -0.03666   -2.26832
          2      15000  549.37728   -0.53396    0.83137   -0.53457    0.84913   -4.49998   -0.03666   -2.26832
          2      15100  553.07826   -0.53397    0.83144   -0.53580    0.85089   -4.49998   -0.03666   -2.26832
          2      15200  556.66285   -0.53399    0.83151   -0.53596    0.84909   -4.49998   -0.03666   -2.26832
          2      15300  560.16981   -0.53400    0.83159   -0.53290    0.85216   -4.49998   -0.03666   -2.26832
          2      15400  563.59345   -0.53401    0.83165   -0.53671    0.85104   -4.49998   -0.03666   -2.26832
          2      15500  568.32534   -0.53402    0.83172   -0.53520    0.84891   -4.49998   -0.03666   -2.26832
          2      15600  571.91179   -0.53403    0.83179   -0.53497    0.85091   -4.49998   -0.03666   -2.26832
          2      15700  576.42355   -0.53405    0.83186   -0.53668    0.85002   -4.49998   -0.03666   -2.26832
          2      15800  580.39402   -0.53406    0.83193   -0.53464    0.84912   -4.49998   -0.03666   -2.26832
          2      15900  583.46611   -0.53407    0.83199   -0.53617    0.85086   -4.49998   -0.03666   -2.26832
          2      16000  587.04439   -0.53408    0.83206   -0.53571    0.84898   -4.49998   -0.03666   -2.26832
          2      16100  590.44103   -0.53409    0.83212   -0.53385    0.85145   -4.49998   -0.03666   -2.26832
          2      16200  593.97982   -0.53410    0.83219   -0.53698    0.85109   -4.49998   -0.03666   -2.26832
          2      16300  597.94041   -0.53412    0.83225   -0.53504    0.84898   -4.49998   -0.03666   -2.26832
          2      16360  600.01883   -0.53412    0.83229   -0.53586    0.85081   -4.49998   -0.03666   -2.26832
