 5503796543421111
       1517
 3601.80584
   16.30872
   -1.00676
   -0.02214
   -1.01563
   -0.00541

    0.03921
    0.04947
   -0.06929
   -0.02904
    0.02601
    0.02029
    0.03946
   -0.01576
   -0.01468
    0.03722
   -0.03003
   -0.05614
   -0.03863
   -0.00687
   -0.01092
   -0.03713
    0.02683
   -0.04962
   -0.01121
    0.03511
    0.00636
    0.04161
    0.05876
    0.02710
   -0.03827
    0.02869
    0.01954
   -0.06791
    0.03542
    0.04098
    0.04593
   -0.05000
    0.02466
    0.01606
   -0.04145
    0.04556
    0.07686
    0.03418
    0.01225
   -0.02592
    0.04507
   -0.02644
    0.02406
   -0.03739
   -0.06254
    0.00395
    0.02865
   -0.00545
   -0.05423
    0.00281
   -0.00095
    0.04490
    0.07223
    0.06586
    0.00857
    0.04308
    0.05980
    0.03828
   -0.04844
    0.05471
    0.06166
   -0.02323
    0.04717
    0.01107
   -0.00206
    0.04852
    0.01148
   -0.03972
    0.02895
    0.05607
   -0.03375
   -0.03954
    0.03820
   -0.04818
    0.05599
    0.03987
   -0.00357
   -0.05372
   -0.05704
   -0.00286
   -0.02605
   -0.00443
    0.03674
   -0.02136
    0.04468
    0.04805
    0.00830
   -0.06080
   -0.06677
   -0.06755
    0.02040
   -0.06967
    0.03512
    0.05026
   -0.03386
   -0.03610
   -0.02000
   -0.06583
   -0.03663
   -0.01797
    0.01606
   -0.04638
    0.08202
   -0.00726
    0.02458
   -0.00575
    0.03832
    0.05889
   -0.06813
   -0.05978
   -0.01359
    0.04640
   -0.04810
    0.06949
    0.06331
   -0.05389
    0.02975
   -0.03353
   -0.02734
   -0.00639
   -0.03579
    0.06173
   -0.00396
   -0.04305
    0.05702
    0.00409
   -0.02917
    0.01560
    0.03217
   -0.05571
    0.02370
   -0.04509
    0.04603
    0.04805
   -0.02303
    0.02912
    0.03892
   -0.00271
    0.04729
   -0.03593
    0.04648
    0.06037
   -0.00116
   -0.02504
    0.04553
    0.06056
    0.05919
   -0.06488
   -0.02952
    0.04648
    0.03740
   -0.03283
    0.04525
    0.00056
    0.03885
   -0.03011
   -0.02546
   -0.06162
   -0.00569
   -0.02491
   -0.02678
    0.02069
    0.04799
   -0.00074
    0.00740
   -0.05953
   -0.04997
    0.05057
   -0.00382
    0.01413
   -0.02001
    0.05262
   -0.01306
   -0.06124
    0.02476
   -0.06490
    0.02176
    0.01122
    0.03231
    0.04789
   -0.00454
   -0.05196
    0.03273
    0.07038
   -0.04689
   -0.05684
    0.04834
    0.03264
    0.05129
   -0.04403
   -0.05587
    0.00473
   -0.01935
   -0.01879
   -0.04385
    0.05640
   -0.03433
   -0.01009
    0.00439
    0.01959
   -0.02447
    0.06113
   -0.04403
   -0.00263
    0.05327
    0.05489
    0.01753
    0.06285
    0.00735
   -0.05974
    0.02073
   -0.02500
   -0.00453
    0.05826
    0.04788
   -0.03466
   -0.01447
   -0.00301
    0.02558
    0.04503
   -0.04157
   -0.01931
    0.07075
    0.06564
    0.03648
   -0.04815
    0.03295
    0.01268
    0.03531
   -0.03973
    0.06406
   -0.02538
    0.05532
   -0.05083
   -0.07218
   -0.05464
   -0.05272
   -0.00955
   -0.07700
    0.04131
   -0.05106
   -0.04744
   -0.01845
    0.05244
    0.06877
    0.01622
    0.05858
   -0.04834
   -0.04229
   -0.04939
    0.05849
   -0.01356
   -0.06487
    0.01044
   -0.02598
    0.07189
   -0.07219
    0.00083
   -0.03457
   -0.04291
    0.04262
   -0.02888
   -0.01500
   -0.05505
    0.07151
   -0.03768
   -0.05490
    0.06426
    0.07136
   -0.06599
   -0.02857
    0.00083
   -0.05094
    0.06420
    0.05535
   -0.00078
    0.04371
   -0.06129
    0.00844
   -0.04068
    0.05931
    0.01243
   -0.02091
   -0.03641
    0.01064
   -0.02568
   -0.05625
    0.03473
    0.02923
   -0.04825
    0.06869
   -0.01785
   -0.00785
   -0.04778
   -0.00146
    0.00466
    0.04886
    0.06347
   -0.04216
    0.00353
   -0.01740
   -0.05986
   -0.04938
    0.04171
    0.01141
   -0.00218
    0.00327
   -0.04724
   -0.02208
   -0.07082
    0.03703
   -0.01160
    0.05111
   -0.02839
    0.00643
   -0.02992
    0.01722
    0.02579
    0.04239
   -0.00960
    0.02865
    0.01325
   -0.01253
    0.00609
    0.02484
   -0.05853
   -0.03225
   -0.00056
    0.03200
    0.05132
   -0.03143
    0.01867
   -0.02667
   -0.07545
    0.04001
   -0.03654
    0.06042
   -0.01234
   -0.01852
    0.05182
    0.00228
   -0.03912
   -0.01103
   -0.05286
   -0.01627
   -0.02687
   -0.05725
   -0.01727
   -0.00196
   -0.03336
   -0.02947
   -0.05775
    0.03914
   -0.00702
    0.00386
    0.01170
    0.00135
   -0.02671
    0.06989
   -0.05718
    0.01577
   -0.03373
   -0.01260
    0.02987
    0.01675
   -0.03533
   -0.01913
    0.02672
   -0.05544
   -0.04803
   -0.02532
   -0.05618
    0.00093
    0.00774
    0.01614
    0.04118
   -0.00395
   -0.04093
   -0.01696
   -0.02893
    0.00088
   -0.04564
   -0.01178
   -0.01913
   -0.03914
    0.02633
   -0.08072
   -0.06405
   -0.04222
    0.06160
    0.04294
    0.05918
   -0.00355
    0.05107
   -0.02981
   -0.02318
    0.04753
    0.00265
   -0.04441
    0.04360
    0.05583
    0.02561
   -0.02974
   -0.05126
    0.01952
   -0.02386
   -0.05617
    0.06395
    0.02427
   -0.03633
    0.02908
   -0.04593
   -0.05670
    0.06553
    0.03317
   -0.02096
    0.00630
   -0.05225
   -0.04954
    0.02230
    0.04470
   -0.01296
   -0.00536
    0.03275
    0.01969
    0.03837
   -0.05708
    0.02562
   -0.03734
    0.05229
   -0.03401
    0.04704
    0.03635
    0.00909
   -0.04289
   -0.00140
   -0.02524
    0.02763
   -0.02674
   -0.00187
   -0.01063
   -0.04556
   -0.03805
   -0.04395
    0.03812
   -0.06017
   -0.05433
   -0.03820
    0.02777
   -0.04722
   -0.01347
    0.05369
    0.08045
    0.03751
    0.01497
   -0.00138
    0.03709
   -0.06166
    0.04052
   -0.02139
   -0.05743
   -0.06231
    0.03413
    0.03716
   -0.00106
   -0.00267
   -0.06191
    0.03790
   -0.00179
   -0.03073
   -0.01134
   -0.00984
    0.04901
   -0.02878
    0.05546
    0.07322
   -0.04100
   -0.01942
    0.00178
   -0.05687
    0.01400
   -0.04302
   -0.04887
   -0.06730
    0.03905
    0.00224
   -0.04777
   -0.03801
   -0.06624
   -0.05313
    0.06222
    0.01739
    0.05190
   -0.04876
   -0.01793
   -0.07037
    0.01469
   -0.04206
   -0.00595
   -0.00985
   -0.02537
    0.05719
    0.07348
    0.05150
    0.00632
    0.01700
    0.03876
   -0.06223
   -0.04953
    0.01746
   -0.06012
   -0.06413
    0.05425
   -0.01749
   -0.00182
   -0.02012
   -0.03248
   -0.02094
   -0.04971
   -0.00417
   -0.04545
    0.01680
    0.03578
   -0.01649
   -0.05772
    0.00130
   -0.04933
    0.02421
   -0.01614
   -0.03417
    0.03330
    0.03659
    0.05699
    0.06304
   -0.04522
    0.01621
    0.00444
    0.00518
   -0.02786
   -0.04956
   -0.04649
   -0.03253
   -0.02349
   -0.05536
    0.07081
    0.04933
    0.01825
   -0.01400
   -0.05343
   -0.05469
   -0.03560
    0.05777
    0.06215
    0.02746
   -0.03042
   -0.00470
   -0.04173
   -0.01208
   -0.03311
    0.06118
   -0.00700
   -0.03010
   -0.01289
    0.01211
   -0.06216
    0.03142
   -0.02325
   -0.03801
   -0.03454
   -0.06666
    0.01495
   -0.06348
   -0.06473
   -0.01976
   -0.01315
    0.03499
    0.04987
   -0.02867
    0.04113
    0.02857
   -0.01950
    0.00894
    0.01400
    0.01660
    0.02605
    0.03033
   -0.06666
   -0.01567
    0.06159
    0.05201
    0.00284
    0.00266
   -0.07105
   -0.03598
    0.01003
    0.02994
    0.03920
    0.03828
    0.05103
   -0.00001

    0.04011
    0.04845
   -0.07074
   -0.02960
    0.02664
    0.01857
    0.03857
   -0.01746
   -0.01697
    0.03813
   -0.03063
   -0.05601
   -0.03934
   -0.00578
   -0.00991
   -0.03856
    0.02594
   -0.05286
   -0.01039
    0.03417
    0.00589
    0.04205
    0.06076
    0.02944
   -0.03853
    0.02899
    0.01841
   -0.06873
    0.03350
    0.04005
    0.04756
   -0.04885
    0.02311
    0.01497
   -0.04306
    0.04613
    0.07649
    0.03359
    0.01377
   -0.02489
    0.04714
   -0.02712
    0.02470
   -0.03872
   -0.05976
    0.00305
    0.03094
   -0.00483
   -0.05365
    0.00355
   -0.00101
    0.04630
    0.07019
    0.06744
    0.00741
    0.04419
    0.06085
    0.04083
   -0.05004
    0.05474
    0.06069
   -0.02466
    0.04763
    0.01284
   -0.00204
    0.04992
    0.01005
   -0.04149
    0.02770
    0.05507
   -0.03231
   -0.03837
    0.03699
   -0.04760
    0.05648
    0.03747
   -0.00409
   -0.05516
   -0.05770
   -0.00363
   -0.02715
   -0.00400
    0.03567
   -0.02232
    0.04594
    0.04882
    0.00847
   -0.06324
   -0.06832
   -0.06699
    0.02057
   -0.06758
    0.03636
    0.04945
   -0.03330
   -0.03590
   -0.01755
   -0.06681
   -0.03817
   -0.01772
    0.01521
   -0.04888
    0.08026
   -0.00870
    0.02622
   -0.00349
    0.03980
    0.05837
   -0.06895
   -0.06113
   -0.01445
    0.04644
   -0.05069
    0.06830
    0.06496
   -0.05576
    0.03061
   -0.03225
   -0.02862
   -0.00640
   -0.03646
    0.06026
   -0.00293
   -0.04317
    0.05935
    0.00285
   -0.03108
    0.01321
    0.03188
   -0.05726
    0.02395
   -0.04714
    0.04882
    0.04810
   -0.02122
    0.02760
    0.03694
   -0.00354
    0.04661
   -0.03750
    0.04709
    0.06077
   -0.00288
   -0.02501
    0.04525
    0.06239
    0.05867
   -0.06615
   -0.03207
    0.04717
    0.03814
   -0.03003
    0.04411
   -0.00077
    0.03878
   -0.02907
   -0.02657
   -0.06250
   -0.00783
   -0.02599
   -0.02842
    0.02232
    0.04930
   -0.00162
    0.00712
   -0.05978
   -0.05253
    0.04999
   -0.00132
    0.01383
   -0.02105
    0.05303
   -0.01469
   -0.06039
    0.02444
   -0.06361
    0.02273
    0.01179
    0.03100
    0.04968
   -0.00382
   -0.04953
    0.03358
    0.07093
   -0.04816
   -0.05571
    0.04719
    0.03321
    0.05082
   -0.04571
   -0.05734
    0.00543
   -0.01785
   -0.02099
   -0.04355
    0.05505
   -0.03660
   -0.00772
    0.00570
    0.02071
   -0.02432
    0.06091
   -0.04540
   -0.00160
    0.05580
    0.05530
    0.01784
    0.06056
    0.00948
   -0.05897
    0.02121
   -0.02219
   -0.00633
    0.06025
    0.04714
   -0.03522
   -0.01357
   -0.00084
    0.02544
    0.04525
   -0.04040
   -0.01844
    0.06942
    0.06503
    0.03730
   -0.04802
    0.03191
    0.01011
    0.03259
   -0.04003
    0.06378
   -0.02578
    0.05492
   -0.05222
   -0.07242
   -0.05721
   -0.05352
   -0.00801
   -0.07746
    0.04296
   -0.05003
   -0.04986
   -0.01653
    0.05383
    0.07032
    0.01406
    0.05986
   -0.05034
   -0.04357
   -0.05167
    0.05739
   -0.01292
   -0.06486
    0.01194
   -0.02847
    0.07307
   -0.07259
    0.00063
   -0.03423
   -0.04508
    0.04307
   -0.02804
   -0.01680
   -0.05577
    0.07299
   -0.03986
   -0.05355
    0.06667
    0.06923
   -0.06673
   -0.02886
    0.00174
   -0.05100
    0.06430
    0.05667
    0.00056
    0.04483
   -0.06230
    0.00676
   -0.04325
    0.05878
    0.01335
   -0.02225
   -0.03686
    0.00971
   -0.02692
   -0.05468
    0.03397
    0.02966
   -0.04990
    0.06810
   -0.01850
   -0.00679
   -0.04773
   -0.00069
    0.00550
    0.05002
    0.06516
   -0.04279
    0.00226
   -0.01611
   -0.06118
   -0.04858
    0.04415
    0.01311
   -0.00125
    0.00202
   -0.04711
   -0.02346
   -0.07050
    0.03586
   -0.01044
    0.05062
   -0.02928
    0.00422
   -0.03056
    0.01702
    0.02717
    0.04256
   -0.00852
    0.02955
    0.01602
   -0.01251
    0.00476
    0.02471
   -0.05781
   -0.03198
    0.00045
    0.03298
    0.05294
   -0.03312
    0.01729
   -0.02592
   -0.07766
    0.04009
   -0.03680
    0.06203
   -0.01180
   -0.01656
    0.05021
    0.00177
   -0.04040
   -0.01326
   -0.05463
   -0.01613
   -0.02704
   -0.05674
   -0.01544
   -0.00195
   -0.03388
   -0.02889
   -0.05719
    0.04210
   -0.00904
    0.00478
    0.01106
    0.00149
   -0.02727
    0.07076
   -0.05777
    0.01771
   -0.03543
   -0.01303
    0.02910
    0.01733
   -0.03681
   -0.02118
    0.02413
   -0.05546
   -0.04880
   -0.02530
   -0.05695
    0.00112
    0.00819
    0.01442
    0.03996
   -0.00499
   -0.04225
   -0.01525
   -0.02936
   -0.00022
   -0.04437
   -0.01293
   -0.01995
   -0.04165
    0.02543
   -0.07949
   -0.06436
   -0.04121
    0.06009
    0.04408
    0.05794
   -0.00273
    0.05096
   -0.02943
   -0.02210
    0.04645
    0.00386
   -0.04401
    0.04502
    0.05634
    0.02531
   -0.02864
   -0.05209
    0.01955
   -0.02412
   -0.05624
    0.06490
    0.02609
   -0.03696
    0.02910
   -0.04521
   -0.05546
    0.06632
    0.03311
   -0.02258
    0.00523
   -0.05011
   -0.04915
    0.02338
    0.04318
   -0.01269
   -0.00754
    0.03121
    0.01991
    0.03837
   -0.05588
    0.02750
   -0.03915
    0.05201
   -0.03258
    0.04955
    0.03576
    0.00885
   -0.04247
   -0.00132
   -0.02410
    0.02942
   -0.02653
   -0.00318
   -0.01046
   -0.04561
   -0.04018
   -0.04356
    0.03815
   -0.06078
   -0.05545
   -0.04015
    0.02594
   -0.04520
   -0.01236
    0.05608
    0.08037
    0.03490
    0.01758
    0.00033
    0.04059
   -0.05983
    0.04343
   -0.02136
   -0.05771
   -0.06431
    0.03461
    0.03773
   -0.00197
   -0.00173
   -0.06379
    0.03662
   -0.00180
   -0.03141
   -0.01329
   -0.00930
    0.04742
   -0.02933
    0.05685
    0.07200
   -0.04243
   -0.01773
    0.00026
   -0.05597
    0.01541
   -0.04544
   -0.04945
   -0.06732
    0.04160
    0.00225
   -0.04621
   -0.03663
   -0.06565
   -0.05518
    0.06202
    0.01746
    0.05321
   -0.05009
   -0.01750
   -0.07055
    0.01516
   -0.04324
   -0.00529
   -0.00914
   -0.02437
    0.05922
    0.07479
    0.05233
    0.00548
    0.01675
    0.03776
   -0.06185
   -0.05113
    0.02001
   -0.05966
   -0.06192
    0.05461
   -0.01623
   -0.00277
   -0.01874
   -0.03273
   -0.02306
   -0.04869
   -0.00548
   -0.04588
    0.01713
    0.03733
   -0.01678
   -0.05856
    0.00182
   -0.05190
    0.02284
   -0.01660
   -0.03141
    0.03427
    0.03763
    0.05736
    0.06408
   -0.04538
    0.01583
    0.00472
    0.00301
   -0.02913
   -0.04764
   -0.04904
   -0.03260
   -0.02593
   -0.05578
    0.07237
    0.04970
    0.01804
   -0.01423
   -0.05343
   -0.05653
   -0.03506
    0.05999
    0.06278
    0.02783
   -0.02810
   -0.00401
   -0.04241
   -0.01202
   -0.03379
    0.06236
   -0.00743
   -0.03067
   -0.01584
    0.01305
   -0.06154
    0.03088
   -0.02481
   -0.03631
   -0.03452
   -0.06548
    0.01607
   -0.06382
   -0.06510
   -0.02132
   -0.01188
    0.03269
    0.04943
   -0.02883
    0.04175
    0.02792
   -0.01865
    0.01047
    0.01644
    0.01645
    0.02715
    0.03007
   -0.06703
   -0.01701
    0.06312
    0.05177
    0.00182
    0.00410
   -0.07198
   -0.03440
    0.01186
    0.03190
    0.03765
    0.03928
    0.05197
   -0.00149

    0.00299
    0.08318
   -0.00968
    0.01942
   -0.01704
    0.08422
    0.05077
    0.02956
    0.04880
   -0.02956
   -0.01165
   -0.03555
    0.01785
   -0.03813
   -0.01095
    0.02732
    0.02408
    0.04477
   -0.02632
    0.06035
   -0.00259
    0.01275
   -0.03030
   -0.05599
   -0.00046
   -0.01048
    0.02104
   -0.01777
    0.08351
    0.04621
   -0.00793
   -0.04180
    0.05233
    0.06585
    0.03723
    0.02778
    0.06074
    0.02132
   -0.06128
   -0.04703
   -0.02246
   -0.02220
   -0.02342
    0.01492
   -0.10607
    0.00764
   -0.03357
   -0.01087
   -0.02231
   -0.01121
    0.01982
   -0.01157
    0.08071
    0.02962
    0.03135
    0.00008
    0.00731
   -0.02753
    0.00695
    0.03082
    0.05424
    0.00261
    0.01292
   -0.04744
   -0.00320
   -0.01886
    0.04612
    0.02584
    0.06692
    0.05540
   -0.05678
   -0.03150
    0.04734
   -0.05769
    0.01580
    0.06968
    0.01124
   -0.00287
    0.00687
    0.02339
    0.01686
   -0.03167
    0.03704
   -0.01256
   -0.01348
    0.01165
   -0.01379
    0.03781
   -0.01772
   -0.07141
    0.00886
   -0.08367
   -0.01322
    0.04201
   -0.05167
   -0.01632
   -0.08992
    0.00577
    0.01363
   -0.01890
    0.05705
    0.03160
    0.08845
    0.04774
   -0.01063
   -0.05280
   -0.01520
    0.02787
   -0.03039
   -0.00322
    0.01391
    0.01725
    0.03674
    0.08105
   -0.00032
    0.00351
   -0.02480
   -0.05405
    0.01503
   -0.01212
    0.01175
    0.07316
   -0.00597
   -0.01860
   -0.02590
    0.05758
    0.00594
    0.06886
    0.04897
    0.03932
   -0.00347
    0.01573
   -0.05125
    0.02280
   -0.06110
    0.06227
    0.10854
    0.01658
    0.06749
    0.03504
    0.00004
    0.01104
    0.04252
    0.01572
    0.02823
   -0.00622
    0.02782
   -0.00765
    0.07247
    0.01092
    0.00215
   -0.07573
    0.06257
    0.01943
    0.00823
   -0.05362
    0.03258
   -0.01300
    0.03499
   -0.01945
    0.02637
   -0.02919
   -0.03097
    0.03942
    0.03286
   -0.03722
    0.04443
    0.04741
   -0.08137
    0.04237
    0.02629
    0.01517
    0.04093
   -0.07550
    0.02585
   -0.07933
   -0.01441
   -0.00820
    0.04807
   -0.03109
   -0.03638
   -0.10340
   -0.01565
    0.02968
    0.02073
   -0.06809
    0.07318
    0.00618
    0.00939
    0.03848
    0.02137
   -0.01399
   -0.03885
    0.04402
   -0.02447
    0.08011
    0.03096
   -0.06798
   -0.01872
   -0.03745
   -0.01091
    0.05570
    0.01568
   -0.03684
   -0.04109
    0.01300
    0.00819
    0.12922
   -0.06249
   -0.05959
   -0.01571
   -0.08856
    0.05089
   -0.00554
    0.03237
    0.00069
   -0.02311
   -0.07866
    0.03640
    0.02862
   -0.03469
   -0.04885
    0.06485
    0.05090
   -0.00852
   -0.02627
    0.01823
    0.08638
    0.07549
   -0.00317
    0.03726
    0.00795
    0.06123
    0.01749
   -0.01513
    0.05583
   -0.02684
   -0.05492
   -0.01926
   -0.02639
   -0.04154
    0.01598
   -0.04433
   -0.02027
    0.01068
    0.07396
   -0.00080
    0.02325
    0.01695
    0.01730
    0.04714
   -0.03127
   -0.04680
   -0.02810
    0.04419
   -0.00041
   -0.02122
    0.05244
   -0.03417
    0.00814
    0.02014
   -0.02410
    0.02378
   -0.03307
   -0.02138
    0.02186
   -0.06749
   -0.02516
    0.07027
   -0.02800
   -0.00081
   -0.03898
   -0.03690
    0.01809
   -0.03789
   -0.04112
    0.00542
   -0.02189
    0.05173
    0.05402
    0.06354
   -0.00879
    0.02393
   -0.01620
    0.02920
    0.02682
   -0.07348
    0.01050
    0.00585
    0.01564
    0.06748
    0.03246
   -0.04428
   -0.00667
   -0.03879
   -0.03512
   -0.01485
   -0.01408
   -0.00662
    0.03602
   -0.03207
   -0.01084
   -0.06816
   -0.04972
   -0.03780
   -0.03288
    0.01490
   -0.05225
    0.04800
   -0.06384
    0.05277
   -0.05824
    0.02329
    0.02258
    0.08034
   -0.00088
    0.01550
   -0.01101
    0.04907
   -0.05995
   -0.01384
   -0.05137
   -0.03639
    0.05184
    0.01236
   -0.05222
   -0.02455
   -0.03894
   -0.00537
   -0.00426
    0.05128
    0.04464
   -0.02014
    0.01615
    0.01882
   -0.01070
   -0.00680
   -0.01322
   -0.05646
    0.05666
    0.01898
    0.00504
    0.06750
    0.02745
   -0.02575
   -0.01261
   -0.05793
   -0.06472
   -0.00270
   -0.02789
   -0.04625
   -0.06668
   -0.04442
    0.04119
   -0.01079
    0.02465
   -0.00370
    0.00064
   -0.00098
    0.01039
   -0.03997
    0.03400
    0.03294
    0.00190
   -0.01500
    0.00288
    0.04502
    0.08795
   -0.01785
    0.00587
   -0.00704
    0.00194
    0.00557
   -0.01999
    0.06685
    0.04604
    0.00756
    0.00303
   -0.06874
    0.01945
    0.02857
   -0.06354
    0.02171
   -0.00739
    0.04837
   -0.00011
   -0.09811
   -0.02560
   -0.06366
    0.08273
    0.01583
    0.04935
   -0.04342
    0.04423
   -0.02769
   -0.04062
    0.05288
   -0.04046
   -0.03365
   -0.01041
    0.03046
    0.03494
   -0.04260
    0.01051
    0.00212
    0.00651
   -0.04499
    0.00251
   -0.01568
   -0.00257
    0.01713
   -0.07206
   -0.02896
    0.04160
    0.00740
    0.04077
    0.05249
   -0.10810
   -0.05697
   -0.03856
    0.08408
   -0.02897
    0.06719
    0.05807
    0.02358
    0.01631
   -0.05561
   -0.04273
    0.04834
    0.03775
   -0.06123
   -0.03734
    0.03105
    0.02514
   -0.02495
   -0.00274
   -0.08142
   -0.03674
   -0.01481
    0.05616
   -0.01072
   -0.02205
    0.03081
   -0.04289
    0.00656
    0.00272
   -0.00961
    0.01283
    0.05032
   -0.06234
   -0.00624
   -0.01764
    0.06634
    0.10116
   -0.06855
   -0.05391
   -0.07162
   -0.08817
   -0.06608
   -0.02418
   -0.00877
    0.01081
    0.03046
    0.03074
   -0.00449
    0.02270
    0.04314
    0.03023
   -0.00952
    0.01293
    0.05565
   -0.02471
    0.06574
   -0.00378
   -0.00828
    0.07497
    0.01990
   -0.05353
    0.02188
   -0.01525
   -0.03694
    0.03467
   -0.01445
   -0.03849
   -0.03633
   -0.02744
   -0.04275
   -0.06922
   -0.05193
    0.01850
    0.03147
    0.02585
   -0.01598
    0.02438
   -0.01239
   -0.03547
    0.00720
    0.01543
   -0.03395
   -0.02606
   -0.05930
   -0.02489
    0.01053
   -0.01945
    0.02963
    0.00469
    0.04235
   -0.04276
    0.01448
   -0.05251
   -0.06589
   -0.09139
    0.01790
   -0.04817
    0.01645
   -0.05454
   -0.02930
    0.03740
   -0.06588
    0.02646
   -0.02267
    0.01895
   -0.03180
    0.00738
   -0.00162
   -0.01776
    0.02236
    0.05835
   -0.00040
   -0.07318
   -0.01332
   -0.01035
    0.00845
    0.00181
   -0.02094
   -0.00808
   -0.01388
    0.05844
    0.01989
   -0.06327
    0.02242
   -0.00805
    0.06799
   -0.02445
   -0.01997
    0.01776
   -0.00912
   -0.03337
   -0.03377
    0.00325
   -0.03263
   -0.03879
    0.04372
    0.00990
   -0.05907
   -0.02490
   -0.02728
    0.01282
    0.02332
    0.01760
    0.01367
   -0.00434
    0.08570
   -0.03128
   -0.05050
    0.03001
    0.04361
   -0.05384
   -0.04331
   -0.09443
   -0.03278
   -0.01174
   -0.03660
    0.01397
   -0.03591
    0.08218
    0.07085
   -0.03268
   -0.01176
    0.05074
   -0.03274
   -0.05521
   -0.07777
    0.00673
    0.01531
    0.03267
   -0.04319
    0.03885
   -0.00516
    0.03117
    0.02883
   -0.04167
   -0.01080
   -0.05897
   -0.05900
   -0.03591
    0.07258
   -0.01861
   -0.00095
    0.02783
