 454955372846005
       4899
 3600.25900
   -0.99166
    0.08926
   -1.01763
    0.09825

   -0.04405
    0.03655
   -0.00451
    0.05126
   -0.03914
    0.06904
    0.03226
    0.05062
   -0.04403
    0.04375
    0.07961
    0.04605
   -0.07489
    0.05802
    0.05472
    0.01284
   -0.02330
    0.02084
   -0.00495
   -0.04607
   -0.02936
    0.06176
    0.03890
   -0.04229
   -0.03769
    0.02109
    0.01929
   -0.00720
    0.02200
   -0.03950
   -0.03483
    0.08077
    0.01364
   -0.02238
    0.04841
   -0.01167
    0.03330
   -0.03076
    0.00794
   -0.00882
    0.02997
    0.05140
   -0.02698
    0.01338
   -0.05412
    0.03857
   -0.04617
    0.04026
   -0.00977
    0.05473
   -0.06432
    0.04685
    0.04481
   -0.06365
   -0.02411
    0.03426
   -0.06747
   -0.03750
    0.00085
    0.01238
    0.07543
   -0.03194
    0.03457
   -0.04105
   -0.02007
   -0.00758
   -0.06521
   -0.03835
    0.02045
   -0.06285
    0.02958
   -0.02563
   -0.04226
    0.02487
   -0.03165
   -0.02958
   -0.01921
   -0.05671
   -0.00757
   -0.02763
   -0.01630
   -0.02408
   -0.06327
   -0.05122
   -0.02369
   -0.00544
   -0.03536
    0.01968
   -0.00100
   -0.06722
    0.01464
    0.03307
    0.03156
    0.00068
   -0.04456
    0.02450
    0.04623
   -0.01264
    0.01369
    0.05770
    0.06030
    0.05654
    0.00366
   -0.02244
    0.07206
   -0.04988
   -0.04782
   -0.01627
   -0.01532
   -0.04349
   -0.03939
   -0.05873
   -0.03953
    0.03123
    0.03664
    0.03822
   -0.05759
   -0.04276
   -0.06593
   -0.01911
    0.04325
   -0.06339
   -0.02955
    0.04696
   -0.00522
    0.04838
    0.02637
    0.02940
    0.02886
   -0.02635
    0.01886
    0.05194
    0.01017
    0.01106
    0.00383
    0.05774
    0.00783
   -0.01884
   -0.04256
   -0.00641
   -0.05976
    0.07709
    0.04610
    0.03068
   -0.07101
    0.02662
    0.00923
   -0.04383
    0.00937
   -0.00146
   -0.01052
   -0.04696
   -0.01975
   -0.02014
   -0.04961
   -0.05945
   -0.06059
    0.02818
   -0.02262
   -0.06646
   -0.02830
    0.01443
    0.02769
    0.00028
    0.06168
   -0.01368
    0.01332
    0.03888
    0.01680
   -0.05143
    0.04609
    0.05108
    0.02552
    0.02739
    0.04731
   -0.00842
   -0.02533
   -0.03728
   -0.04705
    0.02969
   -0.06274
   -0.01940
   -0.01033
    0.00801
    0.07675
    0.03226
   -0.03653
    0.06218
    0.03564
   -0.04211
   -0.04497
   -0.06180
    0.05378
   -0.00414
    0.06437
    0.06394
   -0.03947
    0.01754
    0.04869
    0.00477
    0.03914
    0.04262
   -0.01677
   -0.01452
   -0.05807
   -0.05615
   -0.01748
    0.06903
    0.00778
    0.02803
   -0.05232
   -0.02686
   -0.00552
    0.01430
    0.06219
    0.02093
   -0.01761
   -0.03509
    0.06869
   -0.06582
   -0.02432
    0.05322
    0.02331
    0.01231
    0.01014
    0.00933
   -0.00403
    0.01897
   -0.02082
    0.05202
    0.03504
   -0.02944
    0.04808
   -0.01190
    0.00406
    0.05396
    0.01943
    0.01040
    0.03237
   -0.03276
    0.03603
    0.02934
    0.05837
    0.05185
    0.05972
    0.03258
    0.06338
   -0.05744
   -0.06742
   -0.04800
    0.05312
   -0.02879
    0.00641
   -0.05432
   -0.02548
    0.04060
    0.00450
    0.05576
    0.00277
    0.01519
    0.04385
    0.00697
    0.06244
   -0.05404
   -0.01946
   -0.04233
    0.00325
    0.05798
   -0.06153
    0.00160
    0.05276
   -0.01429
   -0.04252
   -0.00013
   -0.00042
   -0.01488
    0.01201
   -0.00400
   -0.05133
   -0.05742
    0.06270
   -0.06966
    0.02736
    0.02413
    0.05020
   -0.03472
   -0.04863
   -0.05013
   -0.05655
    0.04301
    0.03844
   -0.02181
   -0.02071
    0.05228
   -0.03778
   -0.05832
   -0.04089
    0.04511
   -0.05783
   -0.01093
    0.03494
   -0.04273
    0.01865
   -0.04970
   -0.02914
   -0.07013
    0.03034
   -0.01394
    0.01520
   -0.03263
   -0.02622
    0.02526
    0.02891
   -0.01461
   -0.02006
    0.05722
   -0.05319
   -0.01116
    0.01992
   -0.04700
   -0.03750
   -0.05576
    0.07498
    0.05702
    0.00131
   -0.04527
    0.03867
   -0.02160
    0.00193
   -0.00144
    0.00020
    0.01739
   -0.02088
   -0.03314
   -0.06423
    0.04169
   -0.01906
    0.01334
    0.06396
   -0.01276
   -0.01176
   -0.00937
   -0.06268
   -0.02204
   -0.00509
   -0.06138
    0.04667
   -0.06329
    0.01320
   -0.02901
    0.05919
   -0.06220
   -0.04482
   -0.02072
    0.04373
    0.03278
   -0.02174
    0.02340
    0.05033
   -0.02444
    0.01030
   -0.04185
   -0.04214
   -0.06641
   -0.04110
    0.03165
   -0.02760
   -0.01198
    0.03269
   -0.05409
    0.01609
    0.04949
   -0.02658
   -0.05110
   -0.02929
    0.02109
   -0.05390
    0.01310
    0.02539
   -0.05407
    0.01056
   -0.02531
   -0.02807
    0.06282
    0.05255
    0.04118
    0.01323
    0.03174
    0.04474
    0.01398
    0.06487
    0.01962
   -0.00156
   -0.00905
    0.06859
    0.05399
   -0.01313
    0.06498
    0.02689
    0.01995
   -0.01541
    0.04808
   -0.03531
    0.00740
   -0.00714
   -0.01394
    0.04910
    0.00508
    0.05071
    0.01936
    0.03707
   -0.06797
   -0.02583
   -0.01519
   -0.03513
   -0.04611
   -0.03782
    0.07293
   -0.02237
    0.06190
   -0.01542
    0.06510
    0.03960
    0.05003
    0.05573
   -0.02875
   -0.02346
   -0.05944
    0.04732
    0.02847
   -0.01342
   -0.03467
    0.03478
   -0.07161
   -0.02380
   -0.06395
    0.02900
    0.06171
    0.01892
    0.05620
   -0.00755
   -0.06307
   -0.04122
   -0.01850
   -0.02643
    0.07050
   -0.00525
    0.02087
   -0.03550
   -0.03124
   -0.05256
   -0.03742
    0.05145
    0.05798
   -0.01825
    0.06404
    0.02588
    0.02463
   -0.03990
    0.05665
    0.03860
    0.01798
    0.05013
    0.04509
   -0.01162
    0.00962
   -0.03258
   -0.02170
    0.02740
    0.02027
   -0.02825
    0.06070
    0.04282
   -0.05803
   -0.02676
   -0.03074
   -0.06248
    0.06459
    0.00453
    0.03472
   -0.02169
   -0.06746
    0.04122
    0.03413
    0.03967
   -0.06264
    0.00460
   -0.05097
    0.01442
    0.03686
   -0.04203
   -0.00573
    0.05361
   -0.06488
    0.06100
   -0.04457
   -0.00588
    0.00921
   -0.03300
   -0.05225
   -0.06734
    0.02069
   -0.03734
    0.06341
   -0.06688
   -0.00124
   -0.03539
    0.03095
   -0.02128
    0.00573
   -0.02182
    0.00327
   -0.00865
   -0.04130
   -0.02950
   -0.03163
    0.01683
   -0.06536
    0.02361
    0.03899
    0.04726
    0.04265
    0.00111
   -0.04575
    0.01457
   -0.02349
   -0.04172
   -0.02074
    0.03964
    0.01235
   -0.01062
    0.03620
   -0.06117
    0.01101
   -0.00313
   -0.04448
   -0.01240
   -0.06587
    0.00737
    0.03128
    0.01810
    0.03292
    0.00021
    0.03253
   -0.03358
    0.01552
    0.06357
   -0.04807
    0.00115
    0.05166
    0.01292
    0.06707
   -0.06197
    0.02193
    0.03560
   -0.03527
   -0.00355
    0.05185
    0.05286
   -0.06200
    0.03773
   -0.04517
    0.00976
    0.02836
    0.03561
    0.02115
    0.06521
    0.05916
   -0.02177
    0.00690
    0.00073
   -0.02307
   -0.03224
   -0.02942
    0.00436
    0.02617
    0.03936
    0.00671
    0.02645
    0.06932
    0.03631
    0.03064
   -0.03446
    0.02371
   -0.02863
   -0.03593
    0.01112
   -0.05134
    0.06069
    0.02028
   -0.01080
   -0.05074
   -0.01291
    0.06287
   -0.02310
    0.03880
   -0.02906
    0.05385
    0.00044
   -0.01449

   -0.04517
    0.03835
   -0.00432
    0.05220
   -0.04052
    0.07216
    0.03207
    0.05229
   -0.04505
    0.04519
    0.08139
    0.04798
   -0.07747
    0.05960
    0.05564
    0.01388
   -0.02371
    0.02084
   -0.00511
   -0.04733
   -0.03092
    0.06318
    0.04097
   -0.04387
   -0.03778
    0.02246
    0.01931
   -0.00812
    0.02129
   -0.04002
   -0.03587
    0.08272
    0.01447
   -0.02209
    0.05021
   -0.01203
    0.03508
   -0.03147
    0.00820
   -0.00882
    0.02978
    0.05239
   -0.02783
    0.01387
   -0.05588
    0.03998
   -0.04756
    0.04149
   -0.00983
    0.05542
   -0.06540
    0.04741
    0.04576
   -0.06444
   -0.02424
    0.03557
   -0.07035
   -0.03793
    0.00136
    0.01359
    0.07842
   -0.03255
    0.03664
   -0.04264
   -0.02164
   -0.00798
   -0.06780
   -0.03915
    0.02159
   -0.06491
    0.03105
   -0.02669
   -0.04335
    0.02550
   -0.03294
   -0.02989
   -0.01922
   -0.05917
   -0.00790
   -0.02901
   -0.01782
   -0.02456
   -0.06583
   -0.05187
   -0.02464
   -0.00495
   -0.03726
    0.01989
   -0.00057
   -0.06886
    0.01564
    0.03449
    0.03334
   -0.00037
   -0.04589
    0.02502
    0.04747
   -0.01245
    0.01346
    0.05885
    0.06223
    0.05690
    0.00425
   -0.02258
    0.07405
   -0.05208
   -0.04914
   -0.01658
   -0.01489
   -0.04397
   -0.03986
   -0.06027
   -0.04122
    0.03121
    0.03789
    0.04020
   -0.05978
   -0.04290
   -0.06688
   -0.01972
    0.04431
   -0.06583
   -0.02922
    0.04777
   -0.00545
    0.05018
    0.02699
    0.03008
    0.02981
   -0.02703
    0.01988
    0.05328
    0.01130
    0.01140
    0.00426
    0.05861
    0.00727
   -0.01881
   -0.04329
   -0.00570
   -0.06079
    0.07925
    0.04772
    0.03121
   -0.07270
    0.02716
    0.00988
   -0.04532
    0.00987
   -0.00098
   -0.01105
   -0.04804
   -0.01913
   -0.02010
   -0.05156
   -0.06171
   -0.06305
    0.02905
   -0.02306
   -0.06916
   -0.02924
    0.01472
    0.02797
   -0.00045
    0.06333
   -0.01500
    0.01414
    0.03985
    0.01694
   -0.05314
    0.04732
    0.05282
    0.02574
    0.02799
    0.04806
   -0.00878
   -0.02621
   -0.03864
   -0.04849
    0.03071
   -0.06278
   -0.01979
   -0.01084
    0.00854
    0.07855
    0.03293
   -0.03743
    0.06479
    0.03598
   -0.04323
   -0.04658
   -0.06349
    0.05495
   -0.00394
    0.06552
    0.06466
   -0.04215
    0.01769
    0.04918
    0.00438
    0.04025
    0.04424
   -0.01712
   -0.01553
   -0.05953
   -0.05717
   -0.01895
    0.07117
    0.00812
    0.02993
   -0.05343
   -0.02850
   -0.00609
    0.01458
    0.06329
    0.02196
   -0.01827
   -0.03636
    0.07022
   -0.06721
   -0.02477
    0.05398
    0.02412
    0.01267
    0.01155
    0.00859
   -0.00352
    0.01809
   -0.02152
    0.05379
    0.03512
   -0.03049
    0.05017
   -0.01156
    0.00533
    0.05575
    0.02048
    0.01181
    0.03308
   -0.03441
    0.03744
    0.03006
    0.05942
    0.05365
    0.06163
    0.03359
    0.06506
   -0.05888
   -0.06962
   -0.04941
    0.05509
   -0.02993
    0.00667
   -0.05552
   -0.02638
    0.04258
    0.00405
    0.05767
    0.00412
    0.01466
    0.04482
    0.00777
    0.06464
   -0.05543
   -0.02028
   -0.04349
    0.00261
    0.05991
   -0.06310
    0.00144
    0.05436
   -0.01444
   -0.04368
   -0.00042
    0.00004
   -0.01486
    0.01176
   -0.00401
   -0.05293
   -0.05985
    0.06476
   -0.07081
    0.02806
    0.02507
    0.05283
   -0.03653
   -0.05090
   -0.05212
   -0.05673
    0.04417
    0.03941
   -0.02231
   -0.02172
    0.05320
   -0.03839
   -0.05930
   -0.04189
    0.04732
   -0.05958
   -0.01126
    0.03465
   -0.04450
    0.02024
   -0.05041
   -0.02883
   -0.07175
    0.03059
   -0.01449
    0.01552
   -0.03317
   -0.02634
    0.02497
    0.03038
   -0.01492
   -0.02111
    0.05940
   -0.05372
   -0.01087
    0.02011
   -0.04890
   -0.03788
   -0.05760
    0.07645
    0.05872
    0.00206
   -0.04813
    0.03992
   -0.02205
    0.00230
   -0.00232
    0.00016
    0.01737
   -0.02155
   -0.03460
   -0.06635
    0.04217
   -0.01977
    0.01416
    0.06567
   -0.01338
   -0.01260
   -0.01062
   -0.06457
   -0.02273
   -0.00535
   -0.06303
    0.04814
   -0.06499
    0.01391
   -0.02922
    0.06207
   -0.06346
   -0.04629
   -0.02077
    0.04393
    0.03286
   -0.02174
    0.02366
    0.05209
   -0.02483
    0.00976
   -0.04248
   -0.04446
   -0.06895
   -0.04165
    0.03316
   -0.02931
   -0.01245
    0.03420
   -0.05481
    0.01615
    0.05061
   -0.02779
   -0.05338
   -0.03094
    0.02197
   -0.05453
    0.01354
    0.02716
   -0.05607
    0.01188
   -0.02596
   -0.02951
    0.06485
    0.05346
    0.04198
    0.01324
    0.03307
    0.04593
    0.01544
    0.06707
    0.01977
   -0.00204
   -0.00993
    0.07162
    0.05468
   -0.01333
    0.06579
    0.02820
    0.02018
   -0.01478
    0.05003
   -0.03582
    0.00809
   -0.00703
   -0.01441
    0.04997
    0.00535
    0.05200
    0.01889
    0.03732
   -0.06988
   -0.02640
   -0.01590
   -0.03542
   -0.04772
   -0.03782
    0.07440
   -0.02406
    0.06469
   -0.01506
    0.06621
    0.04089
    0.05123
    0.05617
   -0.03043
   -0.02304
   -0.06152
    0.04887
    0.02849
   -0.01394
   -0.03492
    0.03605
   -0.07331
   -0.02472
   -0.06613
    0.03027
    0.06374
    0.01983
    0.05682
   -0.00770
   -0.06557
   -0.04299
   -0.01807
   -0.02679
    0.07250
   -0.00498
    0.02218
   -0.03578
   -0.03210
   -0.05520
   -0.03885
    0.05177
    0.05857
   -0.01817
    0.06597
    0.02626
    0.02532
   -0.04085
    0.05844
    0.03950
    0.01810
    0.05088
    0.04709
   -0.01115
    0.00980
   -0.03367
   -0.02334
    0.02733
    0.02198
   -0.02858
    0.06290
    0.04408
   -0.05975
   -0.02655
   -0.03147
   -0.06449
    0.06605
    0.00434
    0.03542
   -0.02190
   -0.06911
    0.04310
    0.03613
    0.03957
   -0.06384
    0.00591
   -0.05251
    0.01502
    0.03915
   -0.04234
   -0.00638
    0.05399
   -0.06669
    0.06333
   -0.04460
   -0.00603
    0.00961
   -0.03374
   -0.05325
   -0.06853
    0.02066
   -0.03799
    0.06582
   -0.06912
   -0.00170
   -0.03590
    0.03149
   -0.02118
    0.00601
   -0.02203
    0.00273
   -0.00893
   -0.04232
   -0.03140
   -0.03327
    0.01672
   -0.06642
    0.02426
    0.04119
    0.04887
    0.04367
    0.00038
   -0.04668
    0.01573
   -0.02415
   -0.04256
   -0.02071
    0.03971
    0.01283
   -0.01149
    0.03816
   -0.06370
    0.01118
   -0.00313
   -0.04566
   -0.01303
   -0.06784
    0.00694
    0.03202
    0.01874
    0.03441
    0.00119
    0.03280
   -0.03493
    0.01485
    0.06504
   -0.04942
    0.00044
    0.05364
    0.01281
    0.07010
   -0.06366
    0.02207
    0.03758
   -0.03539
   -0.00494
    0.05287
    0.05458
   -0.06454
    0.03962
   -0.04628
    0.00994
    0.02913
    0.03642
    0.02319
    0.06706
    0.06097
   -0.02285
    0.00655
   -0.00023
   -0.02369
   -0.03289
   -0.02971
    0.00548
    0.02708
    0.04042
    0.00695
    0.02780
    0.07143
    0.03763
    0.03239
   -0.03541
    0.02442
   -0.02841
   -0.03666
    0.01181
   -0.05196
    0.06266
    0.02113
   -0.01035
   -0.05212
   -0.01341
    0.06553
   -0.02299
    0.04045
   -0.03020
    0.05536
    0.00074
   -0.01464
