          1          0    0.00000   -1.03581   -0.03212   -1.03581   -0.03212   -3.39424    3.39424    0.00000
          1          1    0.05860   -0.71754   -0.02971   -0.51958   -0.01502   -3.39424   -0.51958    0.00000
          2          0    0.05860   -0.30551   -0.04544   -0.51958   -0.01502   -3.39424   -0.51958   -1.95691
          2        100   17.07839   -0.94988   -0.03979   -1.03927   -0.03242   -3.39424   -1.03927   -1.95691
          2        200   33.22709   -0.97671   -0.03989   -1.03965   -0.03228   -3.39424   -1.04012   -1.95691
          2        300   48.85325   -0.98858   -0.03994   -1.03978   -0.03241   -3.39424   -1.04060   -1.95691
          2        400   64.36516   -0.99567   -0.03996   -1.04015   -0.03245   -3.39424   -1.04062   -1.95691
          2        500   79.60818   -1.00051   -0.03998   -1.04010   -0.03275   -3.39424   -1.04082   -1.95691
          2        600   95.99365   -1.00408   -0.03999   -1.04074   -0.03254   -3.39424   -1.04082   -1.95691
          2        700  112.21880   -1.00686   -0.04000   -1.04043   -0.03251   -3.39424   -1.04082   -1.95691
          2        800  127.97763   -1.00909   -0.04001   -1.04077   -0.03241   -3.39424   -1.04092   -1.95691
          2        900  143.65464   -1.01094   -0.04002   -1.04067   -0.03238   -3.39424   -1.04097   -1.95691
          2       1000  158.79546   -1.01251   -0.04002   -1.04064   -0.03274   -3.39424   -1.04098   -1.95691
          2       1100  174.84380   -1.01386   -0.04003   -1.04049   -0.03278   -3.39424   -1.04104   -1.95691
          2       1200  190.58739   -1.01504   -0.04003   -1.04034   -0.03233   -3.39424   -1.04109   -1.95691
          2       1300  208.18933   -1.01608   -0.04004   -1.04069   -0.03254   -3.39424   -1.04109   -1.95691
          2       1400  224.48027   -1.01700   -0.04004   -1.04078   -0.03242   -3.39424   -1.04109   -1.95691
          2       1500  239.99181   -1.01783   -0.04004   -1.04085   -0.03254   -3.39424   -1.04111   -1.95691
          2       1600  255.14387   -1.01858   -0.04005   -1.04097   -0.03251   -3.39424   -1.04111   -1.95691
          2       1700  270.72698   -1.01927   -0.04005   -1.04076   -0.03251   -3.39424   -1.04111   -1.95691
          2       1800  286.40858   -1.01989   -0.04005   -1.04091   -0.03272   -3.39424   -1.04115   -1.95691
          2       1900  302.10753   -1.02047   -0.04006   -1.04086   -0.03233   -3.39424   -1.04115   -1.95691
          2       2000  317.69712   -1.02100   -0.04006   -1.04093   -0.03235   -3.39424   -1.04124   -1.95691
          2       2100  335.11579   -1.02149   -0.04006   -1.04092   -0.03269   -3.39424   -1.04124   -1.95691
          2       2200  351.19102   -1.02195   -0.04006   -1.04100   -0.03263   -3.39424   -1.04124   -1.95691
          2       2300  367.59633   -1.02238   -0.04007   -1.04086   -0.03238   -3.39424   -1.04124   -1.95691
          2       2400  383.87568   -1.02278   -0.04007   -1.04066   -0.03268   -3.39424   -1.04124   -1.95691
          2       2500  400.29561   -1.02316   -0.04007   -1.04096   -0.03258   -3.39424   -1.04124   -1.95691
          2       2600  416.30393   -1.02352   -0.04007   -1.04113   -0.03253   -3.39424   -1.04125   -1.95691
          2       2700  432.30737   -1.02385   -0.04007   -1.04093   -0.03249   -3.39424   -1.04125   -1.95691
          2       2800  448.35058   -1.02417   -0.04007   -1.04110   -0.03249   -3.39424   -1.04125   -1.95691
          2       2900  465.27520   -1.02447   -0.04007   -1.04102   -0.03278   -3.39424   -1.04127   -1.95691
          2       3000  482.00731   -1.02475   -0.04008   -1.04113   -0.03254   -3.39424   -1.04127   -1.95691
          2       3100  498.45006   -1.02503   -0.04008   -1.04105   -0.03252   -3.39424   -1.04127   -1.95691
          2       3200  514.49433   -1.02529   -0.04008   -1.04098   -0.03254   -3.39424   -1.04127   -1.95691
          2       3300  530.82119   -1.02553   -0.04008   -1.04109   -0.03247   -3.39424   -1.04127   -1.95691
          2       3400  546.64673   -1.02577   -0.04008   -1.04095   -0.03249   -3.39424   -1.04127   -1.95691
          2       3500  563.01238   -1.02599   -0.04008   -1.04102   -0.03260   -3.39424   -1.04127   -1.95691
          2       3600  578.74947   -1.02621   -0.04008   -1.04104   -0.03248   -3.39424   -1.04127   -1.95691
          2       3700  595.12776   -1.02642   -0.04008   -1.04088   -0.03239   -3.39424   -1.04127   -1.95691
          2       3800  611.39395   -1.02662   -0.04008   -1.04089   -0.03261   -3.39424   -1.04127   -1.95691
          2       3900  627.96949   -1.02681   -0.04009   -1.04100   -0.03257   -3.39424   -1.04129   -1.95691
          2       4000  643.97220   -1.02699   -0.04009   -1.04101   -0.03267   -3.39424   -1.04130   -1.95691
          2       4100  660.12755   -1.02717   -0.04009   -1.04110   -0.03256   -3.39424   -1.04130   -1.95691
          2       4200  675.89720   -1.02734   -0.04009   -1.04118   -0.03245   -3.39424   -1.04130   -1.95691
          2       4300  692.34549   -1.02751   -0.04009   -1.04098   -0.03255   -3.39424   -1.04130   -1.95691
          2       4400  708.78511   -1.02767   -0.04009   -1.04114   -0.03256   -3.39424   -1.04130   -1.95691
          2       4500  724.93547   -1.02782   -0.04009   -1.04109   -0.03235   -3.39424   -1.04130   -1.95691
          2       4600  741.26529   -1.02797   -0.04009   -1.04105   -0.03267   -3.39424   -1.04130   -1.95691
          2       4700  757.57073   -1.02811   -0.04009   -1.04125   -0.03267   -3.39424   -1.04130   -1.95691
          2       4800  773.18766   -1.02825   -0.04009   -1.04124   -0.03259   -3.39424   -1.04130   -1.95691
          2       4900  789.16029   -1.02839   -0.04009   -1.04106   -0.03245   -3.39424   -1.04130   -1.95691
          2       5000  805.47072   -1.02852   -0.04009   -1.04108   -0.03271   -3.39424   -1.04130   -1.95691
          2       5100  821.67854   -1.02865   -0.04009   -1.04116   -0.03253   -3.39424   -1.04131   -1.95691
          2       5200  836.52114   -1.02877   -0.04010   -1.04101   -0.03262   -3.39424   -1.04131   -1.95691
          2       5300  852.75087   -1.02889   -0.04010   -1.04106   -0.03253   -3.39424   -1.04131   -1.95691
          2       5400  868.02199   -1.02901   -0.04010   -1.04109   -0.03240   -3.39424   -1.04131   -1.95691
          2       5500  883.34353   -1.02912   -0.04010   -1.04110   -0.03257   -3.39424   -1.04133   -1.95691
          2       5600  898.88126   -1.02923   -0.04010   -1.04109   -0.03252   -3.39424   -1.04133   -1.95691
          2       5700  915.40236   -1.02934   -0.04010   -1.04123   -0.03263   -3.39424   -1.04133   -1.95691
          2       5800  931.01250   -1.02945   -0.04010   -1.04107   -0.03267   -3.39424   -1.04133   -1.95691
          2       5900  947.36778   -1.02955   -0.04010   -1.04114   -0.03257   -3.39424   -1.04133   -1.95691
          2       6000  964.15825   -1.02965   -0.04010   -1.04116   -0.03264   -3.39424   -1.04133   -1.95691
          2       6100  979.77225   -1.02974   -0.04010   -1.04111   -0.03271   -3.39424   -1.04133   -1.95691
          2       6200  997.09987   -1.02984   -0.04010   -1.04112   -0.03255   -3.39424   -1.04133   -1.95691
          2       6300 1013.81603   -1.02993   -0.04010   -1.04117   -0.03256   -3.39424   -1.04134   -1.95691
          2       6400 1030.14077   -1.03002   -0.04010   -1.04106   -0.03254   -3.39424   -1.04134   -1.95691
          2       6500 1047.39925   -1.03011   -0.04010   -1.04115   -0.03243   -3.39424   -1.04134   -1.95691
          2       6600 1063.36598   -1.03020   -0.04010   -1.04128   -0.03276   -3.39424   -1.04134   -1.95691
          2       6700 1079.35679   -1.03028   -0.04010   -1.04107   -0.03268   -3.39424   -1.04134   -1.95691
          2       6800 1095.40327   -1.03036   -0.04010   -1.04119   -0.03256   -3.39424   -1.04134   -1.95691
          2       6900 1112.20396   -1.03044   -0.04010   -1.04107   -0.03271   -3.39424   -1.04134   -1.95691
          2       7000 1128.56231   -1.03052   -0.04010   -1.04116   -0.03239   -3.39424   -1.04134   -1.95691
          2       7100 1144.49101   -1.03060   -0.04011   -1.04112   -0.03246   -3.39424   -1.04134   -1.95691
          2       7200 1160.85416   -1.03068   -0.04011   -1.04126   -0.03258   -3.39424   -1.04134   -1.95691
          2       7300 1177.53798   -1.03075   -0.04011   -1.04111   -0.03268   -3.39424   -1.04135   -1.95691
          2       7400 1194.23244   -1.03082   -0.04011   -1.04106   -0.03257   -3.39424   -1.04135   -1.95691
          2       7500 1210.13408   -1.03089   -0.04011   -1.04110   -0.03264   -3.39424   -1.04135   -1.95691
          2       7600 1226.45382   -1.03096   -0.04011   -1.04111   -0.03265   -3.39424   -1.04135   -1.95691
          2       7700 1242.29289   -1.03103   -0.04011   -1.04103   -0.03243   -3.39424   -1.04135   -1.95691
          2       7800 1258.23575   -1.03110   -0.04011   -1.04117   -0.03268   -3.39424   -1.04135   -1.95691
          2       7900 1273.94583   -1.03117   -0.04011   -1.04122   -0.03260   -3.39424   -1.04135   -1.95691
          2       8000 1290.24156   -1.03123   -0.04011   -1.04107   -0.03257   -3.39424   -1.04135   -1.95691
          2       8100 1306.57094   -1.03129   -0.04011   -1.04115   -0.03265   -3.39424   -1.04135   -1.95691
          2       8200 1322.14870   -1.03136   -0.04011   -1.04100   -0.03263   -3.39424   -1.04135   -1.95691
          2       8300 1339.05890   -1.03142   -0.04011   -1.04126   -0.03255   -3.39424   -1.04136   -1.95691
          2       8400 1355.84138   -1.03148   -0.04011   -1.04114   -0.03255   -3.39424   -1.04136   -1.95691
          2       8500 1372.04852   -1.03154   -0.04011   -1.04119   -0.03258   -3.39424   -1.04136   -1.95691
          2       8600 1387.87543   -1.03159   -0.04011   -1.04104   -0.03257   -3.39424   -1.04136   -1.95691
          2       8700 1403.44782   -1.03165   -0.04011   -1.04119   -0.03254   -3.39424   -1.04136   -1.95691
          2       8800 1419.27515   -1.03171   -0.04011   -1.04120   -0.03250   -3.39424   -1.04136   -1.95691
          2       8900 1435.80104   -1.03176   -0.04011   -1.04120   -0.03260   -3.39424   -1.04136   -1.95691
          2       9000 1452.49725   -1.03181   -0.04011   -1.04125   -0.03255   -3.39424   -1.04136   -1.95691
          2       9100 1468.37613   -1.03187   -0.04011   -1.04113   -0.03273   -3.39424   -1.04136   -1.95691
          2       9200 1484.29537   -1.03192   -0.04011   -1.04113   -0.03251   -3.39424   -1.04136   -1.95691
          2       9300 1500.07076   -1.03197   -0.04011   -1.04115   -0.03245   -3.39424   -1.04136   -1.95691
          2       9400 1516.70113   -1.03202   -0.04011   -1.04119   -0.03256   -3.39424   -1.04136   -1.95691
          2       9500 1532.60300   -1.03207   -0.04011   -1.04113   -0.03257   -3.39424   -1.04136   -1.95691
          2       9600 1548.92918   -1.03212   -0.04011   -1.04127   -0.03257   -3.39424   -1.04136   -1.95691
          2       9700 1565.01569   -1.03217   -0.04011   -1.04124   -0.03253   -3.39424   -1.04136   -1.95691
          2       9800 1581.99368   -1.03222   -0.04011   -1.04114   -0.03246   -3.39424   -1.04136   -1.95691
          2       9900 1597.70370   -1.03226   -0.04011   -1.04121   -0.03254   -3.39424   -1.04137   -1.95691
          2      10000 1613.59709   -1.03231   -0.04011   -1.04115   -0.03253   -3.39424   -1.04137   -1.95691
          2      10100 1628.96012   -1.03235   -0.04012   -1.04119   -0.03258   -3.39424   -1.04138   -1.95691
          2      10200 1645.18238   -1.03240   -0.04012   -1.04127   -0.03249   -3.39424   -1.04138   -1.95691
          2      10300 1661.17388   -1.03244   -0.04012   -1.04111   -0.03255   -3.39424   -1.04139   -1.95691
          2      10400 1677.90494   -1.03249   -0.04012   -1.04130   -0.03254   -3.39424   -1.04139   -1.95691
          2      10500 1693.67916   -1.03253   -0.04012   -1.04127   -0.03255   -3.39424   -1.04139   -1.95691
          2      10600 1710.56923   -1.03257   -0.04012   -1.04120   -0.03256   -3.39424   -1.04139   -1.95691
          2      10700 1726.55216   -1.03261   -0.04012   -1.04125   -0.03267   -3.39424   -1.04139   -1.95691
          2      10800 1742.41274   -1.03265   -0.04012   -1.04122   -0.03266   -3.39424   -1.04139   -1.95691
          2      10900 1758.12623   -1.03270   -0.04012   -1.04125   -0.03260   -3.39424   -1.04139   -1.95691
          2      11000 1774.69940   -1.03274   -0.04012   -1.04117   -0.03256   -3.39424   -1.04139   -1.95691
          2      11100 1792.02839   -1.03277   -0.04012   -1.04125   -0.03252   -3.39424   -1.04139   -1.95691
          2      11200 1808.37658   -1.03281   -0.04012   -1.04125   -0.03250   -3.39424   -1.04139   -1.95691
          2      11300 1824.87958   -1.03285   -0.04012   -1.04121   -0.03258   -3.39424   -1.04139   -1.95691
          2      11400 1841.28248   -1.03289   -0.04012   -1.04123   -0.03255   -3.39424   -1.04139   -1.95691
          2      11500 1856.96127   -1.03293   -0.04012   -1.04125   -0.03258   -3.39424   -1.04139   -1.95691
          2      11600 1872.07837   -1.03296   -0.04012   -1.04130   -0.03251   -3.39424   -1.04139   -1.95691
          2      11700 1888.12542   -1.03300   -0.04012   -1.04123   -0.03262   -3.39424   -1.04139   -1.95691
          2      11800 1904.29002   -1.03304   -0.04012   -1.04118   -0.03248   -3.39424   -1.04139   -1.95691
          2      11900 1919.88442   -1.03307   -0.04012   -1.04114   -0.03262   -3.39424   -1.04139   -1.95691
          2      12000 1935.93642   -1.03311   -0.04012   -1.04120   -0.03271   -3.39424   -1.04139   -1.95691
          2      12100 1951.43446   -1.03314   -0.04012   -1.04136   -0.03254   -3.39424   -1.04139   -1.95691
          2      12200 1967.88463   -1.03317   -0.04012   -1.04116   -0.03264   -3.39424   -1.04139   -1.95691
          2      12300 1983.71402   -1.03321   -0.04012   -1.04128   -0.03252   -3.39424   -1.04139   -1.95691
          2      12400 1999.11459   -1.03324   -0.04012   -1.04118   -0.03253   -3.39424   -1.04139   -1.95691
          2      12500 2016.07790   -1.03327   -0.04012   -1.04121   -0.03260   -3.39424   -1.04141   -1.95691
          2      12600 2031.92608   -1.03331   -0.04012   -1.04122   -0.03253   -3.39424   -1.04141   -1.95691
          2      12700 2047.54263   -1.03334   -0.04012   -1.04131   -0.03256   -3.39424   -1.04141   -1.95691
          2      12800 2063.86362   -1.03337   -0.04012   -1.04125   -0.03264   -3.39424   -1.04141   -1.95691
          2      12900 2079.33931   -1.03340   -0.04012   -1.04121   -0.03271   -3.39424   -1.04141   -1.95691
          2      13000 2094.31970   -1.03343   -0.04012   -1.04114   -0.03260   -3.39424   -1.04141   -1.95691
          2      13100 2110.08692   -1.03346   -0.04012   -1.04114   -0.03263   -3.39424   -1.04141   -1.95691
          2      13200 2126.07535   -1.03349   -0.04012   -1.04129   -0.03258   -3.39424   -1.04141   -1.95691
          2      13300 2141.21584   -1.03352   -0.04012   -1.04125   -0.03251   -3.39424   -1.04141   -1.95691
          2      13400 2157.13632   -1.03355   -0.04012   -1.04116   -0.03247   -3.39424   -1.04141   -1.95691
          2      13500 2173.41521   -1.03358   -0.04012   -1.04126   -0.03256   -3.39424   -1.04141   -1.95691
          2      13600 2189.89672   -1.03361   -0.04012   -1.04126   -0.03258   -3.39424   -1.04141   -1.95691
          2      13700 2206.56620   -1.03364   -0.04012   -1.04125   -0.03254   -3.39424   -1.04141   -1.95691
          2      13800 2222.59429   -1.03367   -0.04012   -1.04118   -0.03261   -3.39424   -1.04141   -1.95691
          2      13900 2238.86596   -1.03370   -0.04012   -1.04122   -0.03258   -3.39424   -1.04141   -1.95691
          2      14000 2254.86317   -1.03373   -0.04012   -1.04123   -0.03259   -3.39424   -1.04141   -1.95691
          2      14100 2270.46139   -1.03375   -0.04012   -1.04119   -0.03259   -3.39424   -1.04141   -1.95691
          2      14200 2287.24447   -1.03378   -0.04012   -1.04135   -0.03256   -3.39424   -1.04141   -1.95691
          2      14300 2304.15747   -1.03381   -0.04012   -1.04124   -0.03261   -3.39424   -1.04141   -1.95691
          2      14400 2319.54341   -1.03383   -0.04012   -1.04124   -0.03249   -3.39424   -1.04141   -1.95691
          2      14500 2336.26334   -1.03386   -0.04012   -1.04119   -0.03254   -3.39424   -1.04141   -1.95691
          2      14600 2352.30889   -1.03389   -0.04012   -1.04125   -0.03261   -3.39424   -1.04141   -1.95691
          2      14700 2368.87044   -1.03391   -0.04013   -1.04120   -0.03259   -3.39424   -1.04141   -1.95691
          2      14800 2384.98871   -1.03394   -0.04013   -1.04135   -0.03260   -3.39424   -1.04141   -1.95691
          2      14900 2400.56517   -1.03396   -0.04013   -1.04129   -0.03254   -3.39424   -1.04141   -1.95691
          2      15000 2416.85754   -1.03399   -0.04013   -1.04121   -0.03262   -3.39424   -1.04141   -1.95691
          2      15100 2432.06397   -1.03401   -0.04013   -1.04132   -0.03256   -3.39424   -1.04141   -1.95691
          2      15200 2448.85821   -1.03404   -0.04013   -1.04128   -0.03250   -3.39424   -1.04141   -1.95691
          2      15300 2465.21771   -1.03406   -0.04013   -1.04124   -0.03253   -3.39424   -1.04141   -1.95691
          2      15400 2480.87968   -1.03409   -0.04013   -1.04127   -0.03263   -3.39424   -1.04141   -1.95691
          2      15500 2496.23746   -1.03411   -0.04012   -1.04131   -0.03252   -3.39424   -1.04141   -1.95691
          2      15600 2512.70954   -1.03413   -0.04010   -1.04125   -0.03260   -3.39424   -1.04141   -1.95691
          2      15700 2528.57666   -1.03416   -0.04008   -1.04124   -0.03263   -3.39424   -1.04141   -1.95691
          2      15800 2545.04301   -1.03418   -0.04005   -1.04127   -0.03257   -3.39424   -1.04141   -1.95691
          2      15900 2561.20312   -1.03420   -0.04003   -1.04128   -0.03259   -3.39424   -1.04141   -1.95691
          2      16000 2576.77766   -1.03422   -0.04001   -1.04134   -0.03254   -3.39424   -1.04141   -1.95691
          2      16100 2591.94281   -1.03425   -0.03998   -1.04135   -0.03258   -3.39424   -1.04141   -1.95691
          2      16200 2607.21030   -1.03427   -0.03996   -1.04137   -0.03257   -3.39424   -1.04141   -1.95691
          2      16300 2623.00272   -1.03429   -0.03994   -1.04129   -0.03268   -3.39424   -1.04141   -1.95691
          2      16400 2638.35982   -1.03431   -0.03991   -1.04132   -0.03252   -3.39424   -1.04141   -1.95691
          2      16500 2654.02331   -1.03434   -0.03989   -1.04127   -0.03257   -3.39424   -1.04141   -1.95691
          2      16600 2670.11731   -1.03436   -0.03987   -1.04127   -0.03258   -3.39424   -1.04141   -1.95691
          2      16700 2686.80381   -1.03438   -0.03985   -1.04118   -0.03243   -3.39424   -1.04141   -1.95691
          2      16800 2702.32958   -1.03440   -0.03983   -1.04130   -0.03251   -3.39424   -1.04141   -1.95691
          2      16900 2718.00447   -1.03442   -0.03981   -1.04125   -0.03253   -3.39424   -1.04141   -1.95691
          2      17000 2733.75288   -1.03444   -0.03978   -1.04129   -0.03256   -3.39424   -1.04141   -1.95691
          2      17100 2748.95635   -1.03446   -0.03976   -1.04126   -0.03261   -3.39424   -1.04141   -1.95691
          2      17200 2764.56836   -1.03448   -0.03974   -1.04123   -0.03261   -3.39424   -1.04141   -1.95691
          2      17300 2780.41237   -1.03450   -0.03972   -1.04124   -0.03253   -3.39424   -1.04141   -1.95691
          2      17400 2796.25745   -1.03452   -0.03970   -1.04124   -0.03248   -3.39424   -1.04141   -1.95691
          2      17500 2811.75978   -1.03454   -0.03968   -1.04130   -0.03257   -3.39424   -1.04141   -1.95691
          2      17600 2828.18339   -1.03456   -0.03966   -1.04120   -0.03248   -3.39424   -1.04141   -1.95691
          2      17700 2844.11279   -1.03458   -0.03964   -1.04123   -0.03264   -3.39424   -1.04141   -1.95691
          2      17800 2859.86842   -1.03460   -0.03962   -1.04132   -0.03256   -3.39424   -1.04141   -1.95691
          2      17900 2875.53737   -1.03462   -0.03960   -1.04123   -0.03261   -3.39424   -1.04141   -1.95691
          2      18000 2891.04468   -1.03464   -0.03958   -1.04128   -0.03255   -3.39424   -1.04141   -1.95691
          2      18100 2907.30917   -1.03466   -0.03956   -1.04128   -0.03260   -3.39424   -1.04141   -1.95691
          2      18200 2923.27470   -1.03468   -0.03954   -1.04127   -0.03257   -3.39424   -1.04141   -1.95691
          2      18300 2939.15754   -1.03469   -0.03952   -1.04129   -0.03262   -3.39424   -1.04142   -1.95691
          2      18400 2954.50120   -1.03471   -0.03950   -1.04122   -0.03260   -3.39424   -1.04142   -1.95691
          2      18500 2970.84807   -1.03473   -0.03949   -1.04131   -0.03257   -3.39424   -1.04142   -1.95691
          2      18600 2987.58398   -1.03475   -0.03947   -1.04130   -0.03256   -3.39424   -1.04142   -1.95691
          2      18700 3003.50778   -1.03477   -0.03945   -1.04129   -0.03267   -3.39424   -1.04142   -1.95691
          2      18800 3019.41032   -1.03478   -0.03943   -1.04133   -0.03256   -3.39424   -1.04142   -1.95691
          2      18900 3034.56453   -1.03480   -0.03941   -1.04127   -0.03263   -3.39424   -1.04142   -1.95691
          2      19000 3050.55393   -1.03482   -0.03939   -1.04130   -0.03260   -3.39424   -1.04142   -1.95691
          2      19100 3066.82073   -1.03484   -0.03938   -1.04132   -0.03258   -3.39424   -1.04142   -1.95691
          2      19200 3082.24388   -1.03485   -0.03936   -1.04131   -0.03254   -3.39424   -1.04142   -1.95691
          2      19300 3098.03120   -1.03487   -0.03934   -1.04130   -0.03254   -3.39424   -1.04142   -1.95691
          2      19400 3112.99450   -1.03489   -0.03932   -1.04128   -0.03259   -3.39424   -1.04142   -1.95691
          2      19500 3128.58963   -1.03491   -0.03931   -1.04129   -0.03267   -3.39424   -1.04142   -1.95691
          2      19600 3144.04235   -1.03492   -0.03929   -1.04133   -0.03256   -3.39424   -1.04142   -1.95691
          2      19700 3160.00310   -1.03494   -0.03927   -1.04128   -0.03260   -3.39424   -1.04142   -1.95691
          2      19800 3175.68173   -1.03496   -0.03926   -1.04133   -0.03257   -3.39424   -1.04142   -1.95691
          2      19900 3191.31542   -1.03497   -0.03924   -1.04136   -0.03263   -3.39424   -1.04142   -1.95691
          2      20000 3207.30495   -1.03499   -0.03922   -1.04137   -0.03263   -3.39424   -1.04142   -1.95691
          2      20100 3223.45140   -1.03500   -0.03921   -1.04133   -0.03258   -3.39424   -1.04142   -1.95691
          2      20200 3239.29818   -1.03502   -0.03919   -1.04127   -0.03263   -3.39424   -1.04143   -1.95691
          2      20300 3255.02925   -1.03504   -0.03917   -1.04129   -0.03251   -3.39424   -1.04143   -1.95691
          2      20400 3270.05098   -1.03505   -0.03916   -1.04123   -0.03252   -3.39424   -1.04143   -1.95691
          2      20500 3285.34897   -1.03507   -0.03914   -1.04129   -0.03256   -3.39424   -1.04143   -1.95691
          2      20600 3300.85409   -1.03508   -0.03912   -1.04137   -0.03259   -3.39424   -1.04143   -1.95691
          2      20700 3316.58355   -1.03510   -0.03911   -1.04131   -0.03257   -3.39424   -1.04143   -1.95691
          2      20800 3332.24864   -1.03511   -0.03909   -1.04130   -0.03252   -3.39424   -1.04143   -1.95691
          2      20900 3348.02187   -1.03513   -0.03908   -1.04133   -0.03260   -3.39424   -1.04143   -1.95691
          2      21000 3364.59405   -1.03514   -0.03906   -1.04135   -0.03258   -3.39424   -1.04143   -1.95691
          2      21100 3380.28372   -1.03516   -0.03905   -1.04129   -0.03265   -3.39424   -1.04143   -1.95691
          2      21200 3396.00702   -1.03517   -0.03903   -1.04128   -0.03265   -3.39424   -1.04143   -1.95691
          2      21300 3410.95369   -1.03519   -0.03902   -1.04134   -0.03262   -3.39424   -1.04143   -1.95691
          2      21400 3426.64944   -1.03520   -0.03900   -1.04125   -0.03268   -3.39424   -1.04143   -1.95691
          2      21500 3442.21658   -1.03522   -0.03899   -1.04131   -0.03261   -3.39424   -1.04143   -1.95691
          2      21600 3457.51190   -1.03523   -0.03897   -1.04123   -0.03263   -3.39424   -1.04143   -1.95691
          2      21700 3472.72880   -1.03525   -0.03896   -1.04121   -0.03260   -3.39424   -1.04143   -1.95691
          2      21800 3488.94618   -1.03526   -0.03894   -1.04128   -0.03261   -3.39424   -1.04143   -1.95691
          2      21900 3504.59962   -1.03528   -0.03893   -1.04133   -0.03261   -3.39424   -1.04143   -1.95691
          2      22000 3519.90238   -1.03529   -0.03891   -1.04127   -0.03267   -3.39424   -1.04143   -1.95691
          2      22100 3535.65774   -1.03530   -0.03890   -1.04128   -0.03255   -3.39424   -1.04143   -1.95691
          2      22200 3550.91649   -1.03532   -0.03888   -1.04133   -0.03261   -3.39424   -1.04143   -1.95691
          2      22300 3566.38999   -1.03533   -0.03887   -1.04125   -0.03264   -3.39424   -1.04143   -1.95691
          2      22400 3581.86215   -1.03534   -0.03886   -1.04125   -0.03259   -3.39424   -1.04143   -1.95691
          2      22500 3597.81576   -1.03536   -0.03884   -1.04134   -0.03259   -3.39424   -1.04143   -1.95691
          2      22515 3600.07299   -1.03536   -0.03884   -1.04126   -0.03257   -3.39424   -1.04143   -1.95691
