          1          0    0.00000   -1.00028    0.04957   -1.00028    0.04957   -3.64662    3.64662    0.00000
          1          3    1.20674   -0.49465   -0.13886   -0.12305   -0.33264   -3.64662   -0.12305    0.00000
          2          0    1.20674   -0.15611   -0.07527   -0.12305   -0.33264   -3.64662   -0.12305   -1.88483
          2        100   44.36461   -0.85860    0.01496   -1.00385    0.05191   -3.64662   -0.12305   -1.88483
          2        200   93.34187   -0.90336    0.02471   -1.00843    0.05239   -3.64662   -0.12305   -1.88483
          2        300  148.92710   -0.92352    0.02929   -1.01072    0.05157   -3.64662   -0.12305   -1.88483
          2        400  199.72255   -0.93563    0.03209   -1.01279    0.05206   -3.64662   -0.12305   -1.88483
          2        500  250.06217   -0.94393    0.03403   -1.01287    0.05207   -3.64662   -0.12305   -1.88483
          2        600  301.97929   -0.95008    0.03548   -1.01384    0.05201   -3.64662   -0.12305   -1.88483
          2        700  364.56451   -0.95487    0.03661   -1.01214    0.05138   -3.64662   -0.12305   -1.88483
          2        800  432.12011   -0.95873    0.03752   -1.01225    0.05078   -3.64662   -0.12305   -1.88483
          2        900  505.10257   -0.96194    0.03827   -1.01367    0.05124   -3.64662   -0.12305   -1.88483
          2       1000  579.52836   -0.96466    0.03891   -1.01344    0.05150   -3.64662   -0.12305   -1.88483
          2       1100  653.46667   -0.96700    0.03946   -1.01377    0.05129   -3.64662   -0.12305   -1.88483
          2       1200  733.88023   -0.96904    0.03995   -1.01377    0.05109   -3.64662   -0.12305   -1.88483
          2       1300  813.54770   -0.97084    0.04037   -1.01282    0.05077   -3.64662   -0.12305   -1.88483
          2       1400  888.13786   -0.97245    0.04076   -1.01365    0.05131   -3.64662   -0.12305   -1.88483
          2       1500  968.70965   -0.97390    0.04110   -1.01353    0.05123   -3.64662   -0.12305   -1.88483
          2       1600 1047.44246   -0.97520    0.04141   -1.01410    0.05156   -3.64662   -0.12305   -1.88483
          2       1700 1125.69254   -0.97639    0.04170   -1.01416    0.05139   -3.64662   -0.12305   -1.88483
          2       1800 1213.35144   -0.97749    0.04196   -1.01310    0.05103   -3.64662   -0.12305   -1.88483
          2       1900 1309.45927   -0.97849    0.04220   -1.01419    0.05120   -3.64662   -0.12305   -1.88483
          2       2000 1423.14368   -0.97942    0.04243   -1.01414    0.05123   -3.64662   -0.12305   -1.88483
          2       2100 1517.88649   -0.98028    0.04263   -1.01396    0.05133   -3.64662   -0.12305   -1.88483
          2       2200 1614.35829   -0.98108    0.04283   -1.01305    0.05106   -3.64662   -0.12305   -1.88483
          2       2300 1719.46765   -0.98183    0.04301   -1.01394    0.05113   -3.64662   -0.12305   -1.88483
          2       2400 1800.07834   -0.98253    0.04318   -1.01427    0.05109   -3.64662   -0.12305   -1.88483
          2       2500 1878.08816   -0.98319    0.04333   -1.01403    0.05144   -3.64662   -0.12305   -1.88483
          2       2600 1980.56073   -0.98381    0.04348   -1.01352    0.05107   -3.64662   -0.12305   -1.88483
          2       2700 2075.11504   -0.98440    0.04363   -1.01407    0.05140   -3.64662   -0.12305   -1.88483
          2       2800 2191.66775   -0.98496    0.04376   -1.01430    0.05116   -3.64662   -0.12305   -1.88483
          2       2900 2313.45589   -0.98548    0.04389   -1.01444    0.05123   -3.64662   -0.12305   -1.88483
          2       3000 2413.19592   -0.98598    0.04401   -1.01454    0.05141   -3.64662   -0.12305   -1.88483
          2       3100 2525.77789   -0.98646    0.04413   -1.01387    0.05148   -3.64662   -0.12305   -1.88483
          2       3200 2622.11159   -0.98691    0.04424   -1.01441    0.05130   -3.64662   -0.12305   -1.88483
          2       3300 2732.51766   -0.98735    0.04434   -1.01431    0.05096   -3.64662   -0.12305   -1.88483
          2       3400 2845.03504   -0.98776    0.04444   -1.01442    0.05115   -3.64662   -0.12305   -1.88483
          2       3500 2941.28030   -0.98816    0.04454   -1.01430    0.05099   -3.64662   -0.12305   -1.88483
          2       3600 3093.13880   -0.98853    0.04463   -1.01431    0.05152   -3.64662   -0.12305   -1.88483
          2       3700 3217.59777   -0.98890    0.04472   -1.01403    0.05112   -3.64662   -0.12305   -1.88483
          2       3800 3353.56432   -0.98925    0.04481   -1.01460    0.05135   -3.64662   -0.12305   -1.88483
          2       3900 3451.21655   -0.98958    0.04489   -1.01468    0.05132   -3.64662   -0.12305   -1.88483
          2       4000 3575.38866   -0.98991    0.04497   -1.01446    0.05128   -3.64662   -0.12305   -1.88483
          2       4025 3600.12877   -0.98999    0.04498   -1.01402    0.05107   -3.64662   -0.12305   -1.88483
