          1          0    0.00000   -0.99679    0.05310   -0.99679    0.05310   -3.69976    3.69976    0.00000
          1          1   27.57452   -0.99679    0.05310   -0.99679    0.05310   -1.04345    3.69976    0.00000
          1          2   88.72523   -0.99962    0.03522   -0.97401    0.00274   -1.02414    3.69976    0.00000
          1          3  174.97510   -1.00447    0.02637   -1.00016    0.00095   -1.01615   -1.00016    0.00000
          2          0  174.97510   -0.29505   -0.04215   -1.00016    0.00095   -1.01615   -1.00016   -1.00816
          2          1  293.17304   -0.43959   -0.03844   -1.00265    0.00038   -1.01479   -1.00265   -1.00816
          2          2  432.93732   -0.53558   -0.03454   -1.00407    0.00031   -1.01379   -1.00407   -1.00816
          2          3  604.74703   -0.60432   -0.03112   -1.01170    0.00014   -1.01317   -1.01170   -1.00816
          3          0  604.74703   -0.13033   -0.04949   -1.01170    0.00014   -1.01317   -1.01170   -1.01244
          3          1  935.13149   -0.24278   -0.04814   -1.01208    0.00003   -1.01314   -1.01208   -1.01244
          3          2 1846.67572   -0.32982   -0.04615   -1.01219   -0.00000   -1.01312   -1.01219   -1.01244
