   10000000
          6
  588.80705
   -1.00469
    0.06046
   -1.01343
    0.00007

    0.02931
   -0.01135
   -0.06307
   -0.03017
    0.05791
   -0.02713
   -0.01836
    0.04029
   -0.02421
   -0.02953
    0.00075
   -0.04634
    0.06004
    0.01821
   -0.02106
   -0.06313
   -0.05541
   -0.04532
   -0.01754
   -0.00510
    0.02854
    0.02542
    0.06386
   -0.02387
    0.06126
    0.01949
    0.03330
    0.01791
   -0.05793
    0.02204
    0.04904
   -0.05190
   -0.05884
    0.02096
    0.03015
    0.02789
   -0.01688
   -0.04906
    0.05991
    0.05219
    0.02751
    0.02243
    0.02699
    0.04936
    0.03749
   -0.00372
    0.01377
    0.00528
    0.01116
    0.04418
    0.00132
    0.06610
   -0.05631
    0.01032
   -0.03715
   -0.01542
   -0.01814
   -0.01151
    0.04834
   -0.04306
   -0.05785
    0.02261
   -0.03002
    0.03450
   -0.01184
   -0.00819
    0.04248
    0.03930
    0.01631
   -0.02123
   -0.06875
    0.01484
    0.01817
    0.06541
   -0.05785
    0.00302
   -0.06068
    0.06956
    0.06864
   -0.05728
   -0.00568
    0.05747
    0.00837
    0.01764
    0.05561
    0.03458
   -0.05203
    0.03823
    0.02884
    0.06434
    0.01583
   -0.01254
    0.02952
    0.00985
    0.04474
   -0.02621
   -0.01217
   -0.00239
   -0.07532
   -0.06367
    0.06321
   -0.01365
   -0.05216
   -0.00935
   -0.02400
   -0.02433
   -0.02792
   -0.00062
    0.07421
    0.00639
   -0.03152
    0.07105
   -0.05217
    0.05658
   -0.02706
   -0.06381
    0.04813
    0.00815
    0.03890
   -0.04253
    0.00727
   -0.05042
   -0.06121
   -0.02499
    0.00028
    0.05436
    0.01453
    0.05040
   -0.07189
   -0.00272
    0.03251
    0.01717
    0.00684
   -0.03776
   -0.04728
    0.03376
   -0.05878
    0.03701
    0.02872
   -0.04644
   -0.04530
    0.01228
    0.05689
    0.04263
   -0.03913
    0.03930
    0.00329
    0.01863
    0.00516
   -0.00065
    0.00114
   -0.02549
   -0.01136
    0.05900
    0.02039
    0.06196
   -0.06091
   -0.02929
   -0.05262
    0.03256
    0.06260
   -0.03896
    0.05730
    0.01151
   -0.03111
   -0.02561
    0.01690
    0.03906
    0.01346
    0.02508
   -0.05240
   -0.00489
    0.00404
    0.00746
    0.06724
   -0.04148
    0.04477
   -0.05459
   -0.02153
   -0.01440
   -0.05948
    0.00107
   -0.02741
   -0.04176
   -0.04657
    0.04549
    0.00114
    0.02542
    0.03348
   -0.05259
    0.06713
    0.05688
    0.05819
    0.07071
   -0.02691
   -0.05663
    0.02766
    0.06139
    0.01287
    0.01256
    0.06002
    0.00844
    0.06417
   -0.04639
   -0.07051
    0.05691
    0.02001
   -0.05013
   -0.03227
   -0.04544
    0.01447
    0.06605
    0.05445
   -0.00134
   -0.02670
    0.04414
   -0.01773
   -0.06171
    0.04683
    0.00980
   -0.00262
   -0.03261
    0.02259
    0.00010
    0.01930
    0.00000
    0.06268
    0.04933
    0.01530
    0.06319
    0.07535
   -0.01531
    0.06955
    0.03111
   -0.02704
    0.07451
    0.06872
   -0.01005
    0.01728
   -0.02222
   -0.00749
   -0.05171
   -0.00284
    0.01218
    0.01974
    0.05387
    0.04278
   -0.05556
   -0.05509
    0.01763
    0.04841
    0.00673
   -0.02549
    0.04351
    0.02821
   -0.04457
    0.03263
    0.02891
   -0.02108
   -0.00200
   -0.00753
   -0.03281
    0.05973
    0.03356
    0.03910
    0.00951
   -0.06471
    0.02429
   -0.00578
    0.01480
    0.03483
    0.03630
    0.01001
    0.02690
    0.02735
   -0.06222
   -0.04143
   -0.03047
   -0.02127
    0.03151
   -0.05217
   -0.02137
   -0.03757
   -0.06283
   -0.02086
    0.03568
   -0.00667
   -0.01015
   -0.02952
    0.01197
   -0.05923
    0.06016
   -0.03244
    0.00474
    0.02084
    0.05256
   -0.01938
    0.04046
    0.00406
   -0.00326
   -0.03060
   -0.06382
    0.04402
    0.05881
    0.03649
   -0.05011
    0.01759
    0.00745
   -0.06332
   -0.03276
   -0.01593
   -0.00886
    0.01811
    0.02489
    0.05836
   -0.03789
    0.06791
    0.02837
   -0.05943
    0.07638
   -0.04344
   -0.01302
    0.05045
    0.05566
    0.03310
   -0.04980
   -0.04451
    0.00522
   -0.06229
    0.05730
    0.03439
    0.04144
   -0.05686
    0.02177
    0.03317
   -0.05282
   -0.05702
   -0.00165
   -0.01527
    0.06197
   -0.01532
    0.01335
    0.04644
    0.06739
   -0.00872
    0.02513
   -0.05138
    0.03284
    0.04036
   -0.03916
    0.04609
    0.02872
    0.01523
   -0.00781
   -0.00794
   -0.00984
    0.03557
    0.03399
   -0.00292
   -0.06365
    0.00859
   -0.00435
    0.01163
   -0.00558
   -0.00293
    0.01966
    0.00530
   -0.01986
   -0.04868
   -0.06360
    0.05635
    0.06322
   -0.02215
    0.03172
    0.03879
    0.01012
    0.03239
   -0.03702
    0.04676
   -0.05243
   -0.02004
   -0.05705
   -0.06980
    0.00278
   -0.02888
   -0.05215
   -0.01657
    0.05479
   -0.01087
   -0.01704
    0.04967
    0.04027
   -0.05474
    0.04558
    0.03415
    0.06964
   -0.03932
   -0.00477
   -0.02720
    0.00237
   -0.06435
    0.02205
    0.06976
    0.05952
   -0.00080
    0.04565
    0.06981
   -0.07125
   -0.02573
   -0.03506
   -0.03210
    0.06955
    0.01937
    0.03577
    0.00895
    0.03904
    0.01236
   -0.05040
   -0.00391
   -0.00132
    0.01653
    0.04514
    0.03756
   -0.05862
   -0.03805
   -0.07136
   -0.00876
   -0.04286
   -0.02775
   -0.06595
   -0.03640
    0.00057
   -0.02902
   -0.02183
   -0.00422
   -0.04046
   -0.01613
   -0.02923
    0.00164
    0.03354
   -0.06385
   -0.01128
    0.05277
   -0.00655
    0.05928
   -0.00566
    0.02918
   -0.05220
    0.05916
    0.00505
   -0.03745
   -0.06020
   -0.06271
   -0.01765
   -0.04145
    0.00578
   -0.05078
   -0.06614
   -0.02174
    0.03160
   -0.00775
    0.05132
    0.02363
    0.03178
   -0.04968
    0.01742
   -0.02453
   -0.04334
   -0.01346
   -0.01990
   -0.03034
   -0.02709
    0.05657
    0.06023
    0.06888
   -0.00842
    0.03326
   -0.00211
    0.04265
   -0.00867
   -0.06525
    0.05323
    0.03077
    0.05912
    0.06867
   -0.06175
   -0.02039
   -0.04476
   -0.06713
    0.01982
    0.00340
   -0.03282
    0.01094
    0.04777
    0.02491
    0.06488
   -0.01782
    0.05751
   -0.03844
   -0.01751
    0.01156
    0.06183
    0.04776
   -0.06668
   -0.02420
   -0.00093
   -0.06941
    0.02031
    0.03850
   -0.02434
    0.01332
   -0.05285
   -0.00352
   -0.00493
   -0.07118
    0.01087
    0.02036
   -0.00713
    0.01760
    0.06186
    0.02969
   -0.03869
   -0.04997
   -0.00292
   -0.06039
   -0.04228
   -0.03107
   -0.01010
   -0.01397
   -0.05983
   -0.04544
   -0.06061
    0.06364
    0.05803
    0.03253
    0.04000
   -0.03668
    0.05681
   -0.02214
    0.04964
   -0.06364
   -0.02473
    0.07232
    0.03998
   -0.05740
   -0.05480
    0.02469
   -0.04445
    0.04022
    0.05478
   -0.02625
    0.01123
   -0.01821
    0.05438
    0.04524
   -0.06429
   -0.07126
    0.06040
   -0.06665
    0.03005
    0.05734
    0.07074
   -0.01284
    0.07568
    0.00533
    0.03759
    0.00168
    0.00849
    0.03986
   -0.01402
   -0.05615
    0.05182
    0.02541
    0.07341
    0.06596
   -0.01242
    0.04462
   -0.02292
    0.01496
   -0.05538
   -0.04301
    0.03676
   -0.06210
   -0.04190
   -0.05971
   -0.01506
   -0.02857
    0.01215
    0.00620
   -0.00927
   -0.06034
   -0.01559
   -0.06477
    0.01398
    0.05621
    0.04474
    0.01749
   -0.04954
   -0.05252
   -0.06100

    0.02723
   -0.01215
   -0.06599
   -0.03658
    0.05189
   -0.02066
   -0.01571
    0.03838
   -0.02692
   -0.02958
    0.00501
   -0.05115
    0.07649
    0.01378
   -0.01815
   -0.06993
   -0.05022
   -0.04613
   -0.02580
   -0.00335
    0.02366
    0.01595
    0.06173
   -0.02574
    0.06055
    0.01699
    0.03220
    0.01480
   -0.06010
    0.02736
    0.05201
   -0.04062
   -0.05157
    0.01557
    0.03093
    0.03156
   -0.00627
   -0.04653
    0.06070
    0.05329
    0.03650
    0.02750
    0.02063
    0.04561
    0.02759
   -0.00104
    0.02105
   -0.00216
    0.00374
    0.03850
    0.00040
    0.06235
   -0.05497
    0.00954
   -0.02860
   -0.01248
   -0.02257
   -0.00889
    0.03494
   -0.04570
   -0.05446
    0.01480
   -0.03480
    0.03782
   -0.00305
   -0.01507
    0.04258
    0.03996
    0.00393
   -0.01909
   -0.06309
    0.01232
    0.02220
    0.07088
   -0.05433
    0.00821
   -0.05647
    0.06072
    0.06033
   -0.05629
   -0.00905
    0.05529
    0.00495
    0.01801
    0.06203
    0.02373
   -0.04856
    0.03366
    0.03040
    0.06606
    0.01597
   -0.01210
    0.02869
    0.01195
    0.04559
   -0.02965
   -0.01238
   -0.00336
   -0.07972
   -0.06102
    0.06076
   -0.01516
   -0.05597
   -0.00843
   -0.02231
   -0.03384
   -0.03542
   -0.00280
    0.06888
    0.00119
   -0.02987
    0.06597
   -0.05533
    0.05509
   -0.02719
   -0.06389
    0.05081
    0.01142
    0.03737
   -0.04622
    0.00001
   -0.04694
   -0.05402
   -0.02155
    0.00384
    0.06556
    0.01940
    0.05345
   -0.07147
   -0.00718
    0.03019
    0.01189
    0.01079
   -0.02964
   -0.04965
    0.03681
   -0.05276
    0.04074
    0.02617
   -0.04581
   -0.04142
    0.01102
    0.05859
    0.03765
   -0.03463
    0.04179
    0.00014
    0.02265
    0.00711
   -0.00297
   -0.00230
   -0.02576
   -0.01429
    0.05166
    0.01224
    0.04878
   -0.06835
   -0.02671
   -0.04412
    0.04166
    0.06827
   -0.02996
    0.04764
    0.00653
   -0.03819
   -0.02318
    0.01198
    0.04299
    0.00983
    0.03396
   -0.05655
   -0.00243
    0.00437
    0.00414
    0.07123
   -0.03646
    0.03265
   -0.06365
   -0.02216
   -0.00928
   -0.06123
    0.00432
   -0.03529
   -0.04929
   -0.04786
    0.04322
    0.00036
    0.02149
    0.02906
   -0.04954
    0.07583
    0.06404
    0.06114
    0.06881
   -0.02722
   -0.06104
    0.01430
    0.06631
    0.01452
    0.01721
    0.05623
    0.01598
    0.06521
   -0.04712
   -0.07192
    0.05467
    0.01993
   -0.05590
   -0.03502
   -0.05362
    0.01318
    0.06631
    0.05220
    0.00127
   -0.03348
    0.04969
   -0.01896
   -0.06753
    0.04917
    0.00480
   -0.00671
   -0.02981
    0.02429
   -0.00222
    0.01950
    0.00376
    0.06053
    0.04596
    0.01547
    0.06396
    0.07741
   -0.02009
    0.06039
    0.03335
   -0.02064
    0.07305
    0.07065
   -0.00371
    0.02076
   -0.00933
   -0.00921
   -0.06165
   -0.00063
    0.02084
    0.01760
    0.04548
    0.04963
   -0.06181
   -0.05041
    0.02433
    0.04674
    0.00640
   -0.02233
    0.04388
    0.02808
   -0.05309
    0.02991
    0.02870
   -0.02527
   -0.00647
   -0.00465
   -0.03613
    0.05116
    0.04408
    0.04208
    0.00815
   -0.07125
    0.02631
    0.00264
    0.00851
    0.03153
    0.02692
    0.01619
    0.02781
    0.02314
   -0.06242
   -0.04366
   -0.03477
   -0.02197
    0.03278
   -0.05050
   -0.02038
   -0.03270
   -0.06163
   -0.01852
    0.03765
   -0.00942
   -0.00696
   -0.03141
    0.00992
   -0.05847
    0.06298
   -0.03644
    0.00731
    0.01635
    0.04767
   -0.02449
    0.04435
    0.01356
   -0.00763
   -0.02509
   -0.06673
    0.04700
    0.06488
    0.03421
   -0.06067
    0.02546
    0.00028
   -0.06348
   -0.04146
   -0.01188
   -0.00622
    0.01622
    0.02480
    0.05642
   -0.04579
    0.06424
    0.02105
   -0.05347
    0.08164
   -0.04157
   -0.01438
    0.05039
    0.05405
    0.03244
   -0.03175
   -0.04912
    0.00123
   -0.06080
    0.04955
    0.03764
    0.03960
   -0.05147
    0.02378
    0.03353
   -0.05517
   -0.05405
    0.00250
   -0.01820
    0.06547
   -0.00723
    0.01633
    0.04018
    0.06467
   -0.00851
    0.02403
   -0.05404
    0.02916
    0.03955
   -0.03129
    0.04513
    0.03771
    0.01596
   -0.00962
   -0.01708
   -0.00612
    0.03037
    0.02366
   -0.00249
   -0.06538
    0.01481
    0.00175
   -0.00239
   -0.00744
   -0.01040
    0.01874
    0.01320
   -0.01078
   -0.04417
   -0.06421
    0.05959
    0.05982
   -0.02352
    0.03698
    0.04230
    0.01049
    0.03180
   -0.02619
    0.04432
   -0.05360
   -0.02088
   -0.05595
   -0.07308
   -0.00280
   -0.02849
   -0.05607
   -0.01953
    0.05035
   -0.00739
   -0.01467
    0.04840
    0.04046
   -0.05118
    0.04363
    0.03072
    0.07118
   -0.04415
   -0.00057
   -0.03453
    0.00966
   -0.07093
    0.02387
    0.07246
    0.05683
    0.00093
    0.04834
    0.07105
   -0.07000
   -0.02403
   -0.03274
   -0.02986
    0.07107
    0.02927
    0.03372
    0.00973
    0.03393
    0.00889
   -0.05061
    0.00397
    0.00070
    0.03073
    0.04737
    0.04895
   -0.06607
   -0.03616
   -0.07609
    0.00320
   -0.04067
   -0.02559
   -0.06361
   -0.03388
    0.00456
   -0.03249
   -0.01638
   -0.00317
   -0.03913
   -0.01594
   -0.02505
   -0.00314
    0.03535
   -0.06848
   -0.00332
    0.05443
   -0.01152
    0.06575
   -0.00470
    0.02197
   -0.05650
    0.05420
    0.01732
   -0.03990
   -0.05719
   -0.07233
   -0.01699
   -0.03861
    0.01256
   -0.05425
   -0.06627
   -0.02290
    0.02827
   -0.00585
    0.04845
    0.02614
    0.02656
   -0.05214
    0.01571
   -0.02051
   -0.04035
   -0.02024
   -0.02378
   -0.02708
   -0.02245
    0.05804
    0.05272
    0.06960
   -0.00789
    0.03853
   -0.00490
    0.04762
   -0.00947
   -0.06670
    0.05582
    0.03037
    0.05867
    0.06235
   -0.06264
   -0.01723
   -0.04157
   -0.06756
    0.01634
    0.00241
   -0.02609
    0.00695
    0.04588
    0.02654
    0.06374
   -0.01720
    0.06048
   -0.04707
   -0.01629
    0.01729
    0.04998
    0.04093
   -0.06615
   -0.02306
   -0.00347
   -0.07097
    0.02344
    0.04167
   -0.02581
    0.00857
   -0.04783
    0.00377
   -0.00259
   -0.06419
    0.01917
    0.02198
   -0.01070
    0.02805
    0.06984
    0.01956
   -0.03906
   -0.04579
   -0.00040
   -0.05289
   -0.04123
   -0.02424
   -0.01078
   -0.01350
   -0.05757
   -0.04369
   -0.06590
    0.06327
    0.05831
    0.02650
    0.04873
   -0.03608
    0.04401
   -0.02146
    0.05304
   -0.06913
   -0.02277
    0.07158
    0.04506
   -0.05213
   -0.06362
    0.01517
   -0.04109
    0.03868
    0.05906
   -0.02630
    0.01486
   -0.02471
    0.04409
    0.04199
   -0.06516
   -0.07446
    0.05595
   -0.06295
    0.02282
    0.06647
    0.06775
   -0.02079
    0.06610
    0.00933
    0.03270
   -0.00173
    0.00227
    0.04288
   -0.02073
   -0.05472
    0.05069
    0.01735
    0.07044
    0.06941
   -0.00471
    0.04365
   -0.02637
    0.01133
   -0.05636
   -0.03947
    0.03545
   -0.05573
   -0.04345
   -0.06441
   -0.01711
   -0.02866
    0.00557
    0.00457
   -0.01383
   -0.06396
   -0.01434
   -0.06964
    0.01034
    0.05340
    0.04418
    0.02374
   -0.05049
   -0.05238
   -0.06084
