          1          0    0.00000   -0.98594   -0.00672   -0.98594   -0.00672   -3.71177    3.71177    0.00000
          1          3    4.55490   -0.50669   -0.16567   -0.19253   -0.28623   -3.71177   -0.19253    0.00000
          2          0    4.55490   -0.16207   -0.08301   -0.19253   -0.28623   -3.71177   -0.19253   -1.95215
          2        100  168.15423   -0.85383   -0.05012   -0.99597   -0.01345   -3.71177   -1.00063   -1.95215
          2        200  342.07378   -0.89715   -0.04647   -0.99996   -0.01342   -3.71177   -1.00172   -1.95215
          2        300  504.34484   -0.91655   -0.04475   -1.00083   -0.01348   -3.71177   -1.00272   -1.95215
          2        400  698.83118   -0.92816   -0.04370   -1.00143   -0.01554   -3.71177   -1.00280   -1.95215
          2        500  855.61103   -0.93611   -0.04296   -0.99978   -0.01166   -3.71177   -1.00291   -1.95215
          2        600  998.64569   -0.94200   -0.04242   -0.99987   -0.01193   -3.71177   -1.00336   -1.95215
          2        700 1179.16768   -0.94659   -0.04199   -1.00189   -0.01271   -3.71177   -1.00336   -1.95215
          2        800 1345.34125   -0.95029   -0.04164   -1.00175   -0.01232   -3.71177   -1.00361   -1.95215
          2        900 1504.89091   -0.95337   -0.04135   -1.00233   -0.01401   -3.71177   -1.00363   -1.95215
          2       1000 1675.03963   -0.95597   -0.04110   -1.00320   -0.01323   -3.71177   -1.00363   -1.95215
          2       1100 1873.07521   -0.95820   -0.04089   -1.00249   -0.01270   -3.71177   -1.00395   -1.95215
          2       1200 2068.01830   -0.96016   -0.04070   -1.00266   -0.01296   -3.71177   -1.00395   -1.95215
          2       1300 2231.77201   -0.96189   -0.04054   -1.00159   -0.01230   -3.71177   -1.00395   -1.95215
          2       1400 2396.13697   -0.96343   -0.04039   -1.00365   -0.01330   -3.71177   -1.00395   -1.95215
          2       1500 2574.08399   -0.96481   -0.03996   -1.00367   -0.01386   -3.71177   -1.00395   -1.95215
          2       1600 2692.51571   -0.96606   -0.03913   -1.00353   -0.01419   -3.71177   -1.00430   -1.95215
          2       1700 2903.03694   -0.96720   -0.03838   -1.00235   -0.01352   -3.71177   -1.00430   -1.95215
          2       1800 3107.70486   -0.96824   -0.03769   -1.00379   -0.01347   -3.71177   -1.00430   -1.95215
          2       1900 3338.21454   -0.96921   -0.03705   -1.00346   -0.01255   -3.71177   -1.00430   -1.95215
          2       2000 3507.37428   -0.97009   -0.03646   -1.00301   -0.01354   -3.71177   -1.00430   -1.95215
          2       2042 3602.66617   -0.97045   -0.03623   -1.00293   -0.01419   -3.71177   -1.00430   -1.95215
