          1          0    0.00000   -0.99921    0.03844   -0.99921    0.03844   -3.65463    3.65463    0.00000
          1          1    1.03821   -0.68249   -0.02083   -0.44401   -0.01248   -3.65463   -0.68249    0.00000
          2          0    1.03821   -0.30311   -0.05301   -0.44401   -0.01248   -3.65463   -0.68249   -2.16856
          2        100   76.46977   -0.93600    0.01278   -1.01508    0.02965   -3.65463   -0.68249   -2.16856
          2        200  140.55659   -0.95969    0.01742   -1.01481    0.02897   -3.65463   -0.68249   -2.16856
          2        300  204.65937   -0.97017    0.01954   -1.01561    0.02899   -3.65463   -0.68249   -2.16856
          2        400  264.07469   -0.97641    0.02080   -1.01616    0.02913   -3.65463   -0.68249   -2.16856
          2        500  329.54630   -0.98067    0.02168   -1.01568    0.02918   -3.65463   -0.68249   -2.16856
          2        600  400.43520   -0.98381    0.02233   -1.01610    0.02930   -3.65463   -0.68249   -2.16856
          2        700  467.26428   -0.98625    0.02283   -1.01613    0.02922   -3.65463   -0.68249   -2.16856
          2        800  525.06842   -0.98822    0.02324   -1.01607    0.02941   -3.65463   -0.68249   -2.16856
          2        900  591.88717   -0.98985    0.02358   -1.01584    0.02939   -3.65463   -0.68249   -2.16856
          2       1000  675.74223   -0.99123    0.02387   -1.01605    0.02952   -3.65463   -0.68249   -2.16856
          2       1100  761.91091   -0.99241    0.02412   -1.01611    0.02920   -3.65463   -0.68249   -2.16856
          2       1200  820.54653   -0.99345    0.02434   -1.01629    0.02916   -3.65463   -0.68249   -2.16856
          2       1300  896.51359   -0.99436    0.02453   -1.01640    0.02938   -3.65463   -0.68249   -2.16856
          2       1400  968.68223   -0.99517    0.02470   -1.01619    0.02903   -3.65463   -0.68249   -2.16856
          2       1500 1033.39561   -0.99590    0.02485   -1.01638    0.02907   -3.65463   -0.68249   -2.16856
          2       1600 1128.46495   -0.99656    0.02499   -1.01631    0.02912   -3.65463   -0.68249   -2.16856
          2       1700 1194.79230   -0.99717    0.02512   -1.01654    0.02910   -3.65463   -0.68249   -2.16856
          2       1800 1254.38056   -0.99772    0.02524   -1.01621    0.02904   -3.65463   -0.68249   -2.16856
          2       1900 1320.99807   -0.99822    0.02534   -1.01608    0.02911   -3.65463   -0.68249   -2.16856
          2       2000 1419.67296   -0.99869    0.02544   -1.01646    0.02927   -3.65463   -0.68249   -2.16856
          2       2100 1500.82543   -0.99913    0.02554   -1.01618    0.02945   -3.65463   -0.68249   -2.16856
          2       2200 1565.53455   -0.99953    0.02562   -1.01643    0.02930   -3.65463   -0.68249   -2.16856
          2       2300 1629.43044   -0.99991    0.02570   -1.01651    0.02944   -3.65463   -0.68249   -2.16856
          2       2400 1705.52338   -1.00026    0.02578   -1.01650    0.02916   -3.65463   -0.68249   -2.16856
          2       2500 1769.42964   -1.00060    0.02585   -1.01649    0.02929   -3.65463   -0.68249   -2.16856
          2       2600 1837.74878   -1.00091    0.02591   -1.01645    0.02925   -3.65463   -0.68249   -2.16856
          2       2700 1898.67757   -1.00120    0.02598   -1.01636    0.02943   -3.65463   -0.68249   -2.16856
          2       2800 1957.01152   -1.00148    0.02604   -1.01642    0.02919   -3.65463   -0.68249   -2.16856
          2       2900 2018.33503   -1.00175    0.02609   -1.01632    0.02947   -3.65463   -0.68249   -2.16856
          2       3000 2097.75714   -1.00200    0.02615   -1.01649    0.02936   -3.65463   -0.68249   -2.16856
          2       3100 2186.52478   -1.00224    0.02620   -1.01643    0.02918   -3.65463   -0.68249   -2.16856
          2       3200 2259.88699   -1.00247    0.02624   -1.01643    0.02949   -3.65463   -0.68249   -2.16856
          2       3300 2323.61854   -1.00268    0.02629   -1.01606    0.02952   -3.65463   -0.68249   -2.16856
          2       3400 2400.05824   -1.00289    0.02634   -1.01641    0.02930   -3.65463   -0.68249   -2.16856
          2       3500 2469.77612   -1.00309    0.02638   -1.01651    0.02926   -3.65463   -0.68249   -2.16856
          2       3600 2546.98908   -1.00328    0.02642   -1.01634    0.02926   -3.65463   -0.68249   -2.16856
          2       3700 2643.26114   -1.00346    0.02646   -1.01633    0.02915   -3.65463   -0.68249   -2.16856
          2       3800 2718.21563   -1.00364    0.02650   -1.01640    0.02919   -3.65463   -0.68249   -2.16856
          2       3900 2816.89587   -1.00381    0.02653   -1.01641    0.02917   -3.65463   -0.68249   -2.16856
          2       4000 2876.12937   -1.00397    0.02657   -1.01641    0.02922   -3.65463   -0.68249   -2.16856
          2       4100 2946.47798   -1.00413    0.02660   -1.01638    0.02918   -3.65463   -0.68249   -2.16856
          2       4200 3007.55924   -1.00428    0.02663   -1.01630    0.02928   -3.65463   -0.68249   -2.16856
          2       4300 3079.43064   -1.00442    0.02666   -1.01648    0.02922   -3.65463   -0.68249   -2.16856
          2       4400 3153.45801   -1.00456    0.02669   -1.01662    0.02932   -3.65463   -0.68249   -2.16856
          2       4500 3227.51530   -1.00470    0.02672   -1.01626    0.02946   -3.65463   -0.68249   -2.16856
          2       4600 3304.08969   -1.00483    0.02675   -1.01638    0.02938   -3.65463   -0.68249   -2.16856
          2       4700 3390.69271   -1.00496    0.02678   -1.01661    0.02932   -3.65463   -0.68249   -2.16856
          2       4800 3456.39611   -1.00508    0.02680   -1.01642    0.02923   -3.65463   -0.68249   -2.16856
          2       4900 3545.49305   -1.00520    0.02683   -1.01652    0.02928   -3.65463   -0.68249   -2.16856
          2       4953 3600.66163   -1.00526    0.02684   -1.01643    0.02942   -3.65463   -0.68249   -2.16856
