   10000000
          7
 1051.70656
   -0.99449
    0.07846
   -1.00606
    0.00001

   -0.05303
    0.04700
   -0.06244
   -0.03838
    0.06022
   -0.01943
   -0.04627
    0.04354
    0.02423
   -0.04281
    0.03310
    0.04547
    0.00029
    0.03055
    0.02298
    0.02299
    0.03557
    0.00699
   -0.03756
    0.01991
    0.02372
    0.06828
    0.04769
    0.02862
   -0.03530
   -0.02439
    0.01701
    0.05528
    0.00942
   -0.02558
    0.00321
   -0.02079
   -0.04680
   -0.00600
   -0.04456
    0.04289
   -0.02383
    0.00512
   -0.02661
    0.04108
    0.05877
   -0.06196
   -0.04426
    0.03958
    0.05224
    0.04900
   -0.02352
    0.06290
    0.05440
   -0.06557
   -0.03564
    0.01719
    0.05541
   -0.03521
    0.01939
   -0.03745
   -0.04364
    0.02718
   -0.04032
   -0.03858
   -0.01057
    0.00929
   -0.03205
    0.00904
    0.01018
   -0.07772
   -0.01502
    0.03869
    0.05495
   -0.00097
   -0.00758
    0.01057
    0.00005
    0.03556
   -0.05442
   -0.05374
   -0.07170
    0.02491
   -0.01144
    0.00846
   -0.01086
    0.05009
   -0.02481
    0.06728
   -0.01237
   -0.01311
    0.02723
   -0.01882
    0.01231
    0.04893
   -0.05646
   -0.05808
    0.02084
    0.00689
    0.03722
   -0.06885
   -0.00045
   -0.06093
    0.02527
   -0.05342
    0.05295
    0.04389
   -0.03471
    0.06848
   -0.06416
   -0.04009
    0.04711
    0.03311
   -0.02199
    0.03127
    0.02819
    0.02013
    0.05584
    0.02226
    0.02280
   -0.04554
   -0.04013
    0.05605
   -0.02234
   -0.05954
   -0.04367
   -0.04625
    0.03557
   -0.06358
    0.00761
    0.06329
    0.05315
    0.05410
   -0.01231
    0.00645
   -0.02514
   -0.07186
   -0.05844
    0.05495
   -0.02551
    0.05071
   -0.00720
    0.04594
   -0.01670
   -0.00135
    0.05854
    0.02780
    0.05843
   -0.05623
    0.03702
   -0.04523
    0.01998
   -0.04867
   -0.06560
    0.02692
   -0.05376
    0.01552
    0.03111
    0.00095
   -0.00270
   -0.01042
   -0.01255
    0.00293
    0.00737
    0.04675
    0.01781
    0.01610
   -0.01782
   -0.07241
   -0.05157
   -0.02035
   -0.06338
   -0.05142
    0.04533
    0.05699
   -0.05901
   -0.00580
   -0.01236
   -0.05106
    0.06475
   -0.01958
    0.00243
    0.05705
    0.04175
   -0.03050
    0.04597
    0.05453
   -0.05789
    0.02961
    0.02711
   -0.03678
    0.00674
   -0.01884
   -0.01313
    0.06965
   -0.06908
   -0.03138
   -0.01717
    0.07050
   -0.06324
   -0.05370
    0.00105
    0.05610
    0.00334
    0.05653
   -0.05152
   -0.03014
   -0.01897
   -0.01961
    0.02351
   -0.05419
    0.04086
    0.06420
   -0.06208
   -0.01323
    0.05771
   -0.04668
   -0.00952
    0.03860
   -0.01603
   -0.01824
   -0.04245
   -0.05079
   -0.06318
    0.02985
   -0.06834
    0.03715
   -0.05528
   -0.01760
   -0.03481
    0.02232
   -0.03125
    0.05049
    0.05708
    0.05805
    0.04164
    0.01822
    0.06786
    0.06736
    0.00743
    0.01366
   -0.00226
    0.03839
    0.04568
   -0.00135
    0.00720
    0.03923
   -0.04285
    0.05881
   -0.04924
   -0.06570
    0.06773
    0.05017
   -0.04687
    0.00668
   -0.00658
   -0.05430
   -0.00125
   -0.03546
   -0.03688
   -0.05322
   -0.02848
    0.05194
   -0.06110
   -0.01780
   -0.02220
    0.00641
   -0.04793
   -0.03967
   -0.05280
   -0.00277
    0.01255
   -0.01588
    0.05263
   -0.01970
    0.02366
    0.04437
   -0.05834
   -0.03461
   -0.02719
    0.02322
   -0.04391
    0.01111
   -0.05644
    0.02300
   -0.03709
   -0.05357
    0.02718
    0.06081
   -0.02782
   -0.03589
   -0.05507
    0.03055
   -0.05624
    0.04854
   -0.05532
    0.00054
   -0.06372
    0.04140
    0.06251
   -0.05277
    0.01622
   -0.02706
   -0.01223
    0.02421
    0.06079
   -0.05282
    0.01790
    0.03567
   -0.03762
   -0.05733
    0.02835
   -0.05460
    0.02855
    0.03198
   -0.04627
    0.00401
    0.01206
    0.04483
   -0.03228
   -0.01979
   -0.06378
    0.02339
    0.01618
   -0.06380
   -0.01565
   -0.04840
   -0.05943
    0.06526
    0.01017
    0.04024
    0.03217
    0.06190
   -0.00872
   -0.03257
   -0.02047
    0.03069
    0.05525
   -0.06735
   -0.04551
    0.03132
    0.05515
    0.01130
    0.05528
   -0.03532
   -0.02637
   -0.02414
   -0.05094
   -0.00453
    0.03436
    0.04802
    0.02435
    0.06872
   -0.06212
   -0.01123
   -0.07398
   -0.03064
   -0.04783
   -0.01794
    0.02545
   -0.03047
    0.01992
    0.04824
   -0.06325
   -0.02205
    0.00107
   -0.00863
   -0.05534
   -0.01956
   -0.05266
    0.00836
    0.06537
    0.00477
   -0.04667
   -0.02269
   -0.00183
    0.03001
   -0.00242
    0.00072
   -0.07227
    0.01159
   -0.00061
   -0.03733
   -0.01234
   -0.06940
    0.00357
    0.05492
   -0.01433
    0.02778
   -0.03584
   -0.01636
    0.01193
   -0.02214
    0.02639
    0.04880
    0.03506
   -0.04449
   -0.01677
   -0.02550
   -0.04845
    0.06435
   -0.04622
    0.02854
    0.04236
   -0.01767
   -0.05072
   -0.03132
    0.05835
   -0.02624
    0.02882
   -0.04892
   -0.00508
   -0.05650
   -0.04810
   -0.06005
   -0.04750
   -0.06743
    0.02220
   -0.01776
    0.00357
   -0.03523
   -0.04732
    0.00929
    0.04998
    0.06256
    0.05160
    0.03151
   -0.05113
    0.05953
    0.02227
    0.05525
    0.05045
   -0.05481
   -0.00928
   -0.05614
    0.00574
   -0.06832
   -0.01408
    0.05737
    0.06616
    0.05741
   -0.02399
   -0.05401
   -0.06616
    0.06537
   -0.03135
    0.04243
    0.01627
   -0.01860
   -0.04507
   -0.02933
    0.02899
    0.05423
   -0.04662
   -0.03059
    0.05909
    0.03212
   -0.05048
    0.04963
    0.05679
   -0.03551
   -0.00928
   -0.03749
   -0.03493
   -0.04003
   -0.06498
   -0.01669
   -0.02865
   -0.04970
   -0.03388
   -0.03558
   -0.02465
    0.02936
    0.02974
   -0.02635
   -0.05393
    0.03041
   -0.02771
    0.04377
   -0.03697
   -0.01056
    0.04012
    0.02372
   -0.04595
   -0.04554
   -0.03147
    0.04888
    0.01165
   -0.03325
    0.02052
    0.01962
   -0.04887
   -0.00116
    0.03770
   -0.01020
   -0.02160
   -0.04974
   -0.02462
    0.06228
    0.06201
   -0.04927
    0.06538
   -0.05540
   -0.04338
   -0.04617
    0.02393
   -0.07025
    0.05241
   -0.05038
   -0.06341
    0.06618
   -0.04823
    0.06672
   -0.05732
    0.06236
    0.06376
   -0.04110
   -0.00822
    0.00897
    0.05188
    0.00811
   -0.01178
   -0.01039
    0.04620
   -0.05673
    0.05360
    0.06847
   -0.02878
    0.01333
    0.05176
    0.02520
    0.05548
    0.03560
    0.03720
   -0.02398
   -0.06002
    0.00449
    0.03869
    0.01469
   -0.04226
   -0.00395
    0.05741
   -0.02895
   -0.05883
   -0.05809
   -0.04072
    0.01843
   -0.00462
    0.02650
    0.04675
   -0.04503
    0.02293
    0.04489
   -0.02514
   -0.03875
    0.04047
   -0.03071
   -0.02881
   -0.04828
   -0.03845
   -0.03534
   -0.00868
    0.02243
   -0.00522
   -0.00627
   -0.06351
    0.03668
    0.05679
    0.03033
    0.05300
    0.00842
   -0.04934
    0.05056
   -0.01685
   -0.02218
   -0.00521
    0.00689
    0.01147
    0.02989
    0.02227
    0.05227
   -0.01715
   -0.04048
    0.01221
   -0.01177
    0.06842
    0.06506
    0.04927
    0.05071
    0.02109
   -0.03980
   -0.02434
    0.00184
   -0.01210
    0.01728
    0.00194
   -0.00128
    0.01037
   -0.01713
    0.05449
   -0.00639
   -0.05405
    0.05197
   -0.01009
   -0.03629

   -0.04472
    0.05165
   -0.06339
   -0.03458
    0.05203
   -0.01926
   -0.04837
    0.05036
    0.02537
   -0.04779
    0.03281
    0.03918
    0.00126
    0.02794
    0.02366
    0.02252
    0.03258
   -0.00247
   -0.03558
    0.01017
    0.01478
    0.06334
    0.04839
    0.02066
   -0.04247
   -0.02598
    0.02163
    0.05854
    0.00705
   -0.02111
    0.00610
   -0.02055
   -0.04636
   -0.00768
   -0.02941
    0.04062
   -0.01531
    0.00738
   -0.02740
    0.04707
    0.05058
   -0.05729
   -0.02477
    0.04349
    0.05031
    0.04185
   -0.02584
    0.06449
    0.05444
   -0.07224
   -0.03281
    0.02322
    0.05777
   -0.03496
    0.02690
   -0.03590
   -0.03955
    0.03624
   -0.03465
   -0.03493
   -0.01599
    0.01241
   -0.03160
    0.00362
    0.00187
   -0.08140
   -0.01484
    0.03499
    0.06456
   -0.00517
   -0.01206
    0.01289
   -0.00079
    0.04389
   -0.05682
   -0.05504
   -0.07828
    0.01782
   -0.02065
    0.00451
   -0.00911
    0.04065
   -0.02552
    0.06403
   -0.02301
   -0.02254
    0.01604
   -0.01213
    0.00839
    0.04920
   -0.05921
   -0.05747
    0.01538
    0.00558
    0.04312
   -0.07411
    0.00006
   -0.05983
    0.01726
   -0.05601
    0.04753
    0.04902
   -0.02808
    0.07190
   -0.06319
   -0.04237
    0.04911
    0.03108
   -0.02742
    0.03261
    0.03476
    0.01546
    0.06168
    0.01422
    0.02354
   -0.04825
   -0.04161
    0.05829
   -0.01635
   -0.06392
   -0.04759
   -0.03661
    0.03355
   -0.06970
    0.01032
    0.05732
    0.04959
    0.04680
   -0.01170
    0.00747
   -0.02787
   -0.06946
   -0.04858
    0.05012
   -0.02096
    0.03972
   -0.00583
    0.04816
   -0.02010
   -0.00118
    0.05587
    0.02138
    0.05483
   -0.05256
    0.03844
   -0.04198
    0.02005
   -0.04861
   -0.06498
    0.02976
   -0.05711
    0.02155
    0.02533
    0.00288
   -0.00958
   -0.00975
   -0.01441
    0.00595
    0.01546
    0.03785
    0.02851
    0.01387
   -0.01363
   -0.07954
   -0.04554
   -0.02476
   -0.05539
   -0.05086
    0.04467
    0.05667
   -0.06255
   -0.00849
   -0.01559
   -0.06247
    0.05887
   -0.02694
    0.00804
    0.05196
    0.04638
   -0.02385
    0.03327
    0.05701
   -0.05287
    0.03725
    0.02103
   -0.03360
    0.01269
   -0.01409
   -0.02046
    0.06916
   -0.07763
   -0.03444
   -0.01164
    0.07392
   -0.06143
   -0.05134
    0.00197
    0.04866
    0.00762
    0.05136
   -0.05128
   -0.02821
   -0.00833
   -0.00590
    0.02142
   -0.05468
    0.04872
    0.06117
   -0.05864
   -0.01608
    0.05596
   -0.03968
   -0.00095
    0.03196
   -0.01779
   -0.01314
   -0.04996
   -0.04091
   -0.05879
    0.03625
   -0.06373
    0.03000
   -0.05372
   -0.01812
   -0.04201
    0.00418
   -0.02170
    0.05373
    0.05745
    0.06309
    0.03866
    0.02477
    0.07729
    0.07737
   -0.00311
    0.01243
   -0.01221
    0.03677
    0.03812
   -0.01008
    0.01150
    0.03506
   -0.04546
    0.05283
   -0.05230
   -0.06959
    0.06582
    0.05073
   -0.05734
    0.01512
   -0.00442
   -0.04790
    0.00220
   -0.03441
   -0.02933
   -0.05224
   -0.03423
    0.04568
   -0.06172
   -0.00949
   -0.01517
   -0.00441
   -0.04783
   -0.03693
   -0.05987
   -0.00033
    0.01883
   -0.01656
    0.04886
   -0.01468
    0.01142
    0.03948
   -0.05424
   -0.03658
   -0.02236
    0.02044
   -0.03938
    0.00922
   -0.06092
    0.01984
   -0.03479
   -0.04856
    0.03001
    0.06394
   -0.02765
   -0.03957
   -0.04907
    0.03156
   -0.05457
    0.04924
   -0.05787
   -0.00492
   -0.05653
    0.04432
    0.06640
   -0.05422
    0.00897
   -0.02457
   -0.01468
    0.03104
    0.05966
   -0.04547
    0.02402
    0.03038
   -0.03848
   -0.05380
    0.02674
   -0.04937
    0.02056
    0.02787
   -0.04159
   -0.00525
    0.01154
    0.03615
   -0.04162
   -0.02492
   -0.06015
    0.02659
    0.01727
   -0.06336
   -0.01664
   -0.05161
   -0.06564
    0.06277
    0.00746
    0.04195
    0.03464
    0.05615
   -0.00595
   -0.04677
   -0.01597
    0.02875
    0.04779
   -0.07420
   -0.04801
    0.02965
    0.04961
    0.02314
    0.05204
   -0.02610
   -0.02434
   -0.02513
   -0.04712
   -0.01559
    0.02832
    0.05016
    0.02665
    0.06450
   -0.05892
   -0.02290
   -0.07763
   -0.02977
   -0.04765
   -0.01467
    0.02241
   -0.02893
    0.02906
    0.04532
   -0.06065
   -0.02610
   -0.00308
   -0.00248
   -0.05722
   -0.02860
   -0.05162
    0.01564
    0.06274
    0.00028
   -0.05272
   -0.02742
   -0.00207
    0.02284
    0.00694
    0.00743
   -0.07085
    0.00157
   -0.00696
   -0.03241
   -0.01124
   -0.06773
    0.01147
    0.05349
   -0.00643
    0.02570
   -0.03216
   -0.00894
    0.00150
   -0.02721
    0.03357
    0.05510
    0.03644
   -0.04950
   -0.01976
   -0.03258
   -0.04909
    0.06513
   -0.04662
    0.02786
    0.03489
   -0.01087
   -0.05670
   -0.03318
    0.07035
   -0.02890
    0.02990
   -0.05012
   -0.01530
   -0.05645
   -0.04809
   -0.06221
   -0.05120
   -0.06763
    0.01363
   -0.02156
    0.00817
   -0.04156
   -0.04674
    0.01326
    0.04641
    0.06755
    0.04873
    0.03130
   -0.04952
    0.05207
    0.02381
    0.05147
    0.04463
   -0.05493
   -0.01239
   -0.06473
    0.01017
   -0.06646
   -0.00991
    0.06280
    0.06171
    0.05376
   -0.01816
   -0.05232
   -0.06624
    0.07151
   -0.02403
    0.04743
    0.01131
   -0.02345
   -0.03949
   -0.02605
    0.01501
    0.05103
   -0.04956
   -0.03803
    0.05494
    0.01923
   -0.04901
    0.04477
    0.06056
   -0.03237
   -0.00938
   -0.03745
   -0.04257
   -0.04313
   -0.05362
   -0.01590
   -0.02057
   -0.05294
   -0.03637
   -0.04347
   -0.02217
    0.02010
    0.03483
   -0.02610
   -0.05334
    0.03078
   -0.02826
    0.05072
   -0.04530
   -0.01652
    0.03390
    0.02329
   -0.04556
   -0.04870
   -0.02861
    0.04738
    0.02440
   -0.02891
    0.03067
    0.01502
   -0.05157
   -0.00324
    0.04025
   -0.00421
   -0.01066
   -0.05601
   -0.01514
    0.06776
    0.07247
   -0.04389
    0.06555
   -0.05827
   -0.04619
   -0.04953
    0.02218
   -0.06441
    0.05403
   -0.05232
   -0.06571
    0.06420
   -0.05506
    0.06237
   -0.05587
    0.06352
    0.06574
   -0.03731
   -0.00059
    0.01322
    0.05070
    0.00827
   -0.00089
   -0.01285
    0.03271
   -0.06315
    0.05544
    0.07219
   -0.03634
    0.01623
    0.05517
    0.03406
    0.05946
    0.04385
    0.04802
   -0.02431
   -0.06734
    0.00130
    0.04201
    0.02896
   -0.03537
   -0.00759
    0.05200
   -0.01682
   -0.06561
   -0.06128
   -0.03737
    0.01215
   -0.01570
    0.03033
    0.04304
   -0.05186
    0.02947
    0.04390
   -0.01871
   -0.03090
    0.03679
   -0.03404
   -0.02382
   -0.05619
   -0.03705
   -0.03001
   -0.00745
    0.01170
   -0.00244
    0.00175
   -0.05754
    0.04442
    0.04957
    0.03455
    0.05902
    0.01130
   -0.04946
    0.04974
   -0.01951
   -0.02573
   -0.00701
    0.01554
    0.01192
    0.03557
    0.01541
    0.04904
   -0.02636
   -0.04053
    0.00688
   -0.01982
    0.07163
    0.06291
    0.03902
    0.05750
    0.02517
   -0.03814
   -0.01864
    0.00435
   -0.01426
    0.01913
    0.00068
   -0.01862
    0.01385
   -0.01421
    0.06073
   -0.01321
   -0.05730
    0.05051
   -0.01143
   -0.02825
