   10000000
          9
 3637.15854
   -0.97990
    0.02449
   -0.99842
   -0.00000

    0.00727
   -0.05853
   -0.05393
   -0.06944
   -0.07837
   -0.00706
    0.05742
    0.05644
    0.01980
    0.00985
   -0.03390
   -0.00473
    0.01450
    0.02195
    0.00051
    0.06012
   -0.03265
    0.06904
    0.01274
   -0.01340
    0.03037
    0.06242
    0.02139
    0.01835
   -0.01735
   -0.04449
   -0.02241
    0.00651
   -0.00198
   -0.06693
    0.01249
    0.01891
   -0.04435
    0.03732
    0.04008
    0.01956
   -0.05197
    0.01936
    0.06406
    0.01601
    0.08943
    0.05370
    0.03021
   -0.03965
    0.05949
    0.00046
   -0.00811
    0.01394
    0.01876
   -0.04002
   -0.02528
   -0.00941
   -0.00872
    0.04256
   -0.03770
    0.05640
   -0.06739
    0.05682
   -0.05740
    0.04408
    0.05067
   -0.07715
    0.05436
   -0.04536
    0.05017
    0.05013
   -0.00341
    0.01028
    0.03458
   -0.00532
    0.00433
    0.00863
    0.05644
   -0.05331
   -0.02493
    0.05765
    0.06343
   -0.01949
    0.05842
   -0.00011
    0.01284
   -0.04880
   -0.04675
    0.02113
   -0.00248
    0.02253
    0.01817
   -0.06258
   -0.04652
   -0.01771
    0.00381
   -0.00352
    0.01052
    0.01160
   -0.04773
   -0.01220
   -0.01628
   -0.04340
   -0.06564
   -0.01125
   -0.05667
    0.06187
   -0.06628
   -0.05551
   -0.03989
    0.07363
    0.03374
    0.01493
    0.01290
    0.05208
    0.01474
    0.02411
    0.04469
    0.02595
    0.04552
   -0.06174
    0.02685
    0.02454
    0.03805
   -0.00920
    0.02829
   -0.04834
   -0.05450
    0.01138
    0.05869
    0.05245
    0.03879
   -0.01671
   -0.01940
    0.01354
   -0.04782
    0.05330
   -0.00915
    0.01943
    0.05493
   -0.04729
   -0.04607
    0.03832
    0.06259
    0.04249
   -0.04343
    0.03846
   -0.06574
    0.04543
   -0.04668
    0.05590
   -0.00413
   -0.00810
    0.04052
   -0.05122
    0.04281
    0.07203
   -0.02643
   -0.00853
    0.05680
   -0.03805
   -0.04803
    0.00722
    0.01098
   -0.04077
   -0.06103
   -0.05682
   -0.02377
    0.00632
    0.03569
    0.05397
   -0.01766
    0.00825
   -0.05236
    0.05837
   -0.05592
   -0.01064
   -0.03276
    0.03748
   -0.04857
    0.04168
   -0.03682
    0.00958
    0.06772
    0.02640
    0.04754
   -0.00740
   -0.04002
   -0.03344
   -0.02399
    0.04276
    0.02188
    0.06047
   -0.03792
    0.00143
    0.01503
    0.03976
   -0.01011
   -0.05610
   -0.06030
   -0.01233
   -0.06519
   -0.00717
   -0.06358
   -0.01269
   -0.07530
   -0.05529
   -0.05607
   -0.00248
   -0.02143
    0.01170
   -0.02931
   -0.04484
    0.05342
   -0.01958
    0.00673
   -0.01492
   -0.01460
    0.00071
   -0.01959
   -0.06304
    0.05666
    0.05167
   -0.00750
   -0.01038
   -0.04739
    0.03767
    0.04442
   -0.00118
    0.05869
    0.01606
   -0.00356
    0.01706
    0.03283
   -0.05384
   -0.00638
   -0.00901
   -0.02203
   -0.04603
    0.04964
    0.00471
    0.06600
    0.03829
   -0.03661
   -0.02796
    0.01370
    0.03949
    0.01385
    0.00625
    0.04406
   -0.02020
    0.05981
    0.05938
    0.03326
   -0.06011
   -0.04402
   -0.03826
   -0.04904
   -0.01728
   -0.07206
   -0.02633
    0.01960
    0.00817
   -0.05559
   -0.05788
   -0.04590
    0.01187
   -0.00175
   -0.00835
   -0.00253
    0.06542
    0.05630
   -0.01065
    0.05152
   -0.06306
   -0.03634
    0.02518
   -0.01023
    0.03023
   -0.06224
    0.05937
   -0.02603
   -0.00326
    0.04494
   -0.06920
   -0.03745
   -0.00450
   -0.00226
    0.04560
    0.01567
    0.00944
   -0.03639
   -0.02885
   -0.06495
    0.05313
    0.05279
   -0.04822
   -0.00023
   -0.03799
    0.02130
   -0.03260
    0.01262
    0.00248
   -0.00811
    0.04376
   -0.05096
   -0.06238
   -0.02577
    0.02808
    0.03904
    0.02367
   -0.00990
   -0.01189
   -0.04368
    0.00506
    0.02719
   -0.04281
    0.06086
    0.05837
    0.04228
    0.01706
    0.00122
   -0.00376
    0.06452
   -0.01028
    0.00778
   -0.02979
    0.00537
   -0.00973
    0.01392
    0.07340
   -0.03967
   -0.03410
    0.00838
    0.04129
   -0.03472
    0.06135
    0.03111
   -0.01638
   -0.00122
   -0.04432
    0.03128
   -0.06725
   -0.00520
   -0.06712
   -0.04347
    0.03610
    0.00803
   -0.01269
    0.01749
   -0.01523
   -0.01006
    0.01214
   -0.00265
   -0.03410
    0.01300
    0.04213
   -0.05313
    0.01046
    0.05288
    0.06420
   -0.06539
    0.04593
    0.00011
   -0.05389
    0.06084
   -0.04567
    0.02642
   -0.02921
   -0.04156
   -0.05296
    0.01961
    0.00513
   -0.05288
   -0.04495
   -0.03147
    0.00215
    0.06179
   -0.05077
    0.06324
    0.00392
   -0.02063
   -0.02264
   -0.04060
   -0.03314
    0.05134
    0.01389
    0.00815
    0.01944
    0.02856
   -0.00555
   -0.01966
    0.00106
   -0.02558
   -0.06413
   -0.06870
    0.02882
   -0.01788
   -0.04201
    0.03139
   -0.02624
    0.00054
    0.04518
   -0.00057
    0.03381
    0.05701
    0.03228
   -0.02599
    0.00049
    0.02929
   -0.00589
   -0.02894
    0.05104
   -0.00465
   -0.03896
    0.01736
    0.00076
   -0.04638
   -0.06305
    0.03165
    0.01854
   -0.02347
   -0.02000
   -0.01099
   -0.06834
    0.04775
   -0.02312
    0.04489
   -0.05950
   -0.01795
   -0.01816
    0.01366
    0.05745
    0.01218
   -0.02512
   -0.06925
    0.06470
   -0.04923
   -0.03001
    0.06568
   -0.05552
   -0.05656
    0.07474
   -0.02354
    0.06295
    0.03399
    0.06384
   -0.06867
    0.03436
    0.02580
    0.05782
    0.00801
    0.01705
    0.06154
    0.06006
    0.05624
   -0.05732
   -0.03437
   -0.03632
    0.07074
    0.00630
    0.01328
   -0.04858
   -0.01853
   -0.03749
   -0.03265
    0.05627
   -0.06458
   -0.06747
   -0.05729
   -0.06797
    0.03883
   -0.05439
    0.06652
    0.05101
   -0.05099
   -0.00158
   -0.02383
    0.00781
   -0.02447
    0.05580
   -0.05612
   -0.00463
    0.02054
    0.02195
   -0.03801
   -0.07054
    0.03232
    0.05346
   -0.06645
   -0.05517
    0.02618
    0.03217
   -0.06699
   -0.03109
    0.00948
    0.04998
   -0.04904
    0.02679
   -0.02064
    0.06187
    0.06467
   -0.00563
   -0.06805
    0.00659
    0.04563
   -0.04339
   -0.03345
   -0.01540
    0.05971
   -0.01433
    0.00289
   -0.02986
   -0.00632
    0.02892
   -0.00810
   -0.01907
   -0.05290
    0.06270
    0.06941
    0.05010
   -0.06991
    0.04812
   -0.03702
   -0.05900
    0.03591
    0.01515
    0.01309
    0.03744
   -0.00978
   -0.02595
   -0.04784
   -0.00922
    0.05111
    0.05466
    0.04423
    0.00440
    0.06838
    0.02525
    0.03238
    0.03687
    0.03437
    0.03510
    0.03170
    0.06432
    0.01220
   -0.01963
    0.02887
    0.05358
   -0.06965
    0.05754
   -0.03507
    0.04637
   -0.00084
   -0.03470
    0.02427
    0.02697
   -0.05223
    0.06513
   -0.06986
    0.01382
    0.00630
   -0.05736
    0.00294
   -0.02119
   -0.06931
    0.00395
   -0.06532
   -0.00018
   -0.07659
    0.02337
    0.02443
   -0.01599
   -0.05449
    0.04251
   -0.04364
   -0.06222
    0.05374
    0.00769
    0.07075
    0.06088
    0.02875
    0.02082
    0.07151
   -0.00472
   -0.00403
    0.06038
    0.06031
   -0.05018
    0.02574
    0.01382
    0.07002
    0.01690
    0.05769
   -0.01381
   -0.05242
   -0.04264
    0.00885
   -0.00187
   -0.00260
    0.01870
   -0.03082
    0.06216
    0.06368
    0.00690

    0.00305
   -0.05743
   -0.05017
   -0.07095
   -0.07950
   -0.00630
    0.06205
    0.04860
    0.00771
    0.01518
   -0.03694
   -0.00871
    0.01339
    0.02472
   -0.00153
    0.05223
   -0.04180
    0.06957
    0.00847
   -0.00931
    0.02987
    0.05890
    0.02274
    0.02513
   -0.01762
   -0.04529
   -0.01572
    0.00901
   -0.00585
   -0.06719
    0.01355
    0.01556
   -0.04871
    0.04215
    0.03689
    0.02407
   -0.04461
    0.02170
    0.06461
    0.00823
    0.09079
    0.05415
    0.02766
   -0.03417
    0.05606
   -0.00912
   -0.01427
    0.01490
    0.02488
   -0.04652
   -0.02866
   -0.00993
   -0.00304
    0.04492
   -0.03168
    0.05428
   -0.06584
    0.05830
   -0.04987
    0.04654
    0.05486
   -0.07435
    0.04865
   -0.03824
    0.04791
    0.04687
   -0.01220
    0.01301
    0.04010
   -0.00698
    0.00606
    0.00447
    0.05734
   -0.06051
   -0.02598
    0.05978
    0.05926
   -0.02114
    0.05928
   -0.00707
    0.01107
   -0.05432
   -0.04977
    0.01990
   -0.00594
    0.01843
    0.02085
   -0.05966
   -0.04536
   -0.01834
    0.00227
   -0.00875
    0.01427
    0.01525
   -0.04782
   -0.01129
   -0.01907
   -0.03979
   -0.06148
   -0.01361
   -0.05679
    0.06699
   -0.06303
   -0.05843
   -0.04881
    0.08027
    0.03559
    0.01719
    0.00709
    0.04884
    0.00919
    0.02245
    0.03881
    0.02465
    0.05180
   -0.06484
    0.02286
    0.03255
    0.03366
   -0.00973
    0.02427
   -0.04915
   -0.05511
    0.02296
    0.06364
    0.06385
    0.04093
   -0.01753
   -0.01728
    0.01300
   -0.05136
    0.04707
   -0.01577
    0.02067
    0.05730
   -0.04574
   -0.04847
    0.03600
    0.05977
    0.04034
   -0.03971
    0.03691
   -0.06296
    0.04619
   -0.05340
    0.05470
   -0.01048
   -0.00358
    0.03969
   -0.04700
    0.04147
    0.07732
   -0.02965
   -0.00937
    0.05407
   -0.03397
   -0.04431
    0.00427
    0.01355
   -0.03822
   -0.06916
   -0.06122
   -0.01754
    0.01363
    0.03464
    0.05190
   -0.02020
    0.01161
   -0.04282
    0.06526
   -0.05058
   -0.02046
   -0.03122
    0.04087
   -0.04568
    0.05151
   -0.03584
    0.00572
    0.07697
    0.02786
    0.04253
   -0.00543
   -0.04161
   -0.03168
   -0.01612
    0.04964
    0.01914
    0.05751
   -0.03523
    0.00590
    0.01377
    0.03928
   -0.01433
   -0.06105
   -0.06505
   -0.00573
   -0.06136
    0.00357
   -0.06198
   -0.00582
   -0.07754
   -0.05185
   -0.05587
   -0.00221
   -0.02130
    0.01265
   -0.03636
   -0.04874
    0.05071
   -0.01566
    0.00714
   -0.01933
   -0.01560
   -0.00043
   -0.00568
   -0.05670
    0.05193
    0.04642
   -0.00263
   -0.00210
   -0.05449
    0.04156
    0.04296
    0.00167
    0.04825
    0.01862
   -0.00217
    0.01861
    0.03429
   -0.05583
   -0.00877
   -0.00243
   -0.02057
   -0.03839
    0.04431
   -0.00540
    0.06874
    0.03906
   -0.03877
   -0.03308
    0.01716
    0.04444
    0.01297
    0.00015
    0.04757
   -0.02354
    0.06507
    0.06407
    0.02859
   -0.06440
   -0.04194
   -0.03373
   -0.04575
   -0.01311
   -0.07589
   -0.02329
    0.01564
    0.00937
   -0.05606
   -0.05962
   -0.04058
    0.00974
    0.00212
   -0.00080
    0.00373
    0.06238
    0.05711
   -0.01252
    0.05407
   -0.05594
   -0.03770
    0.03129
   -0.01805
    0.02295
   -0.06569
    0.06691
   -0.02212
    0.00223
    0.05079
   -0.07043
   -0.03327
   -0.00508
   -0.00520
    0.04346
    0.01952
    0.01048
   -0.04243
   -0.03446
   -0.06517
    0.05066
    0.05614
   -0.05205
    0.00518
   -0.03617
    0.02582
   -0.03668
    0.01201
   -0.00018
   -0.00860
    0.04271
   -0.04783
   -0.05674
   -0.03054
    0.03481
    0.04178
    0.01210
   -0.00329
   -0.01595
   -0.04836
    0.00689
    0.02711
   -0.04594
    0.05882
    0.05117
    0.03729
    0.02081
    0.00498
   -0.00267
    0.06600
   -0.00931
    0.00517
   -0.03656
    0.01128
   -0.00283
    0.01550
    0.07253
   -0.03865
   -0.03302
    0.00744
    0.03795
   -0.03297
    0.05024
    0.03114
   -0.01757
    0.00452
   -0.04683
    0.02824
   -0.05937
    0.00032
   -0.06288
   -0.04090
    0.03460
    0.01570
   -0.01164
    0.01762
   -0.01725
   -0.01320
    0.02101
   -0.00434
   -0.03060
    0.01521
    0.03790
   -0.05390
    0.01253
    0.05765
    0.06660
   -0.06458
    0.04748
    0.00549
   -0.05349
    0.06698
   -0.04686
    0.02665
   -0.02340
   -0.03813
   -0.05069
    0.01949
    0.01220
   -0.05396
   -0.04775
   -0.02855
    0.00579
    0.05649
   -0.05191
    0.06078
    0.00354
   -0.02874
   -0.02219
   -0.04525
   -0.03500
    0.05829
    0.02421
    0.01371
    0.01513
    0.02797
   -0.00590
   -0.02056
   -0.00222
   -0.02626
   -0.06200
   -0.06935
    0.02524
   -0.01955
   -0.03619
    0.02972
   -0.02743
   -0.00444
    0.03920
   -0.01243
    0.03281
    0.05531
    0.03258
   -0.02332
    0.00294
    0.03664
   -0.01261
   -0.04092
    0.05567
    0.00384
   -0.04170
    0.01555
    0.00327
   -0.04674
   -0.07038
    0.03010
    0.01819
   -0.02318
   -0.01595
   -0.00562
   -0.07874
    0.04996
   -0.02254
    0.04814
   -0.05833
   -0.01049
   -0.02194
    0.00214
    0.06193
    0.00794
   -0.02019
   -0.06383
    0.06970
   -0.05320
   -0.03182
    0.07080
   -0.05603
   -0.06482
    0.07580
   -0.02025
    0.06072
    0.02818
    0.06090
   -0.06654
    0.04253
    0.02582
    0.05889
    0.01244
    0.01795
    0.05270
    0.06286
    0.06049
   -0.05073
   -0.03331
   -0.03506
    0.06495
    0.00274
    0.01443
   -0.04861
   -0.02053
   -0.03397
   -0.03357
    0.05419
   -0.06085
   -0.06486
   -0.06095
   -0.06483
    0.03663
   -0.05679
    0.06584
    0.05314
   -0.05078
   -0.00655
   -0.02242
    0.01183
   -0.02292
    0.04672
   -0.05391
    0.00043
    0.00995
    0.02454
   -0.04109
   -0.07211
    0.04254
    0.05900
   -0.06705
   -0.06154
    0.02529
    0.03747
   -0.06797
   -0.03438
    0.01553
    0.04295
   -0.04454
    0.03003
   -0.01688
    0.05390
    0.05360
   -0.00842
   -0.06978
    0.00743
    0.04022
   -0.03627
   -0.03101
   -0.01249
    0.06191
   -0.01496
    0.00019
   -0.02717
   -0.00299
    0.03423
   -0.00227
   -0.00829
   -0.05635
    0.06311
    0.06504
    0.04816
   -0.06702
    0.04719
   -0.03678
   -0.05881
    0.02558
    0.01544
    0.01536
    0.04038
   -0.00758
   -0.02775
   -0.05214
   -0.00750
    0.06197
    0.04576
    0.03737
    0.00788
    0.07385
    0.02333
    0.03610
    0.03972
    0.03281
    0.03258
    0.02701
    0.06581
    0.00976
   -0.01140
    0.03233
    0.05042
   -0.07253
    0.05021
   -0.03175
    0.04480
   -0.00521
   -0.02799
    0.03007
    0.02334
   -0.04697
    0.06371
   -0.06957
    0.00683
    0.00468
   -0.06049
   -0.00082
   -0.02065
   -0.05988
    0.00361
   -0.05958
    0.00339
   -0.07300
    0.02045
    0.02516
   -0.01359
   -0.05119
    0.04453
   -0.04617
   -0.05895
    0.05883
    0.00671
    0.06195
    0.05715
    0.03274
    0.02475
    0.08043
   -0.00555
   -0.01150
    0.06218
    0.05938
   -0.04411
    0.02247
    0.01491
    0.06438
    0.01300
    0.04939
   -0.00926
   -0.05163
   -0.04792
    0.00827
    0.00005
   -0.00493
    0.01290
   -0.03288
    0.06703
    0.06536
    0.00348
