 8096838410101834
       1555
 3600.75197
   27.15833
   -1.00349
   -0.01793
   -1.01247
   -0.00097

    0.01991
   -0.06321
    0.03509
   -0.01948
    0.06079
   -0.03406
    0.04117
   -0.05133
    0.06194
   -0.01023
    0.07895
    0.03007
    0.06573
    0.02127
   -0.04911
    0.05369
    0.05233
    0.06333
   -0.01329
    0.06547
    0.08388
   -0.04662
   -0.05648
   -0.00020
   -0.00947
   -0.00759
    0.04580
   -0.07151
   -0.04562
    0.00099
    0.03083
   -0.05228
    0.02714
   -0.01849
   -0.04373
    0.06825
   -0.01678
    0.00665
   -0.05886
   -0.03431
   -0.02827
    0.03125
    0.03485
    0.04384
    0.06617
   -0.06639
    0.03797
   -0.03640
    0.05142
    0.00328
   -0.02808
    0.01633
    0.04937
   -0.00874
    0.00029
   -0.02703
   -0.06478
    0.06322
   -0.00890
   -0.04123
    0.02311
   -0.01893
    0.02408
    0.03618
   -0.05535
    0.03394
    0.07035
    0.01808
    0.00261
    0.06653
   -0.00484
   -0.05434
    0.03349
   -0.05189
    0.03529
   -0.00451
   -0.02725
    0.05715
   -0.03989
   -0.01250
    0.02699
   -0.02504
   -0.01667
   -0.01169
   -0.04826
   -0.06600
    0.01342
   -0.03130
    0.03962
   -0.01827
   -0.03438
    0.04717
    0.04285
    0.04948
    0.04250
   -0.01582
   -0.03852
   -0.04314
    0.06257
   -0.02798
   -0.04078
    0.06800
    0.02392
    0.07291
    0.07182
    0.02431
    0.03631
    0.01932
    0.05563
    0.02040
    0.02503
    0.02660
    0.00038
    0.04677
   -0.06151
   -0.02927
   -0.05760
    0.03334
   -0.01572
   -0.02647
    0.06369
   -0.04561
   -0.00876
   -0.01748
    0.07106
   -0.00587
   -0.01622
    0.06266
   -0.06864
    0.00605
    0.03237
   -0.02435
   -0.02774
    0.02386
   -0.02497
   -0.01335
    0.04703
    0.02498
   -0.01571
   -0.02554
   -0.03443
   -0.00003
    0.05543
    0.06551
    0.05998
    0.05049
   -0.04847
   -0.02569
   -0.07554
   -0.04908
   -0.04669
   -0.02429
   -0.02087
   -0.03793
   -0.04151
   -0.07863
    0.06190
    0.00739
   -0.06659
   -0.04995
   -0.05091
   -0.02895
    0.05209
    0.05066
   -0.03340
    0.01479
   -0.05467
    0.06118
    0.01121
   -0.00765
    0.04528
   -0.03633
    0.05220
    0.02842
   -0.01793
   -0.02734
    0.02916
   -0.00813
   -0.02334
   -0.04469
   -0.05087
    0.02459
   -0.03677
    0.06327
    0.06138
    0.01394
   -0.01907
    0.01828
   -0.03746
   -0.06772
    0.03757
   -0.04890
   -0.03026
   -0.05398
   -0.04578
   -0.01926
   -0.01510
   -0.05685
   -0.01823
   -0.06616
    0.02183
    0.01471
   -0.07745
    0.07781
   -0.04974
   -0.01954
   -0.02986
    0.01586
   -0.03902
   -0.01296
    0.06237
    0.03124
    0.01849
    0.04959
    0.05760
    0.03568
   -0.04054
   -0.02315
   -0.01021
    0.04131
   -0.05776
    0.01040
   -0.07419
   -0.00267
    0.04794
   -0.06237
    0.06261
    0.01180
   -0.05538
   -0.07282
    0.05601
    0.00802
    0.07395
   -0.02204
   -0.04747
    0.04936
    0.01023
   -0.06472
    0.02477
    0.01838
    0.01592
   -0.05327
   -0.00228
   -0.00233
   -0.02964
   -0.04138
    0.02909
    0.05020
    0.02427
   -0.01977
   -0.01973
    0.01591
   -0.05551
   -0.02573
    0.03740
    0.04354
   -0.04689
   -0.01454
    0.03630
    0.03735
   -0.01237
   -0.03604
    0.05472
    0.00276
    0.01122
    0.00670
   -0.02488
   -0.01636
   -0.02289
    0.05699
   -0.03448
   -0.01874
   -0.05479
    0.03713
   -0.02717
    0.00586
   -0.01591
    0.01206
    0.05024
   -0.04807
   -0.04887
   -0.01274
   -0.00972
    0.01677
    0.04336
    0.02079
    0.02588
   -0.03051
    0.01207
   -0.01664
    0.04731
   -0.01465
    0.01105
    0.05402
   -0.00010
    0.05853
   -0.04189
   -0.03788
    0.02808
    0.00560
   -0.00772
    0.04161
    0.00525
   -0.03100
   -0.07373
   -0.01857
   -0.00309
    0.00060
    0.00856
    0.06660
   -0.02648
    0.01511
    0.04132
    0.02930
    0.03751
   -0.07082
   -0.00905
    0.06563
    0.00154
    0.02555
   -0.00814
    0.04206
   -0.01128
   -0.00988
    0.04493
    0.00024
   -0.06851
    0.02438
    0.02487
   -0.03619
   -0.02175
    0.06196
    0.05975
    0.00318
    0.00119
   -0.02822
   -0.00723
    0.04815
    0.02441
    0.02019
    0.00088
    0.04594
   -0.03159
   -0.01432
    0.02126
   -0.00033
   -0.02457
   -0.05827
    0.00498
   -0.01413
   -0.06202
    0.01418
    0.02262
    0.01175
   -0.00661
    0.02299
   -0.03387
   -0.01030
   -0.04034
   -0.06933
    0.05816
    0.00314
   -0.04098
   -0.01010
   -0.05173
   -0.05727
    0.04406
   -0.04711
    0.06613
   -0.04863
   -0.04589
    0.06996
    0.03651
   -0.00550
    0.05096
    0.03035
   -0.01285
   -0.02518
   -0.03386
   -0.00428
    0.03372
   -0.02829
   -0.06578
    0.01302
    0.01524
    0.00328
    0.02091
   -0.01759
    0.02212
    0.00392
   -0.06072
   -0.02750
    0.03129
    0.03444
    0.06382
    0.01169
   -0.02130
   -0.06480
   -0.06331
    0.03457
   -0.05190
   -0.01460
    0.06461
    0.05260
   -0.00660
    0.02605
   -0.01819
   -0.01226
    0.07633
    0.04316
   -0.00783
   -0.04119
   -0.00728
   -0.00715
    0.03396
   -0.05325
   -0.08325
   -0.04616
    0.06338
   -0.02946
   -0.01003
   -0.05414
   -0.00300
    0.02778
   -0.01078
    0.06783
   -0.03820
   -0.04657
    0.02866
    0.03588
   -0.03317
   -0.06234
   -0.02744
   -0.00456
   -0.02505
    0.04190
    0.02082
   -0.01309
    0.03051
   -0.06355
   -0.06180
    0.03594
    0.05154
   -0.03629
   -0.06586
   -0.04116
    0.01060
    0.01509
   -0.01114
    0.06178
    0.03746
    0.01411
    0.02074
    0.03299
    0.01495
   -0.07334
    0.03896
    0.02254
    0.06400
   -0.07195
    0.02160
   -0.05827
   -0.05854
   -0.06720
    0.07105
   -0.02905
    0.06566
   -0.01781
    0.01040
   -0.00060
   -0.05276
   -0.04428
   -0.02672
    0.06194
    0.03538
    0.04349
   -0.03594
   -0.01229
    0.04056
    0.05244
    0.00720
    0.06647
   -0.04107
   -0.03110
   -0.00487
    0.06236
    0.03370
   -0.00974
   -0.02443
   -0.06886
    0.02107
    0.04975
    0.02760
   -0.02608
    0.02475
   -0.00831
    0.02626
    0.03484
    0.01840
   -0.04447
   -0.00440
   -0.02850
    0.04400
   -0.01139
    0.02630
   -0.01537
    0.04936
    0.01407
   -0.05690
    0.04426
    0.04301
    0.06131
   -0.05788
    0.01548
   -0.00017
   -0.04454
    0.02376
    0.04685
    0.06165
   -0.00085
    0.05309
   -0.05934
    0.06907
   -0.05624
    0.04267
   -0.02054
   -0.05222
   -0.05750
   -0.01793
    0.04180
   -0.02599
    0.02490
   -0.01736
   -0.05487
   -0.00694
   -0.06568
   -0.00009
   -0.02403
   -0.05983
    0.04663
    0.05965
   -0.01910
    0.06800
   -0.04048
    0.03831
   -0.05301
   -0.03814
   -0.00747
    0.04110
    0.01491
   -0.01570
   -0.04664
    0.06473
   -0.07789
   -0.03593
    0.03265
    0.03116
    0.05273
    0.02993
    0.00183
   -0.06148
   -0.04074
   -0.01849
   -0.03447
   -0.01975
   -0.01442
    0.04045
   -0.05954
   -0.06580
    0.00713
    0.00340
   -0.04584
    0.04902
    0.00865
    0.01172
    0.04319
    0.05915
    0.00836
   -0.02423
   -0.08102
    0.02432
   -0.05086
    0.02479
    0.03797
   -0.05024
   -0.01582
   -0.01343
    0.02885
   -0.01661
   -0.06021
   -0.05468
   -0.04164
   -0.00340
    0.03159
   -0.02284
   -0.00829
   -0.05267
   -0.06671
   -0.05294
    0.04217

    0.01925
   -0.06274
    0.03549
   -0.02050
    0.06158
   -0.03449
    0.03933
   -0.05309
    0.06151
   -0.01083
    0.07664
    0.02972
    0.06424
    0.02044
   -0.04993
    0.05334
    0.05203
    0.06242
   -0.01403
    0.06434
    0.08119
   -0.04906
   -0.05824
    0.00038
   -0.00953
   -0.00808
    0.04480
   -0.07356
   -0.04489
    0.00008
    0.03049
   -0.05239
    0.02810
   -0.01783
   -0.04592
    0.06941
   -0.01793
    0.00618
   -0.05989
   -0.03555
   -0.02920
    0.02949
    0.03564
    0.04250
    0.06368
   -0.06774
    0.03708
   -0.03637
    0.05222
    0.00314
   -0.02763
    0.01853
    0.04763
   -0.01105
   -0.00015
   -0.02629
   -0.06603
    0.06535
   -0.00978
   -0.04207
    0.02446
   -0.01848
    0.02412
    0.03723
   -0.05527
    0.03593
    0.07167
    0.01638
    0.00211
    0.06676
   -0.00644
   -0.05640
    0.03415
   -0.05322
    0.03567
   -0.00509
   -0.02487
    0.05690
   -0.03880
   -0.01370
    0.02832
   -0.02582
   -0.01901
   -0.01428
   -0.04879
   -0.06489
    0.01286
   -0.03007
    0.04001
   -0.01808
   -0.03524
    0.04661
    0.04456
    0.05012
    0.04479
   -0.01735
   -0.03879
   -0.04327
    0.06347
   -0.02794
   -0.04055
    0.06573
    0.02591
    0.07226
    0.07307
    0.02318
    0.03457
    0.02030
    0.05681
    0.02097
    0.02691
    0.02754
    0.00129
    0.04400
   -0.06029
   -0.03079
   -0.06106
    0.03419
   -0.01365
   -0.02646
    0.06449
   -0.04670
   -0.00831
   -0.01752
    0.07038
   -0.00454
   -0.01736
    0.06592
   -0.07079
    0.00635
    0.03250
   -0.02440
   -0.02719
    0.02268
   -0.02245
   -0.01344
    0.04839
    0.02486
   -0.01617
   -0.02327
   -0.03515
   -0.00116
    0.05453
    0.06581
    0.05957
    0.05147
   -0.05034
   -0.02565
   -0.07651
   -0.04989
   -0.04838
   -0.02209
   -0.02135
   -0.03946
   -0.04266
   -0.07658
    0.06157
    0.00718
   -0.06894
   -0.05027
   -0.04960
   -0.02992
    0.05199
    0.05338
   -0.03447
    0.01577
   -0.05594
    0.06011
    0.01163
   -0.00740
    0.04613
   -0.03614
    0.05410
    0.03058
   -0.01688
   -0.02913
    0.02835
   -0.00797
   -0.02316
   -0.04569
   -0.05174
    0.02384
   -0.03724
    0.06420
    0.06242
    0.01396
   -0.01996
    0.02000
   -0.03758
   -0.06715
    0.03979
   -0.04825
   -0.03234
   -0.05387
   -0.04654
   -0.01922
   -0.01568
   -0.05715
   -0.01869
   -0.06539
    0.02408
    0.01504
   -0.07663
    0.07875
   -0.05002
   -0.02193
   -0.03244
    0.01900
   -0.04236
   -0.01054
    0.06259
    0.03080
    0.01758
    0.04776
    0.05596
    0.03558
   -0.04062
   -0.02467
   -0.01046
    0.04326
   -0.05770
    0.01107
   -0.07511
   -0.00113
    0.04736
   -0.06358
    0.06276
    0.01178
   -0.05661
   -0.07310
    0.05487
    0.00827
    0.07335
   -0.02381
   -0.04583
    0.04885
    0.00998
   -0.06392
    0.02810
    0.01846
    0.01699
   -0.05242
   -0.00319
   -0.00212
   -0.02992
   -0.04090
    0.02767
    0.04941
    0.02328
   -0.01991
   -0.01952
    0.01635
   -0.05670
   -0.02684
    0.03632
    0.04296
   -0.04760
   -0.01432
    0.03761
    0.03987
   -0.00953
   -0.03751
    0.05507
    0.00228
    0.01131
    0.00920
   -0.02573
   -0.01619
   -0.02394
    0.05755
   -0.03483
   -0.01787
   -0.05388
    0.03481
   -0.02780
    0.00472
   -0.01657
    0.01403
    0.05081
   -0.04697
   -0.04994
   -0.01390
   -0.01096
    0.01766
    0.04319
    0.02101
    0.02718
   -0.03237
    0.01266
   -0.01814
    0.04802
   -0.01535
    0.01194
    0.05567
   -0.00096
    0.05938
   -0.04459
   -0.03645
    0.02730
    0.00448
   -0.00891
    0.04028
    0.00550
   -0.03275
   -0.07426
   -0.01975
   -0.00371
    0.00027
    0.00859
    0.06812
   -0.02442
    0.01446
    0.04117
    0.03013
    0.03675
   -0.07195
   -0.00985
    0.06536
    0.00239
    0.02481
   -0.00907
    0.04169
   -0.00886
   -0.01139
    0.04604
    0.00090
   -0.06710
    0.02560
    0.02534
   -0.03592
   -0.02116
    0.06024
    0.05778
    0.00427
    0.00083
   -0.02703
   -0.00687
    0.04701
    0.02377
    0.02189
    0.00077
    0.04800
   -0.03007
   -0.01508
    0.02151
    0.00105
   -0.02480
   -0.06129
    0.00445
   -0.01204
   -0.06236
    0.01373
    0.02487
    0.00933
   -0.00584
    0.02532
   -0.03515
   -0.01046
   -0.04118
   -0.06941
    0.05812
    0.00178
   -0.03991
   -0.01142
   -0.05505
   -0.05847
    0.04240
   -0.04857
    0.06663
   -0.04935
   -0.04820
    0.07029
    0.03661
   -0.00536
    0.05144
    0.02997
   -0.01101
   -0.02593
   -0.03560
   -0.00133
    0.03543
   -0.02667
   -0.06734
    0.01392
    0.01461
    0.00414
    0.02272
   -0.01773
    0.02271
    0.00390
   -0.06091
   -0.02804
    0.02935
    0.03488
    0.06407
    0.01263
   -0.01933
   -0.06401
   -0.06193
    0.03474
   -0.05402
   -0.01265
    0.06472
    0.05068
   -0.00819
    0.02702
   -0.01817
   -0.01151
    0.07517
    0.04214
   -0.00708
   -0.04338
   -0.00771
   -0.00670
    0.03354
   -0.05362
   -0.08169
   -0.04574
    0.06424
   -0.03101
   -0.00982
   -0.05216
   -0.00174
    0.02678
   -0.00919
    0.06959
   -0.04029
   -0.04600
    0.02890
    0.03734
   -0.03299
   -0.06298
   -0.02646
   -0.00324
   -0.02429
    0.04465
    0.02055
   -0.01439
    0.03059
   -0.06388
   -0.06044
    0.03583
    0.05319
   -0.03738
   -0.06700
   -0.04193
    0.01031
    0.01510
   -0.01174
    0.06172
    0.03549
    0.01612
    0.02029
    0.03266
    0.01210
   -0.07183
    0.03838
    0.02165
    0.06361
   -0.07229
    0.02192
   -0.05800
   -0.05948
   -0.06933
    0.07420
   -0.02906
    0.06550
   -0.01926
    0.01150
   -0.00136
   -0.05241
   -0.04368
   -0.02737
    0.06210
    0.03499
    0.04145
   -0.03692
   -0.01123
    0.03896
    0.05278
    0.00864
    0.06747
   -0.03902
   -0.03360
   -0.00643
    0.06226
    0.03499
   -0.01006
   -0.02610
   -0.06952
    0.02051
    0.05009
    0.02884
   -0.02343
    0.02434
   -0.00727
    0.02663
    0.03596
    0.01780
   -0.04538
   -0.00404
   -0.02848
    0.04660
   -0.01214
    0.02547
   -0.01539
    0.04929
    0.01558
   -0.06024
    0.04453
    0.04478
    0.06104
   -0.05807
    0.01639
   -0.00151
   -0.04642
    0.02486
    0.04697
    0.06202
    0.00094
    0.05318
   -0.05969
    0.07091
   -0.05798
    0.04433
   -0.01942
   -0.05396
   -0.05831
   -0.01761
    0.04058
   -0.02426
    0.02453
   -0.01673
   -0.05560
   -0.00791
   -0.06667
   -0.00057
   -0.02462
   -0.05884
    0.04634
    0.05869
   -0.02140
    0.06790
   -0.04281
    0.04062
   -0.05325
   -0.03870
   -0.00748
    0.04403
    0.01351
   -0.01730
   -0.04388
    0.06726
   -0.07791
   -0.03381
    0.03380
    0.03231
    0.05044
    0.03000
    0.00169
   -0.06087
   -0.04392
   -0.02038
   -0.03297
   -0.01833
   -0.01758
    0.04157
   -0.06246
   -0.06589
    0.00667
    0.00217
   -0.04672
    0.04964
    0.01102
    0.01197
    0.04406
    0.05797
    0.00742
   -0.02508
   -0.08091
    0.02298
   -0.05117
    0.02161
    0.03973
   -0.04996
   -0.01499
   -0.01616
    0.03009
   -0.01657
   -0.06169
   -0.05603
   -0.03947
   -0.00376
    0.03107
   -0.02446
   -0.00621
   -0.05541
   -0.06898
   -0.05354
    0.03953

    0.04029
   -0.04391
    0.01434
    0.01991
   -0.01825
   -0.01426
    0.06315
    0.01879
    0.08056
    0.00205
    0.08878
    0.00868
    0.07865
    0.01972
    0.00365
    0.05401
    0.03421
    0.05908
    0.02177
    0.06118
    0.11340
    0.04556
    0.01853
    0.00776
    0.00714
    0.02053
    0.03172
   -0.01924
   -0.06062
    0.03613
    0.00058
   -0.03867
   -0.01360
   -0.03355
    0.03540
   -0.00309
    0.03115
    0.01990
    0.00432
    0.00506
   -0.00379
    0.08103
   -0.02445
    0.08985
    0.10323
    0.00637
    0.04396
   -0.01764
    0.01582
   -0.00720
   -0.03140
   -0.04842
    0.06764
    0.04609
   -0.01539
   -0.02598
   -0.00216
   -0.03730
   -0.01613
    0.03841
   -0.01538
   -0.03498
    0.02512
   -0.00611
   -0.00393
   -0.02110
    0.00687
    0.04748
    0.02190
    0.03229
    0.02093
    0.01963
   -0.00008
    0.02867
    0.02752
   -0.00256
   -0.09381
    0.04128
   -0.07252
    0.01977
   -0.02548
    0.00241
    0.01801
    0.05472
    0.01201
   -0.05605
    0.02726
   -0.03724
    0.05892
   -0.02562
   -0.00568
    0.01389
   -0.06518
    0.02562
   -0.05228
    0.03209
   -0.02989
   -0.00350
    0.00483
   -0.00810
   -0.00862
    0.10215
   -0.04627
    0.06218
    0.01004
    0.03857
    0.04922
   -0.01877
   -0.00831
   -0.00697
   -0.01447
    0.01702
   -0.00767
    0.10540
   -0.06195
    0.02090
    0.06198
   -0.01585
   -0.04883
   -0.03907
    0.03386
   -0.01233
   -0.00616
   -0.00344
    0.05821
   -0.06433
    0.02382
   -0.04749
    0.00612
   -0.00588
    0.00160
   -0.00868
   -0.02875
    0.02817
   -0.07059
    0.02321
   -0.02622
    0.02568
    0.00051
   -0.06664
   -0.02489
    0.04523
    0.07076
    0.02458
    0.02770
   -0.01576
    0.02338
   -0.04130
   -0.03512
   -0.03925
    0.03287
   -0.08715
   -0.00987
    0.01629
    0.02364
   -0.09041
    0.03660
    0.02161
    0.04859
   -0.01664
   -0.04898
    0.02691
    0.05417
   -0.05549
    0.02153
    0.00328
    0.00615
    0.05339
   -0.01009
   -0.00837
   -0.02883
   -0.01924
   -0.02810
   -0.05856
   -0.01083
    0.05770
    0.05099
   -0.03047
   -0.00130
    0.00578
    0.00043
    0.01771
   -0.00655
    0.04044
   -0.01568
    0.02889
    0.01986
   -0.05054
   -0.02368
   -0.05997
   -0.04702
   -0.05578
    0.03678
   -0.04702
    0.00398
    0.01630
    0.03407
   -0.04173
    0.00758
   -0.06983
   -0.05163
   -0.02321
   -0.07437
    0.01575
   -0.04517
    0.05856
    0.03599
   -0.08810
    0.08090
   -0.06536
    0.03944
    0.03196
    0.00749
    0.08032
    0.09806
    0.03757
   -0.01515
    0.01599
   -0.00356
   -0.05610
   -0.04378
   -0.03266
   -0.02543
   -0.04887
    0.03801
   -0.01980
    0.03068
   -0.00805
    0.01403
   -0.03877
    0.06307
    0.01590
    0.02469
    0.00679
   -0.03598
    0.05519
    0.00121
   -0.06856
   -0.06229
    0.00026
   -0.00155
   -0.07410
    0.02338
    0.00823
   -0.01431
   -0.01843
    0.04219
    0.02681
    0.03693
   -0.03824
   -0.01399
    0.02416
    0.01750
    0.02196
    0.05064
    0.04618
    0.00036
    0.00005
   -0.02955
   -0.04570
   -0.08198
    0.00906
    0.00303
    0.01315
    0.00123
   -0.05997
    0.00286
   -0.00573
   -0.00337
   -0.03021
   -0.01052
   -0.02948
   -0.06802
    0.07523
   -0.00891
    0.04327
    0.01313
   -0.06124
    0.01551
   -0.05402
    0.02172
    0.04677
    0.00080
   -0.02272
    0.03728
    0.00523
   -0.03426
    0.02447
   -0.00290
    0.00241
    0.00543
    0.01521
    0.01793
   -0.03162
    0.04118
    0.03037
    0.04587
   -0.04138
    0.04712
    0.02248
    0.02935
    0.08814
   -0.00681
    0.05237
   -0.00652
    0.00834
    0.02663
   -0.01664
    0.00471
    0.00052
   -0.07435
    0.04572
    0.05429
   -0.01216
    0.02980
   -0.01786
    0.02027
    0.04936
   -0.01900
    0.03503
    0.02326
    0.02172
   -0.05143
    0.01291
   -0.00669
   -0.01939
   -0.07813
   -0.02182
   -0.00180
   -0.02528
   -0.01797
    0.09047
    0.08116
   -0.01702
   -0.00693
   -0.02722
   -0.01636
    0.06882
    0.00326
   -0.04485
    0.01670
   -0.02567
   -0.05701
    0.02540
    0.01606
   -0.04722
   -0.02291
    0.03159
    0.03088
   -0.07563
   -0.00654
    0.00318
   -0.03077
    0.07979
   -0.03516
   -0.06524
    0.00397
    0.01484
    0.00625
   -0.01589
    0.04678
    0.02458
   -0.06420
    0.01293
    0.04249
    0.01861
    0.07921
    0.00420
    0.02144
   -0.02385
    0.02619
    0.06204
    0.01246
   -0.01332
    0.02588
    0.02636
   -0.04398
    0.00732
    0.03066
   -0.08078
   -0.03246
   -0.03653
    0.03583
   -0.01445
    0.04144
   -0.04479
   -0.05923
    0.02320
   -0.01396
   -0.00614
   -0.02564
    0.00348
    0.04722
    0.03379
    0.03429
   -0.01177
   -0.06973
   -0.04613
   -0.05135
   -0.00466
    0.06792
   -0.07257
    0.05279
    0.09343
    0.02453
    0.02861
    0.02777
   -0.03346
    0.08492
    0.06247
   -0.02250
    0.02095
    0.03495
   -0.01479
    0.03470
   -0.03180
   -0.09621
   -0.03405
    0.02277
    0.01504
   -0.00525
   -0.07555
   -0.01849
    0.04865
   -0.07596
   -0.00838
    0.04262
   -0.03165
   -0.00395
   -0.01467
   -0.01170
   -0.02349
   -0.02981
   -0.02723
   -0.03491
   -0.05367
    0.02902
    0.05748
    0.02150
   -0.02121
   -0.06809
    0.00140
   -0.05212
    0.02533
    0.01109
   -0.00786
    0.01046
    0.04150
    0.00644
    0.04020
    0.04857
   -0.05645
    0.04261
    0.05999
    0.08306
   -0.09007
    0.03825
    0.04846
    0.03194
   -0.03149
    0.04479
   -0.02746
    0.00886
    0.00936
   -0.04252
   -0.03244
    0.03475
    0.02840
   -0.04115
    0.01901
   -0.03857
   -0.04395
    0.00782
    0.01166
    0.03464
    0.03452
    0.00703
   -0.03730
    0.08236
    0.00023
   -0.01340
    0.03864
   -0.09244
    0.02507
    0.02808
    0.02818
   -0.03863
   -0.01253
    0.04205
   -0.00667
    0.01858
    0.04091
   -0.01660
   -0.10660
    0.04254
   -0.02942
   -0.00542
   -0.00611
    0.03326
    0.00244
   -0.00336
   -0.00124
   -0.03993
    0.02978
    0.04775
   -0.03639
   -0.00815
   -0.04788
    0.04259
   -0.01255
   -0.02991
    0.04644
   -0.00543
   -0.02325
    0.03909
    0.03653
   -0.01912
    0.01935
    0.03989
   -0.04832
    0.01586
   -0.02418
   -0.01888
    0.02602
   -0.02540
   -0.04233
    0.00283
   -0.03365
   -0.01915
    0.06832
   -0.05598
    0.04637
   -0.05260
    0.00921
    0.01642
   -0.00297
    0.01631
    0.02472
   -0.06294
    0.04113
    0.04324
    0.03004
    0.05600
    0.06508
   -0.06384
   -0.03130
   -0.00700
   -0.01710
   -0.02830
    0.03086
    0.02396
   -0.10511
   -0.02669
   -0.03259
   -0.08046
   -0.02856
    0.03051
    0.07797
    0.00208
   -0.00679
   -0.06614
    0.06447
    0.04006
   -0.04291
   -0.08382
    0.08457
   -0.02768
    0.05047
   -0.05816
    0.00411
    0.03334
   -0.00076
    0.00753
   -0.06308
    0.02244
   -0.02636
    0.08544
    0.04006
    0.03028
   -0.04187
    0.06495
   -0.00284
    0.09400
   -0.04076
   -0.01387
   -0.06092
    0.04648
   -0.02690
   -0.01358
    0.03031
    0.01134
   -0.08778
    0.00698
    0.01746
    0.02946
   -0.06588
    0.05430
    0.02664
   -0.01767
    0.09285
