          1          0    0.00000   -0.18994    0.33803   -0.18994    0.33803   -4.69484    4.69484    0.00000
          1         12    0.32597   -0.06398   -0.03900   -0.00550   -0.00878   -4.69484   -0.00550    0.00000
          2          0    0.32597   -0.06279   -0.05548   -0.00550   -0.00878   -4.69484   -0.00550   -2.35017
          2        100    4.39305   -0.38931    0.55138   -0.39612    0.74563   -4.69484   -0.00550   -2.35017
          2        200    8.65352   -0.40744    0.62767   -0.40933    0.78477   -4.69484   -0.00550   -2.35017
          2        300   12.83623   -0.41465    0.66564   -0.41507    0.80389   -4.69484   -0.00550   -2.35017
          2        400   17.21161   -0.41871    0.68973   -0.41845    0.81581   -4.69484   -0.00550   -2.35017
          2        500   21.25090   -0.42138    0.70687   -0.42074    0.82417   -4.69484   -0.00550   -2.35017
          2        600   27.84527   -0.42330    0.71993   -0.42242    0.83046   -4.69484   -0.00550   -2.35017
          2        700   35.44533   -0.42477    0.73034   -0.42373    0.83542   -4.69484   -0.00550   -2.35017
          2        800   43.22172   -0.42593    0.73891   -0.42478    0.83946   -4.69484   -0.00550   -2.35017
          2        900   51.47597   -0.42688    0.74613   -0.42564    0.84283   -4.69484   -0.00550   -2.35017
          2       1000   59.18765   -0.42767    0.75234   -0.42637    0.84571   -4.69484   -0.00550   -2.35017
          2       1100   68.02389   -0.42835    0.75776   -0.42700    0.84820   -4.69484   -0.00550   -2.35017
          2       1200   77.50179   -0.42893    0.76255   -0.42755    0.85038   -4.69484   -0.00550   -2.35017
          2       1300   85.96327   -0.42944    0.76681   -0.42803    0.85232   -4.69484   -0.00550   -2.35017
          2       1400   94.49116   -0.42990    0.77066   -0.42846    0.85405   -4.69484   -0.00550   -2.35017
          2       1500  101.82259   -0.43030    0.77414   -0.42884    0.85561   -4.69484   -0.00550   -2.35017
          2       1600  109.20675   -0.43066    0.77732   -0.42919    0.85703   -4.69484   -0.00550   -2.35017
          2       1700  117.55030   -0.43099    0.78024   -0.42951    0.85832   -4.69484   -0.00550   -2.35017
          2       1800  126.40441   -0.43129    0.78294   -0.42980    0.85951   -4.69484   -0.00550   -2.35017
          2       1900  134.17056   -0.43157    0.78543   -0.43006    0.86060   -4.69484   -0.00550   -2.35017
          2       2000  142.03496   -0.43182    0.78775   -0.43031    0.86162   -4.69484   -0.00550   -2.35017
          2       2100  149.65601   -0.43206    0.78992   -0.43054    0.86256   -4.69484   -0.00550   -2.35017
          2       2200  157.97744   -0.43227    0.79195   -0.43075    0.86344   -4.69484   -0.00550   -2.35017
          2       2300  165.55981   -0.43247    0.79386   -0.43095    0.86426   -4.69484   -0.00550   -2.35017
          2       2400  172.87005   -0.43266    0.79565   -0.43113    0.86503   -4.69484   -0.00550   -2.35017
          2       2500  180.84293   -0.43284    0.79735   -0.43131    0.86576   -4.69484   -0.00550   -2.35017
          2       2600  187.96454   -0.43300    0.79896   -0.43147    0.86644   -4.69484   -0.00550   -2.35017
          2       2700  195.66223   -0.43316    0.80048   -0.43163    0.86709   -4.69484   -0.00550   -2.35017
          2       2800  203.25106   -0.43331    0.80193   -0.43177    0.86771   -4.69484   -0.00550   -2.35017
          2       2900  210.13849   -0.43345    0.80331   -0.43191    0.86829   -4.69484   -0.00550   -2.35017
          2       3000  217.71064   -0.43358    0.80462   -0.43204    0.86884   -4.69484   -0.00550   -2.35017
          2       3100  225.68485   -0.43370    0.80588   -0.43217    0.86937   -4.69484   -0.00550   -2.35017
          2       3200  233.27733   -0.43382    0.80708   -0.43229    0.86987   -4.69484   -0.00550   -2.35017
          2       3300  240.98769   -0.43393    0.80823   -0.43240    0.87035   -4.69484   -0.00550   -2.35017
          2       3400  249.07682   -0.43404    0.80933   -0.43251    0.87081   -4.69484   -0.00550   -2.35017
          2       3500  255.88586   -0.43414    0.81039   -0.43261    0.87125   -4.69484   -0.00550   -2.35017
          2       3600  263.44650   -0.43424    0.81141   -0.43271    0.87167   -4.69484   -0.00550   -2.35017
          2       3700  270.85797   -0.43434    0.81239   -0.43281    0.87208   -4.69484   -0.00550   -2.35017
          2       3800  277.89703   -0.43443    0.81333   -0.43290    0.87247   -4.69484   -0.00550   -2.35017
          2       3900  285.58917   -0.43451    0.81424   -0.43298    0.87284   -4.69484   -0.00550   -2.35017
          2       4000  293.03415   -0.43460    0.81512   -0.43307    0.87320   -4.69484   -0.00550   -2.35017
          2       4100  300.92139   -0.43468    0.81597   -0.43315    0.87355   -4.69484   -0.00550   -2.35017
          2       4200  309.36125   -0.43475    0.81679   -0.43323    0.87388   -4.69484   -0.00550   -2.35017
          2       4300  318.13714   -0.43483    0.81758   -0.43331    0.87421   -4.69484   -0.00550   -2.35017
          2       4400  326.32623   -0.43490    0.81835   -0.43338    0.87452   -4.69484   -0.00550   -2.35017
          2       4500  333.69687   -0.43497    0.81910   -0.43345    0.87482   -4.69484   -0.00550   -2.35017
          2       4600  341.25436   -0.43503    0.81982   -0.43352    0.87511   -4.69484   -0.00550   -2.35017
          2       4700  348.85318   -0.43510    0.82052   -0.43358    0.87540   -4.69484   -0.00550   -2.35017
          2       4800  356.79479   -0.43516    0.82121   -0.43365    0.87567   -4.69484   -0.00550   -2.35017
          2       4900  365.14567   -0.43522    0.82187   -0.43371    0.87594   -4.69484   -0.00550   -2.35017
          2       5000  372.76111   -0.43528    0.82251   -0.43377    0.87620   -4.69484   -0.00550   -2.35017
          2       5100  380.77370   -0.43534    0.82314   -0.43383    0.87645   -4.69484   -0.00550   -2.35017
          2       5200  389.04733   -0.43539    0.82375   -0.43388    0.87669   -4.69484   -0.00550   -2.35017
          2       5300  397.03716   -0.43544    0.82434   -0.43394    0.87693   -4.69484   -0.00550   -2.35017
          2       5400  404.58963   -0.43549    0.82492   -0.43399    0.87716   -4.69484   -0.00550   -2.35017
          2       5500  412.28488   -0.43554    0.82548   -0.43405    0.87739   -4.69484   -0.00550   -2.35017
          2       5600  420.94244   -0.43559    0.82603   -0.43410    0.87760   -4.69484   -0.00550   -2.35017
          2       5700  429.04092   -0.43564    0.82657   -0.43415    0.87782   -4.69484   -0.00550   -2.35017
          2       5800  436.61659   -0.43569    0.82709   -0.43419    0.87802   -4.69484   -0.00550   -2.35017
          2       5900  444.32121   -0.43573    0.82760   -0.43424    0.87823   -4.69484   -0.00550   -2.35017
          2       6000  452.43863   -0.43577    0.82810   -0.43429    0.87842   -4.69484   -0.00550   -2.35017
          2       6100  460.14402   -0.43582    0.82859   -0.43433    0.87861   -4.69484   -0.00550   -2.35017
          2       6200  467.70038   -0.43586    0.82907   -0.43437    0.87880   -4.69484   -0.00550   -2.35017
          2       6300  475.04205   -0.43590    0.82953   -0.43442    0.87899   -4.69484   -0.00550   -2.35017
          2       6400  483.00989   -0.43594    0.82999   -0.43446    0.87916   -4.69484   -0.00550   -2.35017
          2       6500  491.10084   -0.43598    0.83043   -0.43450    0.87934   -4.69484   -0.00550   -2.35017
          2       6600  499.63132   -0.43601    0.83087   -0.43454    0.87951   -4.69484   -0.00550   -2.35017
          2       6700  508.13657   -0.43605    0.83130   -0.43458    0.87968   -4.69484   -0.00550   -2.35017
          2       6800  515.77104   -0.43609    0.83172   -0.43461    0.87984   -4.69484   -0.00550   -2.35017
          2       6900  524.23415   -0.43612    0.83213   -0.43465    0.88000   -4.69484   -0.00550   -2.35017
          2       7000  532.42933   -0.43616    0.83253   -0.43469    0.88016   -4.69484   -0.00550   -2.35017
          2       7100  539.92436   -0.43619    0.83293   -0.43472    0.88031   -4.69484   -0.00550   -2.35017
          2       7200  547.91495   -0.43622    0.83331   -0.43476    0.88046   -4.69484   -0.00550   -2.35017
          2       7300  556.18431   -0.43625    0.83369   -0.43479    0.88061   -4.69484   -0.00550   -2.35017
          2       7400  564.01256   -0.43629    0.83407   -0.43482    0.88075   -4.69484   -0.00550   -2.35017
          2       7500  572.10743   -0.43632    0.83443   -0.43486    0.88089   -4.69484   -0.00550   -2.35017
          2       7600  580.34326   -0.43635    0.83479   -0.43489    0.88103   -4.69484   -0.00550   -2.35017
          2       7700  588.56956   -0.43638    0.83514   -0.43492    0.88117   -4.69484   -0.00550   -2.35017
          2       7800  595.62647   -0.43640    0.83549   -0.43495    0.88130   -4.69484   -0.00550   -2.35017
          2       7861  600.12648   -0.43642    0.83570   -0.43556    0.89280   -4.69484   -0.00550   -2.35017
