          1          0    0.00000   -1.00559    0.04576   -1.00559    0.04576   -3.72646    3.72646    0.00000
          1          1   28.82191   -1.00559    0.04576   -1.00559    0.04576   -1.04567    3.72646    0.00000
          1          2   87.94474   -1.00034    0.03047   -0.97978    0.00516   -1.03131    3.72646    0.00000
          1          3  173.07238   -1.00684    0.02278   -1.00794    0.00091   -1.02098   -1.00794    0.00000
          2          0  173.07238   -0.29586   -0.04608   -1.00794    0.00091   -1.02098   -1.00794   -1.01446
          2          1  292.34368   -0.44171   -0.04257   -1.01060    0.00008   -1.01988   -1.01060   -1.01446
          2          2  444.78959   -0.53837   -0.03839   -1.01327    0.00003   -1.01932   -1.01327   -1.01446
          2          3  632.53522   -0.60750   -0.03466   -1.01567    0.00001   -1.01896   -1.01567   -1.01446
          3          0  632.53522   -0.13065   -0.05009   -1.01567    0.00001   -1.01896   -1.01567   -1.01731
          3          1 1039.53049   -0.24359   -0.04910   -1.01731    0.00001   -1.01885   -1.01731   -1.01731
          3          2 1951.40332   -0.33106   -0.04728   -1.01811   -0.00000   -1.01883   -1.01811   -1.01731
