 6267829582343104
       1486
 3600.98255
   31.20834
   -1.00309
   -0.01697
   -1.01281
   -0.00149

   -0.01096
   -0.03699
   -0.05222
    0.00701
    0.05507
    0.00575
   -0.02189
    0.06671
    0.04212
    0.03620
    0.01782
    0.02258
    0.01286
    0.03122
    0.03558
   -0.06019
   -0.02586
   -0.05058
   -0.01351
   -0.01694
    0.04542
    0.02657
   -0.02313
   -0.04796
    0.03426
   -0.03880
   -0.02724
   -0.04535
   -0.00492
   -0.06139
   -0.02372
   -0.00015
   -0.04826
   -0.02017
   -0.05469
   -0.05224
   -0.03955
   -0.01931
   -0.03842
    0.00813
   -0.00456
    0.05046
    0.01767
   -0.02669
   -0.02800
    0.06939
    0.03875
    0.01992
    0.05412
    0.02001
   -0.06415
   -0.03475
    0.00436
    0.05604
   -0.01338
   -0.04449
    0.00135
   -0.06557
    0.05006
   -0.00359
    0.05000
    0.04525
    0.02889
   -0.04139
   -0.01329
   -0.00491
    0.00020
    0.07587
   -0.05000
    0.00830
    0.03495
    0.04343
    0.02915
   -0.03837
    0.07634
    0.06047
    0.06495
    0.01971
    0.04776
    0.04862
   -0.05881
    0.04600
   -0.03197
    0.01732
    0.01145
    0.04653
    0.03801
    0.03363
    0.03568
   -0.05863
   -0.01578
   -0.01778
   -0.05298
    0.04946
   -0.02634
   -0.04120
   -0.00177
   -0.00927
    0.06898
    0.04824
   -0.01071
   -0.06395
   -0.00159
   -0.03410
   -0.03534
    0.03056
    0.05453
   -0.07048
   -0.01655
   -0.06768
    0.03663
   -0.03024
   -0.04382
   -0.06411
    0.02782
   -0.02242
    0.02896
   -0.05890
    0.01103
    0.04835
   -0.01335
    0.04655
    0.06383
   -0.01540
    0.04316
    0.06279
   -0.03891
   -0.02719
    0.05784
    0.03434
   -0.06123
   -0.05536
   -0.03281
   -0.03660
   -0.00714
    0.04951
    0.04828
    0.04410
    0.00628
    0.05948
    0.03459
    0.04561
   -0.01785
   -0.04576
   -0.03016
    0.00439
   -0.05292
    0.02044
   -0.02120
    0.00474
   -0.00146
   -0.02542
    0.02707
   -0.01198
   -0.02798
   -0.06701
    0.00857
    0.02760
    0.01684
   -0.04725
    0.03232
   -0.00685
    0.04850
    0.06486
    0.01151
   -0.05876
   -0.04092
   -0.03203
    0.06647
   -0.01834
    0.06553
    0.05008
   -0.00130
    0.00388
   -0.05216
    0.01811
   -0.01184
    0.03141
    0.05106
    0.06177
   -0.03119
    0.00880
   -0.05577
   -0.03493
    0.05517
    0.03545
   -0.05514
    0.01118
   -0.06780
   -0.03920
    0.03045
   -0.01446
   -0.06323
    0.01159
    0.02617
   -0.06940
   -0.04757
   -0.04422
    0.05715
    0.03145
    0.01260
   -0.00675
    0.06373
   -0.02350
    0.04814
    0.05767
   -0.07333
   -0.00789
    0.00509
   -0.01165
   -0.02251
   -0.05388
    0.00645
    0.03032
    0.05185
   -0.06485
   -0.06530
    0.05477
   -0.04325
    0.04757
    0.03821
    0.02150
   -0.01504
   -0.06450
    0.01437
    0.00816
   -0.03968
    0.01697
    0.00145
    0.00704
    0.04188
    0.00586
    0.03425
    0.02876
   -0.00842
   -0.00763
   -0.01417
   -0.04120
   -0.00913
   -0.05667
   -0.04133
    0.06809
   -0.05053
    0.05269
   -0.01925
    0.04804
    0.04090
    0.06865
    0.00397
    0.04848
   -0.05817
   -0.03329
   -0.00402
   -0.03438
    0.05886
   -0.02096
    0.05532
    0.05698
   -0.04301
    0.05331
    0.03383
   -0.02275
    0.00990
   -0.00459
   -0.02996
   -0.02617
   -0.06650
   -0.03726
    0.06194
   -0.04304
   -0.03973
   -0.03580
    0.03623
    0.01995
    0.01232
    0.02977
    0.06026
    0.05440
    0.05069
    0.00478
    0.03972
   -0.00872
   -0.02585
    0.04050
    0.00240
    0.05273
   -0.06827
    0.00962
    0.04347
   -0.02271
    0.04496
   -0.06625
    0.02469
   -0.05922
    0.05390
   -0.01499
    0.02655
    0.05919
    0.00718
    0.01175
   -0.01561
    0.04567
   -0.00997
   -0.02883
   -0.02454
   -0.02108
   -0.01629
   -0.03214
    0.03662
    0.05471
    0.03788
    0.00152
   -0.06985
   -0.03747
    0.06509
    0.01470
   -0.00477
    0.01108
   -0.05845
   -0.00166
    0.01181
   -0.02647
   -0.06909
    0.01528
   -0.05663
   -0.00379
    0.06538
   -0.01258
    0.04617
    0.06364
   -0.04461
    0.00286
   -0.01512
   -0.02213
    0.06595
    0.00363
   -0.02242
    0.03862
   -0.00644
   -0.01949
    0.06154
   -0.04261
    0.02741
    0.04760
   -0.00170
    0.04845
   -0.03094
    0.00113
    0.02709
    0.05774
    0.02178
    0.04859
   -0.01825
   -0.05115
    0.06040
   -0.01239
    0.04607
    0.03425
    0.04123
    0.06114
   -0.00377
   -0.01835
    0.00895
    0.02278
    0.00483
   -0.01131
    0.05418
   -0.02269
    0.01021
    0.01295
    0.05492
    0.02041
    0.04011
   -0.03769
   -0.00734
    0.03969
    0.02832
    0.00554
    0.03603
   -0.03657
    0.01269
   -0.01163
    0.02957
    0.04155
    0.04370
   -0.00213
    0.02760
    0.05384
    0.00980
   -0.06134
    0.06022
   -0.02179
   -0.03291
   -0.05001
    0.00945
   -0.05335
    0.04344
   -0.05028
    0.01970
    0.00328
    0.04427
   -0.04296
    0.05321
    0.06992
    0.01069
    0.02588
    0.00330
    0.06718
    0.02970
   -0.03923
   -0.01473
    0.02040
   -0.04929
   -0.05316
    0.05450
    0.01682
    0.00199
   -0.03580
    0.01772
    0.01950
    0.02754
    0.06171
   -0.02546
    0.01569
   -0.02511
    0.06941
   -0.03598
   -0.03096
   -0.00862
    0.02932
   -0.04023
   -0.06188
    0.03299
   -0.01573
    0.05596
   -0.06168
    0.00230
   -0.04821
   -0.01299
   -0.02370
   -0.03431
    0.03785
   -0.03249
   -0.00429
   -0.04195
    0.04798
    0.00025
   -0.04700
    0.04839
    0.04302
    0.00169
    0.01961
   -0.02329
    0.05218
   -0.05664
   -0.01309
    0.07304
    0.04078
   -0.01189
   -0.01421
   -0.05781
    0.01580
   -0.02290
    0.04805
    0.06251
    0.02871
   -0.00234
   -0.07400
    0.04674
    0.05115
   -0.06836
   -0.01405
   -0.02566
    0.07080
    0.03225
    0.06054
    0.07292
   -0.02570
    0.04325
    0.03661
   -0.03828
   -0.06305
   -0.03289
    0.05434
   -0.04611
   -0.04052
   -0.06001
   -0.00591
    0.06596
   -0.06685
   -0.05962
    0.03021
    0.05262
    0.07024
    0.01730
   -0.04873
   -0.05952
    0.03493
    0.02223
   -0.06729
   -0.05343
    0.06178
    0.03060
    0.00280
   -0.07141
    0.05653
    0.05239
   -0.04632
    0.05611
    0.03934
   -0.06984
    0.02363
    0.05646
    0.00561
    0.06860
   -0.05318
    0.01702
   -0.05919
   -0.03715
    0.01291
    0.02799
   -0.04542
    0.05159
    0.03704
    0.05278
    0.01522
    0.05418
    0.02882
   -0.06425
    0.00924
    0.04871
    0.00263
    0.01208
   -0.04610
   -0.01540
   -0.03884
   -0.00415
   -0.04527
   -0.03728
    0.03300
    0.06724
    0.04344
    0.06907
   -0.00383
   -0.04830
   -0.02262
    0.02397
    0.04957
   -0.06206
   -0.03284
   -0.05213
    0.06294
    0.02176
   -0.03402
    0.01700
   -0.04489
   -0.06912
    0.06298
   -0.05582
    0.02188
    0.05896
   -0.00820
   -0.05173
   -0.03967
    0.03381
   -0.02770
    0.06436
   -0.03183
    0.03918
   -0.01515
   -0.02878
    0.01277
    0.03958
    0.00573
    0.00650
   -0.00409
   -0.04333
    0.07519
   -0.05249
   -0.01272
    0.05545
    0.01332
   -0.00094
   -0.00410
   -0.03517
    0.04076
   -0.00625
   -0.05182
   -0.03414
   -0.04399
   -0.02023
    0.03720
    0.06564
   -0.01363
    0.05407
   -0.02080
   -0.00658
    0.02975
   -0.02255
   -0.06917

   -0.01046
   -0.03824
   -0.05414
    0.00870
    0.05345
    0.00455
   -0.02312
    0.06648
    0.04340
    0.03471
    0.01667
    0.02229
    0.01239
    0.03124
    0.03398
   -0.05988
   -0.02571
   -0.05070
   -0.01344
   -0.01774
    0.04598
    0.02492
   -0.02537
   -0.04954
    0.03353
   -0.03840
   -0.02733
   -0.04702
   -0.00469
   -0.05817
   -0.02617
   -0.00223
   -0.05084
   -0.01985
   -0.05538
   -0.05209
   -0.03985
   -0.02031
   -0.03776
    0.00716
   -0.00409
    0.05193
    0.01813
   -0.02724
   -0.03088
    0.06907
    0.03865
    0.01976
    0.05283
    0.01923
   -0.06339
   -0.03402
    0.00612
    0.05525
   -0.01122
   -0.04356
    0.00434
   -0.06478
    0.04985
   -0.00282
    0.04870
    0.04211
    0.02841
   -0.04180
   -0.01242
   -0.00463
    0.00181
    0.07501
   -0.04949
    0.00830
    0.03455
    0.04305
    0.03167
   -0.03814
    0.07596
    0.06326
    0.06587
    0.01937
    0.04612
    0.04824
   -0.05987
    0.04646
   -0.03311
    0.01770
    0.01351
    0.04858
    0.03828
    0.03477
    0.03760
   -0.05988
   -0.01726
   -0.01473
   -0.05469
    0.05061
   -0.02585
   -0.03981
   -0.00096
   -0.01095
    0.06832
    0.05027
   -0.01009
   -0.06294
   -0.00135
   -0.03327
   -0.03387
    0.03104
    0.05433
   -0.06900
   -0.01688
   -0.06772
    0.03690
   -0.03177
   -0.04366
   -0.06625
    0.02649
   -0.02142
    0.03004
   -0.05612
    0.01193
    0.04685
   -0.01399
    0.04706
    0.06578
   -0.01649
    0.04153
    0.06371
   -0.04052
   -0.02594
    0.05945
    0.03427
   -0.06314
   -0.05868
   -0.03109
   -0.03617
   -0.00753
    0.04922
    0.04764
    0.04341
    0.00573
    0.06100
    0.03513
    0.04613
   -0.01785
   -0.04588
   -0.03260
    0.00595
   -0.05252
    0.02265
   -0.02242
    0.00403
   -0.00049
   -0.02748
    0.02741
   -0.01314
   -0.02967
   -0.06749
    0.00676
    0.02748
    0.01702
   -0.04847
    0.03000
   -0.00650
    0.04897
    0.06640
    0.01382
   -0.05957
   -0.04182
   -0.03183
    0.06838
   -0.01855
    0.06712
    0.05004
   -0.00058
    0.00353
   -0.05346
    0.02024
   -0.01343
    0.03195
    0.05234
    0.06190
   -0.03118
    0.00996
   -0.05538
   -0.03511
    0.05555
    0.03502
   -0.05595
    0.01207
   -0.06939
   -0.03925
    0.03175
   -0.01462
   -0.06340
    0.01284
    0.02781
   -0.07055
   -0.04668
   -0.04348
    0.05723
    0.03269
    0.01255
   -0.00761
    0.06391
   -0.02404
    0.04784
    0.05821
   -0.07356
   -0.00972
    0.00717
   -0.01239
   -0.02315
   -0.05466
    0.00843
    0.03218
    0.05230
   -0.06417
   -0.06500
    0.05694
   -0.04187
    0.04947
    0.03757
    0.02188
   -0.01234
   -0.06356
    0.01396
    0.01005
   -0.04103
    0.01825
    0.00126
    0.00666
    0.04279
    0.00456
    0.03584
    0.02780
   -0.01014
   -0.00889
   -0.01319
   -0.04193
   -0.00993
   -0.05789
   -0.04294
    0.07048
   -0.05044
    0.05293
   -0.01988
    0.04944
    0.04149
    0.06848
    0.00245
    0.04856
   -0.05807
   -0.03384
   -0.00551
   -0.03354
    0.06021
   -0.02394
    0.05374
    0.05691
   -0.04462
    0.05325
    0.03523
   -0.02337
    0.00891
   -0.00374
   -0.02944
   -0.02742
   -0.06797
   -0.04025
    0.06106
   -0.04468
   -0.03865
   -0.03548
    0.03702
    0.02164
    0.01136
    0.03072
    0.06015
    0.05575
    0.05001
    0.00498
    0.04096
   -0.00768
   -0.02749
    0.04136
    0.00172
    0.05293
   -0.06932
    0.00813
    0.04513
   -0.02268
    0.04692
   -0.06589
    0.02687
   -0.05976
    0.05432
   -0.01674
    0.02643
    0.06099
    0.00624
    0.01219
   -0.01708
    0.04414
   -0.01080
   -0.02791
   -0.02502
   -0.01944
   -0.01571
   -0.03319
    0.03562
    0.05707
    0.03685
   -0.00024
   -0.07005
   -0.03698
    0.06443
    0.01586
   -0.00480
    0.01132
   -0.05947
   -0.00202
    0.00989
   -0.02758
   -0.06639
    0.01782
   -0.05833
   -0.00249
    0.06607
   -0.01357
    0.04583
    0.06312
   -0.04473
    0.00341
   -0.01639
   -0.02126
    0.06779
    0.00279
   -0.02342
    0.03919
   -0.00610
   -0.01869
    0.06102
   -0.04298
    0.02915
    0.04765
   -0.00092
    0.04863
   -0.03022
    0.00164
    0.02690
    0.05742
    0.02312
    0.04783
   -0.01997
   -0.04990
    0.06221
   -0.01144
    0.04767
    0.03405
    0.04245
    0.05969
   -0.00221
   -0.01833
    0.00865
    0.02297
    0.00408
   -0.01096
    0.05263
   -0.02449
    0.01121
    0.01325
    0.05616
    0.01976
    0.04011
   -0.03865
   -0.00638
    0.04049
    0.02984
    0.00692
    0.03433
   -0.03662
    0.01362
   -0.01152
    0.02958
    0.04076
    0.04274
   -0.00326
    0.02637
    0.05501
    0.00692
   -0.06277
    0.05899
   -0.02399
   -0.03347
   -0.05054
    0.00879
   -0.05369
    0.04362
   -0.04760
    0.02054
    0.00471
    0.04638
   -0.04258
    0.05445
    0.07026
    0.01181
    0.02679
    0.00340
    0.06671
    0.03167
   -0.03893
   -0.01616
    0.01981
   -0.04784
   -0.05520
    0.05639
    0.01793
    0.00370
   -0.03528
    0.01637
    0.01949
    0.02760
    0.05995
   -0.02571
    0.01592
   -0.02726
    0.07018
   -0.03565
   -0.02780
   -0.00976
    0.03045
   -0.04084
   -0.06226
    0.03498
   -0.01552
    0.05764
   -0.06333
    0.00206
   -0.04929
   -0.01394
   -0.02602
   -0.03504
    0.03765
   -0.03435
   -0.00533
   -0.04315
    0.04761
    0.00185
   -0.04642
    0.04623
    0.04398
    0.00036
    0.02080
   -0.02261
    0.05069
   -0.05529
   -0.01337
    0.07226
    0.03759
   -0.01200
   -0.01399
   -0.05753
    0.01636
   -0.02228
    0.04713
    0.06340
    0.02931
   -0.00371
   -0.07222
    0.04726
    0.04912
   -0.06987
   -0.01298
   -0.02557
    0.07219
    0.03220
    0.06277
    0.07307
   -0.02598
    0.04483
    0.03562
   -0.03972
   -0.06159
   -0.03273
    0.05641
   -0.04768
   -0.04154
   -0.06061
   -0.00539
    0.06497
   -0.06819
   -0.05826
    0.03253
    0.05219
    0.07014
    0.01869
   -0.04712
   -0.05974
    0.03626
    0.02166
   -0.06864
   -0.05402
    0.06250
    0.03152
    0.00464
   -0.07328
    0.05708
    0.05236
   -0.04836
    0.05772
    0.03958
   -0.07141
    0.02639
    0.05716
    0.00722
    0.06953
   -0.05486
    0.01707
   -0.05880
   -0.03673
    0.01273
    0.02670
   -0.04568
    0.05380
    0.03758
    0.05478
    0.01635
    0.05380
    0.02779
   -0.06427
    0.00952
    0.04968
    0.00368
    0.01088
   -0.04857
   -0.01685
   -0.03938
   -0.00425
   -0.04576
   -0.03724
    0.03492
    0.06572
    0.04461
    0.06940
   -0.00375
   -0.05030
   -0.02467
    0.02195
    0.05119
   -0.06123
   -0.03194
   -0.05257
    0.06129
    0.02108
   -0.03396
    0.01815
   -0.04491
   -0.06998
    0.06073
   -0.05558
    0.02198
    0.05978
   -0.01044
   -0.05354
   -0.04004
    0.03298
   -0.03010
    0.06691
   -0.03209
    0.03913
   -0.01518
   -0.02803
    0.01428
    0.04129
    0.00690
    0.00548
   -0.00548
   -0.04575
    0.07454
   -0.05344
   -0.01303
    0.05577
    0.01735
   -0.00207
   -0.00384
   -0.03480
    0.04106
   -0.00773
   -0.05160
   -0.03365
   -0.04313
   -0.02221
    0.03840
    0.06383
   -0.01425
    0.05540
   -0.02003
   -0.00832
    0.03073
   -0.02191
   -0.06646

   -0.03277
    0.01344
    0.03986
   -0.05518
    0.05317
    0.02903
    0.03094
    0.04977
   -0.03284
    0.05583
    0.06200
   -0.00539
   -0.01162
   -0.01179
    0.04957
   -0.03636
   -0.00401
   -0.01474
   -0.01722
    0.02748
    0.00155
    0.06082
    0.03630
    0.00454
    0.05442
   -0.01262
    0.00417
    0.02044
   -0.02324
   -0.11940
    0.06295
    0.03332
    0.04854
   -0.01239
   -0.01853
   -0.04153
   -0.03620
    0.01073
   -0.01918
    0.02182
    0.00501
   -0.04059
    0.01096
    0.00037
    0.04578
    0.02671
   -0.00443
    0.00597
    0.06880
    0.02807
   -0.08517
   -0.02714
   -0.04368
    0.02143
   -0.07519
   -0.03831
   -0.08807
   -0.04858
    0.01390
   -0.02020
    0.04398
    0.10253
   -0.00270
   -0.02082
   -0.05014
   -0.01001
   -0.06417
    0.06058
   -0.05541
    0.00951
    0.01580
    0.02944
   -0.05768
   -0.03137
    0.04948
   -0.05949
    0.01490
    0.01716
    0.08164
    0.00903
    0.00420
    0.00104
    0.01439
   -0.01542
   -0.03553
   -0.05289
   -0.00298
   -0.01741
   -0.03078
    0.00382
    0.06479
   -0.08907
   -0.00638
   -0.03458
   -0.00784
   -0.07426
   -0.01242
    0.04582
    0.06150
   -0.00621
   -0.04290
   -0.06187
    0.00600
   -0.01871
   -0.04366
    0.01508
    0.02180
   -0.07275
    0.03601
   -0.02085
    0.02447
    0.01256
   -0.05932
    0.01583
    0.05330
   -0.04947
   -0.03520
   -0.12156
   -0.02389
    0.06878
    0.02277
    0.00953
   -0.00885
    0.03825
    0.07345
    0.02643
    0.02572
   -0.03911
   -0.02791
    0.00032
    0.00042
    0.05904
   -0.06525
   -0.04319
    0.00294
    0.00726
    0.05364
    0.05514
    0.01359
   -0.00230
    0.01959
    0.03263
   -0.02217
   -0.02082
    0.03924
   -0.05701
   -0.02757
   -0.04889
    0.03741
    0.03714
   -0.05538
    0.06534
   -0.00528
    0.01966
    0.03604
   -0.03065
    0.04449
   -0.00419
   -0.00205
   -0.00340
    0.06153
   -0.00763
    0.01688
   -0.02365
   -0.03531
   -0.00808
    0.01165
   -0.01231
   -0.00527
   -0.00403
    0.00620
    0.01615
   -0.01216
   -0.00159
    0.02655
   -0.04056
    0.03854
    0.00669
   -0.01430
    0.01965
   -0.00189
   -0.02434
   -0.05767
   -0.00720
    0.00546
    0.02316
   -0.01333
   -0.02696
    0.01466
   -0.00778
   -0.03831
   -0.04174
   -0.06158
   -0.01639
   -0.01973
   -0.02773
   -0.07122
   -0.05309
    0.01831
   -0.03394
    0.00380
    0.02084
    0.03466
   -0.02691
    0.02444
    0.05205
   -0.04235
    0.04968
   -0.05537
    0.00922
    0.01173
    0.00364
   -0.04668
   -0.04755
    0.01144
   -0.06663
   -0.02822
   -0.03296
   -0.04134
   -0.00843
    0.05199
   -0.00642
   -0.08350
   -0.04108
    0.02683
   -0.06847
    0.01074
   -0.03469
    0.02016
    0.00779
   -0.03186
    0.06153
   -0.02074
    0.01337
    0.06720
    0.03449
   -0.01105
   -0.01126
    0.01359
    0.01633
    0.05147
   -0.01756
   -0.05736
    0.01122
    0.00019
   -0.01114
    0.01761
    0.04165
    0.06762
    0.01581
   -0.04364
    0.00820
    0.01387
   -0.01354
   -0.00188
    0.04542
    0.06749
    0.01722
    0.00216
    0.02789
   -0.04123
   -0.00148
    0.06140
   -0.02375
   -0.01728
    0.04221
   -0.01510
    0.07298
    0.07495
    0.00518
   -0.05423
   -0.03959
    0.01544
   -0.04557
    0.03719
   -0.01974
   -0.00234
   -0.03459
    0.06760
    0.02020
   -0.05299
   -0.04525
    0.05121
   -0.00458
    0.01392
    0.02905
    0.00049
    0.06685
    0.00043
    0.00815
   -0.03800
   -0.01664
   -0.05211
   -0.00864
    0.01040
    0.04162
    0.02476
    0.00720
    0.01332
   -0.00672
    0.03218
    0.08247
    0.00515
   -0.07590
    0.00245
   -0.05680
   -0.02457
    0.00755
    0.06761
   -0.03917
    0.05432
    0.06475
   -0.04075
   -0.03610
    0.03606
   -0.02957
    0.00428
   -0.00034
    0.01316
    0.01299
    0.06525
   -0.00215
   -0.11704
   -0.09751
    0.02552
   -0.04604
    0.00991
    0.04037
    0.00045
    0.06507
   -0.01260
    0.00046
    0.03699
   -0.05809
   -0.04669
    0.03620
    0.02190
   -0.01521
   -0.02228
   -0.03944
    0.05509
   -0.02170
   -0.02386
    0.04053
   -0.00571
    0.00881
   -0.04674
   -0.01386
    0.01436
    0.04355
   -0.06142
    0.06117
    0.01995
   -0.06214
   -0.01371
   -0.03947
   -0.02890
    0.02362
   -0.01928
    0.08090
   -0.07339
   -0.01455
    0.01427
    0.01369
    0.00549
   -0.01624
    0.06083
    0.04578
   -0.01356
    0.03582
   -0.00627
    0.00866
    0.03652
   -0.00566
   -0.00971
    0.03389
   -0.01361
   -0.04099
    0.09788
    0.00590
   -0.03499
   -0.01852
    0.03316
    0.02017
    0.07329
    0.03044
    0.07167
   -0.01495
    0.08368
    0.01211
    0.04477
    0.02398
   -0.01047
   -0.01755
    0.05275
   -0.02145
    0.02463
   -0.07691
   -0.01300
   -0.03932
   -0.06221
   -0.02532
    0.01005
    0.05497
   -0.06451
   -0.01832
    0.01333
    0.07635
   -0.04651
   -0.02987
    0.02769
    0.01764
   -0.08170
    0.02724
   -0.03911
   -0.01445
   -0.04252
   -0.03987
    0.04610
    0.01886
    0.00799
    0.08308
    0.03384
   -0.01988
    0.06238
    0.00725
   -0.04471
   -0.08952
    0.04219
   -0.02399
    0.03028
   -0.03933
   -0.04583
    0.00977
   -0.01195
    0.01601
    0.00374
    0.00583
    0.00797
    0.06936
   -0.00735
    0.03175
    0.02740
    0.00941
   -0.01039
    0.05754
   -0.05843
   -0.05496
    0.09393
   -0.00411
    0.04555
   -0.03591
   -0.03095
    0.10433
   -0.07891
    0.00088
    0.08169
    0.10441
   -0.00992
   -0.03545
   -0.02587
   -0.03616
   -0.00629
    0.07858
    0.00726
   -0.03420
    0.01232
   -0.08141
    0.02521
    0.08592
    0.02339
   -0.02137
   -0.01945
   -0.01097
    0.01243
   -0.03501
    0.02019
    0.01183
   -0.01412
    0.06183
    0.05606
   -0.08061
   -0.02235
   -0.02403
    0.00751
   -0.01300
   -0.00053
   -0.03509
    0.05913
   -0.01529
   -0.08294
   -0.07147
    0.02160
    0.05734
   -0.04458
   -0.08026
   -0.02663
   -0.01903
    0.03114
    0.01055
   -0.01368
    0.00439
    0.00081
   -0.04349
   -0.00392
    0.01912
    0.05316
    0.01733
    0.00958
    0.02009
   -0.00271
   -0.05608
    0.01235
   -0.04083
   -0.00301
    0.01867
    0.00613
   -0.03244
   -0.01725
    0.02180
    0.05137
   -0.02416
   -0.02271
    0.01154
   -0.04269
   -0.01572
    0.01253
    0.03540
   -0.03118
   -0.01310
   -0.02180
   -0.01294
    0.06458
    0.03594
    0.03169
    0.02023
   -0.02168
   -0.00405
   -0.01152
   -0.04019
    0.08973
    0.00212
    0.02696
   -0.05619
    0.01946
    0.05795
    0.08910
   -0.04127
   -0.06904
   -0.06971
   -0.00513
    0.07162
    0.02474
   -0.03200
   -0.00837
   -0.00972
   -0.01822
    0.09139
   -0.03198
    0.01635
    0.01238
    0.07075
    0.04085
   -0.00058
    0.04270
    0.03973
   -0.01687
   -0.02366
    0.03613
    0.01011
   -0.05073
   -0.01809
   -0.04645
   -0.02015
    0.04833
    0.03785
    0.04107
    0.07406
    0.00251
   -0.02246
    0.01555
   -0.09414
    0.03150
   -0.00477
   -0.03476
   -0.00643
    0.04651
   -0.02775
   -0.02756
   -0.04617
    0.06952
   -0.02584
    0.11478
   -0.00423
   -0.01674
   -0.06526
    0.01207
   -0.01632
   -0.02488
   -0.12269
