   10000000
          9
 3550.39475
   -1.00323
    0.05104
   -1.01351
    0.00000

    0.04777
    0.01546
    0.06359
   -0.03806
    0.03084
    0.04139
    0.03967
   -0.00453
    0.03895
   -0.01662
    0.04484
   -0.04085
    0.05431
    0.04551
   -0.03309
    0.06219
   -0.03943
    0.03538
   -0.03356
    0.05838
   -0.01196
    0.02813
   -0.06450
   -0.07336
   -0.06525
    0.02197
   -0.05217
    0.01254
    0.05565
   -0.05532
   -0.02775
   -0.02118
   -0.04124
   -0.05419
    0.03487
   -0.05634
   -0.00851
   -0.06732
    0.04969
   -0.03709
    0.00926
    0.03340
   -0.04223
   -0.00421
   -0.01652
    0.05035
   -0.05956
    0.00766
   -0.05442
   -0.02776
    0.07051
    0.02045
    0.01716
    0.02014
    0.03650
    0.06797
   -0.00597
   -0.04666
   -0.05712
   -0.00165
    0.04662
    0.04456
    0.02937
    0.00336
    0.05414
   -0.02721
    0.02929
    0.03011
   -0.07231
   -0.01108
    0.07434
   -0.06267
    0.00167
    0.01270
    0.06628
   -0.01227
   -0.03585
    0.02264
    0.06089
   -0.04852
    0.03906
   -0.00343
   -0.01375
    0.06932
   -0.03060
   -0.07205
   -0.07760
   -0.06376
   -0.05273
   -0.01791
    0.01931
    0.01282
   -0.00985
    0.04616
    0.01751
   -0.04880
    0.05570
    0.00985
   -0.01224
    0.06662
    0.01425
    0.06063
    0.06336
    0.00215
    0.04271
   -0.05733
    0.02988
    0.02676
   -0.02340
    0.06960
   -0.05233
    0.05123
    0.05280
   -0.05249
    0.03817
    0.01897
    0.02223
    0.01958
    0.06448
   -0.04940
   -0.02649
   -0.02450
    0.00203
    0.00422
   -0.02611
    0.05201
   -0.02362
    0.03585
   -0.01981
    0.07337
   -0.06570
    0.00761
   -0.01137
   -0.00981
   -0.02517
    0.04658
    0.02076
    0.01641
    0.00166
   -0.02513
    0.00781
   -0.01324
   -0.03121
   -0.05232
    0.02411
    0.04739
   -0.05665
    0.04564
    0.05935
    0.02424
   -0.04141
    0.00108
    0.05227
    0.01555
   -0.00487
    0.02147
   -0.07037
   -0.01380
    0.03824
    0.02736
    0.01592
   -0.05868
   -0.06605
   -0.00739
    0.02837
   -0.01915
    0.06717
   -0.02119
    0.03680
    0.03730
   -0.04370
   -0.01025
   -0.04520
   -0.05331
   -0.02466
   -0.03389
    0.07071
    0.01805
    0.00667
   -0.04796
   -0.00076
    0.04436
   -0.00743
    0.05295
   -0.03939
   -0.00846
   -0.02366
    0.03384
   -0.03515
    0.04950
    0.03135
   -0.03627
    0.05197
   -0.03658
   -0.03607
   -0.02623
   -0.05783
   -0.01964
   -0.04307
   -0.06948
   -0.03906
   -0.06798
   -0.05757
    0.04762
   -0.01639
   -0.01593
    0.01408
   -0.04216
    0.01708
   -0.03630
    0.06648
   -0.01625
    0.00678
    0.02684
   -0.05252
    0.05461
   -0.04164
    0.03012
    0.02109
    0.06145
    0.03913
   -0.06224
   -0.05998
    0.04019
    0.03381
    0.05286
    0.03177
   -0.05671
    0.04094
   -0.05164
    0.01417
    0.04453
   -0.03494
    0.01647
    0.04888
   -0.05455
   -0.00920
    0.01620
    0.06085
    0.06369
    0.06763
   -0.04179
    0.04217
    0.06144
   -0.04696
    0.04629
   -0.03902
    0.05173
    0.04589
   -0.00322
    0.04581
    0.02806
   -0.04356
    0.02637
   -0.01124
    0.03023
    0.01069
   -0.05325
    0.05460
   -0.04472
   -0.03519
   -0.05729
    0.01123
    0.04063
    0.01954
    0.05518
    0.00394
    0.03635
   -0.06404
    0.02592
    0.02409
   -0.04083
   -0.05838
   -0.04585
    0.00325
    0.03937
   -0.00281
    0.00088
    0.06744
   -0.01359
    0.00735
   -0.00916
    0.00089
   -0.02011
    0.03187
   -0.05071
    0.05056
    0.05819
    0.05073
    0.03012
    0.04569
   -0.02654
   -0.05999
    0.00102
   -0.00517
    0.03699
    0.06436
    0.02858
    0.05713
    0.05171
   -0.03337
    0.05988
    0.04657
    0.07277
    0.06571
   -0.06040
   -0.04851
    0.03818
   -0.03061
    0.06309
   -0.04687
   -0.04137
   -0.03036
    0.01495
    0.05224
   -0.02784
   -0.03525
   -0.04190
   -0.01904
   -0.05082
   -0.04619
    0.04980
   -0.05177
    0.02798
   -0.03593
   -0.02537
    0.02041
    0.02539
   -0.01541
   -0.00131
    0.05675
   -0.02867
    0.01835
   -0.00764
   -0.00257
   -0.03541
   -0.02224
    0.04657
   -0.07031
    0.04148
   -0.02290
    0.00244
    0.06195
   -0.03702
   -0.01001
    0.05099
    0.00200
   -0.00622
   -0.04543
    0.04542
   -0.05058
   -0.05300
    0.05983
   -0.02896
    0.07743
   -0.06265
    0.04996
    0.03388
    0.01151
   -0.01772
   -0.03776
   -0.01365
   -0.00747
    0.04733
    0.01995
   -0.06330
    0.04598
    0.06233
   -0.00195
   -0.03581
    0.00655
    0.06213
    0.04030
   -0.05651
   -0.04625
    0.00300
    0.00416
    0.07047
    0.05060
    0.01531
   -0.02246
   -0.05623
   -0.03389
    0.07191
    0.04747
    0.02646
    0.02954
   -0.06016
   -0.02296
   -0.02597
    0.05135
   -0.05334
    0.00146
    0.01081
   -0.01781
   -0.04827
   -0.02373
    0.06115
   -0.05453
    0.00172
    0.07558
   -0.04198
   -0.01088
    0.03984
    0.03248
    0.04745
    0.04675
   -0.04453
   -0.03220
   -0.04130
   -0.05919
   -0.00430
   -0.00107
    0.02448
    0.07136
    0.03882
   -0.01431
    0.01562
    0.03689
    0.01446
   -0.07997
    0.00505
    0.01070
    0.02177
   -0.01773
    0.02702
    0.00113
   -0.05070
   -0.02797
   -0.05806
    0.00405
    0.04260
   -0.06464
   -0.02306
   -0.03799
   -0.03190
    0.05057
    0.03733
   -0.06961
    0.02281
    0.01051
    0.00646
   -0.04907
   -0.01663
   -0.06179
   -0.02325
    0.06626
    0.04175
    0.04908
   -0.03020
    0.00157
    0.04071
   -0.06619
    0.06307
    0.00050
   -0.02435
    0.00756
   -0.00043
    0.01190
    0.06515
   -0.06214
    0.04176
    0.02943
    0.06261
    0.03240
    0.04298
   -0.02869
   -0.00982
    0.06856
   -0.05131
   -0.03281
    0.03269
    0.06763
    0.01353
    0.04056
    0.06005
   -0.06371
   -0.05725
   -0.07336
   -0.01586
   -0.05449
   -0.03634
   -0.02093
   -0.05363
    0.05126
    0.00613
    0.04386
   -0.04469
    0.03138
   -0.06113
    0.03917
   -0.02898
   -0.05956
   -0.03319
   -0.05815
    0.04135
   -0.03322
    0.04804
   -0.04677
    0.00968
   -0.06117
   -0.05213
   -0.01732
    0.00757
   -0.04398
    0.02535
    0.01663
    0.00055
    0.02856
   -0.02220
   -0.01225
    0.03709
   -0.00294
   -0.02284
    0.06359
   -0.07218
   -0.04090
   -0.00842
   -0.03811
    0.02245
    0.06771
   -0.05817
   -0.00396
   -0.02903
   -0.04022
    0.01812
    0.00260
    0.00702
    0.07273
   -0.01413
   -0.01158
   -0.02386
   -0.07228
   -0.05448
   -0.02879
   -0.03599
   -0.05129
   -0.04297
    0.01767
   -0.02064
   -0.04636
   -0.04956
    0.02093
    0.03191
   -0.00555
    0.02956
   -0.03608
    0.03412
   -0.06513
   -0.00307
   -0.02503
    0.00691
    0.01985
   -0.01700
    0.05548
    0.01771
   -0.04079
   -0.00693
    0.04474
    0.00841
    0.00938
    0.02696
   -0.01917
   -0.00167
    0.06497
   -0.01265
    0.01166
   -0.01254
    0.01484
    0.04304
   -0.04059
   -0.07878
    0.03178
   -0.05171
    0.01917
    0.01484
   -0.01968
   -0.03342
   -0.00019
   -0.01759
   -0.04389
    0.02183
    0.03285
   -0.00606
    0.00258
   -0.03646
    0.06229
    0.00165
   -0.00946
   -0.03059
    0.02862
    0.06080
   -0.03850
   -0.07270
    0.03454
    0.02521
   -0.05448
    0.06031
   -0.01467
   -0.00889

    0.05620
    0.01510
    0.07177
   -0.03724
    0.03460
    0.04256
    0.03985
   -0.00315
    0.03878
   -0.01692
    0.05077
   -0.04045
    0.05438
    0.04038
   -0.03460
    0.06173
   -0.03493
    0.03395
   -0.03593
    0.05944
   -0.00665
    0.02411
   -0.06814
   -0.07324
   -0.05756
    0.02668
   -0.05525
    0.01114
    0.05851
   -0.05819
   -0.02629
   -0.02352
   -0.04709
   -0.05134
    0.03445
   -0.05719
   -0.01208
   -0.06905
    0.04750
   -0.03414
    0.01024
    0.03666
   -0.04250
   -0.00020
   -0.01041
    0.05458
   -0.05257
    0.00689
   -0.06002
   -0.02346
    0.06968
    0.02028
    0.02382
    0.01239
    0.03754
    0.06736
   -0.01251
   -0.04021
   -0.05273
   -0.00099
    0.04451
    0.05169
    0.02339
    0.00453
    0.05195
   -0.02761
    0.03342
    0.02447
   -0.07403
   -0.00722
    0.07531
   -0.06251
    0.00142
    0.01007
    0.06958
   -0.01312
   -0.02953
    0.02065
    0.05823
   -0.04544
    0.03971
   -0.00949
   -0.02245
    0.07068
   -0.03184
   -0.06658
   -0.07273
   -0.06052
   -0.04657
   -0.02664
    0.02043
    0.01718
   -0.00735
    0.04039
    0.01497
   -0.05045
    0.05546
    0.01527
   -0.00532
    0.07064
    0.00940
    0.06076
    0.06155
    0.00172
    0.03599
   -0.05519
    0.02876
    0.02723
   -0.02283
    0.06960
   -0.05246
    0.04689
    0.04760
   -0.05563
    0.04634
    0.02270
    0.01676
    0.02061
    0.06110
   -0.05535
   -0.02346
   -0.02881
    0.00870
    0.00618
   -0.02794
    0.05777
   -0.02495
    0.03238
   -0.01805
    0.07954
   -0.07084
    0.00859
   -0.01503
   -0.00610
   -0.02701
    0.04877
    0.02577
    0.00583
   -0.00286
   -0.01537
    0.00893
   -0.00645
   -0.02937
   -0.05490
    0.01951
    0.04660
   -0.05666
    0.05228
    0.05746
    0.02759
   -0.04103
    0.00414
    0.05434
    0.00922
   -0.00656
    0.02621
   -0.07373
   -0.00628
    0.04772
    0.02790
    0.02024
   -0.04667
   -0.06796
   -0.00783
    0.02155
   -0.01695
    0.06960
   -0.02453
    0.04348
    0.04319
   -0.04246
   -0.01416
   -0.04222
   -0.05363
   -0.02930
   -0.03894
    0.06446
    0.01125
    0.00925
   -0.05014
   -0.00091
    0.03936
   -0.00655
    0.04326
   -0.04498
   -0.01003
   -0.01943
    0.03214
   -0.03769
    0.05305
    0.02695
   -0.03906
    0.05555
   -0.04400
   -0.03780
   -0.02393
   -0.06451
   -0.02295
   -0.03627
   -0.07557
   -0.03166
   -0.06670
   -0.05615
    0.04620
   -0.01915
   -0.01428
    0.01476
   -0.04722
    0.01834
   -0.03973
    0.05877
   -0.01423
    0.00318
    0.02827
   -0.04324
    0.05746
   -0.03785
    0.02345
    0.01980
    0.06053
    0.03661
   -0.06144
   -0.07025
    0.03203
    0.02690
    0.05126
    0.03492
   -0.05280
    0.03733
   -0.04256
    0.01779
    0.04565
   -0.03004
    0.01381
    0.05517
   -0.06082
   -0.01279
    0.01902
    0.05837
    0.06420
    0.07257
   -0.04510
    0.03655
    0.05083
   -0.04585
    0.04111
   -0.03443
    0.04770
    0.04210
   -0.00841
    0.04498
    0.03786
   -0.04094
    0.02951
   -0.01170
    0.02783
    0.01553
   -0.05252
    0.05740
   -0.04749
   -0.04070
   -0.05978
    0.01348
    0.04231
    0.01522
    0.05829
    0.00436
    0.03560
   -0.05838
    0.02602
    0.02297
   -0.03952
   -0.06002
   -0.04593
    0.00176
    0.03892
    0.00243
    0.00526
    0.07358
   -0.01000
    0.00399
   -0.00570
   -0.00383
   -0.02239
    0.02685
   -0.05731
    0.05450
    0.06141
    0.05729
    0.02518
    0.04461
   -0.02384
   -0.06625
   -0.00527
   -0.00705
    0.03728
    0.05621
    0.03487
    0.06371
    0.05055
   -0.03805
    0.05582
    0.04590
    0.06789
    0.06452
   -0.05565
   -0.04617
    0.03633
   -0.03379
    0.06010
   -0.04439
   -0.04887
   -0.02568
    0.01609
    0.04917
   -0.03043
   -0.03262
   -0.04515
   -0.02496
   -0.05431
   -0.04835
    0.04999
   -0.04663
    0.02757
   -0.04032
   -0.02395
    0.01944
    0.02324
   -0.01155
    0.00550
    0.05006
   -0.03517
    0.01762
   -0.00588
    0.00329
   -0.03775
   -0.01920
    0.04451
   -0.07039
    0.04055
   -0.01639
   -0.00204
    0.05265
   -0.03239
   -0.00686
    0.05513
    0.01336
   -0.00476
   -0.03997
    0.04099
   -0.05064
   -0.05437
    0.05982
   -0.02785
    0.08436
   -0.06190
    0.04701
    0.03414
    0.00713
   -0.01330
   -0.03178
   -0.02216
   -0.00724
    0.04519
    0.02055
   -0.06045
    0.04215
    0.06335
   -0.00657
   -0.03319
    0.00381
    0.06887
    0.03997
   -0.05067
   -0.04375
    0.01034
    0.00492
    0.07218
    0.04764
    0.01869
   -0.02743
   -0.05691
   -0.03304
    0.07229
    0.04910
    0.02533
    0.03283
   -0.05945
   -0.02325
   -0.02638
    0.05169
   -0.05476
    0.00109
    0.01006
   -0.01830
   -0.05530
   -0.02183
    0.06401
   -0.05647
    0.00327
    0.07090
   -0.03942
   -0.00805
    0.03836
    0.03027
    0.04356
    0.05268
   -0.03929
   -0.02636
   -0.03713
   -0.04929
   -0.00190
    0.00066
    0.02481
    0.07448
    0.03709
   -0.01717
    0.01519
    0.03524
    0.00973
   -0.07539
    0.00359
    0.01474
    0.02390
   -0.02246
    0.02355
   -0.00486
   -0.05677
   -0.02306
   -0.06067
    0.00503
    0.04205
   -0.06689
   -0.02075
   -0.04739
   -0.03170
    0.05703
    0.02950
   -0.06911
    0.01617
    0.00642
    0.00818
   -0.04799
   -0.01559
   -0.06117
   -0.02733
    0.06988
    0.04385
    0.04404
   -0.02803
    0.00284
    0.04383
   -0.06630
    0.05754
   -0.00186
   -0.02426
    0.01009
   -0.00344
    0.01408
    0.06427
   -0.06451
    0.04423
    0.02940
    0.05526
    0.03414
    0.04870
   -0.03252
   -0.01202
    0.06087
   -0.04691
   -0.02401
    0.03194
    0.06333
    0.01045
    0.04968
    0.05709
   -0.05781
   -0.05929
   -0.07427
   -0.01593
   -0.05092
   -0.04126
   -0.01567
   -0.03991
    0.04951
    0.00447
    0.04111
   -0.03984
    0.02617
   -0.06484
    0.03968
   -0.02410
   -0.06180
   -0.03101
   -0.05950
    0.03167
   -0.03223
    0.04781
   -0.04338
    0.01333
   -0.06619
   -0.05730
   -0.01946
    0.00855
   -0.04280
    0.02108
    0.01761
    0.00181
    0.02883
   -0.02466
   -0.00755
    0.03854
   -0.00929
   -0.01476
    0.06340
   -0.06485
   -0.04290
   -0.00298
   -0.03698
    0.01920
    0.06113
   -0.05809
   -0.00341
   -0.03063
   -0.04192
    0.01890
    0.00264
    0.00803
    0.07561
   -0.01660
   -0.00666
   -0.02221
   -0.07329
   -0.05154
   -0.02575
   -0.03894
   -0.05886
   -0.04541
    0.02038
   -0.02544
   -0.04896
   -0.05059
    0.02143
    0.02980
    0.00014
    0.02892
   -0.03941
    0.03433
   -0.06667
   -0.01170
   -0.01921
    0.00361
    0.01643
   -0.02261
    0.05480
    0.02755
   -0.04228
   -0.00271
    0.04547
    0.00951
    0.01999
    0.03344
   -0.03037
   -0.00385
    0.06368
   -0.01621
    0.01464
   -0.00973
    0.01678
    0.04201
   -0.03768
   -0.07666
    0.03091
   -0.05165
    0.01962
    0.01265
   -0.01593
   -0.03477
   -0.00243
   -0.02600
   -0.04479
    0.02257
    0.03448
   -0.00739
    0.00035
   -0.03311
    0.06354
    0.00476
   -0.01295
   -0.02689
    0.03349
    0.05653
   -0.04168
   -0.08126
    0.03617
    0.01916
   -0.06536
    0.05696
   -0.01457
   -0.01283
