          0          0    0.00000   -0.99907    0.05847   -0.99907    0.05847
          0          3    5.77772   -0.61799    0.05805   -0.61799    0.05805
          0          7   16.92182   -0.61799    0.05805   -0.23172   -0.22780
          1          0   26.31211   -0.23172   -0.22780   -0.23172   -0.22780
          1        100  261.50851   -0.97214   -0.03439   -1.00328   -0.00763
          1        200  479.39918   -0.98253   -0.02615   -1.00597   -0.00107
          1        300  725.34398   -0.98713   -0.02206   -1.00632    0.00017
          1        400  942.53140   -0.98986   -0.01948   -1.00657    0.00001
          1        500 1183.89061   -0.99172   -0.01766   -1.00668    0.00019
          1        600 1427.41419   -0.99309   -0.01628   -1.00632    0.00005
          1        700 1673.76735   -0.99416   -0.01519   -1.00654    0.00009
          1        800 1919.04958   -0.99502   -0.01429   -1.00678    0.00028
          1        900 2136.20326   -0.99574   -0.01354   -1.00658    0.00001
          1       1000 2411.90771   -0.99634   -0.01290   -1.00704   -0.00009
          1       1100 2640.71536   -0.99686   -0.01235   -1.00698    0.00003
          1       1200 2850.00995   -0.99731   -0.01186   -1.00677    0.00001
          1       1300 3022.85430   -0.99771   -0.01143   -1.00678   -0.00049
          1       1400 3164.19277   -0.99806   -0.01104   -1.00715    0.00044
          1       1500 3310.79935   -0.99838   -0.01069   -1.00716    0.00004
          1       1600 3459.69596   -0.99867   -0.01037   -1.00723    0.00007
          1       1697 3601.10989   -0.99893   -0.01009   -1.00713    0.00009
