          1          0    0.00000   -1.03505   -0.00681   -1.03505   -0.00681   -3.39431    3.39431    0.00000
          1          1    0.21762   -0.71185   -0.01834   -0.50875   -0.00975   -3.39431   -0.50875    0.00000
          2          0    0.21762   -0.30288   -0.04122   -0.50875   -0.00975   -3.39431   -0.50875   -1.95153
          2        100   15.63272   -0.94838   -0.01307   -1.03685   -0.00779   -3.39431   -1.03789   -1.95153
          2        200   31.17370   -0.97523   -0.01159   -1.03846   -0.00744   -3.39431   -1.03862   -1.95153
          2        300   46.66916   -0.98715   -0.01092   -1.03846   -0.00714   -3.39431   -1.03897   -1.95153
          2        400   62.07164   -0.99426   -0.01051   -1.03805   -0.00722   -3.39431   -1.03926   -1.95153
          2        500   77.76539   -0.99909   -0.01023   -1.03909   -0.00690   -3.39431   -1.03932   -1.95153
          2        600   93.94324   -1.00266   -0.01002   -1.03833   -0.00675   -3.39431   -1.03932   -1.95153
          2        700  108.43485   -1.00543   -0.00985   -1.03876   -0.00712   -3.39431   -1.03962   -1.95153
          2        800  123.90637   -1.00766   -0.00972   -1.03937   -0.00731   -3.39431   -1.03962   -1.95153
          2        900  139.25742   -1.00952   -0.00961   -1.03917   -0.00716   -3.39431   -1.03962   -1.95153
          2       1000  154.29408   -1.01108   -0.00952   -1.03902   -0.00715   -3.39431   -1.03962   -1.95153
          2       1100  169.42227   -1.01243   -0.00944   -1.03929   -0.00722   -3.39431   -1.03962   -1.95153
          2       1200  184.98406   -1.01361   -0.00937   -1.03918   -0.00718   -3.39431   -1.03962   -1.95153
          2       1300  200.20449   -1.01464   -0.00931   -1.03929   -0.00713   -3.39431   -1.03970   -1.95153
          2       1400  214.80686   -1.01557   -0.00925   -1.03914   -0.00715   -3.39431   -1.03970   -1.95153
          2       1500  230.18374   -1.01640   -0.00920   -1.03917   -0.00731   -3.39431   -1.03970   -1.95153
          2       1600  245.51763   -1.01715   -0.00916   -1.03928   -0.00742   -3.39431   -1.03970   -1.95153
          2       1700  261.44752   -1.01783   -0.00912   -1.03941   -0.00734   -3.39431   -1.03971   -1.95153
          2       1800  276.46668   -1.01846   -0.00908   -1.03944   -0.00725   -3.39431   -1.03972   -1.95153
          2       1900  291.79522   -1.01903   -0.00905   -1.03946   -0.00712   -3.39431   -1.03972   -1.95153
          2       2000  307.29621   -1.01956   -0.00902   -1.03950   -0.00730   -3.39431   -1.03975   -1.95153
          2       2100  322.62400   -1.02006   -0.00899   -1.03949   -0.00734   -3.39431   -1.03978   -1.95153
          2       2200  337.60460   -1.02052   -0.00896   -1.03948   -0.00718   -3.39431   -1.03978   -1.95153
          2       2300  352.11921   -1.02095   -0.00893   -1.03943   -0.00717   -3.39431   -1.03980   -1.95153
          2       2400  367.53522   -1.02135   -0.00891   -1.03952   -0.00728   -3.39431   -1.03980   -1.95153
          2       2500  382.50531   -1.02172   -0.00889   -1.03933   -0.00726   -3.39431   -1.03980   -1.95153
          2       2600  397.63517   -1.02208   -0.00886   -1.03958   -0.00709   -3.39431   -1.03980   -1.95153
          2       2700  413.07778   -1.02242   -0.00884   -1.03951   -0.00722   -3.39431   -1.03981   -1.95153
          2       2800  428.27580   -1.02273   -0.00883   -1.03959   -0.00721   -3.39431   -1.03981   -1.95153
          2       2900  443.69265   -1.02303   -0.00881   -1.03954   -0.00718   -3.39431   -1.03981   -1.95153
          2       3000  459.06389   -1.02332   -0.00879   -1.03952   -0.00721   -3.39431   -1.03981   -1.95153
          2       3100  474.05477   -1.02359   -0.00877   -1.03966   -0.00730   -3.39431   -1.03981   -1.95153
          2       3200  489.61125   -1.02385   -0.00876   -1.03957   -0.00712   -3.39431   -1.03981   -1.95153
          2       3300  505.06660   -1.02410   -0.00874   -1.03941   -0.00699   -3.39431   -1.03981   -1.95153
          2       3400  520.36454   -1.02433   -0.00873   -1.03958   -0.00722   -3.39431   -1.03981   -1.95153
          2       3500  534.98561   -1.02456   -0.00872   -1.03961   -0.00712   -3.39431   -1.03985   -1.95153
          2       3600  550.25607   -1.02478   -0.00870   -1.03980   -0.00720   -3.39431   -1.03985   -1.95153
          2       3700  565.74851   -1.02498   -0.00869   -1.03962   -0.00732   -3.39431   -1.03985   -1.95153
          2       3800  582.28548   -1.02518   -0.00868   -1.03938   -0.00714   -3.39431   -1.03985   -1.95153
          2       3900  597.12650   -1.02538   -0.00867   -1.03951   -0.00713   -3.39431   -1.03985   -1.95153
          2       4000  612.75750   -1.02556   -0.00866   -1.03964   -0.00708   -3.39431   -1.03985   -1.95153
          2       4100  627.89555   -1.02574   -0.00865   -1.03968   -0.00712   -3.39431   -1.03990   -1.95153
          2       4200  642.24489   -1.02591   -0.00864   -1.03953   -0.00725   -3.39431   -1.03990   -1.95153
          2       4300  657.02977   -1.02607   -0.00863   -1.03950   -0.00715   -3.39431   -1.03990   -1.95153
          2       4400  671.82097   -1.02623   -0.00862   -1.03973   -0.00717   -3.39431   -1.03990   -1.95153
          2       4500  686.98396   -1.02639   -0.00861   -1.03956   -0.00720   -3.39431   -1.03990   -1.95153
          2       4600  702.09697   -1.02654   -0.00860   -1.03969   -0.00709   -3.39431   -1.03990   -1.95153
          2       4700  717.08701   -1.02668   -0.00859   -1.03957   -0.00724   -3.39431   -1.03990   -1.95153
          2       4800  732.70325   -1.02682   -0.00858   -1.03977   -0.00715   -3.39431   -1.03990   -1.95153
          2       4900  747.68919   -1.02696   -0.00857   -1.03969   -0.00718   -3.39431   -1.03990   -1.95153
          2       5000  763.06813   -1.02709   -0.00856   -1.03963   -0.00720   -3.39431   -1.03990   -1.95153
          2       5100  777.75704   -1.02722   -0.00856   -1.03967   -0.00711   -3.39431   -1.03990   -1.95153
          2       5200  793.01114   -1.02734   -0.00855   -1.03959   -0.00725   -3.39431   -1.03990   -1.95153
          2       5300  808.82163   -1.02746   -0.00854   -1.03966   -0.00721   -3.39431   -1.03990   -1.95153
          2       5400  824.20134   -1.02758   -0.00854   -1.03981   -0.00719   -3.39431   -1.03990   -1.95153
          2       5500  839.83187   -1.02769   -0.00853   -1.03977   -0.00709   -3.39431   -1.03990   -1.95153
          2       5600  855.82682   -1.02780   -0.00852   -1.03966   -0.00719   -3.39431   -1.03990   -1.95153
          2       5700  871.71172   -1.02791   -0.00852   -1.03971   -0.00714   -3.39431   -1.03990   -1.95153
          2       5800  887.40230   -1.02801   -0.00851   -1.03975   -0.00723   -3.39431   -1.03990   -1.95153
          2       5900  901.89870   -1.02812   -0.00850   -1.03990   -0.00716   -3.39431   -1.03990   -1.95153
          2       6000  917.06954   -1.02822   -0.00850   -1.03975   -0.00715   -3.39431   -1.03990   -1.95153
          2       6100  932.99613   -1.02831   -0.00849   -1.03983   -0.00711   -3.39431   -1.03990   -1.95153
          2       6200  948.33013   -1.02841   -0.00849   -1.03967   -0.00727   -3.39431   -1.03990   -1.95153
          2       6300  963.55362   -1.02850   -0.00848   -1.03980   -0.00716   -3.39431   -1.03990   -1.95153
          2       6400  978.83985   -1.02859   -0.00847   -1.03972   -0.00716   -3.39431   -1.03993   -1.95153
          2       6500  994.98124   -1.02868   -0.00847   -1.03962   -0.00712   -3.39431   -1.03994   -1.95153
          2       6600 1010.63739   -1.02877   -0.00846   -1.03959   -0.00722   -3.39431   -1.03994   -1.95153
          2       6700 1026.29764   -1.02885   -0.00846   -1.03983   -0.00722   -3.39431   -1.03994   -1.95153
          2       6800 1041.17659   -1.02893   -0.00845   -1.03982   -0.00706   -3.39431   -1.03994   -1.95153
          2       6900 1056.54664   -1.02901   -0.00845   -1.03965   -0.00720   -3.39431   -1.03994   -1.95153
          2       7000 1071.93914   -1.02909   -0.00844   -1.03977   -0.00720   -3.39431   -1.03994   -1.95153
          2       7100 1087.49356   -1.02917   -0.00844   -1.03959   -0.00713   -3.39431   -1.03994   -1.95153
          2       7200 1103.10243   -1.02925   -0.00844   -1.03981   -0.00715   -3.39431   -1.03994   -1.95153
          2       7300 1117.76215   -1.02932   -0.00843   -1.03974   -0.00724   -3.39431   -1.03994   -1.95153
          2       7400 1133.07297   -1.02939   -0.00843   -1.03987   -0.00717   -3.39431   -1.03994   -1.95153
          2       7500 1148.71616   -1.02947   -0.00842   -1.03968   -0.00706   -3.39431   -1.03994   -1.95153
          2       7600 1164.15388   -1.02954   -0.00842   -1.03986   -0.00718   -3.39431   -1.03994   -1.95153
          2       7700 1180.07028   -1.02960   -0.00841   -1.03967   -0.00719   -3.39431   -1.03994   -1.95153
          2       7800 1196.34322   -1.02967   -0.00841   -1.03977   -0.00713   -3.39431   -1.03994   -1.95153
          2       7900 1212.54874   -1.02974   -0.00841   -1.03972   -0.00710   -3.39431   -1.03995   -1.95153
          2       8000 1227.26213   -1.02980   -0.00840   -1.03987   -0.00717   -3.39431   -1.03995   -1.95153
          2       8100 1243.43883   -1.02986   -0.00840   -1.03969   -0.00723   -3.39431   -1.03995   -1.95153
          2       8200 1258.44626   -1.02993   -0.00839   -1.03984   -0.00709   -3.39431   -1.03995   -1.95153
          2       8300 1274.18805   -1.02999   -0.00839   -1.03960   -0.00711   -3.39431   -1.03995   -1.95153
          2       8400 1289.55012   -1.03005   -0.00839   -1.03986   -0.00706   -3.39431   -1.03995   -1.95153
          2       8500 1305.11699   -1.03011   -0.00838   -1.03966   -0.00706   -3.39431   -1.03995   -1.95153
          2       8600 1320.51576   -1.03017   -0.00838   -1.03987   -0.00720   -3.39431   -1.03995   -1.95153
          2       8700 1335.75219   -1.03022   -0.00838   -1.03982   -0.00718   -3.39431   -1.03995   -1.95153
          2       8800 1351.29747   -1.03028   -0.00837   -1.03986   -0.00717   -3.39431   -1.03995   -1.95153
          2       8900 1366.77229   -1.03033   -0.00837   -1.03979   -0.00718   -3.39431   -1.03995   -1.95153
          2       9000 1381.86187   -1.03039   -0.00837   -1.03974   -0.00707   -3.39431   -1.03995   -1.95153
          2       9100 1396.86499   -1.03044   -0.00836   -1.03966   -0.00710   -3.39431   -1.03995   -1.95153
          2       9200 1412.14231   -1.03049   -0.00836   -1.03986   -0.00721   -3.39431   -1.03995   -1.95153
          2       9300 1427.19684   -1.03054   -0.00836   -1.03981   -0.00719   -3.39431   -1.03995   -1.95153
          2       9400 1442.04708   -1.03059   -0.00835   -1.03986   -0.00714   -3.39431   -1.03995   -1.95153
          2       9500 1456.42573   -1.03064   -0.00835   -1.03979   -0.00720   -3.39431   -1.03995   -1.95153
          2       9600 1471.96999   -1.03069   -0.00835   -1.03974   -0.00713   -3.39431   -1.03995   -1.95153
          2       9700 1488.01289   -1.03074   -0.00835   -1.03986   -0.00717   -3.39431   -1.03995   -1.95153
          2       9800 1504.98744   -1.03079   -0.00834   -1.03983   -0.00722   -3.39431   -1.03995   -1.95153
          2       9900 1520.30784   -1.03084   -0.00834   -1.03970   -0.00721   -3.39431   -1.03995   -1.95153
          2      10000 1536.31676   -1.03088   -0.00834   -1.03971   -0.00717   -3.39431   -1.03995   -1.95153
          2      10100 1551.44941   -1.03093   -0.00833   -1.03986   -0.00712   -3.39431   -1.03995   -1.95153
          2      10200 1566.22401   -1.03097   -0.00833   -1.03967   -0.00727   -3.39431   -1.03997   -1.95153
          2      10300 1582.55302   -1.03102   -0.00833   -1.03977   -0.00718   -3.39431   -1.03997   -1.95153
          2      10400 1598.18608   -1.03106   -0.00833   -1.03989   -0.00716   -3.39431   -1.03997   -1.95153
          2      10500 1613.85604   -1.03110   -0.00832   -1.03968   -0.00717   -3.39431   -1.03997   -1.95153
          2      10600 1628.54667   -1.03115   -0.00832   -1.03986   -0.00714   -3.39431   -1.03997   -1.95153
          2      10700 1643.24483   -1.03119   -0.00832   -1.03975   -0.00717   -3.39431   -1.03997   -1.95153
          2      10800 1658.32099   -1.03123   -0.00832   -1.03986   -0.00722   -3.39431   -1.03997   -1.95153
          2      10900 1674.08052   -1.03127   -0.00831   -1.03975   -0.00721   -3.39431   -1.03997   -1.95153
          2      11000 1689.33090   -1.03131   -0.00831   -1.03980   -0.00722   -3.39431   -1.03997   -1.95153
          2      11100 1704.53312   -1.03135   -0.00831   -1.03975   -0.00709   -3.39431   -1.03997   -1.95153
          2      11200 1720.24395   -1.03139   -0.00831   -1.03970   -0.00719   -3.39431   -1.03997   -1.95153
          2      11300 1735.92424   -1.03143   -0.00830   -1.03990   -0.00718   -3.39431   -1.03997   -1.95153
          2      11400 1750.63169   -1.03146   -0.00830   -1.03989   -0.00720   -3.39431   -1.03997   -1.95153
          2      11500 1766.47515   -1.03150   -0.00830   -1.03978   -0.00715   -3.39431   -1.03997   -1.95153
          2      11600 1781.39780   -1.03154   -0.00830   -1.03978   -0.00709   -3.39431   -1.03997   -1.95153
          2      11700 1796.98779   -1.03157   -0.00830   -1.03988   -0.00710   -3.39431   -1.03997   -1.95153
          2      11800 1811.73006   -1.03161   -0.00829   -1.03974   -0.00708   -3.39431   -1.03997   -1.95153
          2      11900 1827.25774   -1.03165   -0.00829   -1.03986   -0.00716   -3.39431   -1.03997   -1.95153
          2      12000 1842.81872   -1.03168   -0.00829   -1.03984   -0.00716   -3.39431   -1.03997   -1.95153
          2      12100 1858.54288   -1.03172   -0.00829   -1.03993   -0.00715   -3.39431   -1.03997   -1.95153
          2      12200 1873.48583   -1.03175   -0.00828   -1.03977   -0.00718   -3.39431   -1.03997   -1.95153
          2      12300 1888.74912   -1.03178   -0.00828   -1.03986   -0.00718   -3.39431   -1.03997   -1.95153
          2      12400 1903.69462   -1.03182   -0.00828   -1.03977   -0.00710   -3.39431   -1.03997   -1.95153
          2      12500 1919.07408   -1.03185   -0.00828   -1.03988   -0.00722   -3.39431   -1.03997   -1.95153
          2      12600 1934.32371   -1.03188   -0.00828   -1.03984   -0.00719   -3.39431   -1.03997   -1.95153
          2      12700 1949.27053   -1.03191   -0.00828   -1.03980   -0.00718   -3.39431   -1.03997   -1.95153
          2      12800 1964.36126   -1.03195   -0.00827   -1.03985   -0.00717   -3.39431   -1.03997   -1.95153
          2      12900 1980.38595   -1.03198   -0.00827   -1.03972   -0.00717   -3.39431   -1.03997   -1.95153
          2      13000 1995.24277   -1.03201   -0.00827   -1.03973   -0.00707   -3.39431   -1.03997   -1.95153
          2      13100 2009.99579   -1.03204   -0.00827   -1.03979   -0.00721   -3.39431   -1.03997   -1.95153
          2      13200 2024.62663   -1.03207   -0.00827   -1.03969   -0.00720   -3.39431   -1.03997   -1.95153
          2      13300 2039.26807   -1.03210   -0.00826   -1.03981   -0.00714   -3.39431   -1.03997   -1.95153
          2      13400 2054.75302   -1.03213   -0.00826   -1.03981   -0.00709   -3.39431   -1.03997   -1.95153
          2      13500 2069.57437   -1.03216   -0.00826   -1.03979   -0.00719   -3.39431   -1.03997   -1.95153
          2      13600 2084.63372   -1.03219   -0.00826   -1.03971   -0.00711   -3.39431   -1.03997   -1.95153
          2      13700 2099.58609   -1.03222   -0.00826   -1.03972   -0.00711   -3.39431   -1.03997   -1.95153
          2      13800 2114.68126   -1.03225   -0.00826   -1.03984   -0.00719   -3.39431   -1.03997   -1.95153
          2      13900 2129.66828   -1.03227   -0.00825   -1.03988   -0.00719   -3.39431   -1.03997   -1.95153
          2      14000 2144.40392   -1.03230   -0.00825   -1.03987   -0.00716   -3.39431   -1.03997   -1.95153
          2      14100 2160.01767   -1.03233   -0.00825   -1.03991   -0.00715   -3.39431   -1.03997   -1.95153
          2      14200 2174.43575   -1.03236   -0.00825   -1.03986   -0.00714   -3.39431   -1.03997   -1.95153
          2      14300 2188.91129   -1.03238   -0.00825   -1.03985   -0.00721   -3.39431   -1.03997   -1.95153
          2      14400 2203.71851   -1.03241   -0.00825   -1.03972   -0.00716   -3.39431   -1.03997   -1.95153
          2      14500 2219.26756   -1.03244   -0.00824   -1.03978   -0.00720   -3.39431   -1.03998   -1.95153
          2      14600 2234.55633   -1.03246   -0.00824   -1.03982   -0.00713   -3.39431   -1.03998   -1.95153
          2      14700 2249.96788   -1.03249   -0.00824   -1.03983   -0.00713   -3.39431   -1.03998   -1.95153
          2      14800 2265.23530   -1.03251   -0.00824   -1.03988   -0.00720   -3.39431   -1.03998   -1.95153
          2      14900 2280.02721   -1.03254   -0.00824   -1.03984   -0.00723   -3.39431   -1.03998   -1.95153
          2      15000 2295.81347   -1.03256   -0.00824   -1.03980   -0.00716   -3.39431   -1.03998   -1.95153
          2      15100 2312.47424   -1.03259   -0.00823   -1.03986   -0.00711   -3.39431   -1.03998   -1.95153
          2      15200 2328.08218   -1.03261   -0.00823   -1.03984   -0.00714   -3.39431   -1.03998   -1.95153
          2      15300 2344.35897   -1.03264   -0.00823   -1.03993   -0.00716   -3.39431   -1.03998   -1.95153
          2      15400 2359.43735   -1.03266   -0.00823   -1.03979   -0.00718   -3.39431   -1.03998   -1.95153
          2      15500 2375.11996   -1.03269   -0.00823   -1.03982   -0.00714   -3.39431   -1.03998   -1.95153
          2      15600 2390.78376   -1.03271   -0.00823   -1.03986   -0.00719   -3.39431   -1.03998   -1.95153
          2      15700 2406.37142   -1.03273   -0.00823   -1.03992   -0.00716   -3.39431   -1.03998   -1.95153
          2      15800 2422.27239   -1.03276   -0.00822   -1.03987   -0.00717   -3.39431   -1.03998   -1.95153
          2      15900 2437.64581   -1.03278   -0.00822   -1.03979   -0.00714   -3.39431   -1.03998   -1.95153
          2      16000 2452.11827   -1.03280   -0.00822   -1.03978   -0.00720   -3.39431   -1.03998   -1.95153
          2      16100 2467.03691   -1.03282   -0.00822   -1.03995   -0.00713   -3.39431   -1.03998   -1.95153
          2      16200 2481.77046   -1.03285   -0.00822   -1.03980   -0.00722   -3.39431   -1.03999   -1.95153
          2      16300 2497.13885   -1.03287   -0.00822   -1.03983   -0.00711   -3.39431   -1.03999   -1.95153
          2      16400 2511.95928   -1.03289   -0.00822   -1.03988   -0.00717   -3.39431   -1.03999   -1.95153
          2      16500 2527.24136   -1.03291   -0.00822   -1.03986   -0.00721   -3.39431   -1.03999   -1.95153
          2      16600 2542.40338   -1.03293   -0.00821   -1.03992   -0.00720   -3.39431   -1.03999   -1.95153
          2      16700 2557.54509   -1.03296   -0.00821   -1.03982   -0.00714   -3.39431   -1.03999   -1.95153
          2      16800 2572.38734   -1.03298   -0.00821   -1.03990   -0.00714   -3.39431   -1.03999   -1.95153
          2      16900 2587.18599   -1.03300   -0.00821   -1.03990   -0.00719   -3.39431   -1.03999   -1.95153
          2      17000 2602.46583   -1.03302   -0.00821   -1.03994   -0.00715   -3.39431   -1.03999   -1.95153
          2      17100 2618.16205   -1.03304   -0.00821   -1.03988   -0.00708   -3.39431   -1.03999   -1.95153
          2      17200 2632.99734   -1.03306   -0.00821   -1.03986   -0.00716   -3.39431   -1.03999   -1.95153
          2      17300 2648.15732   -1.03308   -0.00821   -1.03984   -0.00720   -3.39431   -1.03999   -1.95153
          2      17400 2663.39669   -1.03310   -0.00820   -1.03982   -0.00714   -3.39431   -1.03999   -1.95153
          2      17500 2677.58393   -1.03312   -0.00820   -1.03979   -0.00719   -3.39431   -1.03999   -1.95153
          2      17600 2692.49850   -1.03314   -0.00820   -1.03988   -0.00713   -3.39431   -1.03999   -1.95153
          2      17700 2708.37048   -1.03316   -0.00820   -1.03991   -0.00721   -3.39431   -1.03999   -1.95153
          2      17800 2724.11594   -1.03318   -0.00820   -1.03981   -0.00721   -3.39431   -1.03999   -1.95153
          2      17900 2739.67430   -1.03320   -0.00820   -1.03989   -0.00713   -3.39431   -1.04000   -1.95153
          2      18000 2755.31994   -1.03322   -0.00820   -1.03987   -0.00713   -3.39431   -1.04000   -1.95153
          2      18100 2770.61440   -1.03324   -0.00820   -1.03981   -0.00711   -3.39431   -1.04000   -1.95153
          2      18200 2786.89632   -1.03325   -0.00819   -1.03985   -0.00722   -3.39431   -1.04000   -1.95153
          2      18300 2802.21564   -1.03327   -0.00819   -1.03992   -0.00718   -3.39431   -1.04000   -1.95153
          2      18400 2817.14447   -1.03329   -0.00819   -1.03988   -0.00715   -3.39431   -1.04000   -1.95153
          2      18500 2832.18491   -1.03331   -0.00819   -1.03990   -0.00715   -3.39431   -1.04000   -1.95153
          2      18600 2847.46454   -1.03333   -0.00819   -1.03989   -0.00714   -3.39431   -1.04000   -1.95153
          2      18700 2863.20496   -1.03335   -0.00819   -1.03979   -0.00709   -3.39431   -1.04000   -1.95153
          2      18800 2878.68245   -1.03336   -0.00819   -1.03992   -0.00715   -3.39431   -1.04000   -1.95153
          2      18900 2893.87820   -1.03338   -0.00819   -1.03988   -0.00715   -3.39431   -1.04000   -1.95153
          2      19000 2908.75972   -1.03340   -0.00819   -1.03985   -0.00719   -3.39431   -1.04000   -1.95153
          2      19100 2924.65789   -1.03342   -0.00819   -1.03981   -0.00710   -3.39431   -1.04000   -1.95153
          2      19200 2939.75070   -1.03343   -0.00818   -1.03991   -0.00721   -3.39431   -1.04000   -1.95153
          2      19300 2954.95791   -1.03345   -0.00818   -1.03988   -0.00721   -3.39431   -1.04000   -1.95153
          2      19400 2969.99597   -1.03347   -0.00818   -1.03990   -0.00718   -3.39431   -1.04000   -1.95153
          2      19500 2984.77318   -1.03348   -0.00818   -1.03993   -0.00717   -3.39431   -1.04000   -1.95153
          2      19600 2999.74889   -1.03350   -0.00818   -1.03992   -0.00717   -3.39431   -1.04000   -1.95153
          2      19700 3015.38243   -1.03352   -0.00818   -1.03978   -0.00711   -3.39431   -1.04000   -1.95153
          2      19800 3030.96108   -1.03353   -0.00818   -1.03994   -0.00717   -3.39431   -1.04000   -1.95153
          2      19900 3046.16465   -1.03355   -0.00818   -1.03987   -0.00715   -3.39431   -1.04000   -1.95153
          2      20000 3061.39875   -1.03357   -0.00818   -1.03990   -0.00715   -3.39431   -1.04000   -1.95153
          2      20100 3077.43784   -1.03358   -0.00818   -1.03986   -0.00720   -3.39431   -1.04000   -1.95153
          2      20200 3092.34724   -1.03360   -0.00817   -1.03992   -0.00711   -3.39431   -1.04000   -1.95153
          2      20300 3108.29351   -1.03362   -0.00817   -1.03983   -0.00718   -3.39431   -1.04000   -1.95153
          2      20400 3123.79750   -1.03363   -0.00817   -1.03982   -0.00717   -3.39431   -1.04000   -1.95153
          2      20500 3139.40884   -1.03365   -0.00817   -1.03992   -0.00720   -3.39431   -1.04000   -1.95153
          2      20600 3154.64461   -1.03366   -0.00817   -1.03982   -0.00712   -3.39431   -1.04000   -1.95153
          2      20700 3170.76196   -1.03368   -0.00817   -1.03988   -0.00721   -3.39431   -1.04000   -1.95153
          2      20800 3187.69639   -1.03369   -0.00817   -1.03985   -0.00718   -3.39431   -1.04000   -1.95153
          2      20900 3202.71953   -1.03371   -0.00817   -1.03988   -0.00715   -3.39431   -1.04000   -1.95153
          2      21000 3217.46787   -1.03372   -0.00817   -1.03981   -0.00716   -3.39431   -1.04000   -1.95153
          2      21100 3232.38048   -1.03374   -0.00817   -1.03993   -0.00717   -3.39431   -1.04000   -1.95153
          2      21200 3247.33367   -1.03375   -0.00816   -1.03982   -0.00716   -3.39431   -1.04000   -1.95153
          2      21300 3261.80994   -1.03377   -0.00816   -1.03994   -0.00711   -3.39431   -1.04000   -1.95153
          2      21400 3277.48272   -1.03378   -0.00816   -1.03992   -0.00718   -3.39431   -1.04000   -1.95153
          2      21500 3292.52128   -1.03380   -0.00816   -1.03986   -0.00722   -3.39431   -1.04000   -1.95153
          2      21600 3307.48207   -1.03381   -0.00816   -1.03990   -0.00714   -3.39431   -1.04000   -1.95153
          2      21700 3323.10452   -1.03383   -0.00816   -1.03991   -0.00713   -3.39431   -1.04000   -1.95153
          2      21800 3338.19039   -1.03384   -0.00816   -1.03990   -0.00715   -3.39431   -1.04000   -1.95153
          2      21900 3354.15333   -1.03385   -0.00816   -1.03986   -0.00717   -3.39431   -1.04000   -1.95153
          2      22000 3369.51995   -1.03387   -0.00816   -1.03984   -0.00714   -3.39431   -1.04000   -1.95153
          2      22100 3384.37456   -1.03388   -0.00816   -1.03993   -0.00718   -3.39431   -1.04000   -1.95153
          2      22200 3399.56607   -1.03390   -0.00816   -1.03984   -0.00720   -3.39431   -1.04000   -1.95153
          2      22300 3415.42437   -1.03391   -0.00816   -1.03985   -0.00723   -3.39431   -1.04000   -1.95153
          2      22400 3430.69645   -1.03392   -0.00815   -1.03996   -0.00716   -3.39431   -1.04000   -1.95153
          2      22500 3445.91364   -1.03394   -0.00815   -1.03987   -0.00718   -3.39431   -1.04000   -1.95153
          2      22600 3460.66446   -1.03395   -0.00815   -1.03987   -0.00713   -3.39431   -1.04000   -1.95153
          2      22700 3476.88178   -1.03396   -0.00815   -1.03990   -0.00715   -3.39431   -1.04000   -1.95153
          2      22800 3492.35589   -1.03398   -0.00815   -1.03986   -0.00716   -3.39431   -1.04000   -1.95153
          2      22900 3507.24780   -1.03399   -0.00815   -1.03991   -0.00713   -3.39431   -1.04000   -1.95153
          2      23000 3522.22295   -1.03400   -0.00815   -1.03983   -0.00720   -3.39431   -1.04000   -1.95153
          2      23100 3537.34843   -1.03402   -0.00815   -1.03986   -0.00712   -3.39431   -1.04000   -1.95153
          2      23200 3552.55125   -1.03403   -0.00815   -1.03988   -0.00713   -3.39431   -1.04001   -1.95153
          2      23300 3567.36566   -1.03404   -0.00815   -1.03992   -0.00713   -3.39431   -1.04001   -1.95153
          2      23400 3583.18247   -1.03406   -0.00815   -1.03990   -0.00715   -3.39431   -1.04001   -1.95153
          2      23500 3599.35841   -1.03407   -0.00815   -1.03994   -0.00715   -3.39431   -1.04001   -1.95153
          2      23504 3600.00881   -1.03407   -0.00815   -1.03995   -0.00719   -3.39431   -1.04001   -1.95153
