          1          0    0.00000   -0.57986    0.49254   -0.57986    0.49254   -4.22223    4.22223    0.00000
          1          8    0.15144   -0.17534   -0.01263   -0.42721    0.38972   -4.22223   -0.17534    0.00000
          2          0    0.15144   -0.08667   -0.06190   -0.42721    0.38972   -4.22223   -0.17534   -2.19879
          2        100    1.17720   -0.69425    0.76177   -0.74934    1.03250   -4.22223   -0.17534   -2.19879
          2        200    1.97754   -0.71690    0.83204   -0.75593    1.00728   -4.22223   -0.17534   -2.19879
          2        300    3.01289   -0.72653    0.86339   -0.75510    1.00944   -4.22223   -0.17534   -2.19879
          2        400    3.99688   -0.73215    0.88213   -0.76002    1.01515   -4.22223   -0.17534   -2.19879
          2        500    5.02457   -0.73594    0.89490   -0.76117    1.01275   -4.22223   -0.17534   -2.19879
          2        600    5.85840   -0.73871    0.90433   -0.76303    1.00452   -4.22223   -0.17534   -2.19879
          2        700    6.91095   -0.74085    0.91169   -0.76122    1.00712   -4.22223   -0.17534   -2.19879
          2        800    7.92004   -0.74256    0.91761   -0.76443    1.00566   -4.22223   -0.17534   -2.19879
          2        900    8.99894   -0.74397    0.92250   -0.75937    1.00727   -4.22223   -0.17534   -2.19879
          2       1000   10.19927   -0.74516    0.92664   -0.76314    1.01002   -4.22223   -0.17534   -2.19879
          2       1100   11.32933   -0.74618    0.93020   -0.76409    1.00419   -4.22223   -0.17534   -2.19879
          2       1200   12.39183   -0.74707    0.93332   -0.75995    1.00726   -4.22223   -0.17534   -2.19879
          2       1300   13.67796   -0.74786    0.93608   -0.76101    1.00684   -4.22223   -0.17534   -2.19879
          2       1400   14.62307   -0.74855    0.93853   -0.76200    1.00607   -4.22223   -0.17534   -2.19879
          2       1500   15.70296   -0.74917    0.94071   -0.76494    1.00651   -4.22223   -0.17534   -2.19879
          2       1600   16.71356   -0.74973    0.94271   -0.76613    1.00378   -4.22223   -0.17534   -2.19879
          2       1700   17.71084   -0.75024    0.94451   -0.76614    1.00375   -4.22223   -0.17534   -2.19879
          2       1800   18.52720   -0.75071    0.94617   -0.76072    1.00691   -4.22223   -0.17534   -2.19879
          2       1900   19.50102   -0.75114    0.94770   -0.76521    1.00415   -4.22223   -0.17534   -2.19879
          2       2000   20.50356   -0.75154    0.94911   -0.76406    1.00709   -4.22223   -0.17534   -2.19879
          2       2100   21.51716   -0.75191    0.95042   -0.76624    1.00311   -4.22223   -0.17534   -2.19879
          2       2200   22.56294   -0.75225    0.95163   -0.76456    1.00640   -4.22223   -0.17534   -2.19879
          2       2300   23.65547   -0.75256    0.95277   -0.76360    1.00512   -4.22223   -0.17534   -2.19879
          2       2400   24.70175   -0.75286    0.95383   -0.76294    1.00527   -4.22223   -0.17534   -2.19879
          2       2500   25.94030   -0.75314    0.95483   -0.76273    1.00522   -4.22223   -0.17534   -2.19879
          2       2600   26.94504   -0.75340    0.95577   -0.76392    1.00455   -4.22223   -0.17534   -2.19879
          2       2700   28.01899   -0.75365    0.95665   -0.76374    1.00416   -4.22223   -0.17534   -2.19879
          2       2800   29.09847   -0.75389    0.95749   -0.76247    1.00588   -4.22223   -0.17534   -2.19879
          2       2900   30.25760   -0.75411    0.95829   -0.76414    1.00681   -4.22223   -0.17534   -2.19879
          2       3000   31.08360   -0.75432    0.95904   -0.76217    1.00584   -4.22223   -0.17534   -2.19879
          2       3100   32.07852   -0.75452    0.95976   -0.76446    1.00640   -4.22223   -0.17534   -2.19879
          2       3200   33.02867   -0.75471    0.96044   -0.76342    1.00483   -4.22223   -0.17534   -2.19879
          2       3300   34.05938   -0.75489    0.96109   -0.76550    1.00427   -4.22223   -0.17534   -2.19879
          2       3400   35.02906   -0.75506    0.96172   -0.76558    1.00327   -4.22223   -0.17534   -2.19879
          2       3500   36.00041   -0.75523    0.96231   -0.76582    1.00391   -4.22223   -0.17534   -2.19879
          2       3600   36.90858   -0.75539    0.96289   -0.76550    1.00386   -4.22223   -0.17534   -2.19879
          2       3700   37.92111   -0.75554    0.96343   -0.76354    1.00522   -4.22223   -0.17534   -2.19879
          2       3800   38.75291   -0.75569    0.96396   -0.76493    1.00516   -4.22223   -0.17534   -2.19879
          2       3900   40.01677   -0.75583    0.96447   -0.76320    1.00532   -4.22223   -0.17534   -2.19879
          2       4000   40.97680   -0.75596    0.96496   -0.76490    1.00533   -4.22223   -0.17534   -2.19879
          2       4100   42.05891   -0.75609    0.96542   -0.76388    1.00516   -4.22223   -0.17534   -2.19879
          2       4200   43.26910   -0.75622    0.96588   -0.76586    1.00317   -4.22223   -0.17534   -2.19879
          2       4300   44.32684   -0.75634    0.96631   -0.76592    1.00300   -4.22223   -0.17534   -2.19879
          2       4400   45.44610   -0.75645    0.96674   -0.76345    1.00494   -4.22223   -0.17534   -2.19879
          2       4500   46.51461   -0.75657    0.96714   -0.76547    1.00404   -4.22223   -0.17534   -2.19879
          2       4600   47.59923   -0.75668    0.96754   -0.76565    1.00365   -4.22223   -0.17534   -2.19879
          2       4700   48.67541   -0.75678    0.96792   -0.76373    1.00500   -4.22223   -0.17534   -2.19879
          2       4800   49.58013   -0.75688    0.96829   -0.76457    1.00387   -4.22223   -0.17534   -2.19879
          2       4900   50.51307   -0.75698    0.96865   -0.76549    1.00399   -4.22223   -0.17534   -2.19879
          2       5000   51.55290   -0.75708    0.96899   -0.76511    1.00487   -4.22223   -0.17534   -2.19879
          2       5100   52.48599   -0.75717    0.96933   -0.76591    1.00292   -4.22223   -0.17534   -2.19879
          2       5200   53.68343   -0.75726    0.96966   -0.76474    1.00459   -4.22223   -0.17534   -2.19879
          2       5300   54.98077   -0.75735    0.96997   -0.76357    1.00503   -4.22223   -0.17534   -2.19879
          2       5400   56.11657   -0.75743    0.97028   -0.76355    1.00488   -4.22223   -0.17534   -2.19879
          2       5500   57.34469   -0.75752    0.97058   -0.76395    1.00439   -4.22223   -0.17534   -2.19879
          2       5600   58.46770   -0.75760    0.97088   -0.76442    1.00402   -4.22223   -0.17534   -2.19879
          2       5700   59.61114   -0.75768    0.97116   -0.76474    1.00383   -4.22223   -0.17534   -2.19879
          2       5800   60.77302   -0.75775    0.97144   -0.76494    1.00368   -4.22223   -0.17534   -2.19879
          2       5900   61.88017   -0.75783    0.97171   -0.76481    1.00380   -4.22223   -0.17534   -2.19879
          2       6000   62.70667   -0.75790    0.97197   -0.76465    1.00392   -4.22223   -0.17534   -2.19879
          2       6100   63.62185   -0.75797    0.97223   -0.76407    1.00434   -4.22223   -0.17534   -2.19879
          2       6200   64.65811   -0.75804    0.97248   -0.76377    1.00479   -4.22223   -0.17534   -2.19879
          2       6300   65.65106   -0.75811    0.97272   -0.76405    1.00483   -4.22223   -0.17534   -2.19879
          2       6400   66.62492   -0.75817    0.97296   -0.76537    1.00421   -4.22223   -0.17534   -2.19879
          2       6500   67.73981   -0.75824    0.97320   -0.76592    1.00290   -4.22223   -0.17534   -2.19879
          2       6600   68.88364   -0.75830    0.97342   -0.76527    1.00448   -4.22223   -0.17534   -2.19879
          2       6700   70.00913   -0.75836    0.97365   -0.76557    1.00383   -4.22223   -0.17534   -2.19879
          2       6800   71.04239   -0.75842    0.97387   -0.76529    1.00341   -4.22223   -0.17534   -2.19879
          2       6900   72.33758   -0.75848    0.97408   -0.76386    1.00473   -4.22223   -0.17534   -2.19879
          2       7000   73.40758   -0.75854    0.97429   -0.76624    1.00365   -4.22223   -0.17534   -2.19879
          2       7100   74.37434   -0.75859    0.97449   -0.76528    1.00442   -4.22223   -0.17534   -2.19879
          2       7200   75.55155   -0.75865    0.97469   -0.76624    1.00247   -4.22223   -0.17534   -2.19879
          2       7300   76.66203   -0.75870    0.97489   -0.76395    1.00467   -4.22223   -0.17534   -2.19879
          2       7400   77.93495   -0.75875    0.97508   -0.76612    1.00315   -4.22223   -0.17534   -2.19879
          2       7500   78.98002   -0.75880    0.97527   -0.76538    1.00423   -4.22223   -0.17534   -2.19879
          2       7600   79.70564   -0.75886    0.97545   -0.76442    1.00412   -4.22223   -0.17534   -2.19879
          2       7700   80.65993   -0.75890    0.97563   -0.76606    1.00374   -4.22223   -0.17534   -2.19879
          2       7800   81.84846   -0.75895    0.97581   -0.76542    1.00411   -4.22223   -0.17534   -2.19879
          2       7900   83.10912   -0.75900    0.97598   -0.76435    1.00424   -4.22223   -0.17534   -2.19879
          2       8000   84.10909   -0.75905    0.97615   -0.76609    1.00309   -4.22223   -0.17534   -2.19879
          2       8100   85.33380   -0.75909    0.97632   -0.76598    1.00284   -4.22223   -0.17534   -2.19879
          2       8200   86.32496   -0.75914    0.97648   -0.76430    1.00461   -4.22223   -0.17534   -2.19879
          2       8300   87.34033   -0.75918    0.97665   -0.76538    1.00420   -4.22223   -0.17534   -2.19879
          2       8400   88.41747   -0.75923    0.97680   -0.76444    1.00414   -4.22223   -0.17534   -2.19879
          2       8500   89.50607   -0.75927    0.97696   -0.76582    1.00311   -4.22223   -0.17534   -2.19879
          2       8600   90.43973   -0.75931    0.97711   -0.76536    1.00339   -4.22223   -0.17534   -2.19879
          2       8700   91.38295   -0.75935    0.97726   -0.76620    1.00323   -4.22223   -0.17534   -2.19879
          2       8800   92.57155   -0.75939    0.97741   -0.76628    1.00279   -4.22223   -0.17534   -2.19879
          2       8900   93.72526   -0.75943    0.97756   -0.76592    1.00384   -4.22223   -0.17534   -2.19879
          2       9000   94.76055   -0.75947    0.97770   -0.76622    1.00249   -4.22223   -0.17534   -2.19879
          2       9100   95.76378   -0.75951    0.97784   -0.76609    1.00373   -4.22223   -0.17534   -2.19879
          2       9200   96.88601   -0.75955    0.97798   -0.76620    1.00285   -4.22223   -0.17534   -2.19879
          2       9300   97.80291   -0.75958    0.97811   -0.76618    1.00318   -4.22223   -0.17534   -2.19879
          2       9400   98.92648   -0.75962    0.97825   -0.76520    1.00353   -4.22223   -0.17534   -2.19879
          2       9500   99.78729   -0.75966    0.97838   -0.76574    1.00332   -4.22223   -0.17534   -2.19879
          2       9600  100.87652   -0.75969    0.97851   -0.76430    1.00432   -4.22223   -0.17534   -2.19879
          2       9700  101.81451   -0.75973    0.97864   -0.76548    1.00400   -4.22223   -0.17534   -2.19879
          2       9800  102.96771   -0.75976    0.97876   -0.76475    1.00438   -4.22223   -0.17534   -2.19879
          2       9900  103.98298   -0.75980    0.97889   -0.76621    1.00251   -4.22223   -0.17534   -2.19879
          2      10000  105.11692   -0.75983    0.97901   -0.76594    1.00277   -4.22223   -0.17534   -2.19879
          2      10100  106.24068   -0.75986    0.97913   -0.76438    1.00429   -4.22223   -0.17534   -2.19879
          2      10200  107.19120   -0.75989    0.97924   -0.76559    1.00376   -4.22223   -0.17534   -2.19879
          2      10300  108.42779   -0.75993    0.97936   -0.76606    1.00372   -4.22223   -0.17534   -2.19879
          2      10400  109.46254   -0.75996    0.97948   -0.76483    1.00386   -4.22223   -0.17534   -2.19879
          2      10500  110.30952   -0.75999    0.97959   -0.76554    1.00385   -4.22223   -0.17534   -2.19879
          2      10600  111.16288   -0.76002    0.97970   -0.76567    1.00393   -4.22223   -0.17534   -2.19879
          2      10700  112.43018   -0.76005    0.97981   -0.76475    1.00393   -4.22223   -0.17534   -2.19879
          2      10800  113.45226   -0.76008    0.97992   -0.76562    1.00367   -4.22223   -0.17534   -2.19879
          2      10900  114.36597   -0.76011    0.98003   -0.76621    1.00323   -4.22223   -0.17534   -2.19879
          2      11000  115.29693   -0.76014    0.98013   -0.76442    1.00433   -4.22223   -0.17534   -2.19879
          2      11100  116.41521   -0.76017    0.98024   -0.76624    1.00256   -4.22223   -0.17534   -2.19879
          2      11200  117.41120   -0.76019    0.98034   -0.76561    1.00366   -4.22223   -0.17534   -2.19879
          2      11300  118.53315   -0.76022    0.98044   -0.76554    1.00396   -4.22223   -0.17534   -2.19879
          2      11400  119.34196   -0.76025    0.98054   -0.76453    1.00415   -4.22223   -0.17534   -2.19879
          2      11500  120.19133   -0.76028    0.98064   -0.76609    1.00256   -4.22223   -0.17534   -2.19879
          2      11600  121.28587   -0.76030    0.98074   -0.76561    1.00365   -4.22223   -0.17534   -2.19879
          2      11700  122.43797   -0.76033    0.98083   -0.76610    1.00364   -4.22223   -0.17534   -2.19879
          2      11800  123.62770   -0.76035    0.98093   -0.76445    1.00434   -4.22223   -0.17534   -2.19879
          2      11900  124.69514   -0.76038    0.98102   -0.76564    1.00324   -4.22223   -0.17534   -2.19879
          2      12000  125.75492   -0.76040    0.98111   -0.76571    1.00347   -4.22223   -0.17534   -2.19879
          2      12100  126.76509   -0.76043    0.98120   -0.76577    1.00325   -4.22223   -0.17534   -2.19879
          2      12200  127.92112   -0.76045    0.98129   -0.76601    1.00371   -4.22223   -0.17534   -2.19879
          2      12300  128.73579   -0.76048    0.98138   -0.76455    1.00435   -4.22223   -0.17534   -2.19879
          2      12400  129.64485   -0.76050    0.98147   -0.76494    1.00381   -4.22223   -0.17534   -2.19879
          2      12500  130.43317   -0.76053    0.98156   -0.76624    1.00258   -4.22223   -0.17534   -2.19879
          2      12600  131.49906   -0.76055    0.98164   -0.76567    1.00356   -4.22223   -0.17534   -2.19879
          2      12700  132.57796   -0.76057    0.98173   -0.76576    1.00327   -4.22223   -0.17534   -2.19879
          2      12800  133.66624   -0.76060    0.98181   -0.76623    1.00324   -4.22223   -0.17534   -2.19879
          2      12900  134.48414   -0.76062    0.98190   -0.76519    1.00411   -4.22223   -0.17534   -2.19879
          2      13000  135.75013   -0.76064    0.98198   -0.76454    1.00431   -4.22223   -0.17534   -2.19879
          2      13100  136.91921   -0.76066    0.98206   -0.76478    1.00396   -4.22223   -0.17534   -2.19879
          2      13200  137.95982   -0.76069    0.98214   -0.76565    1.00329   -4.22223   -0.17534   -2.19879
          2      13300  138.84951   -0.76071    0.98222   -0.76616    1.00247   -4.22223   -0.17534   -2.19879
          2      13400  139.99306   -0.76073    0.98230   -0.76578    1.00331   -4.22223   -0.17534   -2.19879
          2      13500  141.01925   -0.76075    0.98237   -0.76563    1.00361   -4.22223   -0.17534   -2.19879
          2      13600  142.10517   -0.76077    0.98245   -0.76570    1.00344   -4.22223   -0.17534   -2.19879
          2      13700  143.30073   -0.76079    0.98253   -0.76589    1.00290   -4.22223   -0.17534   -2.19879
          2      13800  144.18963   -0.76081    0.98260   -0.76610    1.00298   -4.22223   -0.17534   -2.19879
          2      13900  145.26477   -0.76083    0.98268   -0.76632    1.00342   -4.22223   -0.17534   -2.19879
          2      14000  146.27741   -0.76085    0.98275   -0.76583    1.00377   -4.22223   -0.17534   -2.19879
          2      14100  146.99076   -0.76087    0.98282   -0.76539    1.00400   -4.22223   -0.17534   -2.19879
          2      14200  147.68960   -0.76089    0.98289   -0.76508    1.00413   -4.22223   -0.17534   -2.19879
          2      14300  148.67181   -0.76091    0.98296   -0.76487    1.00421   -4.22223   -0.17534   -2.19879
          2      14400  149.59361   -0.76093    0.98304   -0.76479    1.00424   -4.22223   -0.17534   -2.19879
          2      14500  150.75241   -0.76095    0.98310   -0.76472    1.00425   -4.22223   -0.17534   -2.19879
          2      14600  151.74466   -0.76097    0.98317   -0.76473    1.00423   -4.22223   -0.17534   -2.19879
          2      14700  152.78471   -0.76099    0.98324   -0.76475    1.00422   -4.22223   -0.17534   -2.19879
          2      14800  154.35856   -0.76100    0.98331   -0.76475    1.00423   -4.22223   -0.17534   -2.19879
          2      14900  155.38780   -0.76102    0.98338   -0.76476    1.00423   -4.22223   -0.17534   -2.19879
          2      15000  156.44651   -0.76104    0.98344   -0.76484    1.00421   -4.22223   -0.17534   -2.19879
          2      15100  157.60761   -0.76106    0.98351   -0.76498    1.00416   -4.22223   -0.17534   -2.19879
          2      15200  158.57486   -0.76108    0.98357   -0.76521    1.00406   -4.22223   -0.17534   -2.19879
          2      15300  159.48839   -0.76109    0.98364   -0.76552    1.00392   -4.22223   -0.17534   -2.19879
          2      15400  160.62415   -0.76111    0.98370   -0.76597    1.00368   -4.22223   -0.17534   -2.19879
          2      15500  161.77788   -0.76113    0.98376   -0.76629    1.00333   -4.22223   -0.17534   -2.19879
          2      15600  162.95528   -0.76114    0.98382   -0.76611    1.00296   -4.22223   -0.17534   -2.19879
          2      15700  164.12597   -0.76116    0.98389   -0.76591    1.00287   -4.22223   -0.17534   -2.19879
          2      15800  165.30508   -0.76118    0.98395   -0.76577    1.00324   -4.22223   -0.17534   -2.19879
          2      15900  166.29082   -0.76119    0.98401   -0.76572    1.00340   -4.22223   -0.17534   -2.19879
          2      16000  167.31138   -0.76121    0.98407   -0.76581    1.00322   -4.22223   -0.17534   -2.19879
          2      16100  168.44808   -0.76123    0.98413   -0.76608    1.00258   -4.22223   -0.17534   -2.19879
          2      16200  169.74328   -0.76124    0.98419   -0.76603    1.00302   -4.22223   -0.17534   -2.19879
          2      16300  170.75052   -0.76126    0.98425   -0.76523    1.00362   -4.22223   -0.17534   -2.19879
          2      16400  171.93805   -0.76127    0.98430   -0.76475    1.00407   -4.22223   -0.17534   -2.19879
          2      16500  173.00459   -0.76129    0.98436   -0.76486    1.00416   -4.22223   -0.17534   -2.19879
          2      16600  173.99522   -0.76131    0.98442   -0.76561    1.00386   -4.22223   -0.17534   -2.19879
          2      16700  175.19176   -0.76132    0.98447   -0.76618    1.00311   -4.22223   -0.17534   -2.19879
          2      16800  176.29320   -0.76134    0.98453   -0.76583    1.00306   -4.22223   -0.17534   -2.19879
          2      16900  177.31724   -0.76135    0.98458   -0.76576    1.00332   -4.22223   -0.17534   -2.19879
          2      17000  178.28948   -0.76137    0.98464   -0.76610    1.00253   -4.22223   -0.17534   -2.19879
          2      17100  179.40118   -0.76138    0.98469   -0.76556    1.00338   -4.22223   -0.17534   -2.19879
          2      17200  180.47863   -0.76140    0.98475   -0.76481    1.00404   -4.22223   -0.17534   -2.19879
          2      17300  181.47827   -0.76141    0.98480   -0.76512    1.00408   -4.22223   -0.17534   -2.19879
          2      17400  182.79164   -0.76142    0.98485   -0.76627    1.00327   -4.22223   -0.17534   -2.19879
          2      17500  183.86270   -0.76144    0.98491   -0.76583    1.00309   -4.22223   -0.17534   -2.19879
          2      17600  184.99256   -0.76145    0.98496   -0.76584    1.00314   -4.22223   -0.17534   -2.19879
          2      17700  186.05147   -0.76147    0.98501   -0.76616    1.00296   -4.22223   -0.17534   -2.19879
          2      17800  187.09270   -0.76148    0.98506   -0.76491    1.00393   -4.22223   -0.17534   -2.19879
          2      17900  188.07215   -0.76149    0.98511   -0.76515    1.00405   -4.22223   -0.17534   -2.19879
          2      18000  189.25928   -0.76151    0.98516   -0.76618    1.00309   -4.22223   -0.17534   -2.19879
          2      18100  190.16539   -0.76152    0.98521   -0.76576    1.00327   -4.22223   -0.17534   -2.19879
          2      18200  191.21951   -0.76154    0.98526   -0.76614    1.00250   -4.22223   -0.17534   -2.19879
          2      18300  192.20668   -0.76155    0.98531   -0.76511    1.00374   -4.22223   -0.17534   -2.19879
          2      18400  193.19401   -0.76156    0.98536   -0.76506    1.00408   -4.22223   -0.17534   -2.19879
          2      18500  194.17443   -0.76157    0.98541   -0.76616    1.00303   -4.22223   -0.17534   -2.19879
          2      18600  195.24080   -0.76159    0.98545   -0.76578    1.00325   -4.22223   -0.17534   -2.19879
          2      18700  196.40361   -0.76160    0.98550   -0.76625    1.00288   -4.22223   -0.17534   -2.19879
          2      18800  197.60051   -0.76161    0.98555   -0.76485    1.00402   -4.22223   -0.17534   -2.19879
          2      18900  198.56201   -0.76163    0.98560   -0.76591    1.00367   -4.22223   -0.17534   -2.19879
          2      19000  199.52692   -0.76164    0.98564   -0.76584    1.00307   -4.22223   -0.17534   -2.19879
          2      19100  200.55087   -0.76165    0.98569   -0.76613    1.00249   -4.22223   -0.17534   -2.19879
          2      19200  201.69210   -0.76166    0.98573   -0.76498    1.00389   -4.22223   -0.17534   -2.19879
          2      19300  202.55375   -0.76168    0.98578   -0.76566    1.00379   -4.22223   -0.17534   -2.19879
          2      19400  203.51330   -0.76169    0.98582   -0.76585    1.00304   -4.22223   -0.17534   -2.19879
          2      19500  204.52939   -0.76170    0.98587   -0.76617    1.00255   -4.22223   -0.17534   -2.19879
          2      19600  205.44436   -0.76171    0.98591   -0.76492    1.00396   -4.22223   -0.17534   -2.19879
          2      19700  206.66516   -0.76172    0.98596   -0.76611    1.00356   -4.22223   -0.17534   -2.19879
          2      19800  207.58381   -0.76174    0.98600   -0.76579    1.00320   -4.22223   -0.17534   -2.19879
          2      19900  208.52903   -0.76175    0.98604   -0.76598    1.00309   -4.22223   -0.17534   -2.19879
          2      20000  209.53806   -0.76176    0.98609   -0.76498    1.00407   -4.22223   -0.17534   -2.19879
          2      20100  210.70484   -0.76177    0.98613   -0.76604    1.00280   -4.22223   -0.17534   -2.19879
          2      20200  211.72247   -0.76178    0.98617   -0.76600    1.00277   -4.22223   -0.17534   -2.19879
          2      20300  212.65761   -0.76179    0.98621   -0.76501    1.00387   -4.22223   -0.17534   -2.19879
          2      20400  213.62901   -0.76180    0.98625   -0.76614    1.00354   -4.22223   -0.17534   -2.19879
          2      20500  214.60304   -0.76182    0.98630   -0.76582    1.00316   -4.22223   -0.17534   -2.19879
          2      20600  215.64452   -0.76183    0.98634   -0.76550    1.00344   -4.22223   -0.17534   -2.19879
          2      20700  216.57157   -0.76184    0.98638   -0.76547    1.00387   -4.22223   -0.17534   -2.19879
          2      20800  217.52069   -0.76185    0.98642   -0.76583    1.00309   -4.22223   -0.17534   -2.19879
          2      20900  218.72694   -0.76186    0.98646   -0.76587    1.00316   -4.22223   -0.17534   -2.19879
          2      21000  219.82295   -0.76187    0.98650   -0.76525    1.00397   -4.22223   -0.17534   -2.19879
          2      21100  220.82915   -0.76188    0.98654   -0.76586    1.00302   -4.22223   -0.17534   -2.19879
          2      21200  221.63211   -0.76189    0.98658   -0.76597    1.00309   -4.22223   -0.17534   -2.19879
          2      21300  222.79604   -0.76190    0.98661   -0.76527    1.00396   -4.22223   -0.17534   -2.19879
          2      21400  223.96212   -0.76191    0.98665   -0.76585    1.00304   -4.22223   -0.17534   -2.19879
          2      21500  225.12102   -0.76192    0.98669   -0.76575    1.00326   -4.22223   -0.17534   -2.19879
          2      21600  226.13003   -0.76193    0.98673   -0.76554    1.00383   -4.22223   -0.17534   -2.19879
          2      21700  227.20512   -0.76194    0.98677   -0.76582    1.00313   -4.22223   -0.17534   -2.19879
          2      21800  228.21258   -0.76195    0.98681   -0.76531    1.00360   -4.22223   -0.17534   -2.19879
          2      21900  229.07449   -0.76197    0.98684   -0.76621    1.00348   -4.22223   -0.17534   -2.19879
          2      22000  230.01983   -0.76198    0.98688   -0.76592    1.00294   -4.22223   -0.17534   -2.19879
          2      22100  230.92959   -0.76199    0.98692   -0.76498    1.00394   -4.22223   -0.17534   -2.19879
          2      22200  231.85418   -0.76200    0.98695   -0.76607    1.00283   -4.22223   -0.17534   -2.19879
          2      22300  233.04817   -0.76200    0.98699   -0.76630    1.00276   -4.22223   -0.17534   -2.19879
          2      22400  234.11400   -0.76201    0.98703   -0.76525    1.00396   -4.22223   -0.17534   -2.19879
          2      22500  235.13474   -0.76202    0.98706   -0.76584    1.00309   -4.22223   -0.17534   -2.19879
          2      22600  236.21988   -0.76203    0.98710   -0.76526    1.00365   -4.22223   -0.17534   -2.19879
          2      22700  237.41428   -0.76204    0.98713   -0.76626    1.00320   -4.22223   -0.17534   -2.19879
          2      22800  238.48182   -0.76205    0.98717   -0.76613    1.00252   -4.22223   -0.17534   -2.19879
          2      22900  239.47129   -0.76206    0.98720   -0.76514    1.00399   -4.22223   -0.17534   -2.19879
          2      23000  240.56913   -0.76207    0.98724   -0.76585    1.00305   -4.22223   -0.17534   -2.19879
          2      23100  241.65326   -0.76208    0.98727   -0.76523    1.00369   -4.22223   -0.17534   -2.19879
          2      23200  242.57962   -0.76209    0.98731   -0.76618    1.00305   -4.22223   -0.17534   -2.19879
          2      23300  243.58175   -0.76210    0.98734   -0.76630    1.00276   -4.22223   -0.17534   -2.19879
          2      23400  244.63789   -0.76211    0.98737   -0.76552    1.00384   -4.22223   -0.17534   -2.19879
          2      23500  245.75829   -0.76212    0.98741   -0.76590    1.00299   -4.22223   -0.17534   -2.19879
          2      23600  246.80177   -0.76213    0.98744   -0.76501    1.00397   -4.22223   -0.17534   -2.19879
          2      23700  248.07713   -0.76214    0.98748   -0.76590    1.00290   -4.22223   -0.17534   -2.19879
          2      23800  248.95373   -0.76215    0.98751   -0.76534    1.00359   -4.22223   -0.17534   -2.19879
          2      23900  249.95652   -0.76215    0.98754   -0.76616    1.00300   -4.22223   -0.17534   -2.19879
          2      24000  250.82048   -0.76216    0.98757   -0.76620    1.00294   -4.22223   -0.17534   -2.19879
          2      24100  251.95806   -0.76217    0.98761   -0.76594    1.00362   -4.22223   -0.17534   -2.19879
          2      24200  252.91893   -0.76218    0.98764   -0.76607    1.00259   -4.22223   -0.17534   -2.19879
          2      24300  254.05213   -0.76219    0.98767   -0.76528    1.00392   -4.22223   -0.17534   -2.19879
          2      24400  255.21133   -0.76220    0.98770   -0.76589    1.00299   -4.22223   -0.17534   -2.19879
          2      24500  256.46366   -0.76221    0.98773   -0.76505    1.00397   -4.22223   -0.17534   -2.19879
          2      24600  257.34096   -0.76222    0.98776   -0.76587    1.00301   -4.22223   -0.17534   -2.19879
          2      24700  258.34181   -0.76222    0.98780   -0.76508    1.00385   -4.22223   -0.17534   -2.19879
          2      24800  259.41207   -0.76223    0.98783   -0.76593    1.00282   -4.22223   -0.17534   -2.19879
          2      24900  260.29625   -0.76224    0.98786   -0.76524    1.00369   -4.22223   -0.17534   -2.19879
          2      25000  261.14633   -0.76225    0.98789   -0.76601    1.00269   -4.22223   -0.17534   -2.19879
          2      25100  261.98960   -0.76226    0.98792   -0.76543    1.00353   -4.22223   -0.17534   -2.19879
          2      25200  262.92646   -0.76227    0.98795   -0.76608    1.00284   -4.22223   -0.17534   -2.19879
          2      25300  263.93851   -0.76227    0.98798   -0.76559    1.00340   -4.22223   -0.17534   -2.19879
          2      25400  264.97162   -0.76228    0.98801   -0.76613    1.00294   -4.22223   -0.17534   -2.19879
          2      25500  266.04466   -0.76229    0.98804   -0.76566    1.00334   -4.22223   -0.17534   -2.19879
          2      25600  266.90232   -0.76230    0.98807   -0.76615    1.00296   -4.22223   -0.17534   -2.19879
          2      25700  267.81854   -0.76231    0.98810   -0.76565    1.00334   -4.22223   -0.17534   -2.19879
          2      25800  268.88000   -0.76231    0.98813   -0.76613    1.00292   -4.22223   -0.17534   -2.19879
          2      25900  269.90695   -0.76232    0.98816   -0.76557    1.00342   -4.22223   -0.17534   -2.19879
          2      26000  271.12044   -0.76233    0.98818   -0.76607    1.00282   -4.22223   -0.17534   -2.19879
          2      26100  272.23735   -0.76234    0.98821   -0.76542    1.00354   -4.22223   -0.17534   -2.19879
          2      26200  273.24593   -0.76234    0.98824   -0.76600    1.00267   -4.22223   -0.17534   -2.19879
          2      26300  274.24879   -0.76235    0.98827   -0.76525    1.00370   -4.22223   -0.17534   -2.19879
          2      26400  275.35610   -0.76236    0.98830   -0.76593    1.00281   -4.22223   -0.17534   -2.19879
          2      26500  276.60051   -0.76237    0.98833   -0.76511    1.00384   -4.22223   -0.17534   -2.19879
          2      26600  277.82974   -0.76238    0.98835   -0.76589    1.00296   -4.22223   -0.17534   -2.19879
          2      26700  278.76019   -0.76238    0.98838   -0.76511    1.00393   -4.22223   -0.17534   -2.19879
          2      26800  279.82878   -0.76239    0.98841   -0.76592    1.00291   -4.22223   -0.17534   -2.19879
          2      26900  280.96621   -0.76240    0.98844   -0.76537    1.00387   -4.22223   -0.17534   -2.19879
          2      27000  281.88588   -0.76240    0.98846   -0.76610    1.00251   -4.22223   -0.17534   -2.19879
          2      27100  282.79782   -0.76241    0.98849   -0.76598    1.00358   -4.22223   -0.17534   -2.19879
          2      27200  283.87428   -0.76242    0.98852   -0.76623    1.00294   -4.22223   -0.17534   -2.19879
          2      27300  285.09371   -0.76243    0.98855   -0.76620    1.00307   -4.22223   -0.17534   -2.19879
          2      27400  286.16622   -0.76243    0.98857   -0.76550    1.00349   -4.22223   -0.17534   -2.19879
          2      27500  287.18394   -0.76244    0.98860   -0.76597    1.00271   -4.22223   -0.17534   -2.19879
          2      27600  288.27702   -0.76245    0.98863   -0.76512    1.00385   -4.22223   -0.17534   -2.19879
          2      27700  289.52466   -0.76246    0.98865   -0.76591    1.00292   -4.22223   -0.17534   -2.19879
          2      27800  290.44788   -0.76246    0.98868   -0.76540    1.00385   -4.22223   -0.17534   -2.19879
          2      27900  291.35508   -0.76247    0.98870   -0.76618    1.00261   -4.22223   -0.17534   -2.19879
          2      28000  292.25262   -0.76248    0.98873   -0.76631    1.00329   -4.22223   -0.17534   -2.19879
          2      28100  293.17931   -0.76248    0.98875   -0.76562    1.00338   -4.22223   -0.17534   -2.19879
          2      28200  294.24873   -0.76249    0.98878   -0.76596    1.00271   -4.22223   -0.17534   -2.19879
          2      28300  295.19079   -0.76250    0.98881   -0.76513    1.00389   -4.22223   -0.17534   -2.19879
          2      28400  296.18436   -0.76250    0.98883   -0.76597    1.00281   -4.22223   -0.17534   -2.19879
          2      28500  297.14450   -0.76251    0.98886   -0.76582    1.00365   -4.22223   -0.17534   -2.19879
          2      28600  298.33108   -0.76252    0.98888   -0.76607    1.00305   -4.22223   -0.17534   -2.19879
          2      28700  299.50013   -0.76252    0.98891   -0.76605    1.00276   -4.22223   -0.17534   -2.19879
          2      28800  300.51924   -0.76253    0.98893   -0.76516    1.00382   -4.22223   -0.17534   -2.19879
          2      28900  301.38180   -0.76254    0.98896   -0.76594    1.00286   -4.22223   -0.17534   -2.19879
          2      29000  302.41040   -0.76254    0.98898   -0.76578    1.00367   -4.22223   -0.17534   -2.19879
          2      29100  303.82490   -0.76255    0.98900   -0.76600    1.00310   -4.22223   -0.17534   -2.19879
          2      29200  304.79536   -0.76256    0.98903   -0.76601    1.00268   -4.22223   -0.17534   -2.19879
          2      29300  305.89958   -0.76256    0.98905   -0.76515    1.00387   -4.22223   -0.17534   -2.19879
          2      29400  306.88033   -0.76257    0.98908   -0.76603    1.00266   -4.22223   -0.17534   -2.19879
          2      29500  307.98853   -0.76258    0.98910   -0.76630    1.00339   -4.22223   -0.17534   -2.19879
          2      29600  309.12387   -0.76258    0.98912   -0.76551    1.00348   -4.22223   -0.17534   -2.19879
          2      29700  310.13921   -0.76259    0.98915   -0.76592    1.00288   -4.22223   -0.17534   -2.19879
          2      29800  311.12895   -0.76260    0.98917   -0.76543    1.00382   -4.22223   -0.17534   -2.19879
          2      29900  311.86917   -0.76260    0.98919   -0.76631    1.00290   -4.22223   -0.17534   -2.19879
          2      30000  312.86948   -0.76261    0.98922   -0.76605    1.00274   -4.22223   -0.17534   -2.19879
          2      30100  314.23482   -0.76262    0.98924   -0.76517    1.00387   -4.22223   -0.17534   -2.19879
          2      30200  315.34921   -0.76262    0.98926   -0.76610    1.00251   -4.22223   -0.17534   -2.19879
          2      30300  316.54977   -0.76263    0.98929   -0.76624    1.00312   -4.22223   -0.17534   -2.19879
          2      30400  317.61334   -0.76263    0.98931   -0.76525    1.00372   -4.22223   -0.17534   -2.19879
          2      30500  318.72757   -0.76264    0.98933   -0.76597    1.00279   -4.22223   -0.17534   -2.19879
          2      30600  320.09212   -0.76265    0.98936   -0.76623    1.00343   -4.22223   -0.17534   -2.19879
          2      30700  320.93602   -0.76265    0.98938   -0.76543    1.00355   -4.22223   -0.17534   -2.19879
          2      30800  321.87196   -0.76266    0.98940   -0.76593    1.00287   -4.22223   -0.17534   -2.19879
          2      30900  323.08002   -0.76266    0.98942   -0.76595    1.00358   -4.22223   -0.17534   -2.19879
          2      31000  323.99050   -0.76267    0.98944   -0.76556    1.00344   -4.22223   -0.17534   -2.19879
          2      31100  324.90209   -0.76268    0.98947   -0.76593    1.00287   -4.22223   -0.17534   -2.19879
          2      31200  325.90969   -0.76268    0.98949   -0.76587    1.00361   -4.22223   -0.17534   -2.19879
          2      31300  326.86441   -0.76269    0.98951   -0.76558    1.00342   -4.22223   -0.17534   -2.19879
          2      31400  327.94673   -0.76269    0.98953   -0.76593    1.00287   -4.22223   -0.17534   -2.19879
          2      31500  329.13904   -0.76270    0.98955   -0.76598    1.00356   -4.22223   -0.17534   -2.19879
          2      31600  330.12287   -0.76271    0.98958   -0.76548    1.00351   -4.22223   -0.17534   -2.19879
          2      31700  331.17298   -0.76271    0.98960   -0.76595    1.00284   -4.22223   -0.17534   -2.19879
          2      31800  332.23891   -0.76272    0.98962   -0.76624    1.00342   -4.22223   -0.17534   -2.19879
          2      31900  333.39865   -0.76272    0.98964   -0.76533    1.00364   -4.22223   -0.17534   -2.19879
          2      32000  334.51046   -0.76273    0.98966   -0.76601    1.00270   -4.22223   -0.17534   -2.19879
          2      32100  335.51532   -0.76273    0.98968   -0.76624    1.00313   -4.22223   -0.17534   -2.19879
          2      32200  336.77700   -0.76274    0.98970   -0.76522    1.00379   -4.22223   -0.17534   -2.19879
          2      32300  337.71369   -0.76275    0.98972   -0.76617    1.00260   -4.22223   -0.17534   -2.19879
          2      32400  338.71915   -0.76275    0.98974   -0.76607    1.00277   -4.22223   -0.17534   -2.19879
          2      32500  339.79454   -0.76276    0.98976   -0.76532    1.00384   -4.22223   -0.17534   -2.19879
          2      32600  340.77788   -0.76276    0.98978   -0.76610    1.00304   -4.22223   -0.17534   -2.19879
          2      32700  341.97004   -0.76277    0.98981   -0.76594    1.00280   -4.22223   -0.17534   -2.19879
          2      32800  342.96083   -0.76277    0.98983   -0.76587    1.00360   -4.22223   -0.17534   -2.19879
          2      32900  343.97832   -0.76278    0.98985   -0.76543    1.00356   -4.22223   -0.17534   -2.19879
          2      33000  345.32783   -0.76278    0.98987   -0.76602    1.00269   -4.22223   -0.17534   -2.19879
          2      33100  346.33894   -0.76279    0.98989   -0.76619    1.00301   -4.22223   -0.17534   -2.19879
          2      33200  347.41348   -0.76280    0.98991   -0.76525    1.00384   -4.22223   -0.17534   -2.19879
          2      33300  348.45469   -0.76280    0.98993   -0.76627    1.00293   -4.22223   -0.17534   -2.19879
          2      33400  349.35796   -0.76281    0.98995   -0.76595    1.00278   -4.22223   -0.17534   -2.19879
          2      33500  350.36570   -0.76281    0.98997   -0.76596    1.00356   -4.22223   -0.17534   -2.19879
          2      33600  351.55330   -0.76282    0.98999   -0.76535    1.00364   -4.22223   -0.17534   -2.19879
          2      33700  352.67681   -0.76282    0.99000   -0.76611    1.00253   -4.22223   -0.17534   -2.19879
          2      33800  353.65303   -0.76283    0.99002   -0.76606    1.00275   -4.22223   -0.17534   -2.19879
          2      33900  354.63902   -0.76283    0.99004   -0.76549    1.00377   -4.22223   -0.17534   -2.19879
          2      34000  355.84506   -0.76284    0.99006   -0.76565    1.00338   -4.22223   -0.17534   -2.19879
          2      34100  356.91177   -0.76284    0.99008   -0.76600    1.00273   -4.22223   -0.17534   -2.19879
          2      34200  357.86577   -0.76285    0.99010   -0.76617    1.00297   -4.22223   -0.17534   -2.19879
          2      34300  358.87776   -0.76285    0.99012   -0.76534    1.00382   -4.22223   -0.17534   -2.19879
          2      34400  360.51113   -0.76286    0.99014   -0.76585    1.00323   -4.22223   -0.17534   -2.19879
          2      34500  361.66022   -0.76286    0.99016   -0.76597    1.00278   -4.22223   -0.17534   -2.19879
          2      34600  362.81937   -0.76287    0.99018   -0.76621    1.00305   -4.22223   -0.17534   -2.19879
          2      34700  363.97930   -0.76287    0.99020   -0.76533    1.00381   -4.22223   -0.17534   -2.19879
          2      34800  365.09287   -0.76288    0.99021   -0.76584    1.00323   -4.22223   -0.17534   -2.19879
          2      34900  366.25625   -0.76288    0.99023   -0.76598    1.00275   -4.22223   -0.17534   -2.19879
          2      35000  367.44218   -0.76289    0.99025   -0.76616    1.00296   -4.22223   -0.17534   -2.19879
          2      35100  368.44303   -0.76289    0.99027   -0.76542    1.00379   -4.22223   -0.17534   -2.19879
          2      35200  369.57821   -0.76290    0.99029   -0.76563    1.00339   -4.22223   -0.17534   -2.19879
          2      35300  370.74624   -0.76290    0.99031   -0.76606    1.00259   -4.22223   -0.17534   -2.19879
          2      35400  371.88820   -0.76291    0.99032   -0.76606    1.00274   -4.22223   -0.17534   -2.19879
          2      35500  373.19310   -0.76291    0.99034   -0.76573    1.00366   -4.22223   -0.17534   -2.19879
          2      35600  374.34767   -0.76292    0.99036   -0.76536    1.00364   -4.22223   -0.17534   -2.19879
          2      35700  375.37301   -0.76292    0.99038   -0.76625    1.00272   -4.22223   -0.17534   -2.19879
          2      35800  376.21255   -0.76293    0.99040   -0.76596    1.00276   -4.22223   -0.17534   -2.19879
          2      35900  377.24926   -0.76293    0.99041   -0.76631    1.00327   -4.22223   -0.17534   -2.19879
          2      36000  378.17236   -0.76294    0.99043   -0.76531    1.00380   -4.22223   -0.17534   -2.19879
          2      36100  379.09414   -0.76294    0.99045   -0.76579    1.00327   -4.22223   -0.17534   -2.19879
          2      36200  380.20448   -0.76295    0.99047   -0.76604    1.00262   -4.22223   -0.17534   -2.19879
          2      36300  381.15477   -0.76295    0.99048   -0.76604    1.00270   -4.22223   -0.17534   -2.19879
          2      36400  382.10953   -0.76296    0.99050   -0.76592    1.00356   -4.22223   -0.17534   -2.19879
          2      36500  383.01231   -0.76296    0.99052   -0.76529    1.00374   -4.22223   -0.17534   -2.19879
          2      36600  384.19130   -0.76297    0.99054   -0.76612    1.00303   -4.22223   -0.17534   -2.19879
          2      36700  385.42149   -0.76297    0.99055   -0.76599    1.00273   -4.22223   -0.17534   -2.19879
          2      36800  386.60013   -0.76298    0.99057   -0.76610    1.00281   -4.22223   -0.17534   -2.19879
          2      36900  387.77019   -0.76298    0.99059   -0.76581    1.00362   -4.22223   -0.17534   -2.19879
          2      37000  388.79066   -0.76298    0.99060   -0.76531    1.00372   -4.22223   -0.17534   -2.19879
          2      37100  389.97782   -0.76299    0.99062   -0.76611    1.00304   -4.22223   -0.17534   -2.19879
          2      37200  391.25156   -0.76299    0.99064   -0.76601    1.00269   -4.22223   -0.17534   -2.19879
          2      37300  392.32678   -0.76300    0.99065   -0.76606    1.00273   -4.22223   -0.17534   -2.19879
          2      37400  393.45932   -0.76300    0.99067   -0.76603    1.00351   -4.22223   -0.17534   -2.19879
          2      37500  394.53410   -0.76301    0.99069   -0.76531    1.00377   -4.22223   -0.17534   -2.19879
          2      37600  395.51161   -0.76301    0.99070   -0.76578    1.00329   -4.22223   -0.17534   -2.19879
          2      37700  396.38565   -0.76302    0.99072   -0.76612    1.00256   -4.22223   -0.17534   -2.19879
          2      37800  397.19580   -0.76302    0.99074   -0.76598    1.00270   -4.22223   -0.17534   -2.19879
          2      37900  398.38670   -0.76302    0.99075   -0.76626    1.00314   -4.22223   -0.17534   -2.19879
          2      38000  399.31536   -0.76303    0.99077   -0.76554    1.00373   -4.22223   -0.17534   -2.19879
          2      38100  400.13387   -0.76303    0.99079   -0.76538    1.00364   -4.22223   -0.17534   -2.19879
          2      38200  400.91158   -0.76304    0.99080   -0.76618    1.00299   -4.22223   -0.17534   -2.19879
          2      38300  401.95003   -0.76304    0.99082   -0.76603    1.00264   -4.22223   -0.17534   -2.19879
          2      38400  403.03620   -0.76305    0.99083   -0.76602    1.00263   -4.22223   -0.17534   -2.19879
          2      38500  404.23569   -0.76305    0.99085   -0.76632    1.00327   -4.22223   -0.17534   -2.19879
          2      38600  405.33023   -0.76306    0.99087   -0.76548    1.00375   -4.22223   -0.17534   -2.19879
          2      38700  406.31092   -0.76306    0.99088   -0.76539    1.00362   -4.22223   -0.17534   -2.19879
          2      38800  407.47422   -0.76306    0.99090   -0.76613    1.00303   -4.22223   -0.17534   -2.19879
          2      38900  408.72806   -0.76307    0.99091   -0.76606    1.00257   -4.22223   -0.17534   -2.19879
          2      39000  409.89302   -0.76307    0.99093   -0.76599    1.00266   -4.22223   -0.17534   -2.19879
          2      39100  410.99378   -0.76308    0.99094   -0.76622    1.00307   -4.22223   -0.17534   -2.19879
          2      39200  412.05426   -0.76308    0.99096   -0.76574    1.00364   -4.22223   -0.17534   -2.19879
          2      39300  413.20799   -0.76308    0.99098   -0.76533    1.00374   -4.22223   -0.17534   -2.19879
          2      39400  414.28654   -0.76309    0.99099   -0.76568    1.00336   -4.22223   -0.17534   -2.19879
          2      39500  415.43983   -0.76309    0.99101   -0.76626    1.00274   -4.22223   -0.17534   -2.19879
          2      39600  416.46897   -0.76310    0.99102   -0.76600    1.00270   -4.22223   -0.17534   -2.19879
          2      39700  417.38449   -0.76310    0.99104   -0.76603    1.00265   -4.22223   -0.17534   -2.19879
          2      39800  418.22893   -0.76311    0.99105   -0.76628    1.00318   -4.22223   -0.17534   -2.19879
          2      39900  419.19108   -0.76311    0.99107   -0.76569    1.00367   -4.22223   -0.17534   -2.19879
          2      40000  420.19109   -0.76311    0.99108   -0.76534    1.00374   -4.22223   -0.17534   -2.19879
          2      40100  421.29547   -0.76312    0.99110   -0.76562    1.00342   -4.22223   -0.17534   -2.19879
          2      40200  422.40293   -0.76312    0.99111   -0.76633    1.00286   -4.22223   -0.17534   -2.19879
          2      40300  423.43496   -0.76313    0.99113   -0.76605    1.00258   -4.22223   -0.17534   -2.19879
          2      40400  424.19723   -0.76313    0.99114   -0.76599    1.00268   -4.22223   -0.17534   -2.19879
          2      40500  425.07823   -0.76313    0.99116   -0.76614    1.00289   -4.22223   -0.17534   -2.19879
          2      40600  426.40510   -0.76314    0.99117   -0.76619    1.00341   -4.22223   -0.17534   -2.19879
          2      40700  427.61576   -0.76314    0.99119   -0.76552    1.00372   -4.22223   -0.17534   -2.19879
          2      40800  428.33993   -0.76315    0.99120   -0.76535    1.00370   -4.22223   -0.17534   -2.19879
          2      40900  429.49949   -0.76315    0.99122   -0.76567    1.00338   -4.22223   -0.17534   -2.19879
          2      41000  430.56273   -0.76315    0.99123   -0.76634    1.00288   -4.22223   -0.17534   -2.19879
          2      41100  431.59181   -0.76316    0.99124   -0.76609    1.00254   -4.22223   -0.17534   -2.19879
          2      41200  432.54060   -0.76316    0.99126   -0.76599    1.00270   -4.22223   -0.17534   -2.19879
          2      41300  433.67287   -0.76317    0.99127   -0.76606    1.00273   -4.22223   -0.17534   -2.19879
          2      41400  434.69769   -0.76317    0.99129   -0.76626    1.00314   -4.22223   -0.17534   -2.19879
          2      41500  436.02502   -0.76317    0.99130   -0.76591    1.00355   -4.22223   -0.17534   -2.19879
          2      41600  437.19895   -0.76318    0.99132   -0.76545    1.00374   -4.22223   -0.17534   -2.19879
          2      41700  438.38564   -0.76318    0.99133   -0.76537    1.00368   -4.22223   -0.17534   -2.19879
          2      41800  439.32718   -0.76318    0.99134   -0.76565    1.00340   -4.22223   -0.17534   -2.19879
          2      41900  440.18852   -0.76319    0.99136   -0.76619    1.00299   -4.22223   -0.17534   -2.19879
          2      42000  441.14301   -0.76319    0.99137   -0.76617    1.00263   -4.22223   -0.17534   -2.19879
          2      42100  442.05980   -0.76320    0.99139   -0.76602    1.00266   -4.22223   -0.17534   -2.19879
          2      42200  443.22145   -0.76320    0.99140   -0.76600    1.00265   -4.22223   -0.17534   -2.19879
          2      42300  444.30844   -0.76320    0.99141   -0.76610    1.00279   -4.22223   -0.17534   -2.19879
          2      42400  445.18806   -0.76321    0.99143   -0.76627    1.00315   -4.22223   -0.17534   -2.19879
          2      42500  445.91201   -0.76321    0.99144   -0.76601    1.00350   -4.22223   -0.17534   -2.19879
          2      42600  446.78080   -0.76321    0.99146   -0.76556    1.00370   -4.22223   -0.17534   -2.19879
          2      42700  447.80699   -0.76322    0.99147   -0.76538    1.00373   -4.22223   -0.17534   -2.19879
          2      42800  448.95467   -0.76322    0.99148   -0.76544    1.00359   -4.22223   -0.17534   -2.19879
          2      42900  450.07703   -0.76323    0.99150   -0.76572    1.00335   -4.22223   -0.17534   -2.19879
          2      43000  451.25944   -0.76323    0.99151   -0.76617    1.00301   -4.22223   -0.17534   -2.19879
          2      43100  452.20578   -0.76323    0.99152   -0.76622    1.00270   -4.22223   -0.17534   -2.19879
          2      43200  453.34079   -0.76324    0.99154   -0.76608    1.00253   -4.22223   -0.17534   -2.19879
          2      43300  454.46030   -0.76324    0.99155   -0.76600    1.00268   -4.22223   -0.17534   -2.19879
          2      43400  455.40528   -0.76324    0.99156   -0.76601    1.00261   -4.22223   -0.17534   -2.19879
          2      43500  456.53847   -0.76325    0.99158   -0.76609    1.00277   -4.22223   -0.17534   -2.19879
          2      43600  458.00625   -0.76325    0.99159   -0.76621    1.00302   -4.22223   -0.17534   -2.19879
          2      43700  459.08102   -0.76325    0.99160   -0.76634    1.00331   -4.22223   -0.17534   -2.19879
          2      43800  460.17372   -0.76326    0.99162   -0.76592    1.00354   -4.22223   -0.17534   -2.19879
          2      43900  461.07053   -0.76326    0.99163   -0.76560    1.00368   -4.22223   -0.17534   -2.19879
          2      44000  462.06388   -0.76327    0.99164   -0.76543    1.00372   -4.22223   -0.17534   -2.19879
          2      44100  463.00951   -0.76327    0.99166   -0.76539    1.00368   -4.22223   -0.17534   -2.19879
          2      44200  464.26454   -0.76327    0.99167   -0.76548    1.00356   -4.22223   -0.17534   -2.19879
          2      44300  465.42980   -0.76328    0.99168   -0.76567    1.00339   -4.22223   -0.17534   -2.19879
          2      44400  466.30317   -0.76328    0.99169   -0.76594    1.00317   -4.22223   -0.17534   -2.19879
          2      44500  467.25194   -0.76328    0.99171   -0.76628    1.00294   -4.22223   -0.17534   -2.19879
          2      44600  468.25882   -0.76329    0.99172   -0.76624    1.00273   -4.22223   -0.17534   -2.19879
          2      44700  469.36383   -0.76329    0.99173   -0.76614    1.00260   -4.22223   -0.17534   -2.19879
          2      44800  470.43839   -0.76329    0.99175   -0.76606    1.00257   -4.22223   -0.17534   -2.19879
          2      44900  471.45516   -0.76330    0.99176   -0.76601    1.00265   -4.22223   -0.17534   -2.19879
          2      45000  472.47387   -0.76330    0.99177   -0.76600    1.00265   -4.22223   -0.17534   -2.19879
          2      45100  473.52503   -0.76330    0.99178   -0.76602    1.00261   -4.22223   -0.17534   -2.19879
          2      45200  474.44716   -0.76331    0.99180   -0.76607    1.00272   -4.22223   -0.17534   -2.19879
          2      45300  475.50251   -0.76331    0.99181   -0.76612    1.00284   -4.22223   -0.17534   -2.19879
          2      45400  476.58593   -0.76331    0.99182   -0.76620    1.00299   -4.22223   -0.17534   -2.19879
          2      45500  477.36697   -0.76332    0.99183   -0.76627    1.00315   -4.22223   -0.17534   -2.19879
          2      45600  478.44026   -0.76332    0.99185   -0.76634    1.00330   -4.22223   -0.17534   -2.19879
          2      45700  479.58798   -0.76332    0.99186   -0.76612    1.00343   -4.22223   -0.17534   -2.19879
          2      45800  480.73667   -0.76333    0.99187   -0.76591    1.00353   -4.22223   -0.17534   -2.19879
          2      45900  481.84692   -0.76333    0.99188   -0.76574    1.00361   -4.22223   -0.17534   -2.19879
          2      46000  482.95718   -0.76333    0.99190   -0.76561    1.00367   -4.22223   -0.17534   -2.19879
          2      46100  484.14779   -0.76334    0.99191   -0.76552    1.00370   -4.22223   -0.17534   -2.19879
          2      46200  485.13173   -0.76334    0.99192   -0.76546    1.00371   -4.22223   -0.17534   -2.19879
          2      46300  485.90727   -0.76334    0.99193   -0.76542    1.00370   -4.22223   -0.17534   -2.19879
          2      46400  486.87087   -0.76335    0.99194   -0.76542    1.00368   -4.22223   -0.17534   -2.19879
          2      46500  487.86576   -0.76335    0.99196   -0.76542    1.00365   -4.22223   -0.17534   -2.19879
          2      46600  488.81666   -0.76335    0.99197   -0.76544    1.00361   -4.22223   -0.17534   -2.19879
          2      46700  490.05096   -0.76336    0.99198   -0.76548    1.00357   -4.22223   -0.17534   -2.19879
          2      46800  491.01370   -0.76336    0.99199   -0.76552    1.00353   -4.22223   -0.17534   -2.19879
          2      46900  491.95893   -0.76336    0.99200   -0.76557    1.00348   -4.22223   -0.17534   -2.19879
          2      47000  493.10958   -0.76337    0.99202   -0.76562    1.00344   -4.22223   -0.17534   -2.19879
          2      47100  494.42684   -0.76337    0.99203   -0.76567    1.00339   -4.22223   -0.17534   -2.19879
          2      47200  495.38996   -0.76337    0.99204   -0.76572    1.00335   -4.22223   -0.17534   -2.19879
          2      47300  496.39826   -0.76338    0.99205   -0.76576    1.00332   -4.22223   -0.17534   -2.19879
          2      47400  497.45427   -0.76338    0.99206   -0.76580    1.00329   -4.22223   -0.17534   -2.19879
          2      47500  498.48618   -0.76338    0.99207   -0.76584    1.00326   -4.22223   -0.17534   -2.19879
          2      47600  499.64551   -0.76339    0.99209   -0.76587    1.00323   -4.22223   -0.17534   -2.19879
          2      47700  500.68462   -0.76339    0.99210   -0.76589    1.00321   -4.22223   -0.17534   -2.19879
          2      47800  501.91374   -0.76339    0.99211   -0.76591    1.00320   -4.22223   -0.17534   -2.19879
          2      47900  503.07749   -0.76339    0.99212   -0.76592    1.00320   -4.22223   -0.17534   -2.19879
          2      48000  504.09388   -0.76340    0.99213   -0.76592    1.00320   -4.22223   -0.17534   -2.19879
          2      48100  505.41321   -0.76340    0.99214   -0.76591    1.00320   -4.22223   -0.17534   -2.19879
          2      48200  506.46823   -0.76340    0.99215   -0.76590    1.00321   -4.22223   -0.17534   -2.19879
          2      48300  507.46119   -0.76341    0.99217   -0.76587    1.00323   -4.22223   -0.17534   -2.19879
          2      48400  508.41310   -0.76341    0.99218   -0.76584    1.00325   -4.22223   -0.17534   -2.19879
          2      48500  509.71785   -0.76341    0.99219   -0.76581    1.00328   -4.22223   -0.17534   -2.19879
          2      48600  510.90350   -0.76342    0.99220   -0.76577    1.00331   -4.22223   -0.17534   -2.19879
          2      48700  512.17079   -0.76342    0.99221   -0.76573    1.00335   -4.22223   -0.17534   -2.19879
          2      48800  513.27117   -0.76342    0.99222   -0.76568    1.00338   -4.22223   -0.17534   -2.19879
          2      48900  514.40661   -0.76342    0.99223   -0.76564    1.00342   -4.22223   -0.17534   -2.19879
          2      49000  515.23825   -0.76343    0.99224   -0.76559    1.00347   -4.22223   -0.17534   -2.19879
          2      49100  516.38577   -0.76343    0.99226   -0.76555    1.00351   -4.22223   -0.17534   -2.19879
          2      49200  517.44433   -0.76343    0.99227   -0.76551    1.00355   -4.22223   -0.17534   -2.19879
          2      49300  518.43952   -0.76344    0.99228   -0.76548    1.00359   -4.22223   -0.17534   -2.19879
          2      49400  519.61658   -0.76344    0.99229   -0.76545    1.00363   -4.22223   -0.17534   -2.19879
          2      49500  520.76043   -0.76344    0.99230   -0.76545    1.00365   -4.22223   -0.17534   -2.19879
          2      49600  522.03723   -0.76345    0.99231   -0.76545    1.00367   -4.22223   -0.17534   -2.19879
          2      49700  523.07798   -0.76345    0.99232   -0.76548    1.00368   -4.22223   -0.17534   -2.19879
          2      49800  524.37267   -0.76345    0.99233   -0.76553    1.00368   -4.22223   -0.17534   -2.19879
          2      49900  525.45952   -0.76345    0.99234   -0.76561    1.00365   -4.22223   -0.17534   -2.19879
          2      50000  526.47320   -0.76346    0.99235   -0.76572    1.00361   -4.22223   -0.17534   -2.19879
          2      50100  527.62977   -0.76346    0.99236   -0.76586    1.00355   -4.22223   -0.17534   -2.19879
          2      50200  528.68161   -0.76346    0.99238   -0.76603    1.00346   -4.22223   -0.17534   -2.19879
          2      50300  529.82584   -0.76347    0.99239   -0.76623    1.00336   -4.22223   -0.17534   -2.19879
          2      50400  530.86867   -0.76347    0.99240   -0.76631    1.00323   -4.22223   -0.17534   -2.19879
          2      50500  531.90796   -0.76347    0.99241   -0.76624    1.00308   -4.22223   -0.17534   -2.19879
          2      50600  533.16082   -0.76347    0.99242   -0.76618    1.00294   -4.22223   -0.17534   -2.19879
          2      50700  534.23322   -0.76348    0.99243   -0.76612    1.00282   -4.22223   -0.17534   -2.19879
          2      50800  535.43833   -0.76348    0.99244   -0.76607    1.00270   -4.22223   -0.17534   -2.19879
          2      50900  536.20335   -0.76348    0.99245   -0.76604    1.00262   -4.22223   -0.17534   -2.19879
          2      51000  537.34425   -0.76349    0.99246   -0.76603    1.00260   -4.22223   -0.17534   -2.19879
          2      51100  538.61032   -0.76349    0.99247   -0.76604    1.00258   -4.22223   -0.17534   -2.19879
          2      51200  539.63969   -0.76349    0.99248   -0.76608    1.00256   -4.22223   -0.17534   -2.19879
          2      51300  540.54700   -0.76349    0.99249   -0.76615    1.00263   -4.22223   -0.17534   -2.19879
          2      51400  541.50094   -0.76350    0.99250   -0.76625    1.00275   -4.22223   -0.17534   -2.19879
          2      51500  542.59340   -0.76350    0.99251   -0.76632    1.00293   -4.22223   -0.17534   -2.19879
          2      51600  543.63987   -0.76350    0.99252   -0.76602    1.00313   -4.22223   -0.17534   -2.19879
          2      51700  544.69695   -0.76351    0.99253   -0.76577    1.00332   -4.22223   -0.17534   -2.19879
          2      51800  545.95564   -0.76351    0.99254   -0.76558    1.00348   -4.22223   -0.17534   -2.19879
          2      51900  547.16017   -0.76351    0.99255   -0.76548    1.00360   -4.22223   -0.17534   -2.19879
          2      52000  548.42654   -0.76351    0.99256   -0.76548    1.00366   -4.22223   -0.17534   -2.19879
          2      52100  549.64351   -0.76352    0.99257   -0.76558    1.00366   -4.22223   -0.17534   -2.19879
          2      52200  550.91747   -0.76352    0.99258   -0.76579    1.00357   -4.22223   -0.17534   -2.19879
          2      52300  551.86173   -0.76352    0.99259   -0.76611    1.00342   -4.22223   -0.17534   -2.19879
          2      52400  552.98684   -0.76352    0.99260   -0.76630    1.00320   -4.22223   -0.17534   -2.19879
          2      52500  553.96429   -0.76353    0.99261   -0.76619    1.00296   -4.22223   -0.17534   -2.19879
          2      52600  555.01465   -0.76353    0.99262   -0.76609    1.00276   -4.22223   -0.17534   -2.19879
          2      52700  556.04639   -0.76353    0.99263   -0.76604    1.00262   -4.22223   -0.17534   -2.19879
          2      52800  557.07253   -0.76354    0.99264   -0.76604    1.00258   -4.22223   -0.17534   -2.19879
          2      52900  558.17905   -0.76354    0.99265   -0.76610    1.00258   -4.22223   -0.17534   -2.19879
          2      53000  559.09601   -0.76354    0.99266   -0.76622    1.00271   -4.22223   -0.17534   -2.19879
          2      53100  560.22691   -0.76354    0.99267   -0.76629    1.00295   -4.22223   -0.17534   -2.19879
          2      53200  561.08534   -0.76355    0.99268   -0.76589    1.00323   -4.22223   -0.17534   -2.19879
          2      53300  562.04267   -0.76355    0.99269   -0.76561    1.00346   -4.22223   -0.17534   -2.19879
          2      53400  563.24839   -0.76355    0.99270   -0.76549    1.00361   -4.22223   -0.17534   -2.19879
          2      53500  564.22850   -0.76355    0.99271   -0.76553    1.00366   -4.22223   -0.17534   -2.19879
          2      53600  565.20741   -0.76356    0.99272   -0.76577    1.00358   -4.22223   -0.17534   -2.19879
          2      53700  566.12348   -0.76356    0.99273   -0.76618    1.00338   -4.22223   -0.17534   -2.19879
          2      53800  567.27322   -0.76356    0.99274   -0.76625    1.00309   -4.22223   -0.17534   -2.19879
          2      53900  568.11262   -0.76356    0.99275   -0.76612    1.00281   -4.22223   -0.17534   -2.19879
          2      54000  569.13550   -0.76357    0.99276   -0.76605    1.00263   -4.22223   -0.17534   -2.19879
          2      54100  570.26863   -0.76357    0.99277   -0.76605    1.00256   -4.22223   -0.17534   -2.19879
          2      54200  571.24071   -0.76357    0.99278   -0.76615    1.00264   -4.22223   -0.17534   -2.19879
          2      54300  572.32453   -0.76358    0.99279   -0.76632    1.00287   -4.22223   -0.17534   -2.19879
          2      54400  573.34703   -0.76358    0.99280   -0.76592    1.00321   -4.22223   -0.17534   -2.19879
          2      54500  574.41564   -0.76358    0.99281   -0.76560    1.00348   -4.22223   -0.17534   -2.19879
          2      54600  575.36534   -0.76358    0.99282   -0.76549    1.00363   -4.22223   -0.17534   -2.19879
          2      54700  576.46879   -0.76359    0.99283   -0.76564    1.00363   -4.22223   -0.17534   -2.19879
          2      54800  577.44851   -0.76359    0.99284   -0.76605    1.00345   -4.22223   -0.17534   -2.19879
          2      54900  578.79110   -0.76359    0.99285   -0.76627    1.00312   -4.22223   -0.17534   -2.19879
          2      55000  579.64311   -0.76359    0.99285   -0.76612    1.00280   -4.22223   -0.17534   -2.19879
          2      55100  580.79724   -0.76360    0.99286   -0.76604    1.00260   -4.22223   -0.17534   -2.19879
          2      55200  581.82382   -0.76360    0.99287   -0.76608    1.00258   -4.22223   -0.17534   -2.19879
          2      55300  582.78747   -0.76360    0.99288   -0.76624    1.00274   -4.22223   -0.17534   -2.19879
          2      55400  583.85296   -0.76360    0.99289   -0.76607    1.00310   -4.22223   -0.17534   -2.19879
          2      55500  585.05404   -0.76361    0.99290   -0.76565    1.00343   -4.22223   -0.17534   -2.19879
          2      55600  586.24086   -0.76361    0.99291   -0.76550    1.00362   -4.22223   -0.17534   -2.19879
          2      55700  587.39866   -0.76361    0.99292   -0.76568    1.00361   -4.22223   -0.17534   -2.19879
          2      55800  588.35953   -0.76361    0.99293   -0.76617    1.00338   -4.22223   -0.17534   -2.19879
          2      55900  589.51220   -0.76362    0.99294   -0.76621    1.00299   -4.22223   -0.17534   -2.19879
          2      56000  590.67308   -0.76362    0.99295   -0.76607    1.00269   -4.22223   -0.17534   -2.19879
          2      56100  591.91869   -0.76362    0.99296   -0.76605    1.00257   -4.22223   -0.17534   -2.19879
          2      56200  593.20287   -0.76362    0.99296   -0.76619    1.00268   -4.22223   -0.17534   -2.19879
          2      56300  594.08905   -0.76362    0.99297   -0.76617    1.00303   -4.22223   -0.17534   -2.19879
          2      56400  595.02378   -0.76363    0.99298   -0.76567    1.00341   -4.22223   -0.17534   -2.19879
          2      56500  596.27044   -0.76363    0.99299   -0.76551    1.00362   -4.22223   -0.17534   -2.19879
          2      56600  597.41725   -0.76363    0.99300   -0.76574    1.00358   -4.22223   -0.17534   -2.19879
          2      56700  598.35862   -0.76363    0.99301   -0.76633    1.00329   -4.22223   -0.17534   -2.19879
          2      56800  599.41372   -0.76364    0.99302   -0.76615    1.00287   -4.22223   -0.17534   -2.19879
          2      56857  600.00373   -0.76364    0.99302   -0.76630    1.00285   -4.22223   -0.17534   -2.19879
