   10000000
          9
 3287.94844
   -0.98174
    0.06001
   -1.00270
    0.00001

    0.00351
   -0.05090
   -0.01851
    0.01085
    0.01562
    0.04656
    0.00497
   -0.05785
    0.06701
    0.04219
    0.01261
   -0.06034
    0.02520
    0.00037
   -0.04772
   -0.04161
   -0.04168
   -0.00422
   -0.03529
   -0.03477
    0.02797
   -0.04628
    0.00847
   -0.01571
   -0.00045
    0.00940
   -0.06748
   -0.00315
   -0.00550
   -0.05408
   -0.05049
    0.02342
   -0.02060
   -0.04057
    0.01484
    0.00765
    0.04218
    0.05744
   -0.02637
    0.05011
    0.02971
    0.06151
    0.02124
    0.05856
    0.03726
   -0.02857
    0.05182
    0.02149
    0.00988
    0.01727
   -0.00740
   -0.01845
    0.02120
   -0.05920
    0.03484
    0.02705
    0.01692
    0.01362
   -0.03514
    0.06209
    0.05654
    0.02610
    0.00219
    0.00111
   -0.04460
    0.05413
   -0.06204
   -0.06115
    0.01484
    0.04087
   -0.02964
    0.06555
    0.00667
    0.03510
   -0.03338
    0.07203
    0.03737
   -0.06790
    0.03831
   -0.00294
   -0.05570
    0.06516
    0.02477
   -0.03401
   -0.04730
   -0.03070
    0.02063
   -0.05514
    0.04857
   -0.05781
    0.04327
    0.02374
   -0.04403
    0.05483
    0.02724
    0.05074
    0.02527
   -0.03123
   -0.03198
   -0.06331
   -0.03250
    0.04037
   -0.00026
    0.01124
   -0.05374
    0.05676
    0.03174
    0.04218
    0.03902
   -0.02161
    0.02156
    0.01452
   -0.05054
   -0.07122
    0.02868
    0.00328
    0.02662
   -0.01725
   -0.06612
    0.05987
   -0.03194
   -0.06123
    0.04011
    0.03431
    0.04629
   -0.04096
   -0.03482
    0.06472
    0.02732
    0.04555
   -0.01296
    0.06502
   -0.05871
    0.02971
    0.03989
    0.05420
   -0.00024
    0.01064
    0.01598
    0.01076
   -0.05782
   -0.02609
    0.00474
    0.04349
    0.00678
   -0.04683
    0.02166
    0.03243
   -0.01780
    0.01354
    0.02700
   -0.03521
    0.03825
    0.06620
    0.04043
    0.02741
   -0.06175
   -0.01572
    0.02341
    0.05735
   -0.00315
   -0.01150
    0.07024
   -0.06138
   -0.03808
   -0.03649
   -0.01414
   -0.05978
    0.02814
   -0.00939
    0.04663
    0.04954
    0.04195
    0.01478
    0.04689
   -0.05417
   -0.06422
    0.04906
    0.05410
   -0.04338
   -0.04988
    0.01370
   -0.00135
    0.06321
    0.03713
    0.03688
    0.01716
    0.06445
   -0.00705
    0.05902
    0.04454
    0.03903
   -0.02571
    0.06021
   -0.03370
    0.03858
   -0.04816
    0.05677
    0.01172
    0.00608
   -0.02769
    0.06356
    0.04166
    0.01010
    0.01778
   -0.01027
    0.03214
    0.05427
   -0.04533
    0.03771
   -0.02886
    0.04269
    0.00955
   -0.06458
    0.01494
   -0.06052
   -0.02712
    0.02937
   -0.03793
    0.05095
   -0.06010
    0.03829
   -0.04908
    0.01344
   -0.06188
   -0.02163
    0.05543
    0.03760
   -0.01320
    0.01160
    0.07178
   -0.02381
   -0.05039
    0.05938
   -0.03517
    0.05044
   -0.02561
   -0.04127
   -0.03619
    0.00010
   -0.01711
   -0.02335
    0.06328
   -0.05795
    0.05975
    0.01872
    0.04664
   -0.03969
   -0.02694
    0.03412
   -0.03114
   -0.03624
    0.01088
   -0.05771
    0.07740
   -0.03663
   -0.02803
    0.00789
   -0.03166
   -0.05069
    0.06216
    0.04853
   -0.05741
   -0.01223
   -0.06484
    0.06224
   -0.04149
    0.01703
   -0.06077
    0.05525
   -0.06747
    0.06682
    0.02600
   -0.04509
   -0.04266
    0.01589
   -0.03080
    0.05268
   -0.05252
   -0.07627
    0.05267
    0.01024
    0.06314
    0.00575
   -0.02923
    0.04748
   -0.05264
    0.00617
    0.01803
   -0.02520
    0.01915
   -0.01034
   -0.02300
    0.03421
    0.02433
    0.02265
    0.00580
    0.00900
   -0.00796
    0.06028
   -0.06406
    0.03187
    0.04664
    0.05130
   -0.03567
    0.05007
   -0.00211
    0.04748
    0.02438
   -0.04722
    0.02707
    0.02719
   -0.05614
   -0.06495
    0.05112
   -0.04731
   -0.03668
   -0.06142
   -0.06314
    0.05375
   -0.06479
   -0.00765
    0.05799
    0.06248
   -0.02297
    0.02475
    0.05436
    0.02499
    0.05054
    0.02042
    0.04946
    0.01855
   -0.03832
    0.04812
   -0.05677
    0.03029
    0.04795
    0.03955
   -0.06550
    0.05097
   -0.05866
    0.05125
   -0.02640
   -0.06057
   -0.04802
    0.06849
    0.05563
    0.01106
    0.04677
   -0.04108
    0.05230
   -0.05758
    0.05426
   -0.03994
    0.02422
   -0.06668
   -0.01074
    0.01007
    0.06621
    0.01391
    0.03884
   -0.04815
    0.02218
    0.04437
    0.06730
    0.04272
   -0.04689
    0.05219
   -0.05614
    0.05688
   -0.03985
   -0.03671
    0.03859
   -0.03576
   -0.06465
    0.04222
    0.04016
   -0.05417
    0.05641
   -0.01188
    0.00213
   -0.00052
   -0.00531
    0.00909
   -0.06016
   -0.05002
   -0.06047
   -0.06792
    0.02162
    0.00900
    0.06444
    0.00503
    0.04727
   -0.02258
   -0.01518
    0.04313
   -0.05614
    0.00846
   -0.04596
   -0.05481
    0.03875
   -0.01299
    0.00925
   -0.02336
    0.03572
    0.02460
   -0.02144
    0.00627
    0.04492
    0.03843
    0.04798
    0.00167
   -0.04122
    0.00786
   -0.02408
    0.04335
   -0.03224
   -0.03472
    0.01531
    0.04433
   -0.04413
    0.03146
   -0.05861
   -0.02536
   -0.02829
    0.04397
   -0.02159
    0.06169
   -0.02106
    0.03084
   -0.02147
    0.01185
   -0.05533
   -0.02373
    0.04147
    0.05208
    0.06520
    0.01866
    0.01233
    0.00870
   -0.06106
   -0.05952
    0.04148
   -0.05205
   -0.04542
   -0.01731
    0.00305
    0.02975
   -0.00480
    0.02529
    0.03271
   -0.01142
   -0.00365
   -0.04080
    0.00069
    0.01400
    0.05311
    0.01487
   -0.05802
   -0.07000
    0.04982
   -0.03172
    0.06472
   -0.05500
   -0.00695
    0.04534
   -0.06975
   -0.04863
   -0.00962
    0.06019
   -0.02803
    0.06663
    0.03648
    0.05728
   -0.02504
   -0.00065
    0.00091
    0.03461
    0.05720
   -0.05144
   -0.04990
   -0.03141
   -0.06493
    0.05397
   -0.02346
    0.03509
    0.03010
    0.02620
   -0.03317
    0.04971
   -0.03020
    0.03534
   -0.03331
   -0.01768
    0.06525
    0.01219
   -0.02440
    0.04172
    0.06143
   -0.03122
   -0.00368
   -0.05712
    0.00512
    0.05646
    0.04500
   -0.01428
    0.05122
   -0.07573
   -0.06519
   -0.01397
    0.03989
    0.01433
    0.02472
   -0.00613
    0.00632
   -0.05387
   -0.00198
    0.01212
   -0.00675
    0.02147
   -0.03073
    0.02676
    0.01333
    0.03495
    0.02021
    0.01725
   -0.04391
    0.05735
    0.06948
    0.02557
   -0.04200
   -0.05264
    0.00050
    0.00628
    0.05383
    0.00944
   -0.04592
   -0.01154
    0.02913
   -0.03854
   -0.00675
   -0.02617
    0.05336
    0.03441
   -0.01577
   -0.06807
    0.05635
    0.03288
    0.02912
    0.02332
   -0.01896
   -0.04845
   -0.04973
   -0.03559
   -0.00283
   -0.01464
   -0.01821
    0.04693
   -0.00586
   -0.04035
    0.05528
    0.01728
   -0.06287
    0.02692
    0.02741
   -0.05899
   -0.05145
    0.01193
    0.05759
   -0.04074
   -0.04616
    0.06909
    0.02700
    0.05460
    0.00224
    0.01791
    0.03708
    0.05235
    0.05388
    0.04318
    0.00223
    0.00357
   -0.02407
   -0.04029
    0.00516
    0.03067
    0.00902
   -0.02202
   -0.02939
    0.01755
    0.01735
   -0.03315
   -0.06306
   -0.01873
   -0.02015
    0.05333
    0.04614
   -0.03988
   -0.04120
   -0.06859

    0.00841
   -0.04740
   -0.01574
    0.01563
    0.01810
    0.05335
    0.00829
   -0.06250
    0.05708
    0.03694
    0.01390
   -0.06333
    0.02559
    0.01228
   -0.04640
   -0.04272
   -0.03877
    0.00694
   -0.03650
   -0.03329
    0.03423
   -0.04049
    0.00973
   -0.00919
   -0.01124
    0.00460
   -0.06873
   -0.00464
   -0.00772
   -0.05927
   -0.04907
    0.02765
   -0.02280
   -0.03002
    0.01594
    0.01360
    0.04362
    0.05900
   -0.03412
    0.03705
    0.03025
    0.04929
    0.02116
    0.05768
    0.03210
   -0.02268
    0.05874
    0.03802
    0.00308
    0.02010
   -0.01171
   -0.01734
    0.02195
   -0.06468
    0.03859
    0.02542
    0.02220
    0.01051
   -0.04512
    0.06377
    0.04552
    0.01739
    0.00842
    0.00477
   -0.04275
    0.05703
   -0.04379
   -0.05897
    0.01658
    0.03852
   -0.02646
    0.06221
    0.00731
    0.02867
   -0.03590
    0.06794
    0.03872
   -0.06647
    0.03073
   -0.00094
   -0.04860
    0.06167
    0.02957
   -0.03084
   -0.03934
   -0.03868
    0.02588
   -0.05191
    0.04332
   -0.05065
    0.03168
    0.01907
   -0.04707
    0.05641
    0.02085
    0.04982
    0.03077
   -0.02279
   -0.02747
   -0.06556
   -0.02765
    0.04174
   -0.00176
   -0.00234
   -0.05017
    0.05700
    0.02291
    0.04380
    0.03671
   -0.02532
    0.02711
    0.01663
   -0.05323
   -0.07552
    0.03400
    0.00332
    0.03566
   -0.01427
   -0.07238
    0.06044
   -0.03825
   -0.04768
    0.04398
    0.02557
    0.04281
   -0.04040
   -0.03613
    0.06534
    0.03090
    0.03995
   -0.00587
    0.06776
   -0.05317
    0.02762
    0.04124
    0.05402
   -0.01196
    0.02271
    0.01047
    0.01491
   -0.05280
   -0.02680
    0.00566
    0.04044
    0.01025
   -0.05676
    0.02082
    0.02584
   -0.01453
    0.01426
    0.03420
   -0.03299
    0.03186
    0.06453
    0.04046
    0.03143
   -0.05436
   -0.01686
    0.02912
    0.05860
    0.00418
   -0.01468
    0.06226
   -0.07002
   -0.03395
   -0.03302
   -0.01389
   -0.05227
    0.02446
   -0.00820
    0.05446
    0.04361
    0.03704
    0.01414
    0.04575
   -0.05575
   -0.05750
    0.04023
    0.04442
   -0.03568
   -0.05565
    0.01830
    0.00318
    0.06392
    0.03006
    0.03223
    0.01509
    0.06731
   -0.01136
    0.05595
    0.04499
    0.03742
   -0.02554
    0.05864
   -0.03209
    0.02835
   -0.03892
    0.04817
    0.00681
    0.00134
   -0.03787
    0.06286
    0.04488
    0.00970
    0.02313
   -0.01276
    0.03037
    0.04837
   -0.04406
    0.02872
   -0.02860
    0.03914
    0.00206
   -0.06699
    0.01269
   -0.05264
   -0.02826
    0.01936
   -0.03665
    0.05783
   -0.06562
    0.03404
   -0.04983
    0.01336
   -0.05817
   -0.01826
    0.05574
    0.04411
   -0.01446
    0.00533
    0.07423
   -0.01385
   -0.04625
    0.06701
   -0.03462
    0.05451
   -0.02469
   -0.04449
   -0.04535
    0.00263
   -0.01040
   -0.02741
    0.06325
   -0.05297
    0.05712
    0.01133
    0.04699
   -0.03977
   -0.03204
    0.04070
   -0.03526
   -0.04653
    0.00831
   -0.06571
    0.07896
   -0.03905
   -0.02918
    0.00584
   -0.03134
   -0.04075
    0.06373
    0.04156
   -0.06273
   -0.01245
   -0.06934
    0.05861
   -0.03191
    0.01060
   -0.06410
    0.06195
   -0.06831
    0.05664
    0.02550
   -0.05592
   -0.03409
    0.01813
   -0.03685
    0.05285
   -0.05147
   -0.08034
    0.05948
    0.02146
    0.05826
    0.00543
   -0.02942
    0.04833
   -0.05994
   -0.00042
    0.02437
   -0.02470
    0.01604
   -0.01508
   -0.01899
    0.03413
    0.02236
    0.02591
    0.00380
    0.00988
   -0.00488
    0.05900
   -0.06781
    0.03870
    0.03702
    0.05063
   -0.02653
    0.05181
   -0.01027
    0.04786
    0.02911
   -0.04798
    0.02736
    0.02330
   -0.06174
   -0.06849
    0.04535
   -0.05682
   -0.03934
   -0.06165
   -0.05830
    0.05100
   -0.06437
   -0.00750
    0.06569
    0.06429
   -0.02031
    0.02343
    0.05657
    0.01884
    0.04416
    0.01743
    0.04313
    0.01300
   -0.03614
    0.04652
   -0.05167
    0.03263
    0.05115
    0.04241
   -0.07599
    0.05160
   -0.05611
    0.04620
   -0.03404
   -0.05437
   -0.04811
    0.07866
    0.05982
    0.01434
    0.05951
   -0.03779
    0.05065
   -0.06640
    0.06217
   -0.03202
    0.01068
   -0.06584
   -0.00320
    0.00512
    0.06761
    0.01606
    0.03949
   -0.05291
    0.02093
    0.04400
    0.06685
    0.03617
   -0.05627
    0.04827
   -0.05093
    0.05742
   -0.03565
   -0.04307
    0.04228
   -0.03707
   -0.06955
    0.03988
    0.03614
   -0.06302
    0.05868
   -0.00264
    0.00579
   -0.00516
   -0.00390
    0.01269
   -0.05900
   -0.04231
   -0.06959
   -0.07071
    0.01538
    0.00297
    0.06458
   -0.00319
    0.05315
   -0.02590
   -0.01111
    0.03420
   -0.05685
    0.00307
   -0.05520
   -0.05521
    0.03234
   -0.01382
    0.01733
   -0.02860
    0.04812
    0.03102
   -0.01987
    0.00080
    0.03973
    0.03865
    0.05234
    0.00874
   -0.03926
   -0.00566
   -0.02210
    0.03658
   -0.04060
   -0.03112
    0.00439
    0.04761
   -0.05086
    0.02666
   -0.05323
   -0.02449
   -0.02484
    0.04579
   -0.01975
    0.06501
   -0.02141
    0.03815
   -0.02079
    0.00936
   -0.05042
   -0.02159
    0.03988
    0.04798
    0.05546
    0.01611
    0.00720
    0.01009
   -0.04736
   -0.06368
    0.03395
   -0.05285
   -0.04812
   -0.01274
    0.00511
    0.03543
    0.00010
    0.02982
    0.02935
   -0.02033
   -0.01558
   -0.03921
    0.00220
    0.00764
    0.06706
    0.01871
   -0.06502
   -0.06942
    0.04893
   -0.02629
    0.06446
   -0.05676
    0.00109
    0.04752
   -0.07257
   -0.05075
   -0.01181
    0.06300
   -0.03303
    0.07829
    0.04063
    0.05724
   -0.02016
   -0.00942
    0.00146
    0.04275
    0.05365
   -0.05813
   -0.04482
   -0.03841
   -0.07022
    0.05736
   -0.02256
    0.04018
    0.03135
    0.02493
   -0.03094
    0.05201
   -0.03215
    0.03685
   -0.03597
   -0.01385
    0.06309
    0.01505
   -0.01565
    0.03630
    0.05801
   -0.02350
   -0.00933
   -0.05102
    0.00696
    0.06447
    0.03810
   -0.01684
    0.04978
   -0.07743
   -0.06197
   -0.01879
    0.03881
    0.00944
    0.02951
   -0.00543
    0.02051
   -0.05240
   -0.00382
   -0.00436
   -0.00347
    0.02690
   -0.02241
    0.02777
    0.01163
    0.03265
    0.02080
    0.02949
   -0.04767
    0.05474
    0.07185
    0.01887
   -0.03745
   -0.05203
   -0.00620
    0.01039
    0.04476
    0.01822
   -0.03795
   -0.00837
    0.02651
   -0.04133
    0.00539
   -0.02857
    0.05756
    0.03309
   -0.01132
   -0.07000
    0.05034
    0.02844
    0.03036
    0.02608
   -0.01484
   -0.05337
   -0.04476
   -0.02845
   -0.00423
   -0.02091
   -0.01404
    0.04219
   -0.00089
   -0.03748
    0.04810
    0.01386
   -0.07444
    0.02914
    0.01390
   -0.05012
   -0.04991
    0.00746
    0.06540
   -0.03235
   -0.05206
    0.06599
    0.02305
    0.05613
   -0.00669
    0.01981
    0.03308
    0.05116
    0.04820
    0.05482
   -0.00435
    0.00769
   -0.01385
   -0.04238
    0.00621
    0.03333
    0.01449
   -0.02117
   -0.02968
    0.01735
    0.01747
   -0.03268
   -0.06491
   -0.02584
   -0.01900
    0.05573
    0.04559
   -0.03630
   -0.03327
   -0.07283
