          1          0    0.00000   -0.98645    0.03888   -0.98645    0.03888   -3.70386    3.70386    0.00000
          1          2    1.42484   -0.54414    0.00166   -0.21630   -0.02073   -3.70386   -0.21630    0.00000
          2          0    1.42484   -0.19564   -0.04412   -0.21630   -0.02073   -3.70386   -0.21630   -1.96008
          2        100   80.33227   -0.87581    0.03984   -0.99643    0.05590   -3.70386   -0.21630   -1.96008
          2        200  160.38249   -0.91378    0.04421   -1.00335    0.05397   -3.70386   -0.21630   -1.96008
          2        300  241.46793   -0.93072    0.04625   -1.00203    0.05741   -3.70386   -0.21630   -1.96008
          2        400  318.87144   -0.94083    0.04752   -1.00569    0.05591   -3.70386   -0.21630   -1.96008
          2        500  397.39419   -0.94775    0.04839   -1.00481    0.05655   -3.70386   -0.21630   -1.96008
          2        600  476.80973   -0.95286    0.04905   -1.00427    0.05669   -3.70386   -0.21630   -1.96008
          2        700  557.62906   -0.95685    0.04957   -1.00485    0.05693   -3.70386   -0.21630   -1.96008
          2        800  639.36979   -0.96006    0.04999   -1.00287    0.05762   -3.70386   -0.21630   -1.96008
          2        900  730.27566   -0.96272    0.05034   -1.00435    0.05554   -3.70386   -0.21630   -1.96008
          2       1000  824.97000   -0.96498    0.05064   -1.00343    0.05633   -3.70386   -0.21630   -1.96008
          2       1100  915.28583   -0.96692    0.05091   -1.00471    0.05706   -3.70386   -0.21630   -1.96008
          2       1200 1006.73403   -0.96861    0.05114   -1.00499    0.05671   -3.70386   -0.21630   -1.96008
          2       1300 1111.01920   -0.97011    0.05134   -1.00498    0.05665   -3.70386   -0.21630   -1.96008
          2       1400 1205.34352   -0.97144    0.05152   -1.00380    0.05694   -3.70386   -0.21630   -1.96008
          2       1500 1322.63331   -0.97263    0.05168   -1.00497    0.05625   -3.70386   -0.21630   -1.96008
          2       1600 1413.53073   -0.97371    0.05183   -1.00564    0.05711   -3.70386   -0.21630   -1.96008
          2       1700 1525.35814   -0.97470    0.05197   -1.00621    0.05597   -3.70386   -0.21630   -1.96008
          2       1800 1628.69868   -0.97560    0.05210   -1.00449    0.05730   -3.70386   -0.21630   -1.96008
          2       1900 1733.37383   -0.97643    0.05221   -1.00641    0.05673   -3.70386   -0.21630   -1.96008
          2       2000 1817.02498   -0.97720    0.05231   -1.00495    0.05598   -3.70386   -0.21630   -1.96008
          2       2100 1932.95068   -0.97792    0.05241   -1.00627    0.05603   -3.70386   -0.21630   -1.96008
          2       2200 2020.05391   -0.97858    0.05251   -1.00652    0.05681   -3.70386   -0.21630   -1.96008
          2       2300 2123.01040   -0.97920    0.05259   -1.00674    0.05611   -3.70386   -0.21630   -1.96008
          2       2400 2254.10411   -0.97979    0.05268   -1.00563    0.05678   -3.70386   -0.21630   -1.96008
          2       2500 2347.10321   -0.98033    0.05275   -1.00656    0.05625   -3.70386   -0.21630   -1.96008
          2       2600 2444.79799   -0.98085    0.05282   -1.00537    0.05647   -3.70386   -0.21630   -1.96008
          2       2700 2555.32170   -0.98133    0.05289   -1.00528    0.05699   -3.70386   -0.21630   -1.96008
          2       2800 2652.58450   -0.98179    0.05296   -1.00558    0.05653   -3.70386   -0.21630   -1.96008
          2       2900 2765.91166   -0.98223    0.05302   -1.00576    0.05671   -3.70386   -0.21630   -1.96008
          2       3000 2882.00157   -0.98264    0.05308   -1.00582    0.05665   -3.70386   -0.21630   -1.96008
          2       3100 2976.82663   -0.98304    0.05313   -1.00615    0.05692   -3.70386   -0.21630   -1.96008
          2       3200 3067.85876   -0.98341    0.05319   -1.00512    0.05716   -3.70386   -0.21630   -1.96008
          2       3300 3196.34926   -0.98377    0.05324   -1.00651    0.05663   -3.70386   -0.21630   -1.96008
          2       3400 3294.33873   -0.98411    0.05328   -1.00603    0.05636   -3.70386   -0.21630   -1.96008
          2       3500 3403.63023   -0.98444    0.05333   -1.00568    0.05606   -3.70386   -0.21630   -1.96008
          2       3600 3504.44304   -0.98476    0.05338   -1.00615    0.05687   -3.70386   -0.21630   -1.96008
          2       3680 3602.03765   -0.98500    0.05341   -1.00671    0.05660   -3.70386   -0.21630   -1.96008
