          1          0    0.00000   -1.03658   -0.01239   -1.03658   -0.01239   -3.39832    3.39832    0.00000
          1          1    0.02265   -0.73295   -0.01968   -0.54237   -0.01349   -3.39832   -0.73295    0.00000
          2          0    0.02265   -0.31083   -0.04239   -0.54237   -0.01349   -3.39832   -0.73295   -2.06564
          2        100    6.24900   -0.95581   -0.01630   -1.03998   -0.01096   -3.39832   -0.73295   -2.06564
          2        200   12.16802   -0.98069   -0.01492   -1.04052   -0.01117   -3.39832   -0.73295   -2.06564
          2        300   18.18398   -0.99174   -0.01429   -1.04055   -0.01143   -3.39832   -0.73295   -2.06564
          2        400   24.21218   -0.99834   -0.01391   -1.04075   -0.01137   -3.39832   -0.73295   -2.06564
          2        500   30.79692   -1.00284   -0.01365   -1.04072   -0.01142   -3.39832   -0.73295   -2.06564
          2        600   36.75863   -1.00618   -0.01346   -1.04075   -0.01143   -3.39832   -0.73295   -2.06564
          2        700   42.91660   -1.00876   -0.01331   -1.04074   -0.01145   -3.39832   -0.73295   -2.06564
          2        800   48.86662   -1.01085   -0.01318   -1.04092   -0.01141   -3.39832   -0.73295   -2.06564
          2        900   55.45903   -1.01258   -0.01308   -1.04094   -0.01128   -3.39832   -0.73295   -2.06564
          2       1000   61.48804   -1.01405   -0.01300   -1.04101   -0.01134   -3.39832   -0.73295   -2.06564
          2       1100   68.09607   -1.01531   -0.01292   -1.04089   -0.01131   -3.39832   -0.73295   -2.06564
          2       1200   74.35953   -1.01640   -0.01286   -1.04092   -0.01144   -3.39832   -0.73295   -2.06564
          2       1300   80.49225   -1.01737   -0.01280   -1.04093   -0.01131   -3.39832   -0.73295   -2.06564
          2       1400   87.02255   -1.01824   -0.01275   -1.04096   -0.01135   -3.39832   -0.73295   -2.06564
          2       1500   93.45204   -1.01901   -0.01270   -1.04100   -0.01131   -3.39832   -0.73295   -2.06564
          2       1600   99.58456   -1.01972   -0.01266   -1.04106   -0.01140   -3.39832   -0.73295   -2.06564
          2       1700  106.76490   -1.02036   -0.01262   -1.04094   -0.01126   -3.39832   -0.73295   -2.06564
          2       1800  113.28152   -1.02094   -0.01259   -1.04106   -0.01137   -3.39832   -0.73295   -2.06564
          2       1900  120.01390   -1.02148   -0.01256   -1.04102   -0.01139   -3.39832   -0.73295   -2.06564
          2       2000  126.56180   -1.02198   -0.01253   -1.04097   -0.01143   -3.39832   -0.73295   -2.06564
          2       2100  132.79092   -1.02244   -0.01250   -1.04100   -0.01130   -3.39832   -0.73295   -2.06564
          2       2200  138.95513   -1.02287   -0.01247   -1.04105   -0.01130   -3.39832   -0.73295   -2.06564
          2       2300  145.90905   -1.02327   -0.01245   -1.04099   -0.01139   -3.39832   -0.73295   -2.06564
          2       2400  152.22669   -1.02365   -0.01243   -1.04099   -0.01146   -3.39832   -0.73295   -2.06564
          2       2500  158.39760   -1.02400   -0.01241   -1.04099   -0.01137   -3.39832   -0.73295   -2.06564
          2       2600  165.90282   -1.02433   -0.01239   -1.04101   -0.01128   -3.39832   -0.73295   -2.06564
          2       2700  172.11494   -1.02465   -0.01237   -1.04098   -0.01135   -3.39832   -0.73295   -2.06564
          2       2800  178.81874   -1.02495   -0.01235   -1.04103   -0.01133   -3.39832   -0.73295   -2.06564
          2       2900  185.05424   -1.02523   -0.01233   -1.04107   -0.01133   -3.39832   -0.73295   -2.06564
          2       3000  191.46821   -1.02550   -0.01232   -1.04098   -0.01141   -3.39832   -0.73295   -2.06564
          2       3100  197.51762   -1.02575   -0.01230   -1.04107   -0.01134   -3.39832   -0.73295   -2.06564
          2       3200  203.71103   -1.02599   -0.01229   -1.04101   -0.01133   -3.39832   -0.73295   -2.06564
          2       3300  210.06569   -1.02622   -0.01228   -1.04104   -0.01137   -3.39832   -0.73295   -2.06564
          2       3400  216.62850   -1.02645   -0.01226   -1.04108   -0.01135   -3.39832   -0.73295   -2.06564
          2       3500  222.90201   -1.02666   -0.01225   -1.04110   -0.01138   -3.39832   -0.73295   -2.06564
          2       3600  229.19788   -1.02686   -0.01224   -1.04102   -0.01147   -3.39832   -0.73295   -2.06564
          2       3700  235.45179   -1.02705   -0.01223   -1.04105   -0.01135   -3.39832   -0.73295   -2.06564
          2       3800  241.92339   -1.02724   -0.01221   -1.04105   -0.01139   -3.39832   -0.73295   -2.06564
          2       3900  248.48280   -1.02742   -0.01220   -1.04100   -0.01138   -3.39832   -0.73295   -2.06564
          2       4000  255.65511   -1.02759   -0.01219   -1.04107   -0.01142   -3.39832   -0.73295   -2.06564
          2       4100  263.08881   -1.02776   -0.01218   -1.04102   -0.01139   -3.39832   -0.73295   -2.06564
          2       4200  269.05113   -1.02792   -0.01217   -1.04104   -0.01138   -3.39832   -0.73295   -2.06564
          2       4300  275.22122   -1.02807   -0.01217   -1.04109   -0.01136   -3.39832   -0.73295   -2.06564
          2       4400  282.02322   -1.02822   -0.01216   -1.04106   -0.01134   -3.39832   -0.73295   -2.06564
          2       4500  288.67537   -1.02837   -0.01215   -1.04107   -0.01138   -3.39832   -0.73295   -2.06564
          2       4600  295.26198   -1.02851   -0.01214   -1.04104   -0.01132   -3.39832   -0.73295   -2.06564
          2       4700  301.00768   -1.02864   -0.01213   -1.04111   -0.01140   -3.39832   -0.73295   -2.06564
          2       4800  307.43971   -1.02877   -0.01212   -1.04108   -0.01141   -3.39832   -0.73295   -2.06564
          2       4900  313.73246   -1.02890   -0.01212   -1.04106   -0.01136   -3.39832   -0.73295   -2.06564
          2       5000  319.72438   -1.02902   -0.01211   -1.04107   -0.01136   -3.39832   -0.73295   -2.06564
          2       5100  326.34364   -1.02914   -0.01210   -1.04108   -0.01134   -3.39832   -0.73295   -2.06564
          2       5200  332.70633   -1.02926   -0.01209   -1.04105   -0.01141   -3.39832   -0.73295   -2.06564
          2       5300  339.46710   -1.02937   -0.01209   -1.04100   -0.01137   -3.39832   -0.73295   -2.06564
          2       5400  346.73627   -1.02948   -0.01208   -1.04102   -0.01138   -3.39832   -0.73295   -2.06564
          2       5500  353.10370   -1.02959   -0.01208   -1.04102   -0.01137   -3.39832   -0.73295   -2.06564
          2       5600  359.34349   -1.02969   -0.01207   -1.04113   -0.01138   -3.39832   -0.73295   -2.06564
          2       5700  365.43482   -1.02979   -0.01206   -1.04112   -0.01140   -3.39832   -0.73295   -2.06564
          2       5800  371.86226   -1.02989   -0.01206   -1.04112   -0.01135   -3.39832   -0.73295   -2.06564
          2       5900  378.17131   -1.02999   -0.01205   -1.04108   -0.01141   -3.39832   -0.73295   -2.06564
          2       6000  384.12578   -1.03008   -0.01205   -1.04109   -0.01139   -3.39832   -0.73295   -2.06564
          2       6100  390.74082   -1.03017   -0.01204   -1.04110   -0.01141   -3.39832   -0.73295   -2.06564
          2       6200  397.24336   -1.03026   -0.01204   -1.04110   -0.01139   -3.39832   -0.73295   -2.06564
          2       6300  403.29438   -1.03035   -0.01203   -1.04105   -0.01139   -3.39832   -0.73295   -2.06564
          2       6400  409.71650   -1.03043   -0.01203   -1.04108   -0.01134   -3.39832   -0.73295   -2.06564
          2       6500  416.01962   -1.03052   -0.01202   -1.04109   -0.01139   -3.39832   -0.73295   -2.06564
          2       6600  422.42082   -1.03060   -0.01202   -1.04109   -0.01138   -3.39832   -0.73295   -2.06564
          2       6700  428.76499   -1.03068   -0.01201   -1.04108   -0.01139   -3.39832   -0.73295   -2.06564
          2       6800  434.96864   -1.03075   -0.01201   -1.04110   -0.01138   -3.39832   -0.73295   -2.06564
          2       6900  441.54023   -1.03083   -0.01200   -1.04109   -0.01141   -3.39832   -0.73295   -2.06564
          2       7000  447.94390   -1.03090   -0.01200   -1.04108   -0.01136   -3.39832   -0.73295   -2.06564
          2       7100  455.14597   -1.03098   -0.01199   -1.04106   -0.01136   -3.39832   -0.73295   -2.06564
          2       7200  462.08756   -1.03105   -0.01199   -1.04110   -0.01138   -3.39832   -0.73295   -2.06564
          2       7300  469.39140   -1.03112   -0.01198   -1.04109   -0.01137   -3.39832   -0.73295   -2.06564
          2       7400  476.09704   -1.03119   -0.01198   -1.04106   -0.01141   -3.39832   -0.73295   -2.06564
          2       7500  482.18335   -1.03125   -0.01198   -1.04104   -0.01138   -3.39832   -0.73295   -2.06564
          2       7600  488.32865   -1.03132   -0.01197   -1.04107   -0.01140   -3.39832   -0.73295   -2.06564
          2       7700  495.06735   -1.03138   -0.01197   -1.04106   -0.01137   -3.39832   -0.73295   -2.06564
          2       7800  501.65918   -1.03144   -0.01197   -1.04107   -0.01138   -3.39832   -0.73295   -2.06564
          2       7900  507.98766   -1.03151   -0.01196   -1.04105   -0.01142   -3.39832   -0.73295   -2.06564
          2       8000  514.10348   -1.03157   -0.01196   -1.04107   -0.01138   -3.39832   -0.73295   -2.06564
          2       8100  520.08534   -1.03163   -0.01195   -1.04105   -0.01141   -3.39832   -0.73295   -2.06564
          2       8200  526.12530   -1.03168   -0.01195   -1.04106   -0.01139   -3.39832   -0.73295   -2.06564
          2       8300  533.58928   -1.03174   -0.01195   -1.04106   -0.01135   -3.39832   -0.73295   -2.06564
          2       8400  541.25871   -1.03180   -0.01194   -1.04110   -0.01139   -3.39832   -0.73295   -2.06564
          2       8500  547.80261   -1.03185   -0.01194   -1.04110   -0.01135   -3.39832   -0.73295   -2.06564
          2       8600  554.30904   -1.03191   -0.01194   -1.04109   -0.01137   -3.39832   -0.73295   -2.06564
          2       8700  560.86795   -1.03196   -0.01193   -1.04112   -0.01141   -3.39832   -0.73295   -2.06564
          2       8800  567.17822   -1.03201   -0.01193   -1.04111   -0.01138   -3.39832   -0.73295   -2.06564
          2       8900  573.49799   -1.03207   -0.01193   -1.04107   -0.01139   -3.39832   -0.73295   -2.06564
          2       9000  579.95672   -1.03212   -0.01193   -1.04108   -0.01142   -3.39832   -0.73295   -2.06564
          2       9100  586.19584   -1.03217   -0.01192   -1.04114   -0.01141   -3.39832   -0.73295   -2.06564
          2       9200  592.08115   -1.03221   -0.01192   -1.04109   -0.01135   -3.39832   -0.73295   -2.06564
          2       9300  598.30653   -1.03226   -0.01192   -1.04105   -0.01144   -3.39832   -0.73295   -2.06564
          2       9400  604.39107   -1.03231   -0.01191   -1.04112   -0.01138   -3.39832   -0.73295   -2.06564
          2       9500  611.38956   -1.03236   -0.01191   -1.04110   -0.01136   -3.39832   -0.73295   -2.06564
          2       9600  618.76473   -1.03240   -0.01191   -1.04109   -0.01138   -3.39832   -0.73295   -2.06564
          2       9700  625.63172   -1.03245   -0.01191   -1.04111   -0.01138   -3.39832   -0.73295   -2.06564
          2       9800  631.70920   -1.03249   -0.01190   -1.04107   -0.01142   -3.39832   -0.73295   -2.06564
          2       9900  638.32268   -1.03254   -0.01190   -1.04105   -0.01143   -3.39832   -0.73295   -2.06564
          2      10000  644.43957   -1.03258   -0.01190   -1.04109   -0.01136   -3.39832   -0.73295   -2.06564
          2      10100  650.39896   -1.03262   -0.01190   -1.04110   -0.01139   -3.39832   -0.73295   -2.06564
          2      10200  656.19209   -1.03267   -0.01189   -1.04109   -0.01135   -3.39832   -0.73295   -2.06564
          2      10300  662.02254   -1.03271   -0.01189   -1.04106   -0.01137   -3.39832   -0.73295   -2.06564
          2      10400  668.28101   -1.03275   -0.01189   -1.04106   -0.01137   -3.39832   -0.73295   -2.06564
          2      10500  674.41057   -1.03279   -0.01189   -1.04107   -0.01139   -3.39832   -0.73295   -2.06564
          2      10600  680.44206   -1.03283   -0.01188   -1.04114   -0.01138   -3.39832   -0.73295   -2.06564
          2      10700  686.67402   -1.03287   -0.01188   -1.04111   -0.01139   -3.39832   -0.73295   -2.06564
          2      10800  693.54956   -1.03290   -0.01188   -1.04108   -0.01142   -3.39832   -0.73295   -2.06564
          2      10900  699.60350   -1.03294   -0.01188   -1.04108   -0.01139   -3.39832   -0.73295   -2.06564
          2      11000  706.02508   -1.03298   -0.01187   -1.04112   -0.01139   -3.39832   -0.73295   -2.06564
          2      11100  711.95552   -1.03302   -0.01187   -1.04110   -0.01139   -3.39832   -0.73295   -2.06564
          2      11200  717.81318   -1.03305   -0.01187   -1.04108   -0.01136   -3.39832   -0.73295   -2.06564
          2      11300  723.99887   -1.03309   -0.01187   -1.04108   -0.01139   -3.39832   -0.73295   -2.06564
          2      11400  730.47144   -1.03313   -0.01187   -1.04107   -0.01142   -3.39832   -0.73295   -2.06564
          2      11500  736.41418   -1.03316   -0.01186   -1.04107   -0.01138   -3.39832   -0.73295   -2.06564
          2      11600  742.70605   -1.03319   -0.01186   -1.04108   -0.01138   -3.39832   -0.73295   -2.06564
          2      11700  749.00392   -1.03323   -0.01186   -1.04111   -0.01138   -3.39832   -0.73295   -2.06564
          2      11800  755.99455   -1.03326   -0.01186   -1.04109   -0.01141   -3.39832   -0.73295   -2.06564
          2      11900  762.13316   -1.03330   -0.01186   -1.04107   -0.01137   -3.39832   -0.73295   -2.06564
          2      12000  767.97178   -1.03333   -0.01185   -1.04111   -0.01140   -3.39832   -0.73295   -2.06564
          2      12100  774.03292   -1.03336   -0.01185   -1.04114   -0.01138   -3.39832   -0.73295   -2.06564
          2      12200  780.38352   -1.03339   -0.01185   -1.04111   -0.01139   -3.39832   -0.73295   -2.06564
          2      12300  786.49703   -1.03342   -0.01185   -1.04111   -0.01138   -3.39832   -0.73295   -2.06564
          2      12400  793.68875   -1.03346   -0.01185   -1.04113   -0.01139   -3.39832   -0.73295   -2.06564
          2      12500  801.41453   -1.03349   -0.01184   -1.04111   -0.01140   -3.39832   -0.73295   -2.06564
          2      12600  808.83881   -1.03352   -0.01184   -1.04107   -0.01137   -3.39832   -0.73295   -2.06564
          2      12700  815.20629   -1.03355   -0.01184   -1.04112   -0.01140   -3.39832   -0.73295   -2.06564
          2      12800  821.59692   -1.03358   -0.01184   -1.04111   -0.01140   -3.39832   -0.73295   -2.06564
          2      12900  827.45894   -1.03361   -0.01184   -1.04111   -0.01140   -3.39832   -0.73295   -2.06564
          2      13000  833.55940   -1.03364   -0.01184   -1.04113   -0.01137   -3.39832   -0.73295   -2.06564
          2      13100  839.82798   -1.03367   -0.01183   -1.04109   -0.01137   -3.39832   -0.73295   -2.06564
          2      13200  845.85142   -1.03369   -0.01183   -1.04107   -0.01138   -3.39832   -0.73295   -2.06564
          2      13300  852.23759   -1.03372   -0.01183   -1.04112   -0.01139   -3.39832   -0.73295   -2.06564
          2      13400  859.40999   -1.03375   -0.01183   -1.04111   -0.01138   -3.39832   -0.73295   -2.06564
          2      13500  865.90766   -1.03378   -0.01183   -1.04111   -0.01139   -3.39832   -0.73295   -2.06564
          2      13600  872.06556   -1.03380   -0.01183   -1.04111   -0.01137   -3.39832   -0.73295   -2.06564
          2      13700  878.44197   -1.03383   -0.01182   -1.04114   -0.01141   -3.39832   -0.73295   -2.06564
          2      13800  885.10133   -1.03386   -0.01182   -1.04111   -0.01142   -3.39832   -0.73295   -2.06564
          2      13900  891.48046   -1.03388   -0.01182   -1.04110   -0.01139   -3.39832   -0.73295   -2.06564
          2      14000  897.90248   -1.03391   -0.01182   -1.04113   -0.01137   -3.39832   -0.73295   -2.06564
          2      14100  904.22410   -1.03394   -0.01182   -1.04112   -0.01139   -3.39832   -0.73295   -2.06564
          2      14200  910.43806   -1.03396   -0.01182   -1.04110   -0.01139   -3.39832   -0.73295   -2.06564
          2      14300  916.89652   -1.03399   -0.01181   -1.04107   -0.01143   -3.39832   -0.73295   -2.06564
          2      14400  923.10981   -1.03401   -0.01181   -1.04112   -0.01139   -3.39832   -0.73295   -2.06564
          2      14500  929.87133   -1.03404   -0.01181   -1.04112   -0.01140   -3.39832   -0.73295   -2.06564
          2      14600  936.00481   -1.03406   -0.01181   -1.04107   -0.01140   -3.39832   -0.73295   -2.06564
          2      14700  942.03249   -1.03409   -0.01181   -1.04111   -0.01140   -3.39832   -0.73295   -2.06564
          2      14800  948.55526   -1.03411   -0.01181   -1.04110   -0.01140   -3.39832   -0.73295   -2.06564
          2      14900  954.90865   -1.03413   -0.01181   -1.04112   -0.01137   -3.39832   -0.73295   -2.06564
          2      15000  960.99729   -1.03416   -0.01180   -1.04116   -0.01140   -3.39832   -0.73295   -2.06564
          2      15100  967.16010   -1.03418   -0.01180   -1.04109   -0.01141   -3.39832   -0.73295   -2.06564
          2      15200  973.01946   -1.03420   -0.01180   -1.04108   -0.01139   -3.39832   -0.73295   -2.06564
          2      15300  979.38356   -1.03423   -0.01180   -1.04109   -0.01137   -3.39832   -0.73295   -2.06564
          2      15400  986.75158   -1.03425   -0.01180   -1.04109   -0.01138   -3.39832   -0.73295   -2.06564
          2      15500  993.88802   -1.03427   -0.01180   -1.04110   -0.01142   -3.39832   -0.73295   -2.06564
          2      15600 1001.09937   -1.03429   -0.01180   -1.04113   -0.01142   -3.39832   -0.73295   -2.06564
          2      15700 1007.26521   -1.03431   -0.01180   -1.04111   -0.01138   -3.39832   -0.73295   -2.06564
          2      15800 1013.40186   -1.03434   -0.01179   -1.04110   -0.01141   -3.39832   -0.73295   -2.06564
          2      15900 1019.64395   -1.03436   -0.01179   -1.04112   -0.01140   -3.39832   -0.73295   -2.06564
          2      16000 1025.67588   -1.03438   -0.01179   -1.04110   -0.01141   -3.39832   -0.73295   -2.06564
          2      16100 1031.78766   -1.03440   -0.01179   -1.04112   -0.01141   -3.39832   -0.73295   -2.06564
          2      16200 1037.94942   -1.03442   -0.01179   -1.04113   -0.01138   -3.39832   -0.73295   -2.06564
          2      16300 1044.17275   -1.03444   -0.01179   -1.04111   -0.01139   -3.39832   -0.73295   -2.06564
          2      16400 1050.48938   -1.03446   -0.01179   -1.04110   -0.01137   -3.39832   -0.73295   -2.06564
          2      16500 1057.16896   -1.03448   -0.01179   -1.04109   -0.01141   -3.39832   -0.73295   -2.06564
          2      16600 1063.36773   -1.03450   -0.01178   -1.04112   -0.01140   -3.39832   -0.73295   -2.06564
          2      16700 1069.64771   -1.03452   -0.01178   -1.04113   -0.01136   -3.39832   -0.73295   -2.06564
          2      16800 1076.05756   -1.03454   -0.01178   -1.04109   -0.01139   -3.39832   -0.73295   -2.06564
          2      16900 1082.94562   -1.03456   -0.01178   -1.04111   -0.01139   -3.39832   -0.73295   -2.06564
          2      17000 1089.24490   -1.03458   -0.01178   -1.04110   -0.01139   -3.39832   -0.73295   -2.06564
          2      17100 1095.62208   -1.03460   -0.01178   -1.04112   -0.01138   -3.39832   -0.73295   -2.06564
          2      17200 1102.39204   -1.03462   -0.01178   -1.04109   -0.01138   -3.39832   -0.73295   -2.06564
          2      17300 1108.96171   -1.03464   -0.01178   -1.04109   -0.01137   -3.39832   -0.73295   -2.06564
          2      17400 1115.20273   -1.03466   -0.01177   -1.04111   -0.01140   -3.39832   -0.73295   -2.06564
          2      17500 1121.45526   -1.03468   -0.01177   -1.04112   -0.01138   -3.39832   -0.73295   -2.06564
          2      17600 1127.62116   -1.03470   -0.01177   -1.04111   -0.01140   -3.39832   -0.73295   -2.06564
          2      17700 1134.06684   -1.03471   -0.01177   -1.04109   -0.01137   -3.39832   -0.73295   -2.06564
          2      17800 1141.58981   -1.03473   -0.01177   -1.04110   -0.01140   -3.39832   -0.73295   -2.06564
          2      17900 1148.57766   -1.03475   -0.01177   -1.04112   -0.01137   -3.39832   -0.73295   -2.06564
          2      18000 1154.64113   -1.03477   -0.01177   -1.04111   -0.01140   -3.39832   -0.73295   -2.06564
          2      18100 1161.07143   -1.03479   -0.01177   -1.04113   -0.01137   -3.39832   -0.73295   -2.06564
          2      18200 1167.63660   -1.03480   -0.01177   -1.04111   -0.01140   -3.39832   -0.73295   -2.06564
          2      18300 1174.07668   -1.03482   -0.01177   -1.04112   -0.01140   -3.39832   -0.73295   -2.06564
          2      18400 1180.23692   -1.03484   -0.01176   -1.04114   -0.01137   -3.39832   -0.73295   -2.06564
          2      18500 1186.29593   -1.03485   -0.01176   -1.04113   -0.01138   -3.39832   -0.73295   -2.06564
          2      18600 1192.73182   -1.03487   -0.01176   -1.04113   -0.01139   -3.39832   -0.73295   -2.06564
          2      18700 1199.14800   -1.03489   -0.01176   -1.04110   -0.01139   -3.39832   -0.73295   -2.06564
          2      18800 1205.23529   -1.03491   -0.01176   -1.04113   -0.01140   -3.39832   -0.73295   -2.06564
          2      18900 1211.66022   -1.03492   -0.01176   -1.04111   -0.01141   -3.39832   -0.73295   -2.06564
          2      19000 1218.39599   -1.03494   -0.01176   -1.04110   -0.01138   -3.39832   -0.73295   -2.06564
          2      19100 1224.94235   -1.03495   -0.01176   -1.04113   -0.01137   -3.39832   -0.73295   -2.06564
          2      19200 1230.95711   -1.03497   -0.01176   -1.04115   -0.01139   -3.39832   -0.73295   -2.06564
          2      19300 1237.49779   -1.03499   -0.01176   -1.04114   -0.01139   -3.39832   -0.73295   -2.06564
          2      19400 1243.53790   -1.03500   -0.01175   -1.04112   -0.01141   -3.39832   -0.73295   -2.06564
          2      19500 1249.93511   -1.03502   -0.01175   -1.04113   -0.01140   -3.39832   -0.73295   -2.06564
          2      19600 1255.85467   -1.03503   -0.01175   -1.04113   -0.01140   -3.39832   -0.73295   -2.06564
          2      19700 1261.97628   -1.03505   -0.01175   -1.04110   -0.01138   -3.39832   -0.73295   -2.06564
          2      19800 1268.41918   -1.03507   -0.01175   -1.04111   -0.01139   -3.39832   -0.73295   -2.06564
          2      19900 1275.50538   -1.03508   -0.01175   -1.04112   -0.01135   -3.39832   -0.73295   -2.06564
          2      20000 1282.71070   -1.03510   -0.01175   -1.04113   -0.01136   -3.39832   -0.73295   -2.06564
          2      20100 1289.10438   -1.03511   -0.01175   -1.04113   -0.01141   -3.39832   -0.73295   -2.06564
          2      20200 1295.11032   -1.03513   -0.01175   -1.04116   -0.01140   -3.39832   -0.73295   -2.06564
          2      20300 1301.54057   -1.03514   -0.01175   -1.04110   -0.01139   -3.39832   -0.73295   -2.06564
          2      20400 1307.75620   -1.03516   -0.01175   -1.04112   -0.01137   -3.39832   -0.73295   -2.06564
          2      20500 1313.95773   -1.03517   -0.01174   -1.04114   -0.01139   -3.39832   -0.73295   -2.06564
          2      20600 1319.97378   -1.03519   -0.01174   -1.04114   -0.01140   -3.39832   -0.73295   -2.06564
          2      20700 1327.63071   -1.03520   -0.01174   -1.04112   -0.01139   -3.39832   -0.73295   -2.06564
          2      20800 1333.82355   -1.03521   -0.01174   -1.04110   -0.01138   -3.39832   -0.73295   -2.06564
          2      20900 1339.62769   -1.03523   -0.01174   -1.04111   -0.01137   -3.39832   -0.73295   -2.06564
          2      21000 1346.00601   -1.03524   -0.01174   -1.04112   -0.01136   -3.39832   -0.73295   -2.06564
          2      21100 1351.95890   -1.03526   -0.01174   -1.04113   -0.01137   -3.39832   -0.73295   -2.06564
          2      21200 1358.18736   -1.03527   -0.01174   -1.04117   -0.01139   -3.39832   -0.73295   -2.06564
          2      21300 1363.84998   -1.03528   -0.01174   -1.04113   -0.01141   -3.39832   -0.73295   -2.06564
          2      21400 1369.97841   -1.03530   -0.01174   -1.04111   -0.01138   -3.39832   -0.73295   -2.06564
          2      21500 1376.83443   -1.03531   -0.01174   -1.04113   -0.01143   -3.39832   -0.73295   -2.06564
          2      21600 1383.26386   -1.03533   -0.01174   -1.04111   -0.01140   -3.39832   -0.73295   -2.06564
          2      21700 1389.47477   -1.03534   -0.01173   -1.04110   -0.01139   -3.39832   -0.73295   -2.06564
          2      21800 1395.74818   -1.03535   -0.01173   -1.04115   -0.01139   -3.39832   -0.73295   -2.06564
          2      21900 1401.74150   -1.03537   -0.01173   -1.04112   -0.01139   -3.39832   -0.73295   -2.06564
          2      22000 1407.96365   -1.03538   -0.01173   -1.04111   -0.01140   -3.39832   -0.73295   -2.06564
          2      22100 1414.27232   -1.03539   -0.01173   -1.04114   -0.01137   -3.39832   -0.73295   -2.06564
          2      22200 1420.15903   -1.03541   -0.01173   -1.04112   -0.01142   -3.39832   -0.73295   -2.06564
          2      22300 1425.88487   -1.03542   -0.01173   -1.04112   -0.01140   -3.39832   -0.73295   -2.06564
          2      22400 1432.30054   -1.03543   -0.01173   -1.04111   -0.01138   -3.39832   -0.73295   -2.06564
          2      22500 1438.65869   -1.03544   -0.01173   -1.04113   -0.01138   -3.39832   -0.73295   -2.06564
          2      22600 1444.56462   -1.03546   -0.01173   -1.04112   -0.01137   -3.39832   -0.73295   -2.06564
          2      22700 1450.52255   -1.03547   -0.01173   -1.04111   -0.01137   -3.39832   -0.73295   -2.06564
          2      22800 1456.90520   -1.03548   -0.01173   -1.04111   -0.01140   -3.39832   -0.73295   -2.06564
          2      22900 1463.39330   -1.03549   -0.01173   -1.04111   -0.01140   -3.39832   -0.73295   -2.06564
          2      23000 1469.43980   -1.03551   -0.01172   -1.04113   -0.01138   -3.39832   -0.73295   -2.06564
          2      23100 1475.61026   -1.03552   -0.01172   -1.04110   -0.01139   -3.39832   -0.73295   -2.06564
          2      23200 1481.84240   -1.03553   -0.01172   -1.04112   -0.01139   -3.39832   -0.73295   -2.06564
          2      23300 1488.32134   -1.03554   -0.01172   -1.04114   -0.01140   -3.39832   -0.73295   -2.06564
          2      23400 1493.99409   -1.03556   -0.01172   -1.04113   -0.01138   -3.39832   -0.73295   -2.06564
          2      23500 1499.97288   -1.03557   -0.01172   -1.04113   -0.01138   -3.39832   -0.73295   -2.06564
          2      23600 1507.16190   -1.03558   -0.01172   -1.04112   -0.01140   -3.39832   -0.73295   -2.06564
          2      23700 1513.53159   -1.03559   -0.01172   -1.04114   -0.01139   -3.39832   -0.73295   -2.06564
          2      23800 1519.44962   -1.03560   -0.01172   -1.04109   -0.01140   -3.39832   -0.73295   -2.06564
          2      23900 1525.93126   -1.03561   -0.01172   -1.04112   -0.01139   -3.39832   -0.73295   -2.06564
          2      24000 1532.38816   -1.03563   -0.01172   -1.04114   -0.01139   -3.39832   -0.73295   -2.06564
          2      24100 1538.07011   -1.03564   -0.01172   -1.04112   -0.01141   -3.39832   -0.73295   -2.06564
          2      24200 1544.25806   -1.03565   -0.01172   -1.04116   -0.01139   -3.39832   -0.73295   -2.06564
          2      24300 1550.26103   -1.03566   -0.01172   -1.04110   -0.01141   -3.39832   -0.73295   -2.06564
          2      24400 1556.26148   -1.03567   -0.01172   -1.04110   -0.01140   -3.39832   -0.73295   -2.06564
          2      24500 1562.08430   -1.03568   -0.01171   -1.04115   -0.01139   -3.39832   -0.73295   -2.06564
          2      24600 1568.23584   -1.03569   -0.01171   -1.04109   -0.01141   -3.39832   -0.73295   -2.06564
          2      24700 1574.89529   -1.03571   -0.01171   -1.04111   -0.01138   -3.39832   -0.73295   -2.06564
          2      24800 1580.89221   -1.03572   -0.01171   -1.04116   -0.01140   -3.39832   -0.73295   -2.06564
          2      24900 1586.96529   -1.03573   -0.01171   -1.04109   -0.01137   -3.39832   -0.73295   -2.06564
          2      25000 1593.27270   -1.03574   -0.01171   -1.04108   -0.01138   -3.39832   -0.73295   -2.06564
          2      25100 1600.05030   -1.03575   -0.01171   -1.04110   -0.01137   -3.39832   -0.73295   -2.06564
          2      25200 1606.41306   -1.03576   -0.01171   -1.04113   -0.01139   -3.39832   -0.73295   -2.06564
          2      25300 1612.07466   -1.03577   -0.01171   -1.04112   -0.01139   -3.39832   -0.73295   -2.06564
          2      25400 1618.09517   -1.03578   -0.01171   -1.04112   -0.01139   -3.39832   -0.73295   -2.06564
          2      25500 1624.32289   -1.03579   -0.01171   -1.04113   -0.01140   -3.39832   -0.73295   -2.06564
          2      25600 1630.29353   -1.03580   -0.01171   -1.04111   -0.01139   -3.39832   -0.73295   -2.06564
          2      25700 1636.41926   -1.03581   -0.01171   -1.04115   -0.01140   -3.39832   -0.73295   -2.06564
          2      25800 1642.08064   -1.03582   -0.01171   -1.04111   -0.01140   -3.39832   -0.73295   -2.06564
          2      25900 1648.44042   -1.03583   -0.01171   -1.04117   -0.01139   -3.39832   -0.73295   -2.06564
          2      26000 1655.16551   -1.03584   -0.01171   -1.04111   -0.01137   -3.39832   -0.73295   -2.06564
          2      26100 1661.37046   -1.03585   -0.01170   -1.04115   -0.01139   -3.39832   -0.73295   -2.06564
          2      26200 1667.63865   -1.03586   -0.01170   -1.04114   -0.01137   -3.39832   -0.73295   -2.06564
          2      26300 1674.85487   -1.03587   -0.01170   -1.04112   -0.01137   -3.39832   -0.73295   -2.06564
          2      26400 1682.17893   -1.03588   -0.01170   -1.04111   -0.01142   -3.39832   -0.73295   -2.06564
          2      26500 1689.61074   -1.03589   -0.01170   -1.04114   -0.01140   -3.39832   -0.73295   -2.06564
          2      26600 1695.50774   -1.03590   -0.01170   -1.04112   -0.01140   -3.39832   -0.73295   -2.06564
          2      26700 1701.67825   -1.03591   -0.01170   -1.04113   -0.01138   -3.39832   -0.73295   -2.06564
          2      26800 1709.27841   -1.03592   -0.01170   -1.04113   -0.01140   -3.39832   -0.73295   -2.06564
          2      26900 1715.82278   -1.03593   -0.01170   -1.04112   -0.01139   -3.39832   -0.73295   -2.06564
          2      27000 1721.90835   -1.03594   -0.01170   -1.04113   -0.01139   -3.39832   -0.73295   -2.06564
          2      27100 1728.12970   -1.03595   -0.01170   -1.04111   -0.01140   -3.39832   -0.73295   -2.06564
          2      27200 1734.60637   -1.03596   -0.01170   -1.04115   -0.01138   -3.39832   -0.73295   -2.06564
          2      27300 1741.11898   -1.03597   -0.01170   -1.04114   -0.01137   -3.39832   -0.73295   -2.06564
          2      27400 1747.77903   -1.03598   -0.01170   -1.04112   -0.01137   -3.39832   -0.73295   -2.06564
          2      27500 1754.11424   -1.03599   -0.01170   -1.04114   -0.01140   -3.39832   -0.73295   -2.06564
          2      27600 1760.01393   -1.03600   -0.01170   -1.04110   -0.01140   -3.39832   -0.73295   -2.06564
          2      27700 1765.96674   -1.03601   -0.01170   -1.04112   -0.01141   -3.39832   -0.73295   -2.06564
          2      27800 1772.00454   -1.03602   -0.01169   -1.04114   -0.01139   -3.39832   -0.73295   -2.06564
          2      27900 1778.25522   -1.03603   -0.01169   -1.04113   -0.01135   -3.39832   -0.73295   -2.06564
          2      28000 1784.58669   -1.03604   -0.01169   -1.04112   -0.01139   -3.39832   -0.73295   -2.06564
          2      28100 1790.34835   -1.03605   -0.01169   -1.04114   -0.01137   -3.39832   -0.73295   -2.06564
          2      28200 1796.29074   -1.03606   -0.01169   -1.04115   -0.01139   -3.39832   -0.73295   -2.06564
          2      28300 1802.68891   -1.03606   -0.01169   -1.04114   -0.01139   -3.39832   -0.73295   -2.06564
          2      28400 1808.95144   -1.03607   -0.01169   -1.04113   -0.01138   -3.39832   -0.73295   -2.06564
          2      28500 1815.06772   -1.03608   -0.01169   -1.04116   -0.01139   -3.39832   -0.73295   -2.06564
          2      28600 1821.32058   -1.03609   -0.01169   -1.04115   -0.01138   -3.39832   -0.73295   -2.06564
          2      28700 1827.25532   -1.03610   -0.01169   -1.04113   -0.01136   -3.39832   -0.73295   -2.06564
          2      28800 1833.36821   -1.03611   -0.01169   -1.04115   -0.01140   -3.39832   -0.73295   -2.06564
          2      28900 1840.09070   -1.03612   -0.01169   -1.04114   -0.01139   -3.39832   -0.73295   -2.06564
          2      29000 1846.14501   -1.03613   -0.01169   -1.04113   -0.01139   -3.39832   -0.73295   -2.06564
          2      29100 1852.12273   -1.03614   -0.01169   -1.04114   -0.01141   -3.39832   -0.73295   -2.06564
          2      29200 1858.35230   -1.03614   -0.01169   -1.04113   -0.01140   -3.39832   -0.73295   -2.06564
          2      29300 1864.73933   -1.03615   -0.01169   -1.04114   -0.01139   -3.39832   -0.73295   -2.06564
          2      29400 1871.11342   -1.03616   -0.01169   -1.04112   -0.01140   -3.39832   -0.73295   -2.06564
          2      29500 1877.11809   -1.03617   -0.01169   -1.04114   -0.01138   -3.39832   -0.73295   -2.06564
          2      29600 1883.38802   -1.03618   -0.01169   -1.04113   -0.01139   -3.39832   -0.73295   -2.06564
          2      29700 1889.69120   -1.03619   -0.01168   -1.04114   -0.01139   -3.39832   -0.73295   -2.06564
          2      29800 1896.08795   -1.03620   -0.01168   -1.04114   -0.01138   -3.39832   -0.73295   -2.06564
          2      29900 1902.21479   -1.03620   -0.01168   -1.04111   -0.01141   -3.39832   -0.73295   -2.06564
          2      30000 1908.68945   -1.03621   -0.01168   -1.04112   -0.01140   -3.39832   -0.73295   -2.06564
          2      30100 1915.42963   -1.03622   -0.01168   -1.04113   -0.01141   -3.39832   -0.73295   -2.06564
          2      30200 1922.19708   -1.03623   -0.01168   -1.04113   -0.01141   -3.39832   -0.73295   -2.06564
          2      30300 1928.72210   -1.03624   -0.01168   -1.04112   -0.01140   -3.39832   -0.73295   -2.06564
          2      30400 1935.55088   -1.03624   -0.01168   -1.04113   -0.01140   -3.39832   -0.73295   -2.06564
          2      30500 1941.95318   -1.03625   -0.01168   -1.04114   -0.01137   -3.39832   -0.73295   -2.06564
          2      30600 1947.96138   -1.03626   -0.01168   -1.04113   -0.01137   -3.39832   -0.73295   -2.06564
          2      30700 1954.10643   -1.03627   -0.01168   -1.04115   -0.01139   -3.39832   -0.73295   -2.06564
          2      30800 1960.14484   -1.03628   -0.01168   -1.04113   -0.01142   -3.39832   -0.73295   -2.06564
          2      30900 1966.23327   -1.03628   -0.01168   -1.04113   -0.01140   -3.39832   -0.73295   -2.06564
          2      31000 1972.52126   -1.03629   -0.01168   -1.04115   -0.01139   -3.39832   -0.73295   -2.06564
          2      31100 1978.77742   -1.03630   -0.01168   -1.04114   -0.01137   -3.39832   -0.73295   -2.06564
          2      31200 1985.04890   -1.03631   -0.01168   -1.04114   -0.01138   -3.39832   -0.73295   -2.06564
          2      31300 1991.34331   -1.03632   -0.01168   -1.04115   -0.01139   -3.39832   -0.73295   -2.06564
          2      31400 1997.23444   -1.03632   -0.01168   -1.04115   -0.01137   -3.39832   -0.73295   -2.06564
          2      31500 2003.47193   -1.03633   -0.01168   -1.04111   -0.01137   -3.39832   -0.73295   -2.06564
          2      31600 2010.42071   -1.03634   -0.01168   -1.04115   -0.01140   -3.39832   -0.73295   -2.06564
          2      31700 2016.60632   -1.03635   -0.01168   -1.04113   -0.01140   -3.39832   -0.73295   -2.06564
          2      31800 2022.76520   -1.03635   -0.01168   -1.04114   -0.01138   -3.39832   -0.73295   -2.06564
          2      31900 2029.14973   -1.03636   -0.01167   -1.04113   -0.01138   -3.39832   -0.73295   -2.06564
          2      32000 2035.41675   -1.03637   -0.01167   -1.04115   -0.01138   -3.39832   -0.73295   -2.06564
          2      32100 2041.83498   -1.03638   -0.01167   -1.04113   -0.01141   -3.39832   -0.73295   -2.06564
          2      32200 2048.16845   -1.03638   -0.01167   -1.04114   -0.01139   -3.39832   -0.73295   -2.06564
          2      32300 2054.28075   -1.03639   -0.01167   -1.04114   -0.01139   -3.39832   -0.73295   -2.06564
          2      32400 2060.43023   -1.03640   -0.01167   -1.04113   -0.01139   -3.39832   -0.73295   -2.06564
          2      32500 2066.63845   -1.03641   -0.01167   -1.04115   -0.01139   -3.39832   -0.73295   -2.06564
          2      32600 2073.11306   -1.03641   -0.01167   -1.04113   -0.01141   -3.39832   -0.73295   -2.06564
          2      32700 2079.65258   -1.03642   -0.01167   -1.04115   -0.01139   -3.39832   -0.73295   -2.06564
          2      32800 2086.19588   -1.03643   -0.01167   -1.04113   -0.01139   -3.39832   -0.73295   -2.06564
          2      32900 2092.30872   -1.03644   -0.01167   -1.04115   -0.01138   -3.39832   -0.73295   -2.06564
          2      33000 2098.58322   -1.03644   -0.01167   -1.04112   -0.01141   -3.39832   -0.73295   -2.06564
          2      33100 2104.63053   -1.03645   -0.01167   -1.04113   -0.01140   -3.39832   -0.73295   -2.06564
          2      33200 2110.98943   -1.03646   -0.01167   -1.04115   -0.01139   -3.39832   -0.73295   -2.06564
          2      33300 2116.68210   -1.03646   -0.01167   -1.04115   -0.01138   -3.39832   -0.73295   -2.06564
          2      33400 2122.55578   -1.03647   -0.01167   -1.04111   -0.01141   -3.39832   -0.73295   -2.06564
          2      33500 2128.66482   -1.03648   -0.01167   -1.04113   -0.01138   -3.39832   -0.73295   -2.06564
          2      33600 2135.03888   -1.03649   -0.01167   -1.04112   -0.01138   -3.39832   -0.73295   -2.06564
          2      33700 2142.02018   -1.03649   -0.01167   -1.04114   -0.01140   -3.39832   -0.73295   -2.06564
          2      33800 2148.09177   -1.03650   -0.01167   -1.04114   -0.01138   -3.39832   -0.73295   -2.06564
          2      33900 2154.45466   -1.03651   -0.01167   -1.04114   -0.01138   -3.39832   -0.73295   -2.06564
          2      34000 2160.97227   -1.03651   -0.01167   -1.04114   -0.01139   -3.39832   -0.73295   -2.06564
          2      34100 2167.32834   -1.03652   -0.01167   -1.04114   -0.01138   -3.39832   -0.73295   -2.06564
          2      34200 2174.08225   -1.03653   -0.01166   -1.04115   -0.01138   -3.39832   -0.73295   -2.06564
          2      34300 2180.32158   -1.03653   -0.01166   -1.04112   -0.01137   -3.39832   -0.73295   -2.06564
          2      34400 2186.69884   -1.03654   -0.01166   -1.04113   -0.01142   -3.39832   -0.73295   -2.06564
          2      34500 2193.41281   -1.03655   -0.01166   -1.04113   -0.01140   -3.39832   -0.73295   -2.06564
          2      34600 2200.42136   -1.03655   -0.01166   -1.04113   -0.01137   -3.39832   -0.73295   -2.06564
          2      34700 2206.61456   -1.03656   -0.01166   -1.04114   -0.01138   -3.39832   -0.73295   -2.06564
          2      34800 2214.35858   -1.03657   -0.01166   -1.04112   -0.01138   -3.39832   -0.73295   -2.06564
          2      34900 2219.93057   -1.03657   -0.01166   -1.04117   -0.01139   -3.39832   -0.73295   -2.06564
          2      35000 2226.30386   -1.03658   -0.01166   -1.04115   -0.01139   -3.39832   -0.73295   -2.06564
          2      35100 2232.58857   -1.03659   -0.01166   -1.04113   -0.01139   -3.39832   -0.73295   -2.06564
          2      35200 2238.71293   -1.03659   -0.01166   -1.04114   -0.01139   -3.39832   -0.73295   -2.06564
          2      35300 2245.28392   -1.03660   -0.01166   -1.04112   -0.01139   -3.39832   -0.73295   -2.06564
          2      35400 2251.26922   -1.03661   -0.01166   -1.04116   -0.01139   -3.39832   -0.73295   -2.06564
          2      35500 2257.05576   -1.03661   -0.01166   -1.04114   -0.01140   -3.39832   -0.73295   -2.06564
          2      35600 2263.11340   -1.03662   -0.01166   -1.04113   -0.01138   -3.39832   -0.73295   -2.06564
          2      35700 2269.39026   -1.03663   -0.01166   -1.04115   -0.01140   -3.39832   -0.73295   -2.06564
          2      35800 2275.70494   -1.03663   -0.01166   -1.04112   -0.01136   -3.39832   -0.73295   -2.06564
          2      35900 2281.85576   -1.03664   -0.01166   -1.04115   -0.01138   -3.39832   -0.73295   -2.06564
          2      36000 2287.69820   -1.03664   -0.01166   -1.04115   -0.01140   -3.39832   -0.73295   -2.06564
          2      36100 2294.35685   -1.03665   -0.01166   -1.04115   -0.01139   -3.39832   -0.73295   -2.06564
          2      36200 2300.54847   -1.03666   -0.01166   -1.04113   -0.01139   -3.39832   -0.73295   -2.06564
          2      36300 2306.77010   -1.03666   -0.01166   -1.04114   -0.01141   -3.39832   -0.73295   -2.06564
          2      36400 2312.41395   -1.03667   -0.01166   -1.04115   -0.01140   -3.39832   -0.73295   -2.06564
          2      36500 2318.83579   -1.03668   -0.01166   -1.04115   -0.01139   -3.39832   -0.73295   -2.06564
          2      36600 2325.05091   -1.03668   -0.01166   -1.04114   -0.01138   -3.39832   -0.73295   -2.06564
          2      36700 2331.34856   -1.03669   -0.01166   -1.04114   -0.01139   -3.39832   -0.73295   -2.06564
          2      36800 2337.92184   -1.03669   -0.01166   -1.04115   -0.01137   -3.39832   -0.73295   -2.06564
          2      36900 2344.64161   -1.03670   -0.01165   -1.04112   -0.01139   -3.39832   -0.73295   -2.06564
          2      37000 2351.35182   -1.03671   -0.01165   -1.04115   -0.01139   -3.39832   -0.73295   -2.06564
          2      37100 2357.75235   -1.03671   -0.01165   -1.04112   -0.01141   -3.39832   -0.73295   -2.06564
          2      37200 2364.22609   -1.03672   -0.01165   -1.04115   -0.01140   -3.39832   -0.73295   -2.06564
          2      37300 2370.67122   -1.03672   -0.01165   -1.04114   -0.01141   -3.39832   -0.73295   -2.06564
          2      37400 2377.27874   -1.03673   -0.01165   -1.04110   -0.01138   -3.39832   -0.73295   -2.06564
          2      37500 2384.13416   -1.03674   -0.01165   -1.04115   -0.01139   -3.39832   -0.73295   -2.06564
          2      37600 2391.62087   -1.03674   -0.01165   -1.04115   -0.01139   -3.39832   -0.73295   -2.06564
          2      37700 2397.50197   -1.03675   -0.01165   -1.04115   -0.01139   -3.39832   -0.73295   -2.06564
          2      37800 2403.94230   -1.03675   -0.01165   -1.04111   -0.01141   -3.39832   -0.73295   -2.06564
          2      37900 2410.42262   -1.03676   -0.01165   -1.04113   -0.01140   -3.39832   -0.73295   -2.06564
          2      38000 2416.15648   -1.03677   -0.01165   -1.04115   -0.01138   -3.39832   -0.73295   -2.06564
          2      38100 2422.15235   -1.03677   -0.01165   -1.04114   -0.01138   -3.39832   -0.73295   -2.06564
          2      38200 2428.43365   -1.03678   -0.01165   -1.04115   -0.01139   -3.39832   -0.73295   -2.06564
          2      38300 2434.76343   -1.03678   -0.01165   -1.04113   -0.01140   -3.39832   -0.73295   -2.06564
          2      38400 2440.79662   -1.03679   -0.01165   -1.04116   -0.01140   -3.39832   -0.73295   -2.06564
          2      38500 2447.26490   -1.03679   -0.01165   -1.04116   -0.01138   -3.39832   -0.73295   -2.06564
          2      38600 2453.47625   -1.03680   -0.01165   -1.04114   -0.01139   -3.39832   -0.73295   -2.06564
          2      38700 2459.44336   -1.03681   -0.01165   -1.04114   -0.01137   -3.39832   -0.73295   -2.06564
          2      38800 2465.43869   -1.03681   -0.01165   -1.04112   -0.01141   -3.39832   -0.73295   -2.06564
          2      38900 2471.59099   -1.03682   -0.01165   -1.04116   -0.01138   -3.39832   -0.73295   -2.06564
          2      39000 2477.14014   -1.03682   -0.01165   -1.04112   -0.01139   -3.39832   -0.73295   -2.06564
          2      39100 2483.36648   -1.03683   -0.01165   -1.04112   -0.01140   -3.39832   -0.73295   -2.06564
          2      39200 2489.98148   -1.03683   -0.01165   -1.04115   -0.01140   -3.39832   -0.73295   -2.06564
          2      39300 2496.06959   -1.03684   -0.01165   -1.04115   -0.01139   -3.39832   -0.73295   -2.06564
          2      39400 2502.28175   -1.03684   -0.01165   -1.04114   -0.01138   -3.39832   -0.73295   -2.06564
          2      39500 2508.34831   -1.03685   -0.01165   -1.04114   -0.01140   -3.39832   -0.73295   -2.06564
          2      39600 2514.34845   -1.03686   -0.01165   -1.04113   -0.01139   -3.39832   -0.73295   -2.06564
          2      39700 2520.85523   -1.03686   -0.01165   -1.04115   -0.01140   -3.39832   -0.73295   -2.06564
          2      39800 2527.87253   -1.03687   -0.01165   -1.04113   -0.01140   -3.39832   -0.73295   -2.06564
          2      39900 2534.27580   -1.03687   -0.01164   -1.04114   -0.01138   -3.39832   -0.73295   -2.06564
          2      40000 2541.09658   -1.03688   -0.01164   -1.04113   -0.01139   -3.39832   -0.73295   -2.06564
          2      40100 2547.53431   -1.03688   -0.01164   -1.04114   -0.01140   -3.39832   -0.73295   -2.06564
          2      40200 2553.71382   -1.03689   -0.01164   -1.04115   -0.01139   -3.39832   -0.73295   -2.06564
          2      40300 2559.85531   -1.03689   -0.01164   -1.04114   -0.01140   -3.39832   -0.73295   -2.06564
          2      40400 2566.18604   -1.03690   -0.01164   -1.04117   -0.01140   -3.39832   -0.73295   -2.06564
          2      40500 2572.78639   -1.03690   -0.01164   -1.04112   -0.01141   -3.39832   -0.73295   -2.06564
          2      40600 2579.01367   -1.03691   -0.01164   -1.04114   -0.01139   -3.39832   -0.73295   -2.06564
          2      40700 2585.17190   -1.03691   -0.01164   -1.04114   -0.01139   -3.39832   -0.73295   -2.06564
          2      40800 2592.09388   -1.03692   -0.01164   -1.04114   -0.01140   -3.39832   -0.73295   -2.06564
          2      40900 2597.82885   -1.03692   -0.01164   -1.04114   -0.01139   -3.39832   -0.73295   -2.06564
          2      41000 2604.16825   -1.03693   -0.01164   -1.04115   -0.01140   -3.39832   -0.73295   -2.06564
          2      41100 2610.75644   -1.03693   -0.01164   -1.04113   -0.01139   -3.39832   -0.73295   -2.06564
          2      41200 2617.39935   -1.03694   -0.01164   -1.04115   -0.01139   -3.39832   -0.73295   -2.06564
          2      41300 2623.69484   -1.03695   -0.01164   -1.04112   -0.01139   -3.39832   -0.73295   -2.06564
          2      41400 2631.54286   -1.03695   -0.01164   -1.04113   -0.01139   -3.39832   -0.73295   -2.06564
          2      41500 2637.68268   -1.03696   -0.01164   -1.04114   -0.01139   -3.39832   -0.73295   -2.06564
          2      41600 2644.08514   -1.03696   -0.01164   -1.04113   -0.01138   -3.39832   -0.73295   -2.06564
          2      41700 2650.88043   -1.03697   -0.01164   -1.04113   -0.01139   -3.39832   -0.73295   -2.06564
          2      41800 2657.58846   -1.03697   -0.01164   -1.04113   -0.01142   -3.39832   -0.73295   -2.06564
          2      41900 2663.06847   -1.03698   -0.01164   -1.04116   -0.01139   -3.39832   -0.73295   -2.06564
          2      42000 2669.11365   -1.03698   -0.01164   -1.04115   -0.01138   -3.39832   -0.73295   -2.06564
          2      42100 2675.97729   -1.03699   -0.01164   -1.04115   -0.01140   -3.39832   -0.73295   -2.06564
          2      42200 2682.38577   -1.03699   -0.01164   -1.04114   -0.01139   -3.39832   -0.73295   -2.06564
          2      42300 2689.16102   -1.03700   -0.01164   -1.04113   -0.01138   -3.39832   -0.73295   -2.06564
          2      42400 2695.24164   -1.03700   -0.01164   -1.04115   -0.01140   -3.39832   -0.73295   -2.06564
          2      42500 2701.35352   -1.03701   -0.01164   -1.04113   -0.01140   -3.39832   -0.73295   -2.06564
          2      42600 2707.64302   -1.03701   -0.01164   -1.04115   -0.01138   -3.39832   -0.73295   -2.06564
          2      42700 2714.17780   -1.03702   -0.01164   -1.04115   -0.01138   -3.39832   -0.73295   -2.06564
          2      42800 2720.62613   -1.03702   -0.01164   -1.04114   -0.01139   -3.39832   -0.73295   -2.06564
          2      42900 2727.71904   -1.03702   -0.01164   -1.04116   -0.01139   -3.39832   -0.73295   -2.06564
          2      43000 2734.49558   -1.03703   -0.01164   -1.04115   -0.01139   -3.39832   -0.73295   -2.06564
          2      43100 2741.31678   -1.03703   -0.01164   -1.04114   -0.01140   -3.39832   -0.73295   -2.06564
          2      43200 2747.85734   -1.03704   -0.01163   -1.04115   -0.01137   -3.39832   -0.73295   -2.06564
          2      43300 2753.89525   -1.03704   -0.01163   -1.04113   -0.01138   -3.39832   -0.73295   -2.06564
          2      43400 2760.24149   -1.03705   -0.01163   -1.04115   -0.01140   -3.39832   -0.73295   -2.06564
          2      43500 2766.71934   -1.03705   -0.01163   -1.04113   -0.01138   -3.39832   -0.73295   -2.06564
          2      43600 2773.10820   -1.03706   -0.01163   -1.04116   -0.01139   -3.39832   -0.73295   -2.06564
          2      43700 2779.43515   -1.03706   -0.01163   -1.04116   -0.01139   -3.39832   -0.73295   -2.06564
          2      43800 2785.62737   -1.03707   -0.01163   -1.04113   -0.01138   -3.39832   -0.73295   -2.06564
          2      43900 2791.64185   -1.03707   -0.01163   -1.04113   -0.01139   -3.39832   -0.73295   -2.06564
          2      44000 2797.77719   -1.03708   -0.01163   -1.04115   -0.01139   -3.39832   -0.73295   -2.06564
          2      44100 2804.53169   -1.03708   -0.01163   -1.04114   -0.01140   -3.39832   -0.73295   -2.06564
          2      44200 2810.69901   -1.03709   -0.01163   -1.04116   -0.01138   -3.39832   -0.73295   -2.06564
          2      44300 2817.34480   -1.03709   -0.01163   -1.04114   -0.01139   -3.39832   -0.73295   -2.06564
          2      44400 2823.11101   -1.03710   -0.01163   -1.04115   -0.01138   -3.39832   -0.73295   -2.06564
          2      44500 2829.14201   -1.03710   -0.01163   -1.04113   -0.01140   -3.39832   -0.73295   -2.06564
          2      44600 2835.32319   -1.03710   -0.01163   -1.04114   -0.01140   -3.39832   -0.73295   -2.06564
          2      44700 2841.13290   -1.03711   -0.01163   -1.04114   -0.01139   -3.39832   -0.73295   -2.06564
          2      44800 2847.46141   -1.03711   -0.01163   -1.04116   -0.01138   -3.39832   -0.73295   -2.06564
          2      44900 2853.72851   -1.03712   -0.01163   -1.04113   -0.01140   -3.39832   -0.73295   -2.06564
          2      45000 2860.20901   -1.03712   -0.01163   -1.04115   -0.01138   -3.39832   -0.73295   -2.06564
          2      45100 2867.39449   -1.03713   -0.01163   -1.04114   -0.01140   -3.39832   -0.73295   -2.06564
          2      45200 2873.44260   -1.03713   -0.01163   -1.04115   -0.01140   -3.39832   -0.73295   -2.06564
          2      45300 2879.64094   -1.03714   -0.01163   -1.04115   -0.01138   -3.39832   -0.73295   -2.06564
          2      45400 2885.85687   -1.03714   -0.01163   -1.04114   -0.01141   -3.39832   -0.73295   -2.06564
          2      45500 2891.86569   -1.03715   -0.01163   -1.04116   -0.01140   -3.39832   -0.73295   -2.06564
          2      45600 2898.08349   -1.03715   -0.01163   -1.04115   -0.01138   -3.39832   -0.73295   -2.06564
          2      45700 2904.58540   -1.03715   -0.01163   -1.04114   -0.01139   -3.39832   -0.73295   -2.06564
          2      45800 2911.47683   -1.03716   -0.01163   -1.04113   -0.01139   -3.39832   -0.73295   -2.06564
          2      45900 2918.18830   -1.03716   -0.01163   -1.04114   -0.01139   -3.39832   -0.73295   -2.06564
          2      46000 2924.11784   -1.03717   -0.01163   -1.04115   -0.01139   -3.39832   -0.73295   -2.06564
          2      46100 2930.48959   -1.03717   -0.01163   -1.04117   -0.01138   -3.39832   -0.73295   -2.06564
          2      46200 2936.99442   -1.03718   -0.01163   -1.04115   -0.01141   -3.39832   -0.73295   -2.06564
          2      46300 2942.85699   -1.03718   -0.01163   -1.04114   -0.01140   -3.39832   -0.73295   -2.06564
          2      46400 2949.56328   -1.03718   -0.01163   -1.04114   -0.01139   -3.39832   -0.73295   -2.06564
          2      46500 2955.88889   -1.03719   -0.01163   -1.04114   -0.01138   -3.39832   -0.73295   -2.06564
          2      46600 2962.19669   -1.03719   -0.01163   -1.04115   -0.01139   -3.39832   -0.73295   -2.06564
          2      46700 2968.31436   -1.03720   -0.01163   -1.04113   -0.01137   -3.39832   -0.73295   -2.06564
          2      46800 2974.91317   -1.03720   -0.01163   -1.04116   -0.01139   -3.39832   -0.73295   -2.06564
          2      46900 2980.99888   -1.03721   -0.01163   -1.04117   -0.01139   -3.39832   -0.73295   -2.06564
          2      47000 2987.47483   -1.03721   -0.01162   -1.04114   -0.01138   -3.39832   -0.73295   -2.06564
          2      47100 2994.28076   -1.03721   -0.01162   -1.04115   -0.01138   -3.39832   -0.73295   -2.06564
          2      47200 3000.66719   -1.03722   -0.01162   -1.04116   -0.01141   -3.39832   -0.73295   -2.06564
          2      47300 3006.68099   -1.03722   -0.01162   -1.04115   -0.01138   -3.39832   -0.73295   -2.06564
          2      47400 3012.74218   -1.03723   -0.01162   -1.04115   -0.01139   -3.39832   -0.73295   -2.06564
          2      47500 3019.39107   -1.03723   -0.01162   -1.04114   -0.01141   -3.39832   -0.73295   -2.06564
          2      47600 3025.69439   -1.03724   -0.01162   -1.04113   -0.01138   -3.39832   -0.73295   -2.06564
          2      47700 3032.21696   -1.03724   -0.01162   -1.04114   -0.01138   -3.39832   -0.73295   -2.06564
          2      47800 3038.40648   -1.03724   -0.01162   -1.04116   -0.01140   -3.39832   -0.73295   -2.06564
          2      47900 3044.89451   -1.03725   -0.01162   -1.04115   -0.01138   -3.39832   -0.73295   -2.06564
          2      48000 3051.25593   -1.03725   -0.01162   -1.04115   -0.01140   -3.39832   -0.73295   -2.06564
          2      48100 3057.06958   -1.03726   -0.01162   -1.04112   -0.01138   -3.39832   -0.73295   -2.06564
          2      48200 3063.08684   -1.03726   -0.01162   -1.04114   -0.01139   -3.39832   -0.73295   -2.06564
          2      48300 3069.24986   -1.03726   -0.01162   -1.04116   -0.01141   -3.39832   -0.73295   -2.06564
          2      48400 3075.44941   -1.03727   -0.01162   -1.04115   -0.01141   -3.39832   -0.73295   -2.06564
          2      48500 3081.90059   -1.03727   -0.01162   -1.04115   -0.01138   -3.39832   -0.73295   -2.06564
          2      48600 3089.17930   -1.03728   -0.01162   -1.04113   -0.01139   -3.39832   -0.73295   -2.06564
          2      48700 3095.21244   -1.03728   -0.01162   -1.04115   -0.01139   -3.39832   -0.73295   -2.06564
          2      48800 3101.45679   -1.03728   -0.01162   -1.04116   -0.01139   -3.39832   -0.73295   -2.06564
          2      48900 3108.14428   -1.03729   -0.01162   -1.04115   -0.01139   -3.39832   -0.73295   -2.06564
          2      49000 3114.24523   -1.03729   -0.01162   -1.04116   -0.01139   -3.39832   -0.73295   -2.06564
          2      49100 3120.59995   -1.03730   -0.01162   -1.04114   -0.01139   -3.39832   -0.73295   -2.06564
          2      49200 3126.81592   -1.03730   -0.01162   -1.04114   -0.01140   -3.39832   -0.73295   -2.06564
          2      49300 3133.18622   -1.03730   -0.01162   -1.04116   -0.01137   -3.39832   -0.73295   -2.06564
          2      49400 3139.22993   -1.03731   -0.01162   -1.04113   -0.01140   -3.39832   -0.73295   -2.06564
          2      49500 3146.21874   -1.03731   -0.01162   -1.04113   -0.01139   -3.39832   -0.73295   -2.06564
          2      49600 3153.12104   -1.03732   -0.01162   -1.04115   -0.01140   -3.39832   -0.73295   -2.06564
          2      49700 3159.33377   -1.03732   -0.01162   -1.04114   -0.01140   -3.39832   -0.73295   -2.06564
          2      49800 3165.02219   -1.03732   -0.01162   -1.04114   -0.01139   -3.39832   -0.73295   -2.06564
          2      49900 3170.91982   -1.03733   -0.01162   -1.04115   -0.01139   -3.39832   -0.73295   -2.06564
          2      50000 3177.36014   -1.03733   -0.01162   -1.04115   -0.01141   -3.39832   -0.73295   -2.06564
          2      50100 3183.81656   -1.03733   -0.01162   -1.04114   -0.01140   -3.39832   -0.73295   -2.06564
          2      50200 3189.91842   -1.03734   -0.01162   -1.04115   -0.01139   -3.39832   -0.73295   -2.06564
          2      50300 3195.99603   -1.03734   -0.01162   -1.04114   -0.01140   -3.39832   -0.73295   -2.06564
          2      50400 3203.30561   -1.03735   -0.01162   -1.04114   -0.01137   -3.39832   -0.73295   -2.06564
          2      50500 3210.85917   -1.03735   -0.01162   -1.04113   -0.01139   -3.39832   -0.73295   -2.06564
          2      50600 3216.91333   -1.03735   -0.01162   -1.04113   -0.01140   -3.39832   -0.73295   -2.06564
          2      50700 3223.05608   -1.03736   -0.01162   -1.04113   -0.01140   -3.39832   -0.73295   -2.06564
          2      50800 3229.14806   -1.03736   -0.01162   -1.04114   -0.01140   -3.39832   -0.73295   -2.06564
          2      50900 3235.61402   -1.03737   -0.01162   -1.04115   -0.01139   -3.39832   -0.73295   -2.06564
          2      51000 3241.77235   -1.03737   -0.01162   -1.04115   -0.01139   -3.39832   -0.73295   -2.06564
          2      51100 3247.83934   -1.03737   -0.01162   -1.04116   -0.01139   -3.39832   -0.73295   -2.06564
          2      51200 3253.99770   -1.03738   -0.01162   -1.04114   -0.01140   -3.39832   -0.73295   -2.06564
          2      51300 3260.55209   -1.03738   -0.01161   -1.04115   -0.01140   -3.39832   -0.73295   -2.06564
          2      51400 3266.70890   -1.03738   -0.01161   -1.04115   -0.01139   -3.39832   -0.73295   -2.06564
          2      51500 3272.87465   -1.03739   -0.01161   -1.04115   -0.01139   -3.39832   -0.73295   -2.06564
          2      51600 3278.91728   -1.03739   -0.01161   -1.04117   -0.01139   -3.39832   -0.73295   -2.06564
          2      51700 3285.56257   -1.03739   -0.01161   -1.04116   -0.01139   -3.39832   -0.73295   -2.06564
          2      51800 3291.76144   -1.03740   -0.01161   -1.04116   -0.01138   -3.39832   -0.73295   -2.06564
          2      51900 3298.05210   -1.03740   -0.01161   -1.04115   -0.01140   -3.39832   -0.73295   -2.06564
          2      52000 3304.76994   -1.03741   -0.01161   -1.04114   -0.01141   -3.39832   -0.73295   -2.06564
          2      52100 3311.04297   -1.03741   -0.01161   -1.04113   -0.01139   -3.39832   -0.73295   -2.06564
          2      52200 3317.16761   -1.03741   -0.01161   -1.04115   -0.01139   -3.39832   -0.73295   -2.06564
          2      52300 3322.93150   -1.03742   -0.01161   -1.04115   -0.01138   -3.39832   -0.73295   -2.06564
          2      52400 3329.32723   -1.03742   -0.01161   -1.04114   -0.01139   -3.39832   -0.73295   -2.06564
          2      52500 3335.43241   -1.03742   -0.01161   -1.04114   -0.01139   -3.39832   -0.73295   -2.06564
          2      52600 3341.78609   -1.03743   -0.01161   -1.04114   -0.01140   -3.39832   -0.73295   -2.06564
          2      52700 3347.88399   -1.03743   -0.01161   -1.04115   -0.01138   -3.39832   -0.73295   -2.06564
          2      52800 3354.14330   -1.03743   -0.01161   -1.04115   -0.01139   -3.39832   -0.73295   -2.06564
          2      52900 3360.93896   -1.03744   -0.01161   -1.04115   -0.01139   -3.39832   -0.73295   -2.06564
          2      53000 3367.21503   -1.03744   -0.01161   -1.04115   -0.01139   -3.39832   -0.73295   -2.06564
          2      53100 3373.71014   -1.03744   -0.01161   -1.04115   -0.01140   -3.39832   -0.73295   -2.06564
          2      53200 3379.83834   -1.03745   -0.01161   -1.04114   -0.01141   -3.39832   -0.73295   -2.06564
          2      53300 3386.15989   -1.03745   -0.01161   -1.04115   -0.01140   -3.39832   -0.73295   -2.06564
          2      53400 3392.26159   -1.03746   -0.01161   -1.04114   -0.01140   -3.39832   -0.73295   -2.06564
          2      53500 3398.14158   -1.03746   -0.01161   -1.04116   -0.01139   -3.39832   -0.73295   -2.06564
          2      53600 3404.60777   -1.03746   -0.01161   -1.04114   -0.01138   -3.39832   -0.73295   -2.06564
          2      53700 3410.86045   -1.03747   -0.01161   -1.04115   -0.01140   -3.39832   -0.73295   -2.06564
          2      53800 3417.12435   -1.03747   -0.01161   -1.04114   -0.01139   -3.39832   -0.73295   -2.06564
          2      53900 3423.38438   -1.03747   -0.01161   -1.04115   -0.01140   -3.39832   -0.73295   -2.06564
          2      54000 3429.90216   -1.03748   -0.01161   -1.04116   -0.01138   -3.39832   -0.73295   -2.06564
          2      54100 3435.80451   -1.03748   -0.01161   -1.04114   -0.01140   -3.39832   -0.73295   -2.06564
          2      54200 3442.33205   -1.03748   -0.01161   -1.04114   -0.01140   -3.39832   -0.73295   -2.06564
          2      54300 3448.98710   -1.03749   -0.01161   -1.04115   -0.01140   -3.39832   -0.73295   -2.06564
          2      54400 3455.92113   -1.03749   -0.01161   -1.04113   -0.01140   -3.39832   -0.73295   -2.06564
          2      54500 3462.21535   -1.03749   -0.01161   -1.04116   -0.01139   -3.39832   -0.73295   -2.06564
          2      54600 3468.34570   -1.03750   -0.01161   -1.04116   -0.01140   -3.39832   -0.73295   -2.06564
          2      54700 3474.70400   -1.03750   -0.01161   -1.04116   -0.01140   -3.39832   -0.73295   -2.06564
          2      54800 3480.93932   -1.03750   -0.01161   -1.04115   -0.01140   -3.39832   -0.73295   -2.06564
          2      54900 3487.22573   -1.03751   -0.01161   -1.04115   -0.01138   -3.39832   -0.73295   -2.06564
          2      55000 3493.16724   -1.03751   -0.01161   -1.04115   -0.01138   -3.39832   -0.73295   -2.06564
          2      55100 3499.04772   -1.03751   -0.01161   -1.04116   -0.01139   -3.39832   -0.73295   -2.06564
          2      55200 3505.64093   -1.03752   -0.01161   -1.04115   -0.01138   -3.39832   -0.73295   -2.06564
          2      55300 3512.06216   -1.03752   -0.01161   -1.04116   -0.01138   -3.39832   -0.73295   -2.06564
          2      55400 3518.53310   -1.03752   -0.01161   -1.04116   -0.01139   -3.39832   -0.73295   -2.06564
          2      55500 3524.72784   -1.03753   -0.01161   -1.04113   -0.01139   -3.39832   -0.73295   -2.06564
          2      55600 3530.56655   -1.03753   -0.01161   -1.04114   -0.01139   -3.39832   -0.73295   -2.06564
          2      55700 3537.23469   -1.03753   -0.01161   -1.04115   -0.01140   -3.39832   -0.73295   -2.06564
          2      55800 3543.85332   -1.03754   -0.01161   -1.04115   -0.01139   -3.39832   -0.73295   -2.06564
          2      55900 3549.68323   -1.03754   -0.01161   -1.04116   -0.01138   -3.39832   -0.73295   -2.06564
          2      56000 3556.21588   -1.03754   -0.01161   -1.04116   -0.01140   -3.39832   -0.73295   -2.06564
          2      56100 3562.59997   -1.03755   -0.01161   -1.04115   -0.01140   -3.39832   -0.73295   -2.06564
          2      56200 3568.78179   -1.03755   -0.01161   -1.04114   -0.01141   -3.39832   -0.73295   -2.06564
          2      56300 3575.65676   -1.03755   -0.01160   -1.04115   -0.01140   -3.39832   -0.73295   -2.06564
          2      56400 3581.69444   -1.03756   -0.01160   -1.04115   -0.01137   -3.39832   -0.73295   -2.06564
          2      56500 3587.83745   -1.03756   -0.01160   -1.04115   -0.01139   -3.39832   -0.73295   -2.06564
          2      56600 3594.03952   -1.03756   -0.01160   -1.04114   -0.01138   -3.39832   -0.73295   -2.06564
          2      56698 3600.18893   -1.03757   -0.01160   -1.04114   -0.01140   -3.39832   -0.73295   -2.06564
