          1          0    0.00000   -1.03665   -0.00934   -1.03665   -0.00934   -3.39368    3.39368    0.00000
          1          1    0.03801   -0.71148   -0.03338   -0.50904   -0.02551   -3.39368   -0.71148    0.00000
          2          0    0.03801   -0.30113   -0.04781   -0.50904   -0.02551   -3.39368   -0.71148   -2.05258
          2        100    6.37582   -0.95286   -0.03362   -1.04042   -0.00976   -3.39368   -0.71148   -2.05258
          2        200   12.42295   -0.97868   -0.03253   -1.04082   -0.00999   -3.39368   -0.71148   -2.05258
          2        300   18.85563   -0.99016   -0.03203   -1.04073   -0.01006   -3.39368   -0.71148   -2.05258
          2        400   26.25012   -0.99702   -0.03173   -1.04101   -0.01007   -3.39368   -0.71148   -2.05258
          2        500   32.55972   -1.00170   -0.03153   -1.04092   -0.01012   -3.39368   -0.71148   -2.05258
          2        600   39.05325   -1.00515   -0.03137   -1.04113   -0.01000   -3.39368   -0.71148   -2.05258
          2        700   45.87330   -1.00783   -0.03126   -1.04110   -0.00997   -3.39368   -0.71148   -2.05258
          2        800   52.41026   -1.00998   -0.03116   -1.04107   -0.00996   -3.39368   -0.71148   -2.05258
          2        900   59.06193   -1.01177   -0.03108   -1.04112   -0.01003   -3.39368   -0.71148   -2.05258
          2       1000   65.62888   -1.01328   -0.03101   -1.04108   -0.01002   -3.39368   -0.71148   -2.05258
          2       1100   71.48919   -1.01459   -0.03095   -1.04114   -0.00991   -3.39368   -0.71148   -2.05258
          2       1200   77.93102   -1.01572   -0.03090   -1.04117   -0.01003   -3.39368   -0.71148   -2.05258
          2       1300   84.56223   -1.01672   -0.03086   -1.04111   -0.00996   -3.39368   -0.71148   -2.05258
          2       1400   90.90724   -1.01762   -0.03082   -1.04104   -0.01002   -3.39368   -0.71148   -2.05258
          2       1500   97.95898   -1.01842   -0.03078   -1.04110   -0.01000   -3.39368   -0.71148   -2.05258
          2       1600  104.48246   -1.01915   -0.03075   -1.04114   -0.00996   -3.39368   -0.71148   -2.05258
          2       1700  111.06053   -1.01981   -0.03072   -1.04122   -0.00999   -3.39368   -0.71148   -2.05258
          2       1800  118.69014   -1.02041   -0.03069   -1.04118   -0.01005   -3.39368   -0.71148   -2.05258
          2       1900  126.82827   -1.02097   -0.03067   -1.04117   -0.00997   -3.39368   -0.71148   -2.05258
          2       2000  133.16228   -1.02148   -0.03065   -1.04122   -0.00999   -3.39368   -0.71148   -2.05258
          2       2100  139.32353   -1.02196   -0.03062   -1.04118   -0.00999   -3.39368   -0.71148   -2.05258
          2       2200  145.89431   -1.02241   -0.03030   -1.04123   -0.01003   -3.39368   -0.71148   -2.05258
          2       2300  152.36177   -1.02282   -0.02985   -1.04112   -0.01000   -3.39368   -0.71148   -2.05258
          2       2400  158.11293   -1.02321   -0.02944   -1.04119   -0.01001   -3.39368   -0.71148   -2.05258
          2       2500  164.31974   -1.02358   -0.02904   -1.04123   -0.01000   -3.39368   -0.71148   -2.05258
          2       2600  170.75699   -1.02392   -0.02867   -1.04119   -0.01001   -3.39368   -0.71148   -2.05258
          2       2700  177.44869   -1.02424   -0.02833   -1.04110   -0.00999   -3.39368   -0.71148   -2.05258
          2       2800  184.68633   -1.02455   -0.02800   -1.04120   -0.01003   -3.39368   -0.71148   -2.05258
          2       2900  191.76738   -1.02484   -0.02768   -1.04122   -0.01001   -3.39368   -0.71148   -2.05258
          2       3000  198.39933   -1.02512   -0.02739   -1.04120   -0.00998   -3.39368   -0.71148   -2.05258
          2       3100  204.78316   -1.02538   -0.02711   -1.04121   -0.01002   -3.39368   -0.71148   -2.05258
          2       3200  211.45219   -1.02563   -0.02684   -1.04118   -0.00999   -3.39368   -0.71148   -2.05258
          2       3300  217.58146   -1.02587   -0.02658   -1.04113   -0.01000   -3.39368   -0.71148   -2.05258
          2       3400  223.84304   -1.02610   -0.02634   -1.04126   -0.00999   -3.39368   -0.71148   -2.05258
          2       3500  230.92770   -1.02632   -0.02610   -1.04122   -0.01004   -3.39368   -0.71148   -2.05258
          2       3600  238.65390   -1.02653   -0.02588   -1.04124   -0.01005   -3.39368   -0.71148   -2.05258
          2       3700  245.66334   -1.02673   -0.02566   -1.04124   -0.00999   -3.39368   -0.71148   -2.05258
          2       3800  253.39573   -1.02692   -0.02545   -1.04119   -0.00997   -3.39368   -0.71148   -2.05258
          2       3900  260.09708   -1.02711   -0.02525   -1.04123   -0.00998   -3.39368   -0.71148   -2.05258
          2       4000  267.19779   -1.02729   -0.02506   -1.04126   -0.00999   -3.39368   -0.71148   -2.05258
          2       4100  273.43614   -1.02746   -0.02488   -1.04118   -0.00999   -3.39368   -0.71148   -2.05258
          2       4200  280.55471   -1.02763   -0.02470   -1.04123   -0.01004   -3.39368   -0.71148   -2.05258
          2       4300  288.65400   -1.02779   -0.02453   -1.04122   -0.01000   -3.39368   -0.71148   -2.05258
          2       4400  296.63161   -1.02794   -0.02436   -1.04117   -0.01001   -3.39368   -0.71148   -2.05258
          2       4500  304.07019   -1.02809   -0.02420   -1.04122   -0.00999   -3.39368   -0.71148   -2.05258
          2       4600  311.04548   -1.02824   -0.02405   -1.04120   -0.00999   -3.39368   -0.71148   -2.05258
          2       4700  318.56117   -1.02838   -0.02390   -1.04122   -0.00997   -3.39368   -0.71148   -2.05258
          2       4800  325.46333   -1.02851   -0.02375   -1.04123   -0.01002   -3.39368   -0.71148   -2.05258
          2       4900  332.55810   -1.02864   -0.02361   -1.04125   -0.01002   -3.39368   -0.71148   -2.05258
          2       5000  339.95498   -1.02877   -0.02348   -1.04122   -0.01001   -3.39368   -0.71148   -2.05258
          2       5100  346.91136   -1.02889   -0.02334   -1.04123   -0.01002   -3.39368   -0.71148   -2.05258
          2       5200  354.10450   -1.02901   -0.02321   -1.04123   -0.00998   -3.39368   -0.71148   -2.05258
          2       5300  361.06180   -1.02913   -0.02309   -1.04124   -0.01001   -3.39368   -0.71148   -2.05258
          2       5400  368.16947   -1.02924   -0.02297   -1.04120   -0.01000   -3.39368   -0.71148   -2.05258
          2       5500  375.10008   -1.02935   -0.02285   -1.04122   -0.01001   -3.39368   -0.71148   -2.05258
          2       5600  382.04218   -1.02946   -0.02273   -1.04125   -0.00998   -3.39368   -0.71148   -2.05258
          2       5700  389.34623   -1.02957   -0.02262   -1.04126   -0.01002   -3.39368   -0.71148   -2.05258
          2       5800  396.33691   -1.02967   -0.02251   -1.04126   -0.01001   -3.39368   -0.71148   -2.05258
          2       5900  403.68185   -1.02977   -0.02241   -1.04128   -0.01002   -3.39368   -0.71148   -2.05258
          2       6000  410.65521   -1.02986   -0.02230   -1.04124   -0.01003   -3.39368   -0.71148   -2.05258
          2       6100  417.39186   -1.02996   -0.02220   -1.04123   -0.01002   -3.39368   -0.71148   -2.05258
          2       6200  424.74355   -1.03005   -0.02210   -1.04126   -0.00999   -3.39368   -0.71148   -2.05258
          2       6300  432.13254   -1.03014   -0.02201   -1.04124   -0.01000   -3.39368   -0.71148   -2.05258
          2       6400  439.17889   -1.03023   -0.02191   -1.04124   -0.01001   -3.39368   -0.71148   -2.05258
          2       6500  446.30865   -1.03031   -0.02182   -1.04125   -0.01003   -3.39368   -0.71148   -2.05258
          2       6600  453.65516   -1.03040   -0.02173   -1.04127   -0.01000   -3.39368   -0.71148   -2.05258
          2       6700  460.78327   -1.03048   -0.02164   -1.04126   -0.00999   -3.39368   -0.71148   -2.05258
          2       6800  467.61390   -1.03056   -0.02156   -1.04128   -0.00999   -3.39368   -0.71148   -2.05258
          2       6900  474.84048   -1.03064   -0.02147   -1.04123   -0.01000   -3.39368   -0.71148   -2.05258
          2       7000  481.92790   -1.03071   -0.02139   -1.04128   -0.00999   -3.39368   -0.71148   -2.05258
          2       7100  488.91151   -1.03079   -0.02131   -1.04129   -0.00999   -3.39368   -0.71148   -2.05258
          2       7200  496.55740   -1.03086   -0.02123   -1.04125   -0.00999   -3.39368   -0.71148   -2.05258
          2       7300  503.53551   -1.03093   -0.02116   -1.04128   -0.01000   -3.39368   -0.71148   -2.05258
          2       7400  510.88768   -1.03101   -0.02108   -1.04127   -0.01001   -3.39368   -0.71148   -2.05258
          2       7500  518.06314   -1.03107   -0.02101   -1.04126   -0.01002   -3.39368   -0.71148   -2.05258
          2       7600  525.50135   -1.03114   -0.02093   -1.04128   -0.01001   -3.39368   -0.71148   -2.05258
          2       7700  532.49627   -1.03121   -0.02086   -1.04130   -0.01002   -3.39368   -0.71148   -2.05258
          2       7800  539.47154   -1.03127   -0.02079   -1.04125   -0.01003   -3.39368   -0.71148   -2.05258
          2       7900  546.30733   -1.03134   -0.02073   -1.04126   -0.00999   -3.39368   -0.71148   -2.05258
          2       8000  553.14811   -1.03140   -0.02066   -1.04126   -0.01002   -3.39368   -0.71148   -2.05258
          2       8100  561.27448   -1.03146   -0.02059   -1.04129   -0.01002   -3.39368   -0.71148   -2.05258
          2       8200  568.30649   -1.03152   -0.02053   -1.04130   -0.01000   -3.39368   -0.71148   -2.05258
          2       8300  575.92428   -1.03158   -0.02046   -1.04128   -0.01000   -3.39368   -0.71148   -2.05258
          2       8400  582.52727   -1.03164   -0.02040   -1.04129   -0.00998   -3.39368   -0.71148   -2.05258
          2       8500  589.14535   -1.03170   -0.02034   -1.04127   -0.00999   -3.39368   -0.71148   -2.05258
          2       8600  596.24833   -1.03175   -0.02028   -1.04125   -0.01001   -3.39368   -0.71148   -2.05258
          2       8700  603.86679   -1.03181   -0.02022   -1.04128   -0.01002   -3.39368   -0.71148   -2.05258
          2       8800  610.90011   -1.03186   -0.02016   -1.04126   -0.01001   -3.39368   -0.71148   -2.05258
          2       8900  617.60138   -1.03192   -0.02011   -1.04129   -0.01002   -3.39368   -0.71148   -2.05258
          2       9000  624.89649   -1.03197   -0.02005   -1.04130   -0.01003   -3.39368   -0.71148   -2.05258
          2       9100  631.86176   -1.03202   -0.01999   -1.04125   -0.01001   -3.39368   -0.71148   -2.05258
          2       9200  638.84423   -1.03207   -0.01994   -1.04127   -0.00999   -3.39368   -0.71148   -2.05258
          2       9300  645.94130   -1.03212   -0.01989   -1.04128   -0.00998   -3.39368   -0.71148   -2.05258
          2       9400  652.55935   -1.03217   -0.01983   -1.04127   -0.01000   -3.39368   -0.71148   -2.05258
          2       9500  659.76401   -1.03222   -0.01978   -1.04130   -0.01001   -3.39368   -0.71148   -2.05258
          2       9600  666.85716   -1.03227   -0.01973   -1.04128   -0.01002   -3.39368   -0.71148   -2.05258
          2       9700  673.93976   -1.03231   -0.01968   -1.04130   -0.01001   -3.39368   -0.71148   -2.05258
          2       9800  681.23881   -1.03236   -0.01963   -1.04128   -0.01000   -3.39368   -0.71148   -2.05258
          2       9900  687.80523   -1.03240   -0.01958   -1.04128   -0.01004   -3.39368   -0.71148   -2.05258
          2      10000  695.19858   -1.03245   -0.01953   -1.04129   -0.01002   -3.39368   -0.71148   -2.05258
          2      10100  702.69166   -1.03249   -0.01949   -1.04128   -0.01000   -3.39368   -0.71148   -2.05258
          2      10200  709.92715   -1.03254   -0.01944   -1.04129   -0.01000   -3.39368   -0.71148   -2.05258
          2      10300  717.10756   -1.03258   -0.01940   -1.04127   -0.01000   -3.39368   -0.71148   -2.05258
          2      10400  724.06016   -1.03262   -0.01935   -1.04124   -0.00998   -3.39368   -0.71148   -2.05258
          2      10500  730.95081   -1.03266   -0.01931   -1.04127   -0.01001   -3.39368   -0.71148   -2.05258
          2      10600  737.87879   -1.03270   -0.01926   -1.04130   -0.01001   -3.39368   -0.71148   -2.05258
          2      10700  744.50210   -1.03274   -0.01922   -1.04130   -0.01001   -3.39368   -0.71148   -2.05258
          2      10800  751.05025   -1.03278   -0.01918   -1.04128   -0.01001   -3.39368   -0.71148   -2.05258
          2      10900  757.87768   -1.03282   -0.01913   -1.04128   -0.01000   -3.39368   -0.71148   -2.05258
          2      11000  764.82406   -1.03286   -0.01909   -1.04125   -0.01001   -3.39368   -0.71148   -2.05258
          2      11100  771.84124   -1.03290   -0.01905   -1.04125   -0.00998   -3.39368   -0.71148   -2.05258
          2      11200  778.40804   -1.03294   -0.01901   -1.04126   -0.01001   -3.39368   -0.71148   -2.05258
          2      11300  785.21186   -1.03298   -0.01897   -1.04128   -0.01001   -3.39368   -0.71148   -2.05258
          2      11400  792.36355   -1.03301   -0.01893   -1.04127   -0.00999   -3.39368   -0.71148   -2.05258
          2      11500  798.89538   -1.03305   -0.01889   -1.04124   -0.01000   -3.39368   -0.71148   -2.05258
          2      11600  806.05554   -1.03308   -0.01885   -1.04128   -0.01003   -3.39368   -0.71148   -2.05258
          2      11700  812.87280   -1.03312   -0.01882   -1.04128   -0.01002   -3.39368   -0.71148   -2.05258
          2      11800  819.86672   -1.03315   -0.01878   -1.04126   -0.00997   -3.39368   -0.71148   -2.05258
          2      11900  826.33283   -1.03319   -0.01874   -1.04128   -0.01001   -3.39368   -0.71148   -2.05258
          2      12000  833.12995   -1.03322   -0.01871   -1.04130   -0.00999   -3.39368   -0.71148   -2.05258
          2      12100  839.50367   -1.03326   -0.01867   -1.04130   -0.00998   -3.39368   -0.71148   -2.05258
          2      12200  846.22453   -1.03329   -0.01863   -1.04130   -0.01003   -3.39368   -0.71148   -2.05258
          2      12300  853.43488   -1.03332   -0.01860   -1.04128   -0.01001   -3.39368   -0.71148   -2.05258
          2      12400  860.10343   -1.03335   -0.01856   -1.04129   -0.01003   -3.39368   -0.71148   -2.05258
          2      12500  867.02307   -1.03339   -0.01853   -1.04131   -0.00999   -3.39368   -0.71148   -2.05258
          2      12600  873.51058   -1.03342   -0.01850   -1.04130   -0.01002   -3.39368   -0.71148   -2.05258
          2      12700  880.18666   -1.03345   -0.01846   -1.04130   -0.01001   -3.39368   -0.71148   -2.05258
          2      12800  887.05085   -1.03348   -0.01843   -1.04128   -0.01000   -3.39368   -0.71148   -2.05258
          2      12900  893.27662   -1.03351   -0.01840   -1.04129   -0.01002   -3.39368   -0.71148   -2.05258
          2      13000  900.00589   -1.03354   -0.01836   -1.04130   -0.01000   -3.39368   -0.71148   -2.05258
          2      13100  906.96044   -1.03357   -0.01833   -1.04130   -0.00999   -3.39368   -0.71148   -2.05258
          2      13200  913.41747   -1.03360   -0.01830   -1.04131   -0.01000   -3.39368   -0.71148   -2.05258
          2      13300  919.98241   -1.03363   -0.01827   -1.04131   -0.01001   -3.39368   -0.71148   -2.05258
          2      13400  926.61951   -1.03366   -0.01824   -1.04129   -0.01002   -3.39368   -0.71148   -2.05258
          2      13500  933.12742   -1.03369   -0.01821   -1.04129   -0.01001   -3.39368   -0.71148   -2.05258
          2      13600  939.44433   -1.03372   -0.01818   -1.04128   -0.01001   -3.39368   -0.71148   -2.05258
          2      13700  946.55682   -1.03374   -0.01815   -1.04127   -0.01000   -3.39368   -0.71148   -2.05258
          2      13800  953.85265   -1.03377   -0.01812   -1.04130   -0.01001   -3.39368   -0.71148   -2.05258
          2      13900  960.39334   -1.03380   -0.01809   -1.04130   -0.01001   -3.39368   -0.71148   -2.05258
          2      14000  966.68231   -1.03382   -0.01806   -1.04128   -0.01000   -3.39368   -0.71148   -2.05258
          2      14100  973.49196   -1.03385   -0.01803   -1.04131   -0.01001   -3.39368   -0.71148   -2.05258
          2      14200  980.88949   -1.03388   -0.01800   -1.04130   -0.01001   -3.39368   -0.71148   -2.05258
          2      14300  987.62780   -1.03390   -0.01798   -1.04130   -0.01002   -3.39368   -0.71148   -2.05258
          2      14400  994.12111   -1.03393   -0.01795   -1.04129   -0.01002   -3.39368   -0.71148   -2.05258
          2      14500 1001.10545   -1.03396   -0.01792   -1.04129   -0.01000   -3.39368   -0.71148   -2.05258
          2      14600 1007.27466   -1.03398   -0.01789   -1.04130   -0.01000   -3.39368   -0.71148   -2.05258
          2      14700 1013.79691   -1.03401   -0.01787   -1.04129   -0.01002   -3.39368   -0.71148   -2.05258
          2      14800 1021.71663   -1.03403   -0.01784   -1.04129   -0.00999   -3.39368   -0.71148   -2.05258
          2      14900 1028.32585   -1.03406   -0.01781   -1.04130   -0.00999   -3.39368   -0.71148   -2.05258
          2      15000 1034.81679   -1.03408   -0.01779   -1.04128   -0.01003   -3.39368   -0.71148   -2.05258
          2      15100 1041.00895   -1.03410   -0.01776   -1.04127   -0.01000   -3.39368   -0.71148   -2.05258
          2      15200 1047.33649   -1.03413   -0.01774   -1.04130   -0.01000   -3.39368   -0.71148   -2.05258
          2      15300 1054.76595   -1.03415   -0.01771   -1.04127   -0.00999   -3.39368   -0.71148   -2.05258
          2      15400 1061.15399   -1.03417   -0.01769   -1.04132   -0.01001   -3.39368   -0.71148   -2.05258
          2      15500 1068.45040   -1.03420   -0.01766   -1.04130   -0.01000   -3.39368   -0.71148   -2.05258
          2      15600 1074.94027   -1.03422   -0.01764   -1.04130   -0.01000   -3.39368   -0.71148   -2.05258
          2      15700 1081.96466   -1.03424   -0.01761   -1.04131   -0.01001   -3.39368   -0.71148   -2.05258
          2      15800 1089.32051   -1.03427   -0.01759   -1.04130   -0.01000   -3.39368   -0.71148   -2.05258
          2      15900 1096.04436   -1.03429   -0.01756   -1.04130   -0.01002   -3.39368   -0.71148   -2.05258
          2      16000 1102.85639   -1.03431   -0.01754   -1.04128   -0.01003   -3.39368   -0.71148   -2.05258
          2      16100 1109.87945   -1.03433   -0.01752   -1.04129   -0.01001   -3.39368   -0.71148   -2.05258
          2      16200 1116.68971   -1.03435   -0.01749   -1.04128   -0.01001   -3.39368   -0.71148   -2.05258
          2      16300 1123.44712   -1.03437   -0.01747   -1.04130   -0.00999   -3.39368   -0.71148   -2.05258
          2      16400 1130.33979   -1.03440   -0.01745   -1.04129   -0.01001   -3.39368   -0.71148   -2.05258
          2      16500 1138.20060   -1.03442   -0.01743   -1.04125   -0.01001   -3.39368   -0.71148   -2.05258
          2      16600 1144.78420   -1.03444   -0.01740   -1.04131   -0.01001   -3.39368   -0.71148   -2.05258
          2      16700 1150.84407   -1.03446   -0.01738   -1.04129   -0.01000   -3.39368   -0.71148   -2.05258
          2      16800 1157.35364   -1.03448   -0.01736   -1.04129   -0.01000   -3.39368   -0.71148   -2.05258
          2      16900 1164.15272   -1.03450   -0.01734   -1.04130   -0.01000   -3.39368   -0.71148   -2.05258
          2      17000 1170.50617   -1.03452   -0.01732   -1.04131   -0.00999   -3.39368   -0.71148   -2.05258
          2      17100 1177.15720   -1.03454   -0.01730   -1.04129   -0.01001   -3.39368   -0.71148   -2.05258
          2      17200 1183.45910   -1.03456   -0.01727   -1.04131   -0.01001   -3.39368   -0.71148   -2.05258
          2      17300 1189.97182   -1.03458   -0.01725   -1.04125   -0.01001   -3.39368   -0.71148   -2.05258
          2      17400 1196.76284   -1.03460   -0.01723   -1.04130   -0.01000   -3.39368   -0.71148   -2.05258
          2      17500 1203.89540   -1.03462   -0.01721   -1.04127   -0.01000   -3.39368   -0.71148   -2.05258
          2      17600 1210.57183   -1.03464   -0.01719   -1.04127   -0.00999   -3.39368   -0.71148   -2.05258
          2      17700 1217.33113   -1.03466   -0.01717   -1.04128   -0.00998   -3.39368   -0.71148   -2.05258
          2      17800 1223.99114   -1.03467   -0.01715   -1.04129   -0.01001   -3.39368   -0.71148   -2.05258
          2      17900 1230.78276   -1.03469   -0.01713   -1.04131   -0.00998   -3.39368   -0.71148   -2.05258
          2      18000 1237.37328   -1.03471   -0.01711   -1.04131   -0.01001   -3.39368   -0.71148   -2.05258
          2      18100 1245.44608   -1.03473   -0.01709   -1.04129   -0.01001   -3.39368   -0.71148   -2.05258
          2      18200 1253.06470   -1.03475   -0.01707   -1.04130   -0.01002   -3.39368   -0.71148   -2.05258
          2      18300 1259.43248   -1.03477   -0.01705   -1.04129   -0.01002   -3.39368   -0.71148   -2.05258
          2      18400 1266.37313   -1.03478   -0.01703   -1.04127   -0.01001   -3.39368   -0.71148   -2.05258
          2      18500 1273.34957   -1.03480   -0.01701   -1.04127   -0.01002   -3.39368   -0.71148   -2.05258
          2      18600 1280.26197   -1.03482   -0.01700   -1.04131   -0.01003   -3.39368   -0.71148   -2.05258
          2      18700 1286.96611   -1.03484   -0.01698   -1.04130   -0.01000   -3.39368   -0.71148   -2.05258
          2      18800 1293.85948   -1.03485   -0.01696   -1.04129   -0.01000   -3.39368   -0.71148   -2.05258
          2      18900 1300.53274   -1.03487   -0.01694   -1.04128   -0.01000   -3.39368   -0.71148   -2.05258
          2      19000 1307.51991   -1.03489   -0.01692   -1.04131   -0.01002   -3.39368   -0.71148   -2.05258
          2      19100 1314.35220   -1.03491   -0.01690   -1.04127   -0.00999   -3.39368   -0.71148   -2.05258
          2      19200 1321.33109   -1.03492   -0.01689   -1.04130   -0.01002   -3.39368   -0.71148   -2.05258
          2      19300 1328.10079   -1.03494   -0.01687   -1.04126   -0.00999   -3.39368   -0.71148   -2.05258
          2      19400 1334.15202   -1.03496   -0.01685   -1.04129   -0.01001   -3.39368   -0.71148   -2.05258
          2      19500 1340.95763   -1.03497   -0.01683   -1.04129   -0.01001   -3.39368   -0.71148   -2.05258
          2      19600 1347.41629   -1.03499   -0.01682   -1.04125   -0.01000   -3.39368   -0.71148   -2.05258
          2      19700 1354.29224   -1.03500   -0.01680   -1.04128   -0.01001   -3.39368   -0.71148   -2.05258
          2      19800 1360.85692   -1.03502   -0.01678   -1.04132   -0.01002   -3.39368   -0.71148   -2.05258
          2      19900 1367.59699   -1.03504   -0.01676   -1.04129   -0.01000   -3.39368   -0.71148   -2.05258
          2      20000 1373.64178   -1.03505   -0.01675   -1.04129   -0.00998   -3.39368   -0.71148   -2.05258
          2      20100 1380.64621   -1.03507   -0.01673   -1.04129   -0.01001   -3.39368   -0.71148   -2.05258
          2      20200 1386.67679   -1.03508   -0.01671   -1.04130   -0.00999   -3.39368   -0.71148   -2.05258
          2      20300 1393.74436   -1.03510   -0.01670   -1.04131   -0.00999   -3.39368   -0.71148   -2.05258
          2      20400 1400.68020   -1.03511   -0.01668   -1.04129   -0.01002   -3.39368   -0.71148   -2.05258
          2      20500 1407.43518   -1.03513   -0.01666   -1.04132   -0.01001   -3.39368   -0.71148   -2.05258
          2      20600 1413.80449   -1.03514   -0.01665   -1.04131   -0.00999   -3.39368   -0.71148   -2.05258
          2      20700 1420.29979   -1.03516   -0.01663   -1.04131   -0.00999   -3.39368   -0.71148   -2.05258
          2      20800 1427.22860   -1.03517   -0.01662   -1.04133   -0.01001   -3.39368   -0.71148   -2.05258
          2      20900 1433.63133   -1.03519   -0.01660   -1.04128   -0.01002   -3.39368   -0.71148   -2.05258
          2      21000 1441.10348   -1.03520   -0.01658   -1.04130   -0.01000   -3.39368   -0.71148   -2.05258
          2      21100 1447.77024   -1.03522   -0.01657   -1.04128   -0.01001   -3.39368   -0.71148   -2.05258
          2      21200 1454.70302   -1.03523   -0.01655   -1.04130   -0.01000   -3.39368   -0.71148   -2.05258
          2      21300 1461.78405   -1.03525   -0.01654   -1.04129   -0.01001   -3.39368   -0.71148   -2.05258
          2      21400 1469.25753   -1.03526   -0.01652   -1.04127   -0.01001   -3.39368   -0.71148   -2.05258
          2      21500 1475.56203   -1.03528   -0.01651   -1.04128   -0.01000   -3.39368   -0.71148   -2.05258
          2      21600 1481.74638   -1.03529   -0.01649   -1.04130   -0.01000   -3.39368   -0.71148   -2.05258
          2      21700 1488.05851   -1.03530   -0.01648   -1.04129   -0.01002   -3.39368   -0.71148   -2.05258
          2      21800 1494.75066   -1.03532   -0.01646   -1.04133   -0.01001   -3.39368   -0.71148   -2.05258
          2      21900 1500.81335   -1.03533   -0.01645   -1.04129   -0.01000   -3.39368   -0.71148   -2.05258
          2      22000 1507.12818   -1.03534   -0.01643   -1.04128   -0.01001   -3.39368   -0.71148   -2.05258
          2      22100 1513.83793   -1.03536   -0.01642   -1.04126   -0.01000   -3.39368   -0.71148   -2.05258
          2      22200 1520.80319   -1.03537   -0.01640   -1.04130   -0.01000   -3.39368   -0.71148   -2.05258
          2      22300 1527.49243   -1.03539   -0.01639   -1.04127   -0.00999   -3.39368   -0.71148   -2.05258
          2      22400 1534.35113   -1.03540   -0.01638   -1.04130   -0.01000   -3.39368   -0.71148   -2.05258
          2      22500 1541.24905   -1.03541   -0.01636   -1.04130   -0.01001   -3.39368   -0.71148   -2.05258
          2      22600 1548.50297   -1.03543   -0.01635   -1.04131   -0.01001   -3.39368   -0.71148   -2.05258
          2      22700 1555.66069   -1.03544   -0.01633   -1.04131   -0.01000   -3.39368   -0.71148   -2.05258
          2      22800 1563.25061   -1.03545   -0.01632   -1.04129   -0.01001   -3.39368   -0.71148   -2.05258
          2      22900 1570.72802   -1.03546   -0.01631   -1.04130   -0.01002   -3.39368   -0.71148   -2.05258
          2      23000 1577.52595   -1.03548   -0.01629   -1.04130   -0.01003   -3.39368   -0.71148   -2.05258
          2      23100 1584.24841   -1.03549   -0.01628   -1.04128   -0.01002   -3.39368   -0.71148   -2.05258
          2      23200 1590.72967   -1.03550   -0.01627   -1.04130   -0.01000   -3.39368   -0.71148   -2.05258
          2      23300 1597.00660   -1.03551   -0.01625   -1.04129   -0.01002   -3.39368   -0.71148   -2.05258
          2      23400 1603.44590   -1.03553   -0.01624   -1.04128   -0.01002   -3.39368   -0.71148   -2.05258
          2      23500 1610.02170   -1.03554   -0.01623   -1.04132   -0.01000   -3.39368   -0.71148   -2.05258
          2      23600 1616.68604   -1.03555   -0.01621   -1.04131   -0.01000   -3.39368   -0.71148   -2.05258
          2      23700 1622.99132   -1.03556   -0.01620   -1.04129   -0.01002   -3.39368   -0.71148   -2.05258
          2      23800 1629.73239   -1.03558   -0.01619   -1.04129   -0.01000   -3.39368   -0.71148   -2.05258
          2      23900 1636.24137   -1.03559   -0.01617   -1.04129   -0.01000   -3.39368   -0.71148   -2.05258
          2      24000 1642.60278   -1.03560   -0.01616   -1.04128   -0.00999   -3.39368   -0.71148   -2.05258
          2      24100 1648.83941   -1.03561   -0.01615   -1.04130   -0.01001   -3.39368   -0.71148   -2.05258
          2      24200 1655.99887   -1.03562   -0.01613   -1.04131   -0.01001   -3.39368   -0.71148   -2.05258
          2      24300 1662.82803   -1.03564   -0.01612   -1.04128   -0.01000   -3.39368   -0.71148   -2.05258
          2      24400 1669.94892   -1.03565   -0.01611   -1.04127   -0.01002   -3.39368   -0.71148   -2.05258
          2      24500 1676.83198   -1.03566   -0.01610   -1.04131   -0.01000   -3.39368   -0.71148   -2.05258
          2      24600 1684.58577   -1.03567   -0.01608   -1.04129   -0.01002   -3.39368   -0.71148   -2.05258
          2      24700 1691.46686   -1.03568   -0.01607   -1.04130   -0.00998   -3.39368   -0.71148   -2.05258
          2      24800 1698.98800   -1.03569   -0.01606   -1.04131   -0.01001   -3.39368   -0.71148   -2.05258
          2      24900 1705.63808   -1.03570   -0.01605   -1.04131   -0.01000   -3.39368   -0.71148   -2.05258
          2      25000 1712.15640   -1.03572   -0.01604   -1.04129   -0.01001   -3.39368   -0.71148   -2.05258
          2      25100 1719.26681   -1.03573   -0.01602   -1.04133   -0.01001   -3.39368   -0.71148   -2.05258
          2      25200 1725.49546   -1.03574   -0.01601   -1.04126   -0.01001   -3.39368   -0.71148   -2.05258
          2      25300 1732.43723   -1.03575   -0.01600   -1.04128   -0.01002   -3.39368   -0.71148   -2.05258
          2      25400 1739.98120   -1.03576   -0.01599   -1.04131   -0.01001   -3.39368   -0.71148   -2.05258
          2      25500 1747.77628   -1.03577   -0.01598   -1.04126   -0.01001   -3.39368   -0.71148   -2.05258
          2      25600 1754.52554   -1.03578   -0.01596   -1.04131   -0.01001   -3.39368   -0.71148   -2.05258
          2      25700 1761.68308   -1.03579   -0.01595   -1.04132   -0.01001   -3.39368   -0.71148   -2.05258
          2      25800 1768.70063   -1.03580   -0.01594   -1.04131   -0.01001   -3.39368   -0.71148   -2.05258
          2      25900 1775.42489   -1.03581   -0.01593   -1.04130   -0.01002   -3.39368   -0.71148   -2.05258
          2      26000 1782.17009   -1.03583   -0.01592   -1.04130   -0.01001   -3.39368   -0.71148   -2.05258
          2      26100 1788.11945   -1.03584   -0.01591   -1.04131   -0.01002   -3.39368   -0.71148   -2.05258
          2      26200 1795.00465   -1.03585   -0.01590   -1.04130   -0.01002   -3.39368   -0.71148   -2.05258
          2      26300 1801.52165   -1.03586   -0.01589   -1.04130   -0.01003   -3.39368   -0.71148   -2.05258
          2      26400 1808.81158   -1.03587   -0.01587   -1.04131   -0.01000   -3.39368   -0.71148   -2.05258
          2      26500 1815.58885   -1.03588   -0.01586   -1.04127   -0.01000   -3.39368   -0.71148   -2.05258
          2      26600 1822.22618   -1.03589   -0.01585   -1.04130   -0.01001   -3.39368   -0.71148   -2.05258
          2      26700 1828.89643   -1.03590   -0.01584   -1.04130   -0.01001   -3.39368   -0.71148   -2.05258
          2      26800 1836.04283   -1.03591   -0.01583   -1.04128   -0.01002   -3.39368   -0.71148   -2.05258
          2      26900 1842.27160   -1.03592   -0.01582   -1.04130   -0.01000   -3.39368   -0.71148   -2.05258
          2      27000 1848.86315   -1.03593   -0.01581   -1.04131   -0.01000   -3.39368   -0.71148   -2.05258
          2      27100 1855.49229   -1.03594   -0.01580   -1.04130   -0.01001   -3.39368   -0.71148   -2.05258
          2      27200 1861.52865   -1.03595   -0.01579   -1.04129   -0.01001   -3.39368   -0.71148   -2.05258
          2      27300 1868.00774   -1.03596   -0.01578   -1.04130   -0.01000   -3.39368   -0.71148   -2.05258
          2      27400 1874.19878   -1.03597   -0.01577   -1.04127   -0.01000   -3.39368   -0.71148   -2.05258
          2      27500 1881.45845   -1.03598   -0.01576   -1.04132   -0.01002   -3.39368   -0.71148   -2.05258
          2      27600 1888.47143   -1.03599   -0.01575   -1.04130   -0.01001   -3.39368   -0.71148   -2.05258
          2      27700 1894.99812   -1.03600   -0.01573   -1.04130   -0.01001   -3.39368   -0.71148   -2.05258
          2      27800 1901.59571   -1.03601   -0.01572   -1.04130   -0.01002   -3.39368   -0.71148   -2.05258
          2      27900 1908.22070   -1.03602   -0.01571   -1.04129   -0.01001   -3.39368   -0.71148   -2.05258
          2      28000 1914.93223   -1.03603   -0.01570   -1.04131   -0.01003   -3.39368   -0.71148   -2.05258
          2      28100 1921.55647   -1.03604   -0.01569   -1.04132   -0.01001   -3.39368   -0.71148   -2.05258
          2      28200 1928.51388   -1.03605   -0.01568   -1.04131   -0.01000   -3.39368   -0.71148   -2.05258
          2      28300 1935.49534   -1.03605   -0.01567   -1.04130   -0.01001   -3.39368   -0.71148   -2.05258
          2      28400 1942.58926   -1.03606   -0.01566   -1.04131   -0.01002   -3.39368   -0.71148   -2.05258
          2      28500 1949.51548   -1.03607   -0.01565   -1.04132   -0.01002   -3.39368   -0.71148   -2.05258
          2      28600 1956.06204   -1.03608   -0.01564   -1.04130   -0.01002   -3.39368   -0.71148   -2.05258
          2      28700 1962.67216   -1.03609   -0.01563   -1.04132   -0.01000   -3.39368   -0.71148   -2.05258
          2      28800 1969.17335   -1.03610   -0.01562   -1.04131   -0.01001   -3.39368   -0.71148   -2.05258
          2      28900 1975.69895   -1.03611   -0.01561   -1.04131   -0.01002   -3.39368   -0.71148   -2.05258
          2      29000 1982.48937   -1.03612   -0.01561   -1.04132   -0.01002   -3.39368   -0.71148   -2.05258
          2      29100 1988.89968   -1.03613   -0.01560   -1.04130   -0.01003   -3.39368   -0.71148   -2.05258
          2      29200 1995.82211   -1.03614   -0.01559   -1.04129   -0.01000   -3.39368   -0.71148   -2.05258
          2      29300 2002.29432   -1.03615   -0.01558   -1.04132   -0.01000   -3.39368   -0.71148   -2.05258
          2      29400 2008.77926   -1.03615   -0.01557   -1.04127   -0.01002   -3.39368   -0.71148   -2.05258
          2      29500 2015.47666   -1.03616   -0.01556   -1.04128   -0.00999   -3.39368   -0.71148   -2.05258
          2      29600 2022.32268   -1.03617   -0.01555   -1.04132   -0.01001   -3.39368   -0.71148   -2.05258
          2      29700 2028.42876   -1.03618   -0.01554   -1.04130   -0.01002   -3.39368   -0.71148   -2.05258
          2      29800 2034.86307   -1.03619   -0.01553   -1.04132   -0.01000   -3.39368   -0.71148   -2.05258
          2      29900 2041.77540   -1.03620   -0.01552   -1.04130   -0.01001   -3.39368   -0.71148   -2.05258
          2      30000 2048.01989   -1.03621   -0.01551   -1.04131   -0.01000   -3.39368   -0.71148   -2.05258
          2      30100 2054.79615   -1.03622   -0.01550   -1.04131   -0.01001   -3.39368   -0.71148   -2.05258
          2      30200 2061.50755   -1.03622   -0.01549   -1.04131   -0.01002   -3.39368   -0.71148   -2.05258
          2      30300 2068.58770   -1.03623   -0.01548   -1.04128   -0.01002   -3.39368   -0.71148   -2.05258
          2      30400 2075.03944   -1.03624   -0.01547   -1.04133   -0.01001   -3.39368   -0.71148   -2.05258
          2      30500 2082.37573   -1.03625   -0.01547   -1.04130   -0.01002   -3.39368   -0.71148   -2.05258
          2      30600 2089.16405   -1.03626   -0.01546   -1.04132   -0.01001   -3.39368   -0.71148   -2.05258
          2      30700 2095.44602   -1.03627   -0.01545   -1.04131   -0.01001   -3.39368   -0.71148   -2.05258
          2      30800 2102.23261   -1.03627   -0.01544   -1.04132   -0.01002   -3.39368   -0.71148   -2.05258
          2      30900 2108.65792   -1.03628   -0.01543   -1.04129   -0.01000   -3.39368   -0.71148   -2.05258
          2      31000 2115.01403   -1.03629   -0.01542   -1.04131   -0.01003   -3.39368   -0.71148   -2.05258
          2      31100 2121.86477   -1.03630   -0.01541   -1.04132   -0.01001   -3.39368   -0.71148   -2.05258
          2      31200 2127.91840   -1.03631   -0.01540   -1.04131   -0.01000   -3.39368   -0.71148   -2.05258
          2      31300 2134.18756   -1.03631   -0.01540   -1.04129   -0.01001   -3.39368   -0.71148   -2.05258
          2      31400 2141.00736   -1.03632   -0.01539   -1.04133   -0.01001   -3.39368   -0.71148   -2.05258
          2      31500 2148.04219   -1.03633   -0.01538   -1.04130   -0.01001   -3.39368   -0.71148   -2.05258
          2      31600 2154.49703   -1.03634   -0.01537   -1.04133   -0.01002   -3.39368   -0.71148   -2.05258
          2      31700 2161.34632   -1.03635   -0.01536   -1.04130   -0.01001   -3.39368   -0.71148   -2.05258
          2      31800 2168.43028   -1.03635   -0.01535   -1.04133   -0.01001   -3.39368   -0.71148   -2.05258
          2      31900 2174.61013   -1.03636   -0.01534   -1.04129   -0.01002   -3.39368   -0.71148   -2.05258
          2      32000 2181.50208   -1.03637   -0.01534   -1.04131   -0.01001   -3.39368   -0.71148   -2.05258
          2      32100 2189.15001   -1.03638   -0.01533   -1.04131   -0.01002   -3.39368   -0.71148   -2.05258
          2      32200 2196.13680   -1.03639   -0.01532   -1.04132   -0.01001   -3.39368   -0.71148   -2.05258
          2      32300 2202.45472   -1.03639   -0.01531   -1.04132   -0.01001   -3.39368   -0.71148   -2.05258
          2      32400 2209.75123   -1.03640   -0.01530   -1.04130   -0.01000   -3.39368   -0.71148   -2.05258
          2      32500 2216.18621   -1.03641   -0.01530   -1.04131   -0.01000   -3.39368   -0.71148   -2.05258
          2      32600 2222.89483   -1.03642   -0.01529   -1.04130   -0.01002   -3.39368   -0.71148   -2.05258
          2      32700 2229.60823   -1.03642   -0.01528   -1.04130   -0.01001   -3.39368   -0.71148   -2.05258
          2      32800 2236.56069   -1.03643   -0.01527   -1.04131   -0.01001   -3.39368   -0.71148   -2.05258
          2      32900 2243.48494   -1.03644   -0.01526   -1.04131   -0.01001   -3.39368   -0.71148   -2.05258
          2      33000 2250.18296   -1.03645   -0.01526   -1.04131   -0.01002   -3.39368   -0.71148   -2.05258
          2      33100 2257.13538   -1.03645   -0.01525   -1.04132   -0.01001   -3.39368   -0.71148   -2.05258
          2      33200 2263.37438   -1.03646   -0.01524   -1.04132   -0.01001   -3.39368   -0.71148   -2.05258
          2      33300 2269.71881   -1.03647   -0.01523   -1.04130   -0.01002   -3.39368   -0.71148   -2.05258
          2      33400 2276.52530   -1.03648   -0.01522   -1.04132   -0.01002   -3.39368   -0.71148   -2.05258
          2      33500 2282.96287   -1.03648   -0.01522   -1.04133   -0.01001   -3.39368   -0.71148   -2.05258
          2      33600 2289.26225   -1.03649   -0.01521   -1.04132   -0.00999   -3.39368   -0.71148   -2.05258
          2      33700 2295.21462   -1.03650   -0.01520   -1.04132   -0.01000   -3.39368   -0.71148   -2.05258
          2      33800 2302.05098   -1.03650   -0.01519   -1.04132   -0.01001   -3.39368   -0.71148   -2.05258
          2      33900 2308.32955   -1.03651   -0.01519   -1.04132   -0.01001   -3.39368   -0.71148   -2.05258
          2      34000 2315.21409   -1.03652   -0.01518   -1.04131   -0.01001   -3.39368   -0.71148   -2.05258
          2      34100 2321.85479   -1.03653   -0.01517   -1.04131   -0.01000   -3.39368   -0.71148   -2.05258
          2      34200 2328.39980   -1.03653   -0.01516   -1.04133   -0.01002   -3.39368   -0.71148   -2.05258
          2      34300 2334.49785   -1.03654   -0.01515   -1.04132   -0.01001   -3.39368   -0.71148   -2.05258
          2      34400 2342.27094   -1.03655   -0.01515   -1.04132   -0.01001   -3.39368   -0.71148   -2.05258
          2      34500 2349.57597   -1.03655   -0.01514   -1.04131   -0.01002   -3.39368   -0.71148   -2.05258
          2      34600 2356.11852   -1.03656   -0.01513   -1.04132   -0.01002   -3.39368   -0.71148   -2.05258
          2      34700 2362.66563   -1.03657   -0.01513   -1.04131   -0.01000   -3.39368   -0.71148   -2.05258
          2      34800 2369.16007   -1.03657   -0.01512   -1.04131   -0.01001   -3.39368   -0.71148   -2.05258
          2      34900 2376.07170   -1.03658   -0.01511   -1.04131   -0.01001   -3.39368   -0.71148   -2.05258
          2      35000 2383.38973   -1.03659   -0.01510   -1.04132   -0.01000   -3.39368   -0.71148   -2.05258
          2      35100 2389.94650   -1.03659   -0.01510   -1.04132   -0.01000   -3.39368   -0.71148   -2.05258
          2      35200 2396.12908   -1.03660   -0.01509   -1.04132   -0.01002   -3.39368   -0.71148   -2.05258
          2      35300 2402.70055   -1.03661   -0.01508   -1.04131   -0.01002   -3.39368   -0.71148   -2.05258
          2      35400 2408.90265   -1.03661   -0.01507   -1.04129   -0.01001   -3.39368   -0.71148   -2.05258
          2      35500 2415.98685   -1.03662   -0.01507   -1.04132   -0.01001   -3.39368   -0.71148   -2.05258
          2      35600 2423.71225   -1.03663   -0.01506   -1.04132   -0.01002   -3.39368   -0.71148   -2.05258
          2      35700 2430.67292   -1.03663   -0.01505   -1.04133   -0.01002   -3.39368   -0.71148   -2.05258
          2      35800 2437.58522   -1.03664   -0.01505   -1.04131   -0.01002   -3.39368   -0.71148   -2.05258
          2      35900 2444.28524   -1.03665   -0.01504   -1.04131   -0.01001   -3.39368   -0.71148   -2.05258
          2      36000 2450.89688   -1.03665   -0.01503   -1.04132   -0.01001   -3.39368   -0.71148   -2.05258
          2      36100 2457.41279   -1.03666   -0.01503   -1.04132   -0.01002   -3.39368   -0.71148   -2.05258
          2      36200 2464.06699   -1.03667   -0.01502   -1.04133   -0.01001   -3.39368   -0.71148   -2.05258
          2      36300 2470.64907   -1.03667   -0.01501   -1.04132   -0.01001   -3.39368   -0.71148   -2.05258
          2      36400 2476.98821   -1.03668   -0.01500   -1.04133   -0.01002   -3.39368   -0.71148   -2.05258
          2      36500 2483.50755   -1.03669   -0.01500   -1.04133   -0.01002   -3.39368   -0.71148   -2.05258
          2      36600 2490.53095   -1.03669   -0.01499   -1.04131   -0.01000   -3.39368   -0.71148   -2.05258
          2      36700 2497.29169   -1.03670   -0.01498   -1.04132   -0.01002   -3.39368   -0.71148   -2.05258
          2      36800 2503.83851   -1.03671   -0.01498   -1.04133   -0.01001   -3.39368   -0.71148   -2.05258
          2      36900 2510.73106   -1.03671   -0.01497   -1.04131   -0.01001   -3.39368   -0.71148   -2.05258
          2      37000 2517.25290   -1.03672   -0.01496   -1.04130   -0.01002   -3.39368   -0.71148   -2.05258
          2      37100 2524.34282   -1.03672   -0.01496   -1.04132   -0.01001   -3.39368   -0.71148   -2.05258
          2      37200 2530.96186   -1.03673   -0.01495   -1.04133   -0.01002   -3.39368   -0.71148   -2.05258
          2      37300 2538.01989   -1.03674   -0.01494   -1.04132   -0.01002   -3.39368   -0.71148   -2.05258
          2      37400 2544.68017   -1.03674   -0.01494   -1.04133   -0.01000   -3.39368   -0.71148   -2.05258
          2      37500 2551.69592   -1.03675   -0.01493   -1.04132   -0.01000   -3.39368   -0.71148   -2.05258
          2      37600 2558.35549   -1.03676   -0.01492   -1.04132   -0.01001   -3.39368   -0.71148   -2.05258
          2      37700 2565.59725   -1.03676   -0.01492   -1.04132   -0.01001   -3.39368   -0.71148   -2.05258
          2      37800 2572.09216   -1.03677   -0.01491   -1.04132   -0.01002   -3.39368   -0.71148   -2.05258
          2      37900 2578.72325   -1.03677   -0.01490   -1.04131   -0.01001   -3.39368   -0.71148   -2.05258
          2      38000 2585.83569   -1.03678   -0.01490   -1.04132   -0.01001   -3.39368   -0.71148   -2.05258
          2      38100 2592.92226   -1.03679   -0.01489   -1.04130   -0.01001   -3.39368   -0.71148   -2.05258
          2      38200 2599.66850   -1.03679   -0.01489   -1.04131   -0.01001   -3.39368   -0.71148   -2.05258
          2      38300 2606.37478   -1.03680   -0.01488   -1.04132   -0.01002   -3.39368   -0.71148   -2.05258
          2      38400 2613.66357   -1.03680   -0.01487   -1.04131   -0.01001   -3.39368   -0.71148   -2.05258
          2      38500 2620.98120   -1.03681   -0.01487   -1.04131   -0.01002   -3.39368   -0.71148   -2.05258
          2      38600 2627.84767   -1.03681   -0.01486   -1.04132   -0.01001   -3.39368   -0.71148   -2.05258
          2      38700 2635.03232   -1.03682   -0.01485   -1.04131   -0.01001   -3.39368   -0.71148   -2.05258
          2      38800 2641.84191   -1.03683   -0.01485   -1.04131   -0.01002   -3.39368   -0.71148   -2.05258
          2      38900 2648.11504   -1.03683   -0.01484   -1.04131   -0.01002   -3.39368   -0.71148   -2.05258
          2      39000 2654.61016   -1.03684   -0.01484   -1.04131   -0.01000   -3.39368   -0.71148   -2.05258
          2      39100 2661.08553   -1.03684   -0.01483   -1.04131   -0.01001   -3.39368   -0.71148   -2.05258
          2      39200 2667.67541   -1.03685   -0.01482   -1.04132   -0.01000   -3.39368   -0.71148   -2.05258
          2      39300 2674.16263   -1.03686   -0.01482   -1.04132   -0.01000   -3.39368   -0.71148   -2.05258
          2      39400 2680.76801   -1.03686   -0.01481   -1.04132   -0.01001   -3.39368   -0.71148   -2.05258
          2      39500 2688.00722   -1.03687   -0.01480   -1.04131   -0.01001   -3.39368   -0.71148   -2.05258
          2      39600 2694.55088   -1.03687   -0.01480   -1.04131   -0.01001   -3.39368   -0.71148   -2.05258
          2      39700 2701.37140   -1.03688   -0.01479   -1.04132   -0.01000   -3.39368   -0.71148   -2.05258
          2      39800 2708.10936   -1.03688   -0.01479   -1.04131   -0.01002   -3.39368   -0.71148   -2.05258
          2      39900 2714.29337   -1.03689   -0.01478   -1.04132   -0.01001   -3.39368   -0.71148   -2.05258
          2      40000 2720.47355   -1.03689   -0.01477   -1.04130   -0.01001   -3.39368   -0.71148   -2.05258
          2      40100 2727.69214   -1.03690   -0.01477   -1.04132   -0.01001   -3.39368   -0.71148   -2.05258
          2      40200 2734.16132   -1.03691   -0.01476   -1.04131   -0.01001   -3.39368   -0.71148   -2.05258
          2      40300 2740.73118   -1.03691   -0.01476   -1.04131   -0.01001   -3.39368   -0.71148   -2.05258
          2      40400 2747.51342   -1.03692   -0.01475   -1.04132   -0.01000   -3.39368   -0.71148   -2.05258
          2      40500 2753.99069   -1.03692   -0.01475   -1.04132   -0.00999   -3.39368   -0.71148   -2.05258
          2      40600 2760.83878   -1.03693   -0.01474   -1.04130   -0.01002   -3.39368   -0.71148   -2.05258
          2      40700 2767.36958   -1.03693   -0.01473   -1.04130   -0.01001   -3.39368   -0.71148   -2.05258
          2      40800 2773.27226   -1.03694   -0.01473   -1.04132   -0.01000   -3.39368   -0.71148   -2.05258
          2      40900 2780.10732   -1.03694   -0.01472   -1.04132   -0.01000   -3.39368   -0.71148   -2.05258
          2      41000 2786.78782   -1.03695   -0.01472   -1.04131   -0.01001   -3.39368   -0.71148   -2.05258
          2      41100 2793.35236   -1.03695   -0.01471   -1.04132   -0.01001   -3.39368   -0.71148   -2.05258
          2      41200 2799.82245   -1.03696   -0.01470   -1.04132   -0.01001   -3.39368   -0.71148   -2.05258
          2      41300 2806.83580   -1.03697   -0.01470   -1.04132   -0.01000   -3.39368   -0.71148   -2.05258
          2      41400 2813.55332   -1.03697   -0.01469   -1.04132   -0.01001   -3.39368   -0.71148   -2.05258
          2      41500 2820.16246   -1.03698   -0.01469   -1.04133   -0.01001   -3.39368   -0.71148   -2.05258
          2      41600 2827.21732   -1.03698   -0.01468   -1.04131   -0.01001   -3.39368   -0.71148   -2.05258
          2      41700 2833.42074   -1.03699   -0.01468   -1.04132   -0.01001   -3.39368   -0.71148   -2.05258
          2      41800 2839.84323   -1.03699   -0.01467   -1.04130   -0.01001   -3.39368   -0.71148   -2.05258
          2      41900 2846.21169   -1.03700   -0.01467   -1.04131   -0.01000   -3.39368   -0.71148   -2.05258
          2      42000 2852.74690   -1.03700   -0.01466   -1.04131   -0.01003   -3.39368   -0.71148   -2.05258
          2      42100 2859.97793   -1.03701   -0.01465   -1.04132   -0.01001   -3.39368   -0.71148   -2.05258
          2      42200 2866.81252   -1.03701   -0.01465   -1.04131   -0.01001   -3.39368   -0.71148   -2.05258
          2      42300 2873.27307   -1.03702   -0.01464   -1.04132   -0.01001   -3.39368   -0.71148   -2.05258
          2      42400 2879.94441   -1.03702   -0.01464   -1.04131   -0.01000   -3.39368   -0.71148   -2.05258
          2      42500 2886.47738   -1.03703   -0.01463   -1.04131   -0.01001   -3.39368   -0.71148   -2.05258
          2      42600 2893.40333   -1.03703   -0.01463   -1.04131   -0.01002   -3.39368   -0.71148   -2.05258
          2      42700 2900.28255   -1.03704   -0.01462   -1.04131   -0.01001   -3.39368   -0.71148   -2.05258
          2      42800 2906.59821   -1.03704   -0.01462   -1.04131   -0.01001   -3.39368   -0.71148   -2.05258
          2      42900 2912.95818   -1.03705   -0.01461   -1.04131   -0.01001   -3.39368   -0.71148   -2.05258
          2      43000 2919.59707   -1.03705   -0.01461   -1.04132   -0.01001   -3.39368   -0.71148   -2.05258
          2      43100 2927.34838   -1.03706   -0.01460   -1.04132   -0.01001   -3.39368   -0.71148   -2.05258
          2      43200 2934.36255   -1.03706   -0.01459   -1.04132   -0.01002   -3.39368   -0.71148   -2.05258
          2      43300 2940.73391   -1.03707   -0.01459   -1.04133   -0.01002   -3.39368   -0.71148   -2.05258
          2      43400 2947.16781   -1.03707   -0.01458   -1.04132   -0.01001   -3.39368   -0.71148   -2.05258
          2      43500 2953.69725   -1.03708   -0.01458   -1.04131   -0.01002   -3.39368   -0.71148   -2.05258
          2      43600 2960.19869   -1.03708   -0.01457   -1.04132   -0.01001   -3.39368   -0.71148   -2.05258
          2      43700 2966.31535   -1.03709   -0.01457   -1.04130   -0.01001   -3.39368   -0.71148   -2.05258
          2      43800 2972.67699   -1.03709   -0.01456   -1.04131   -0.01000   -3.39368   -0.71148   -2.05258
          2      43900 2979.36553   -1.03710   -0.01456   -1.04132   -0.01002   -3.39368   -0.71148   -2.05258
          2      44000 2985.68258   -1.03710   -0.01455   -1.04132   -0.01001   -3.39368   -0.71148   -2.05258
          2      44100 2992.50590   -1.03711   -0.01455   -1.04129   -0.01002   -3.39368   -0.71148   -2.05258
          2      44200 2999.72926   -1.03711   -0.01454   -1.04130   -0.01000   -3.39368   -0.71148   -2.05258
          2      44300 3007.65136   -1.03712   -0.01454   -1.04130   -0.01000   -3.39368   -0.71148   -2.05258
          2      44400 3014.78894   -1.03712   -0.01453   -1.04131   -0.01001   -3.39368   -0.71148   -2.05258
          2      44500 3021.51049   -1.03713   -0.01453   -1.04131   -0.01000   -3.39368   -0.71148   -2.05258
          2      44600 3029.05889   -1.03713   -0.01452   -1.04132   -0.01002   -3.39368   -0.71148   -2.05258
          2      44700 3036.35945   -1.03714   -0.01452   -1.04131   -0.01002   -3.39368   -0.71148   -2.05258
          2      44800 3043.20225   -1.03714   -0.01451   -1.04132   -0.01002   -3.39368   -0.71148   -2.05258
          2      44900 3050.10274   -1.03714   -0.01451   -1.04132   -0.01000   -3.39368   -0.71148   -2.05258
          2      45000 3056.60950   -1.03715   -0.01450   -1.04131   -0.01001   -3.39368   -0.71148   -2.05258
          2      45100 3063.19787   -1.03715   -0.01450   -1.04132   -0.01001   -3.39368   -0.71148   -2.05258
          2      45200 3069.66419   -1.03716   -0.01449   -1.04132   -0.01001   -3.39368   -0.71148   -2.05258
          2      45300 3076.16533   -1.03716   -0.01449   -1.04131   -0.01002   -3.39368   -0.71148   -2.05258
          2      45400 3082.44812   -1.03717   -0.01448   -1.04132   -0.01001   -3.39368   -0.71148   -2.05258
          2      45500 3088.78130   -1.03717   -0.01448   -1.04131   -0.01002   -3.39368   -0.71148   -2.05258
          2      45600 3095.56170   -1.03718   -0.01447   -1.04133   -0.01001   -3.39368   -0.71148   -2.05258
          2      45700 3102.12672   -1.03718   -0.01447   -1.04132   -0.01001   -3.39368   -0.71148   -2.05258
          2      45800 3108.79179   -1.03719   -0.01446   -1.04132   -0.01001   -3.39368   -0.71148   -2.05258
          2      45900 3116.43569   -1.03719   -0.01446   -1.04131   -0.01003   -3.39368   -0.71148   -2.05258
          2      46000 3123.49999   -1.03720   -0.01445   -1.04130   -0.01000   -3.39368   -0.71148   -2.05258
          2      46100 3130.33587   -1.03720   -0.01445   -1.04132   -0.01000   -3.39368   -0.71148   -2.05258
          2      46200 3137.09979   -1.03720   -0.01444   -1.04132   -0.01000   -3.39368   -0.71148   -2.05258
          2      46300 3143.77742   -1.03721   -0.01444   -1.04131   -0.01002   -3.39368   -0.71148   -2.05258
          2      46400 3150.62364   -1.03721   -0.01443   -1.04131   -0.01001   -3.39368   -0.71148   -2.05258
          2      46500 3157.08747   -1.03722   -0.01443   -1.04130   -0.01001   -3.39368   -0.71148   -2.05258
          2      46600 3163.57139   -1.03722   -0.01442   -1.04132   -0.01001   -3.39368   -0.71148   -2.05258
          2      46700 3170.01852   -1.03723   -0.01442   -1.04133   -0.01002   -3.39368   -0.71148   -2.05258
          2      46800 3176.52126   -1.03723   -0.01441   -1.04132   -0.01001   -3.39368   -0.71148   -2.05258
          2      46900 3183.66672   -1.03724   -0.01441   -1.04131   -0.01001   -3.39368   -0.71148   -2.05258
          2      47000 3190.33512   -1.03724   -0.01441   -1.04132   -0.01002   -3.39368   -0.71148   -2.05258
          2      47100 3197.82667   -1.03724   -0.01440   -1.04131   -0.01000   -3.39368   -0.71148   -2.05258
          2      47200 3204.69937   -1.03725   -0.01440   -1.04132   -0.01002   -3.39368   -0.71148   -2.05258
          2      47300 3211.29537   -1.03725   -0.01439   -1.04132   -0.01000   -3.39368   -0.71148   -2.05258
          2      47400 3217.67027   -1.03726   -0.01439   -1.04133   -0.01000   -3.39368   -0.71148   -2.05258
          2      47500 3224.16076   -1.03726   -0.01438   -1.04130   -0.01000   -3.39368   -0.71148   -2.05258
          2      47600 3230.85285   -1.03727   -0.01438   -1.04132   -0.01001   -3.39368   -0.71148   -2.05258
          2      47700 3237.25427   -1.03727   -0.01437   -1.04131   -0.01001   -3.39368   -0.71148   -2.05258
          2      47800 3243.74235   -1.03727   -0.01437   -1.04133   -0.01001   -3.39368   -0.71148   -2.05258
          2      47900 3250.14433   -1.03728   -0.01436   -1.04132   -0.01002   -3.39368   -0.71148   -2.05258
          2      48000 3257.78330   -1.03728   -0.01436   -1.04131   -0.01002   -3.39368   -0.71148   -2.05258
          2      48100 3264.64819   -1.03729   -0.01436   -1.04132   -0.01002   -3.39368   -0.71148   -2.05258
          2      48200 3271.01912   -1.03729   -0.01435   -1.04133   -0.01001   -3.39368   -0.71148   -2.05258
          2      48300 3277.94271   -1.03730   -0.01435   -1.04131   -0.01002   -3.39368   -0.71148   -2.05258
          2      48400 3284.98773   -1.03730   -0.01434   -1.04131   -0.01000   -3.39368   -0.71148   -2.05258
          2      48500 3291.74111   -1.03730   -0.01434   -1.04131   -0.01002   -3.39368   -0.71148   -2.05258
          2      48600 3298.84144   -1.03731   -0.01433   -1.04131   -0.01000   -3.39368   -0.71148   -2.05258
          2      48700 3306.17206   -1.03731   -0.01433   -1.04130   -0.01001   -3.39368   -0.71148   -2.05258
          2      48800 3312.50734   -1.03732   -0.01432   -1.04132   -0.01001   -3.39368   -0.71148   -2.05258
          2      48900 3319.14343   -1.03732   -0.01432   -1.04133   -0.01001   -3.39368   -0.71148   -2.05258
          2      49000 3326.34372   -1.03732   -0.01432   -1.04132   -0.01001   -3.39368   -0.71148   -2.05258
          2      49100 3333.54219   -1.03733   -0.01431   -1.04132   -0.01002   -3.39368   -0.71148   -2.05258
          2      49200 3340.43332   -1.03733   -0.01431   -1.04132   -0.01001   -3.39368   -0.71148   -2.05258
          2      49300 3347.09435   -1.03734   -0.01430   -1.04131   -0.01000   -3.39368   -0.71148   -2.05258
          2      49400 3353.68422   -1.03734   -0.01430   -1.04132   -0.01000   -3.39368   -0.71148   -2.05258
          2      49500 3360.06167   -1.03734   -0.01429   -1.04133   -0.01000   -3.39368   -0.71148   -2.05258
          2      49600 3366.75667   -1.03735   -0.01429   -1.04131   -0.01002   -3.39368   -0.71148   -2.05258
          2      49700 3373.51942   -1.03735   -0.01428   -1.04132   -0.01001   -3.39368   -0.71148   -2.05258
          2      49800 3380.11720   -1.03736   -0.01428   -1.04133   -0.01002   -3.39368   -0.71148   -2.05258
          2      49900 3387.12947   -1.03736   -0.01428   -1.04132   -0.01001   -3.39368   -0.71148   -2.05258
          2      50000 3394.19107   -1.03736   -0.01427   -1.04132   -0.00999   -3.39368   -0.71148   -2.05258
          2      50100 3400.82803   -1.03737   -0.01427   -1.04133   -0.01001   -3.39368   -0.71148   -2.05258
          2      50200 3407.53704   -1.03737   -0.01426   -1.04133   -0.01000   -3.39368   -0.71148   -2.05258
          2      50300 3414.63102   -1.03738   -0.01426   -1.04132   -0.01000   -3.39368   -0.71148   -2.05258
          2      50400 3421.36833   -1.03738   -0.01425   -1.04132   -0.01000   -3.39368   -0.71148   -2.05258
          2      50500 3427.83081   -1.03738   -0.01425   -1.04133   -0.01000   -3.39368   -0.71148   -2.05258
          2      50600 3434.79961   -1.03739   -0.01425   -1.04132   -0.01000   -3.39368   -0.71148   -2.05258
          2      50700 3441.58899   -1.03739   -0.01424   -1.04133   -0.01001   -3.39368   -0.71148   -2.05258
          2      50800 3448.07386   -1.03740   -0.01424   -1.04133   -0.01002   -3.39368   -0.71148   -2.05258
          2      50900 3455.14120   -1.03740   -0.01423   -1.04131   -0.01002   -3.39368   -0.71148   -2.05258
          2      51000 3461.74791   -1.03740   -0.01423   -1.04132   -0.01002   -3.39368   -0.71148   -2.05258
          2      51100 3468.63120   -1.03741   -0.01423   -1.04132   -0.01000   -3.39368   -0.71148   -2.05258
          2      51200 3475.19516   -1.03741   -0.01422   -1.04132   -0.01001   -3.39368   -0.71148   -2.05258
          2      51300 3481.94225   -1.03742   -0.01422   -1.04132   -0.01002   -3.39368   -0.71148   -2.05258
          2      51400 3488.89119   -1.03742   -0.01421   -1.04132   -0.01000   -3.39368   -0.71148   -2.05258
          2      51500 3495.69970   -1.03742   -0.01421   -1.04133   -0.01001   -3.39368   -0.71148   -2.05258
          2      51600 3502.26894   -1.03743   -0.01421   -1.04130   -0.01000   -3.39368   -0.71148   -2.05258
          2      51700 3509.08769   -1.03743   -0.01420   -1.04131   -0.01002   -3.39368   -0.71148   -2.05258
          2      51800 3516.40577   -1.03743   -0.01420   -1.04132   -0.01000   -3.39368   -0.71148   -2.05258
          2      51900 3523.06028   -1.03744   -0.01419   -1.04131   -0.01003   -3.39368   -0.71148   -2.05258
          2      52000 3530.09681   -1.03744   -0.01419   -1.04132   -0.01001   -3.39368   -0.71148   -2.05258
          2      52100 3536.76444   -1.03745   -0.01419   -1.04131   -0.01001   -3.39368   -0.71148   -2.05258
          2      52200 3543.91485   -1.03745   -0.01418   -1.04133   -0.01001   -3.39368   -0.71148   -2.05258
          2      52300 3550.31214   -1.03745   -0.01418   -1.04132   -0.01001   -3.39368   -0.71148   -2.05258
          2      52400 3557.42186   -1.03746   -0.01417   -1.04133   -0.01001   -3.39368   -0.71148   -2.05258
          2      52500 3564.93504   -1.03746   -0.01417   -1.04132   -0.01001   -3.39368   -0.71148   -2.05258
          2      52600 3571.95451   -1.03746   -0.01417   -1.04130   -0.01002   -3.39368   -0.71148   -2.05258
          2      52700 3578.23476   -1.03747   -0.01416   -1.04130   -0.01001   -3.39368   -0.71148   -2.05258
          2      52800 3585.28682   -1.03747   -0.01416   -1.04132   -0.01001   -3.39368   -0.71148   -2.05258
          2      52900 3591.63059   -1.03748   -0.01415   -1.04131   -0.01002   -3.39368   -0.71148   -2.05258
          2      53000 3598.07668   -1.03748   -0.01415   -1.04132   -0.01002   -3.39368   -0.71148   -2.05258
          2      53031 3600.03936   -1.03748   -0.01415   -1.04132   -0.01001   -3.39368   -0.71148   -2.05258
