          0          0    0.00000   -1.00561    0.07580   -1.00561    0.07580
          0          3    3.87479   -0.62372    0.02631   -0.62372    0.02631
          0          7   11.40896   -0.62372    0.02631   -0.27278   -0.26546
          1          0   15.77873   -0.27278   -0.26546   -0.27278   -0.26546
          1        100  229.77010   -0.98083   -0.03250   -1.01032   -0.00181
          1        200  483.42272   -0.99024   -0.02282   -1.01145    0.00009
          1        300  708.71994   -0.99442   -0.01854   -1.01192    0.00011
          1        400  920.59200   -0.99692   -0.01600   -1.01221    0.00011
          1        500 1142.78128   -0.99863   -0.01428   -1.01240    0.00011
          1        600 1357.91068   -0.99990   -0.01302   -1.01254    0.00010
          1        700 1559.52532   -1.00089   -0.01204   -1.01265    0.00010
          1        800 1776.95649   -1.00169   -0.01125   -1.01273    0.00009
          1        900 2058.15865   -1.00236   -0.01060   -1.01280    0.00009
          1       1000 2281.96993   -1.00292   -0.01005   -1.01286    0.00009
          1       1100 2492.73252   -1.00341   -0.00958   -1.01291    0.00008
          1       1200 2751.43541   -1.00383   -0.00917   -1.01296    0.00008
          1       1300 3028.05635   -1.00421   -0.00880   -1.01299    0.00008
          1       1400 3253.95881   -1.00454   -0.00848   -1.01303    0.00008
          1       1500 3465.07740   -1.00484   -0.00819   -1.01306    0.00008
          1       1572 3601.40402   -1.00504   -0.00800   -1.01308    0.00007
