          1          0    0.00000   -1.03513   -0.01524   -1.03513   -0.01524   -3.38586    3.38586    0.00000
          1          1    0.05451   -0.73041   -0.02591   -0.53837   -0.02160   -3.38586   -0.53837    0.00000
          2          0    0.05451   -0.30974   -0.04510   -0.53837   -0.02160   -3.38586   -0.53837   -1.96211
          2        100   16.14230   -0.95146   -0.01994   -1.03681   -0.01356   -3.38586   -1.03832   -1.96211
          2        200   31.70801   -0.97747   -0.01829   -1.03823   -0.01380   -3.38586   -1.03909   -1.96211
          2        300   47.57158   -0.98902   -0.01754   -1.03932   -0.01364   -3.38586   -1.03954   -1.96211
          2        400   63.68475   -0.99591   -0.01709   -1.03880   -0.01411   -3.38586   -1.03966   -1.96211
          2        500   78.82680   -1.00062   -0.01678   -1.03927   -0.01404   -3.38586   -1.03994   -1.96211
          2        600   94.07939   -1.00409   -0.01656   -1.03964   -0.01414   -3.38586   -1.03994   -1.96211
          2        700  109.46934   -1.00678   -0.01638   -1.03959   -0.01420   -3.38586   -1.04000   -1.96211
          2        800  125.00383   -1.00895   -0.01624   -1.03959   -0.01387   -3.38586   -1.04000   -1.96211
          2        900  140.04036   -1.01075   -0.01612   -1.03991   -0.01396   -3.38586   -1.04001   -1.96211
          2       1000  155.68102   -1.01228   -0.01602   -1.03965   -0.01402   -3.38586   -1.04015   -1.96211
          2       1100  171.21145   -1.01359   -0.01593   -1.03963   -0.01414   -3.38586   -1.04015   -1.96211
          2       1200  186.69094   -1.01473   -0.01586   -1.03985   -0.01413   -3.38586   -1.04015   -1.96211
          2       1300  202.07225   -1.01574   -0.01579   -1.03982   -0.01410   -3.38586   -1.04015   -1.96211
          2       1400  217.76203   -1.01664   -0.01573   -1.03969   -0.01424   -3.38586   -1.04017   -1.96211
          2       1500  233.12073   -1.01745   -0.01568   -1.03984   -0.01395   -3.38586   -1.04017   -1.96211
          2       1600  249.46455   -1.01818   -0.01563   -1.03990   -0.01431   -3.38586   -1.04017   -1.96211
          2       1700  265.59741   -1.01884   -0.01559   -1.03998   -0.01414   -3.38586   -1.04017   -1.96211
          2       1800  281.24580   -1.01945   -0.01555   -1.03998   -0.01401   -3.38586   -1.04020   -1.96211
          2       1900  296.98271   -1.02001   -0.01551   -1.03986   -0.01430   -3.38586   -1.04021   -1.96211
          2       2000  312.54880   -1.02053   -0.01548   -1.03984   -0.01417   -3.38586   -1.04021   -1.96211
          2       2100  327.17989   -1.02101   -0.01544   -1.04003   -0.01412   -3.38586   -1.04029   -1.96211
          2       2200  342.16125   -1.02146   -0.01541   -1.04015   -0.01412   -3.38586   -1.04029   -1.96211
          2       2300  358.00642   -1.02188   -0.01539   -1.04017   -0.01415   -3.38586   -1.04029   -1.96211
          2       2400  374.33143   -1.02227   -0.01536   -1.04001   -0.01409   -3.38586   -1.04029   -1.96211
          2       2500  389.55311   -1.02264   -0.01534   -1.03996   -0.01410   -3.38586   -1.04029   -1.96211
          2       2600  405.75345   -1.02298   -0.01531   -1.04000   -0.01418   -3.38586   -1.04029   -1.96211
          2       2700  421.01328   -1.02331   -0.01529   -1.04010   -0.01406   -3.38586   -1.04029   -1.96211
          2       2800  436.34178   -1.02362   -0.01527   -1.04016   -0.01410   -3.38586   -1.04030   -1.96211
          2       2900  451.12228   -1.02391   -0.01525   -1.04014   -0.01418   -3.38586   -1.04030   -1.96211
          2       3000  467.23956   -1.02419   -0.01524   -1.03990   -0.01429   -3.38586   -1.04031   -1.96211
          2       3100  482.69187   -1.02446   -0.01522   -1.04010   -0.01422   -3.38586   -1.04031   -1.96211
          2       3200  498.10719   -1.02471   -0.01520   -1.04012   -0.01410   -3.38586   -1.04031   -1.96211
          2       3300  513.83422   -1.02495   -0.01519   -1.04001   -0.01413   -3.38586   -1.04031   -1.96211
          2       3400  528.86516   -1.02518   -0.01517   -1.04016   -0.01420   -3.38586   -1.04031   -1.96211
          2       3500  545.42879   -1.02540   -0.01516   -1.03999   -0.01402   -3.38586   -1.04031   -1.96211
          2       3600  560.71897   -1.02561   -0.01514   -1.04014   -0.01412   -3.38586   -1.04031   -1.96211
          2       3700  575.89581   -1.02581   -0.01513   -1.04020   -0.01406   -3.38586   -1.04031   -1.96211
          2       3800  592.08496   -1.02600   -0.01512   -1.04011   -0.01420   -3.38586   -1.04032   -1.96211
          2       3900  607.55147   -1.02619   -0.01510   -1.04012   -0.01418   -3.38586   -1.04032   -1.96211
          2       4000  623.17922   -1.02637   -0.01509   -1.04014   -0.01410   -3.38586   -1.04032   -1.96211
          2       4100  639.19576   -1.02654   -0.01508   -1.04001   -0.01426   -3.38586   -1.04032   -1.96211
          2       4200  654.61083   -1.02671   -0.01507   -1.04009   -0.01405   -3.38586   -1.04032   -1.96211
          2       4300  669.59488   -1.02687   -0.01506   -1.04018   -0.01418   -3.38586   -1.04040   -1.96211
          2       4400  685.26870   -1.02703   -0.01505   -1.04016   -0.01425   -3.38586   -1.04040   -1.96211
          2       4500  701.14424   -1.02718   -0.01504   -1.04008   -0.01424   -3.38586   -1.04040   -1.96211
          2       4600  716.68551   -1.02732   -0.01503   -1.04011   -0.01416   -3.38586   -1.04040   -1.96211
          2       4700  732.39346   -1.02746   -0.01502   -1.04005   -0.01412   -3.38586   -1.04040   -1.96211
          2       4800  748.50841   -1.02760   -0.01501   -1.04019   -0.01423   -3.38586   -1.04040   -1.96211
          2       4900  764.42153   -1.02773   -0.01500   -1.04009   -0.01428   -3.38586   -1.04040   -1.96211
          2       5000  779.71722   -1.02786   -0.01499   -1.04018   -0.01420   -3.38586   -1.04040   -1.96211
          2       5100  795.47588   -1.02798   -0.01499   -1.04012   -0.01419   -3.38586   -1.04040   -1.96211
          2       5200  811.01964   -1.02810   -0.01498   -1.04035   -0.01417   -3.38586   -1.04040   -1.96211
          2       5300  826.19311   -1.02822   -0.01497   -1.04020   -0.01405   -3.38586   -1.04040   -1.96211
          2       5400  841.93442   -1.02833   -0.01496   -1.04006   -0.01422   -3.38586   -1.04040   -1.96211
          2       5500  857.95894   -1.02845   -0.01495   -1.04009   -0.01421   -3.38586   -1.04040   -1.96211
          2       5600  873.17941   -1.02855   -0.01495   -1.04004   -0.01406   -3.38586   -1.04040   -1.96211
          2       5700  889.63909   -1.02866   -0.01494   -1.04028   -0.01422   -3.38586   -1.04040   -1.96211
          2       5800  905.69446   -1.02876   -0.01493   -1.04011   -0.01419   -3.38586   -1.04040   -1.96211
          2       5900  921.35269   -1.02886   -0.01493   -1.04014   -0.01415   -3.38586   -1.04040   -1.96211
          2       6000  937.02347   -1.02896   -0.01492   -1.04010   -0.01418   -3.38586   -1.04040   -1.96211
          2       6100  952.22862   -1.02905   -0.01492   -1.04015   -0.01417   -3.38586   -1.04040   -1.96211
          2       6200  968.01677   -1.02915   -0.01491   -1.04026   -0.01410   -3.38586   -1.04040   -1.96211
          2       6300  984.35286   -1.02924   -0.01490   -1.04031   -0.01414   -3.38586   -1.04040   -1.96211
          2       6400 1000.14680   -1.02932   -0.01490   -1.04004   -0.01416   -3.38586   -1.04040   -1.96211
          2       6500 1015.91576   -1.02941   -0.01489   -1.04031   -0.01414   -3.38586   -1.04040   -1.96211
          2       6600 1031.15288   -1.02949   -0.01489   -1.04032   -0.01411   -3.38586   -1.04040   -1.96211
          2       6700 1046.60118   -1.02958   -0.01488   -1.04026   -0.01415   -3.38586   -1.04040   -1.96211
          2       6800 1062.80943   -1.02966   -0.01488   -1.04027   -0.01417   -3.38586   -1.04040   -1.96211
          2       6900 1078.85290   -1.02974   -0.01487   -1.04019   -0.01408   -3.38586   -1.04040   -1.96211
          2       7000 1095.05894   -1.02981   -0.01487   -1.04018   -0.01416   -3.38586   -1.04040   -1.96211
          2       7100 1110.20785   -1.02989   -0.01486   -1.04024   -0.01416   -3.38586   -1.04040   -1.96211
          2       7200 1126.06930   -1.02996   -0.01486   -1.04019   -0.01415   -3.38586   -1.04040   -1.96211
          2       7300 1142.30808   -1.03003   -0.01485   -1.04013   -0.01419   -3.38586   -1.04040   -1.96211
          2       7400 1158.54545   -1.03010   -0.01485   -1.04017   -0.01423   -3.38586   -1.04040   -1.96211
          2       7500 1174.11210   -1.03017   -0.01484   -1.04017   -0.01408   -3.38586   -1.04040   -1.96211
          2       7600 1189.78123   -1.03024   -0.01484   -1.04018   -0.01408   -3.38586   -1.04040   -1.96211
          2       7700 1205.76631   -1.03031   -0.01483   -1.04025   -0.01417   -3.38586   -1.04040   -1.96211
          2       7800 1222.77746   -1.03037   -0.01483   -1.04024   -0.01421   -3.38586   -1.04040   -1.96211
          2       7900 1238.41123   -1.03044   -0.01482   -1.04026   -0.01416   -3.38586   -1.04040   -1.96211
          2       8000 1253.91014   -1.03050   -0.01482   -1.04026   -0.01413   -3.38586   -1.04040   -1.96211
          2       8100 1269.74881   -1.03056   -0.01482   -1.04018   -0.01410   -3.38586   -1.04040   -1.96211
          2       8200 1284.89099   -1.03062   -0.01481   -1.04026   -0.01417   -3.38586   -1.04040   -1.96211
          2       8300 1300.82078   -1.03068   -0.01481   -1.04009   -0.01412   -3.38586   -1.04040   -1.96211
          2       8400 1316.53223   -1.03074   -0.01480   -1.04026   -0.01418   -3.38586   -1.04040   -1.96211
          2       8500 1331.55343   -1.03080   -0.01480   -1.04018   -0.01418   -3.38586   -1.04040   -1.96211
          2       8600 1347.19863   -1.03085   -0.01480   -1.04013   -0.01415   -3.38586   -1.04040   -1.96211
          2       8700 1363.06881   -1.03091   -0.01479   -1.04020   -0.01408   -3.38586   -1.04040   -1.96211
          2       8800 1378.71764   -1.03096   -0.01479   -1.04032   -0.01419   -3.38586   -1.04040   -1.96211
          2       8900 1395.66255   -1.03102   -0.01479   -1.04022   -0.01420   -3.38586   -1.04040   -1.96211
          2       9000 1411.86553   -1.03107   -0.01478   -1.04024   -0.01409   -3.38586   -1.04040   -1.96211
          2       9100 1427.99817   -1.03112   -0.01478   -1.04036   -0.01415   -3.38586   -1.04040   -1.96211
          2       9200 1443.07667   -1.03117   -0.01478   -1.04029   -0.01417   -3.38586   -1.04040   -1.96211
          2       9300 1458.90417   -1.03122   -0.01477   -1.04015   -0.01419   -3.38586   -1.04040   -1.96211
          2       9400 1474.77923   -1.03127   -0.01477   -1.04022   -0.01417   -3.38586   -1.04040   -1.96211
          2       9500 1489.86398   -1.03132   -0.01477   -1.04023   -0.01414   -3.38586   -1.04040   -1.96211
          2       9600 1504.97476   -1.03137   -0.01476   -1.04018   -0.01406   -3.38586   -1.04040   -1.96211
          2       9700 1520.80307   -1.03142   -0.01476   -1.04025   -0.01414   -3.38586   -1.04043   -1.96211
          2       9800 1536.37735   -1.03146   -0.01476   -1.04030   -0.01424   -3.38586   -1.04043   -1.96211
          2       9900 1552.04186   -1.03151   -0.01475   -1.04034   -0.01419   -3.38586   -1.04043   -1.96211
          2      10000 1569.19755   -1.03155   -0.01475   -1.04027   -0.01411   -3.38586   -1.04043   -1.96211
          2      10100 1585.08566   -1.03160   -0.01475   -1.04023   -0.01419   -3.38586   -1.04043   -1.96211
          2      10200 1600.30297   -1.03164   -0.01475   -1.04022   -0.01414   -3.38586   -1.04043   -1.96211
          2      10300 1615.98868   -1.03168   -0.01474   -1.04018   -0.01418   -3.38586   -1.04043   -1.96211
          2      10400 1630.88774   -1.03173   -0.01474   -1.04029   -0.01417   -3.38586   -1.04043   -1.96211
          2      10500 1646.08158   -1.03177   -0.01474   -1.04030   -0.01415   -3.38586   -1.04043   -1.96211
          2      10600 1660.94653   -1.03181   -0.01473   -1.04028   -0.01422   -3.38586   -1.04043   -1.96211
          2      10700 1676.21601   -1.03185   -0.01473   -1.04039   -0.01416   -3.38586   -1.04043   -1.96211
          2      10800 1692.01164   -1.03189   -0.01473   -1.04021   -0.01419   -3.38586   -1.04043   -1.96211
          2      10900 1707.73253   -1.03193   -0.01473   -1.04032   -0.01424   -3.38586   -1.04043   -1.96211
          2      11000 1723.96775   -1.03197   -0.01472   -1.04021   -0.01415   -3.38586   -1.04043   -1.96211
          2      11100 1740.51320   -1.03201   -0.01472   -1.04037   -0.01423   -3.38586   -1.04043   -1.96211
          2      11200 1756.30894   -1.03204   -0.01472   -1.04033   -0.01420   -3.38586   -1.04043   -1.96211
          2      11300 1771.34633   -1.03208   -0.01472   -1.04014   -0.01420   -3.38586   -1.04043   -1.96211
          2      11400 1786.92541   -1.03212   -0.01471   -1.04021   -0.01417   -3.38586   -1.04043   -1.96211
          2      11500 1802.99205   -1.03216   -0.01471   -1.04027   -0.01417   -3.38586   -1.04043   -1.96211
          2      11600 1818.80954   -1.03219   -0.01471   -1.04029   -0.01423   -3.38586   -1.04043   -1.96211
          2      11700 1834.24838   -1.03223   -0.01471   -1.04030   -0.01416   -3.38586   -1.04044   -1.96211
          2      11800 1849.66608   -1.03226   -0.01470   -1.04027   -0.01411   -3.38586   -1.04044   -1.96211
          2      11900 1865.69165   -1.03230   -0.01470   -1.04034   -0.01418   -3.38586   -1.04044   -1.96211
          2      12000 1881.40759   -1.03233   -0.01470   -1.04026   -0.01420   -3.38586   -1.04044   -1.96211
          2      12100 1896.72493   -1.03236   -0.01470   -1.04025   -0.01421   -3.38586   -1.04044   -1.96211
          2      12200 1912.42440   -1.03240   -0.01470   -1.04016   -0.01419   -3.38586   -1.04044   -1.96211
          2      12300 1927.84263   -1.03243   -0.01469   -1.04027   -0.01418   -3.38586   -1.04044   -1.96211
          2      12400 1943.59097   -1.03246   -0.01469   -1.04034   -0.01412   -3.38586   -1.04044   -1.96211
          2      12500 1958.90451   -1.03250   -0.01469   -1.04028   -0.01416   -3.38586   -1.04044   -1.96211
          2      12600 1974.68313   -1.03253   -0.01469   -1.04029   -0.01417   -3.38586   -1.04044   -1.96211
          2      12700 1990.79657   -1.03256   -0.01468   -1.04030   -0.01419   -3.38586   -1.04044   -1.96211
          2      12800 2006.07933   -1.03259   -0.01468   -1.04027   -0.01423   -3.38586   -1.04044   -1.96211
          2      12900 2021.65920   -1.03262   -0.01468   -1.04031   -0.01417   -3.38586   -1.04044   -1.96211
          2      13000 2037.04821   -1.03265   -0.01468   -1.04038   -0.01416   -3.38586   -1.04044   -1.96211
          2      13100 2052.81514   -1.03268   -0.01468   -1.04027   -0.01419   -3.38586   -1.04044   -1.96211
          2      13200 2068.11743   -1.03271   -0.01467   -1.04031   -0.01415   -3.38586   -1.04044   -1.96211
          2      13300 2084.11287   -1.03274   -0.01467   -1.04033   -0.01415   -3.38586   -1.04044   -1.96211
          2      13400 2099.94434   -1.03277   -0.01467   -1.04029   -0.01417   -3.38586   -1.04044   -1.96211
          2      13500 2115.46439   -1.03280   -0.01467   -1.04038   -0.01415   -3.38586   -1.04044   -1.96211
          2      13600 2131.33189   -1.03282   -0.01467   -1.04022   -0.01418   -3.38586   -1.04044   -1.96211
          2      13700 2146.65348   -1.03285   -0.01467   -1.04028   -0.01415   -3.38586   -1.04044   -1.96211
          2      13800 2161.95920   -1.03288   -0.01466   -1.04031   -0.01425   -3.38586   -1.04044   -1.96211
          2      13900 2177.12530   -1.03291   -0.01466   -1.04035   -0.01412   -3.38586   -1.04044   -1.96211
          2      14000 2192.60145   -1.03293   -0.01466   -1.04034   -0.01416   -3.38586   -1.04044   -1.96211
          2      14100 2207.88597   -1.03296   -0.01466   -1.04036   -0.01418   -3.38586   -1.04044   -1.96211
          2      14200 2222.98898   -1.03299   -0.01466   -1.04029   -0.01413   -3.38586   -1.04044   -1.96211
          2      14300 2238.88101   -1.03301   -0.01465   -1.04036   -0.01421   -3.38586   -1.04044   -1.96211
          2      14400 2253.73071   -1.03304   -0.01465   -1.04024   -0.01414   -3.38586   -1.04044   -1.96211
          2      14500 2268.96476   -1.03307   -0.01465   -1.04032   -0.01412   -3.38586   -1.04044   -1.96211
          2      14600 2284.45292   -1.03309   -0.01465   -1.04035   -0.01421   -3.38586   -1.04044   -1.96211
          2      14700 2300.18728   -1.03312   -0.01465   -1.04036   -0.01419   -3.38586   -1.04044   -1.96211
          2      14800 2315.77290   -1.03314   -0.01465   -1.04025   -0.01422   -3.38586   -1.04044   -1.96211
          2      14900 2331.06340   -1.03317   -0.01464   -1.04033   -0.01421   -3.38586   -1.04044   -1.96211
          2      15000 2346.54757   -1.03319   -0.01464   -1.04022   -0.01424   -3.38586   -1.04044   -1.96211
          2      15100 2362.14162   -1.03321   -0.01464   -1.04029   -0.01413   -3.38586   -1.04044   -1.96211
          2      15200 2377.49040   -1.03324   -0.01464   -1.04034   -0.01420   -3.38586   -1.04044   -1.96211
          2      15300 2393.09708   -1.03326   -0.01464   -1.04027   -0.01418   -3.38586   -1.04044   -1.96211
          2      15400 2407.91745   -1.03329   -0.01464   -1.04036   -0.01413   -3.38586   -1.04044   -1.96211
          2      15500 2423.94622   -1.03331   -0.01464   -1.04030   -0.01415   -3.38586   -1.04044   -1.96211
          2      15600 2439.31181   -1.03333   -0.01463   -1.04027   -0.01417   -3.38586   -1.04044   -1.96211
          2      15700 2454.96785   -1.03335   -0.01463   -1.04027   -0.01420   -3.38586   -1.04044   -1.96211
          2      15800 2471.34862   -1.03338   -0.01463   -1.04032   -0.01413   -3.38586   -1.04044   -1.96211
          2      15900 2487.21762   -1.03340   -0.01463   -1.04030   -0.01420   -3.38586   -1.04044   -1.96211
          2      16000 2503.47372   -1.03342   -0.01463   -1.04032   -0.01417   -3.38586   -1.04044   -1.96211
          2      16100 2518.96749   -1.03344   -0.01463   -1.04037   -0.01412   -3.38586   -1.04044   -1.96211
          2      16200 2533.40917   -1.03347   -0.01463   -1.04033   -0.01418   -3.38586   -1.04044   -1.96211
          2      16300 2548.05828   -1.03349   -0.01462   -1.04037   -0.01418   -3.38586   -1.04044   -1.96211
          2      16400 2563.90411   -1.03351   -0.01462   -1.04038   -0.01415   -3.38586   -1.04044   -1.96211
          2      16500 2579.73813   -1.03353   -0.01462   -1.04031   -0.01424   -3.38586   -1.04044   -1.96211
          2      16600 2594.69444   -1.03355   -0.01462   -1.04038   -0.01413   -3.38586   -1.04044   -1.96211
          2      16700 2610.66128   -1.03357   -0.01462   -1.04026   -0.01415   -3.38586   -1.04044   -1.96211
          2      16800 2625.91528   -1.03359   -0.01462   -1.04022   -0.01418   -3.38586   -1.04044   -1.96211
          2      16900 2641.67545   -1.03361   -0.01462   -1.04033   -0.01419   -3.38586   -1.04044   -1.96211
          2      17000 2657.05913   -1.03363   -0.01461   -1.04034   -0.01417   -3.38586   -1.04044   -1.96211
          2      17100 2673.67991   -1.03365   -0.01461   -1.04035   -0.01417   -3.38586   -1.04044   -1.96211
          2      17200 2689.52153   -1.03367   -0.01461   -1.04033   -0.01412   -3.38586   -1.04044   -1.96211
          2      17300 2704.43452   -1.03369   -0.01461   -1.04033   -0.01421   -3.38586   -1.04044   -1.96211
          2      17400 2720.59466   -1.03371   -0.01461   -1.04036   -0.01412   -3.38586   -1.04044   -1.96211
          2      17500 2736.25310   -1.03373   -0.01461   -1.04034   -0.01413   -3.38586   -1.04044   -1.96211
          2      17600 2752.18769   -1.03375   -0.01461   -1.04024   -0.01420   -3.38586   -1.04044   -1.96211
          2      17700 2767.25836   -1.03377   -0.01461   -1.04025   -0.01419   -3.38586   -1.04044   -1.96211
          2      17800 2782.31820   -1.03379   -0.01460   -1.04034   -0.01418   -3.38586   -1.04044   -1.96211
          2      17900 2799.05597   -1.03381   -0.01460   -1.04031   -0.01417   -3.38586   -1.04044   -1.96211
          2      18000 2814.52012   -1.03383   -0.01460   -1.04038   -0.01417   -3.38586   -1.04044   -1.96211
          2      18100 2830.03825   -1.03384   -0.01460   -1.04030   -0.01416   -3.38586   -1.04044   -1.96211
          2      18200 2845.22355   -1.03386   -0.01460   -1.04028   -0.01413   -3.38586   -1.04044   -1.96211
          2      18300 2861.36645   -1.03388   -0.01460   -1.04029   -0.01417   -3.38586   -1.04044   -1.96211
          2      18400 2876.64967   -1.03390   -0.01460   -1.04035   -0.01416   -3.38586   -1.04044   -1.96211
          2      18500 2891.72180   -1.03392   -0.01460   -1.04032   -0.01416   -3.38586   -1.04044   -1.96211
          2      18600 2906.78151   -1.03393   -0.01459   -1.04032   -0.01418   -3.38586   -1.04044   -1.96211
          2      18700 2921.37768   -1.03395   -0.01459   -1.04029   -0.01414   -3.38586   -1.04044   -1.96211
          2      18800 2937.31493   -1.03397   -0.01459   -1.04033   -0.01413   -3.38586   -1.04044   -1.96211
          2      18900 2952.61517   -1.03399   -0.01459   -1.04028   -0.01424   -3.38586   -1.04044   -1.96211
          2      19000 2967.97384   -1.03400   -0.01459   -1.04035   -0.01416   -3.38586   -1.04044   -1.96211
          2      19100 2983.75882   -1.03402   -0.01459   -1.04026   -0.01413   -3.38586   -1.04044   -1.96211
          2      19200 2999.45848   -1.03404   -0.01459   -1.04029   -0.01413   -3.38586   -1.04044   -1.96211
          2      19300 3014.98828   -1.03405   -0.01459   -1.04031   -0.01420   -3.38586   -1.04044   -1.96211
          2      19400 3030.78442   -1.03407   -0.01459   -1.04035   -0.01419   -3.38586   -1.04044   -1.96211
          2      19500 3045.44758   -1.03409   -0.01458   -1.04028   -0.01418   -3.38586   -1.04044   -1.96211
          2      19600 3060.48558   -1.03410   -0.01458   -1.04036   -0.01420   -3.38586   -1.04044   -1.96211
          2      19700 3076.00399   -1.03412   -0.01458   -1.04032   -0.01417   -3.38586   -1.04044   -1.96211
          2      19800 3091.83481   -1.03414   -0.01458   -1.04036   -0.01418   -3.38586   -1.04044   -1.96211
          2      19900 3108.26552   -1.03415   -0.01458   -1.04034   -0.01413   -3.38586   -1.04044   -1.96211
          2      20000 3123.50785   -1.03417   -0.01458   -1.04032   -0.01418   -3.38586   -1.04044   -1.96211
          2      20100 3138.76337   -1.03418   -0.01458   -1.04029   -0.01417   -3.38586   -1.04044   -1.96211
          2      20200 3154.02522   -1.03420   -0.01458   -1.04031   -0.01419   -3.38586   -1.04044   -1.96211
          2      20300 3169.55139   -1.03421   -0.01458   -1.04028   -0.01421   -3.38586   -1.04044   -1.96211
          2      20400 3184.59940   -1.03423   -0.01458   -1.04034   -0.01419   -3.38586   -1.04044   -1.96211
          2      20500 3200.63581   -1.03424   -0.01457   -1.04029   -0.01419   -3.38586   -1.04045   -1.96211
          2      20600 3216.00903   -1.03426   -0.01457   -1.04036   -0.01414   -3.38586   -1.04045   -1.96211
          2      20700 3232.99420   -1.03427   -0.01457   -1.04037   -0.01418   -3.38586   -1.04045   -1.96211
          2      20800 3248.28792   -1.03429   -0.01457   -1.04030   -0.01419   -3.38586   -1.04045   -1.96211
          2      20900 3264.02037   -1.03430   -0.01457   -1.04033   -0.01417   -3.38586   -1.04045   -1.96211
          2      21000 3278.85642   -1.03432   -0.01457   -1.04030   -0.01418   -3.38586   -1.04045   -1.96211
          2      21100 3294.26916   -1.03433   -0.01457   -1.04032   -0.01416   -3.38586   -1.04045   -1.96211
          2      21200 3310.40016   -1.03435   -0.01457   -1.04038   -0.01418   -3.38586   -1.04045   -1.96211
          2      21300 3325.87668   -1.03436   -0.01457   -1.04037   -0.01415   -3.38586   -1.04045   -1.96211
          2      21400 3341.55905   -1.03438   -0.01457   -1.04034   -0.01415   -3.38586   -1.04046   -1.96211
          2      21500 3356.83169   -1.03439   -0.01456   -1.04030   -0.01416   -3.38586   -1.04046   -1.96211
          2      21600 3372.20822   -1.03441   -0.01456   -1.04035   -0.01417   -3.38586   -1.04046   -1.96211
          2      21700 3387.49810   -1.03442   -0.01456   -1.04034   -0.01420   -3.38586   -1.04046   -1.96211
          2      21800 3403.11935   -1.03443   -0.01456   -1.04032   -0.01419   -3.38586   -1.04046   -1.96211
          2      21900 3419.03474   -1.03445   -0.01456   -1.04039   -0.01415   -3.38586   -1.04046   -1.96211
          2      22000 3434.52869   -1.03446   -0.01456   -1.04039   -0.01418   -3.38586   -1.04046   -1.96211
          2      22100 3449.90238   -1.03447   -0.01456   -1.04038   -0.01420   -3.38586   -1.04046   -1.96211
          2      22200 3465.43958   -1.03449   -0.01456   -1.04032   -0.01419   -3.38586   -1.04046   -1.96211
          2      22300 3481.25599   -1.03450   -0.01456   -1.04036   -0.01416   -3.38586   -1.04046   -1.96211
          2      22400 3496.45522   -1.03452   -0.01456   -1.04035   -0.01419   -3.38586   -1.04046   -1.96211
          2      22500 3512.04397   -1.03453   -0.01456   -1.04036   -0.01419   -3.38586   -1.04046   -1.96211
          2      22600 3527.17080   -1.03454   -0.01455   -1.04030   -0.01418   -3.38586   -1.04046   -1.96211
          2      22700 3542.94806   -1.03455   -0.01455   -1.04030   -0.01414   -3.38586   -1.04046   -1.96211
          2      22800 3558.87570   -1.03457   -0.01455   -1.04035   -0.01420   -3.38586   -1.04046   -1.96211
          2      22900 3575.44873   -1.03458   -0.01455   -1.04038   -0.01415   -3.38586   -1.04046   -1.96211
          2      23000 3590.44873   -1.03459   -0.01455   -1.04039   -0.01421   -3.38586   -1.04046   -1.96211
          2      23067 3600.09929   -1.03460   -0.01455   -1.04034   -0.01417   -3.38586   -1.04046   -1.96211
