          1          0    0.00000   -0.99134    0.05837   -0.99134    0.05837   -3.58485    3.58485    0.00000
          1          2    1.48705   -0.54763   -0.03024   -0.20850    0.00041   -3.58485   -0.54763    0.00000
          2          0    1.48705   -0.19369   -0.05366   -0.20850    0.00041   -3.58485   -0.54763   -2.06624
          2        100   67.71914   -0.88722    0.03568   -1.01056    0.05903   -3.58485   -0.54763   -2.06624
          2        200  126.83854   -0.92338    0.04188   -1.01150    0.05904   -3.58485   -0.54763   -2.06624
          2        300  195.65420   -0.93957    0.04477   -1.01182    0.05931   -3.58485   -0.54763   -2.06624
          2        400  263.90354   -0.94927    0.04654   -1.01241    0.05888   -3.58485   -0.54763   -2.06624
          2        500  330.92158   -0.95592    0.04777   -1.01229    0.05854   -3.58485   -0.54763   -2.06624
          2        600  402.14101   -0.96083    0.04869   -1.01207    0.05914   -3.58485   -0.54763   -2.06624
          2        700  462.57360   -0.96465    0.04940   -1.01209    0.05858   -3.58485   -0.54763   -2.06624
          2        800  519.77052   -0.96774    0.04998   -1.01181    0.05844   -3.58485   -0.54763   -2.06624
          2        900  577.01533   -0.97030    0.05047   -1.01208    0.05836   -3.58485   -0.54763   -2.06624
          2       1000  652.58218   -0.97247    0.05088   -1.01180    0.05898   -3.58485   -0.54763   -2.06624
          2       1100  713.73340   -0.97433    0.05123   -1.01202    0.05873   -3.58485   -0.54763   -2.06624
          2       1200  778.63860   -0.97596    0.05154   -1.01201    0.05874   -3.58485   -0.54763   -2.06624
          2       1300  840.98755   -0.97740    0.05181   -1.01209    0.05871   -3.58485   -0.54763   -2.06624
          2       1400  908.73856   -0.97868    0.05205   -1.01232    0.05879   -3.58485   -0.54763   -2.06624
          2       1500  978.52749   -0.97983    0.05227   -1.01209    0.05844   -3.58485   -0.54763   -2.06624
          2       1600 1048.24017   -0.98088    0.05247   -1.01245    0.05886   -3.58485   -0.54763   -2.06624
          2       1700 1135.85713   -0.98183    0.05265   -1.01206    0.05889   -3.58485   -0.54763   -2.06624
          2       1800 1197.87324   -0.98270    0.05282   -1.01187    0.05860   -3.58485   -0.54763   -2.06624
          2       1900 1261.96856   -0.98350    0.05297   -1.01188    0.05869   -3.58485   -0.54763   -2.06624
          2       2000 1338.13213   -0.98424    0.05311   -1.01201    0.05902   -3.58485   -0.54763   -2.06624
          2       2100 1440.62510   -0.98492    0.05325   -1.01245    0.05867   -3.58485   -0.54763   -2.06624
          2       2200 1530.41758   -0.98556    0.05337   -1.01236    0.05879   -3.58485   -0.54763   -2.06624
          2       2300 1638.04424   -0.98616    0.05348   -1.01233    0.05849   -3.58485   -0.54763   -2.06624
          2       2400 1735.78099   -0.98672    0.05359   -1.01226    0.05897   -3.58485   -0.54763   -2.06624
          2       2500 1805.32622   -0.98725    0.05369   -1.01238    0.05872   -3.58485   -0.54763   -2.06624
          2       2600 1896.35975   -0.98774    0.05379   -1.01263    0.05886   -3.58485   -0.54763   -2.06624
          2       2700 1990.53590   -0.98821    0.05388   -1.01215    0.05894   -3.58485   -0.54763   -2.06624
          2       2800 2054.64033   -0.98865    0.05396   -1.01252    0.05896   -3.58485   -0.54763   -2.06624
          2       2900 2150.67535   -0.98907    0.05404   -1.01263    0.05866   -3.58485   -0.54763   -2.06624
          2       3000 2250.20730   -0.98947    0.05412   -1.01228    0.05859   -3.58485   -0.54763   -2.06624
          2       3100 2346.09005   -0.98985    0.05419   -1.01250    0.05877   -3.58485   -0.54763   -2.06624
          2       3200 2432.52476   -0.99021    0.05426   -1.01224    0.05866   -3.58485   -0.54763   -2.06624
          2       3300 2523.24795   -0.99056    0.05433   -1.01273    0.05883   -3.58485   -0.54763   -2.06624
          2       3400 2602.71698   -0.99089    0.05439   -1.01232    0.05850   -3.58485   -0.54763   -2.06624
          2       3500 2661.12735   -0.99120    0.05445   -1.01264    0.05883   -3.58485   -0.54763   -2.06624
          2       3600 2734.86621   -0.99150    0.05451   -1.01246    0.05855   -3.58485   -0.54763   -2.06624
          2       3700 2800.47615   -0.99179    0.05457   -1.01257    0.05876   -3.58485   -0.54763   -2.06624
          2       3800 2860.03124   -0.99207    0.05462   -1.01278    0.05862   -3.58485   -0.54763   -2.06624
          2       3900 2929.55144   -0.99234    0.05467   -1.01263    0.05886   -3.58485   -0.54763   -2.06624
          2       4000 3030.21120   -0.99260    0.05472   -1.01263    0.05880   -3.58485   -0.54763   -2.06624
          2       4100 3117.16256   -0.99285    0.05477   -1.01249    0.05859   -3.58485   -0.54763   -2.06624
          2       4200 3228.66953   -0.99309    0.05482   -1.01248    0.05870   -3.58485   -0.54763   -2.06624
          2       4300 3300.86499   -0.99332    0.05486   -1.01255    0.05863   -3.58485   -0.54763   -2.06624
          2       4400 3370.23224   -0.99354    0.05490   -1.01240    0.05887   -3.58485   -0.54763   -2.06624
          2       4500 3448.00294   -0.99375    0.05495   -1.01271    0.05866   -3.58485   -0.54763   -2.06624
          2       4600 3521.08979   -0.99396    0.05499   -1.01243    0.05869   -3.58485   -0.54763   -2.06624
          2       4676 3600.09316   -0.99412    0.05502   -1.01249    0.05884   -3.58485   -0.54763   -2.06624
