   10000000
          7
 1122.68526
   -0.99728
    0.06101
   -1.01040
    0.00000

    0.01698
   -0.02971
    0.00736
   -0.06964
   -0.04359
    0.03077
   -0.06474
   -0.01136
    0.06806
    0.00494
    0.00425
   -0.04121
   -0.01527
   -0.01362
   -0.03234
   -0.00136
    0.03051
    0.00249
   -0.01149
    0.05627
   -0.04237
   -0.04792
    0.05532
   -0.04431
    0.01714
    0.05829
   -0.03380
   -0.06425
    0.06274
   -0.04935
    0.05376
    0.03501
    0.03782
   -0.07003
    0.00881
    0.06430
    0.03275
    0.03357
   -0.01285
    0.04353
   -0.02714
   -0.00826
   -0.07120
   -0.01632
   -0.02872
    0.05443
   -0.01591
    0.00649
    0.03505
    0.01344
   -0.02573
    0.05377
    0.01358
    0.00699
   -0.00609
   -0.05917
    0.07355
   -0.03480
   -0.06569
   -0.03841
   -0.00834
    0.04476
    0.05598
    0.02327
   -0.03987
   -0.04806
   -0.03217
   -0.04893
   -0.05266
   -0.02834
   -0.04301
    0.03084
    0.02327
   -0.00828
   -0.01604
   -0.03646
   -0.03869
    0.01462
   -0.05816
   -0.01459
   -0.04338
   -0.02239
    0.04217
    0.04821
   -0.04177
    0.02990
    0.05077
    0.06847
    0.06348
    0.00624
   -0.05807
    0.02712
   -0.02621
    0.01604
    0.04591
   -0.00818
   -0.05233
    0.05389
   -0.05750
   -0.05085
    0.03116
    0.07142
   -0.05465
   -0.04175
   -0.00798
    0.02660
    0.04665
   -0.03198
    0.06895
    0.03943
   -0.01413
   -0.03721
   -0.01853
    0.06018
    0.00169
    0.04923
   -0.03942
    0.03953
    0.02668
   -0.04610
   -0.00615
   -0.02682
   -0.01912
    0.07124
   -0.06591
    0.05920
   -0.00574
    0.01368
    0.03770
   -0.01815
    0.04778
    0.01432
    0.00555
   -0.02081
    0.05507
   -0.00458
   -0.00453
   -0.01216
    0.04139
   -0.05710
   -0.05631
   -0.03849
    0.05137
    0.04468
   -0.05283
   -0.05094
   -0.04311
   -0.04179
   -0.06228
   -0.02459
    0.01889
   -0.05558
   -0.04544
   -0.05382
    0.03042
    0.04906
   -0.02553
    0.04967
   -0.05720
   -0.00612
    0.05027
    0.00514
   -0.00531
    0.05027
    0.02129
   -0.04670
   -0.06233
   -0.05060
    0.02310
    0.05237
    0.04284
   -0.03228
    0.06038
    0.07552
    0.03194
    0.02164
   -0.02497
    0.00724
    0.01242
    0.05685
   -0.02937
   -0.01531
    0.05079
    0.06919
    0.05637
    0.04454
   -0.07400
   -0.03861
   -0.06377
   -0.05551
    0.01665
   -0.05250
   -0.00886
   -0.00989
   -0.07236
    0.04601
   -0.03701
    0.05629
   -0.05262
   -0.03357
    0.05520
   -0.03215
   -0.02968
    0.02372
    0.02297
   -0.05179
   -0.05075
   -0.03478
   -0.02879
    0.04273
   -0.04920
   -0.01774
   -0.00192
   -0.06788
    0.05286
   -0.02114
   -0.03667
    0.03590
    0.05202
   -0.06117
   -0.03581
   -0.06307
    0.00862
   -0.03602
    0.01968
   -0.01176
    0.04132
   -0.05007
    0.05129
   -0.06648
   -0.02184
   -0.03724
   -0.01443
   -0.03326
    0.01921
   -0.02589
   -0.04476
    0.00239
    0.06692
   -0.02165
    0.04624
    0.02045
   -0.01343
   -0.05830
    0.05330
    0.03438
   -0.00079
    0.01401
    0.05067
   -0.02082
    0.02156
   -0.02698
   -0.03938
   -0.02136
   -0.01306
    0.01293
    0.03396
    0.06657
   -0.06076
   -0.00968
    0.01163
    0.04251
    0.04372
   -0.05159
    0.01287
   -0.02790
    0.02010
   -0.01182
   -0.06622
   -0.06686
    0.00974
   -0.03556
    0.06066
   -0.00568
   -0.04967
   -0.05348
    0.01043
    0.00236
   -0.03146
   -0.04429
   -0.00448
    0.00549
   -0.02074
    0.04051
    0.05584
    0.04089
    0.02564
    0.04475
   -0.01670
   -0.00722
   -0.02473
   -0.06448
    0.04085
    0.05523
    0.01591
    0.01714
    0.04336
   -0.01502
    0.01547
   -0.04623
    0.07357
   -0.06643
   -0.02878
   -0.04040
   -0.01303
   -0.05895
   -0.06807
   -0.05193
    0.06248
   -0.00047
    0.05347
    0.06247
    0.01852
   -0.04669
    0.05902
   -0.03394
    0.06461
    0.06251
   -0.00563
   -0.06389
    0.01658
   -0.00726
    0.03749
   -0.01613
    0.01031
    0.01416
    0.05418
   -0.06042
   -0.02894
    0.05465
    0.02035
    0.03807
    0.01898
    0.07006
   -0.05053
   -0.06161
   -0.06237
   -0.07484
   -0.01838
   -0.03717
   -0.05316
    0.00934
    0.01801
    0.01335
   -0.04437
   -0.05000
   -0.04931
    0.04984
   -0.02873
   -0.00762
   -0.04462
    0.07219
    0.06651
   -0.04411
   -0.06048
    0.05572
    0.05318
    0.01229
    0.05275
    0.04316
   -0.04629
    0.02791
    0.04705
    0.00419
    0.04272
   -0.00729
    0.02963
    0.06373
   -0.02224
   -0.02276
    0.03749
    0.01308
   -0.01747
   -0.03813
   -0.01610
   -0.00153
    0.04665
    0.03879
   -0.00525
   -0.00731
    0.02864
   -0.03027
    0.04881
    0.03253
    0.03453
    0.06371
   -0.03539
   -0.02497
   -0.05744
   -0.00168
    0.05277
   -0.02987
   -0.04641
    0.04274
    0.00302
    0.05209
    0.05314
    0.04788
   -0.04452
   -0.04550
    0.03130
    0.00089
    0.03382
    0.01016
   -0.04679
   -0.06063
   -0.06125
    0.00676
   -0.02107
   -0.04152
   -0.03170
    0.03270
    0.04390
    0.00093
    0.02628
    0.01614
    0.05509
    0.03688
   -0.02011
   -0.05771
   -0.01922
   -0.01352
   -0.03136
   -0.06963
   -0.02421
   -0.00257
    0.01293
   -0.00396
   -0.03428
   -0.02822
   -0.00886
    0.03259
   -0.05557
    0.04294
   -0.04567
    0.06784
    0.01468
    0.02782
   -0.01985
   -0.00494
   -0.01082
    0.02471
    0.02761
   -0.01146
    0.04057
   -0.03500
    0.00401
    0.01861
   -0.01781
   -0.01730
   -0.02169
   -0.03953
   -0.01527
    0.06634
    0.04533
   -0.05537
    0.04183
   -0.05834
   -0.04575
   -0.01073
    0.01583
   -0.07615
   -0.04335
   -0.05263
   -0.02420
   -0.03930
   -0.01858
    0.05804
   -0.05555
    0.01822
    0.04238
    0.00005
   -0.00872
   -0.06489
   -0.04680
   -0.01115
    0.02687
    0.04802
   -0.05678
   -0.05970
   -0.02357
   -0.04030
    0.05386
    0.00295
    0.04159
    0.02810
    0.05960
   -0.05790
   -0.05764
    0.01336
   -0.03219
   -0.02221
   -0.06508
   -0.07524
    0.00321
   -0.01900
    0.06866
   -0.02310
    0.05641
   -0.06526
    0.05646
   -0.00224
   -0.02376
   -0.00197
   -0.01147
   -0.06668
   -0.05880
    0.01516
   -0.05036
   -0.03364
   -0.07545
    0.02994
   -0.00899
    0.00132
   -0.03887
    0.00232
   -0.05515
   -0.01152
   -0.04144
   -0.00791
    0.01319
   -0.06111
   -0.00223
   -0.05989
    0.01035
   -0.03983
    0.04210
   -0.04929
   -0.07811
   -0.01070
    0.04369
    0.05760
    0.01404
   -0.03984
   -0.02837
   -0.04875
   -0.01931
   -0.07222
   -0.02790
   -0.04477
   -0.01281
   -0.04099
   -0.01608
   -0.04217
    0.05798
   -0.04951
   -0.06251
    0.04372
   -0.06087
    0.05554
    0.05115
   -0.02716
    0.04100
    0.03342
   -0.02385
    0.01096
    0.04673
    0.03539
   -0.02364
    0.03445
    0.03431
    0.05245
   -0.03921
    0.00720
    0.04341
   -0.05017
   -0.05820
    0.02408
   -0.06681
    0.06517
   -0.04127
   -0.04216
   -0.07060
    0.00861
   -0.01669
   -0.01527
   -0.04452
    0.03186
   -0.00314
    0.04663
    0.02056
    0.04704
    0.06455
   -0.02465
    0.01571
    0.01725
   -0.03752
   -0.04308
    0.02266
   -0.02542
   -0.01834
   -0.00421
    0.01996
   -0.03224
    0.04658
   -0.03828
   -0.00713
   -0.03968
   -0.04108
   -0.01979

    0.00913
   -0.03243
    0.01448
   -0.07111
   -0.04121
    0.03297
   -0.06508
   -0.00834
    0.06285
    0.00699
    0.00548
   -0.04577
   -0.02514
   -0.01707
   -0.04015
   -0.00404
    0.03717
   -0.00448
   -0.01263
    0.05345
   -0.04242
   -0.04555
    0.04806
   -0.04875
    0.01641
    0.06651
   -0.03773
   -0.07210
    0.06470
   -0.06020
    0.04595
    0.02967
    0.04191
   -0.08085
    0.00607
    0.06369
    0.02812
    0.03080
   -0.01493
    0.04273
   -0.02185
   -0.00720
   -0.06707
   -0.01519
   -0.02417
    0.05340
   -0.01687
    0.00826
    0.03988
    0.01635
   -0.01730
    0.05428
    0.01736
    0.01177
    0.00162
   -0.05534
    0.07014
   -0.03794
   -0.05981
   -0.02949
   -0.01171
    0.05153
    0.05241
    0.02758
   -0.04081
   -0.03933
   -0.02833
   -0.06171
   -0.04533
   -0.02506
   -0.04393
    0.03082
    0.01651
   -0.01068
   -0.02751
   -0.03623
   -0.03765
    0.00869
   -0.06404
   -0.01159
   -0.04515
   -0.01780
    0.03535
    0.04409
   -0.04241
    0.03244
    0.05699
    0.07201
    0.06677
    0.01425
   -0.06279
    0.02244
   -0.03185
    0.01738
    0.04489
   -0.01216
   -0.05807
    0.04619
   -0.05456
   -0.05200
    0.02880
    0.06785
   -0.05195
   -0.03185
   -0.00931
    0.01751
    0.04494
   -0.03805
    0.06407
    0.04206
   -0.01644
   -0.03947
   -0.01305
    0.07459
    0.00585
    0.05212
   -0.04456
    0.04787
    0.02920
   -0.04837
   -0.01278
   -0.02442
   -0.02163
    0.06233
   -0.06368
    0.05084
   -0.00198
    0.00723
    0.03912
   -0.00998
    0.04387
    0.02165
    0.01089
   -0.01407
    0.04878
    0.00437
   -0.00785
   -0.01038
    0.03904
   -0.05907
   -0.05557
   -0.03236
    0.05112
    0.03717
   -0.06023
   -0.05157
   -0.04044
   -0.04481
   -0.05365
   -0.02547
    0.02041
   -0.05538
   -0.04044
   -0.04639
    0.03235
    0.03676
   -0.01830
    0.04649
   -0.05054
   -0.00551
    0.04349
    0.00346
   -0.00475
    0.05120
    0.02187
   -0.04418
   -0.06668
   -0.05147
    0.02529
    0.04908
    0.03515
   -0.02729
    0.05394
    0.07831
    0.03277
    0.02686
   -0.02512
    0.00617
    0.00672
    0.05205
   -0.03543
   -0.02140
    0.05103
    0.06601
    0.05062
    0.04267
   -0.07728
   -0.03093
   -0.06911
   -0.05700
    0.01200
   -0.05503
   -0.00956
   -0.00823
   -0.07555
    0.05280
   -0.04030
    0.05541
   -0.05235
   -0.03024
    0.06311
   -0.03886
   -0.02931
    0.02345
    0.01713
   -0.04905
   -0.04685
   -0.03743
   -0.02492
    0.04211
   -0.04926
   -0.02544
   -0.00448
   -0.06123
    0.05339
   -0.02306
   -0.04174
    0.04001
    0.05383
   -0.07442
   -0.03492
   -0.06078
    0.01111
   -0.03099
    0.01078
   -0.01113
    0.04452
   -0.04750
    0.04609
   -0.06179
   -0.02204
   -0.03696
   -0.02011
   -0.03156
    0.01832
   -0.02382
   -0.03162
    0.00494
    0.06314
   -0.02354
    0.03942
    0.02250
   -0.01034
   -0.05460
    0.05303
    0.03273
    0.00268
    0.01522
    0.05826
   -0.02639
    0.02166
   -0.03639
   -0.04563
   -0.01259
   -0.01185
    0.02367
    0.03274
    0.06524
   -0.06134
   -0.01339
    0.01600
    0.04438
    0.03942
   -0.04264
    0.00560
   -0.02398
    0.01801
   -0.01678
   -0.06014
   -0.06860
    0.00849
   -0.02982
    0.05230
   -0.00653
   -0.05030
   -0.04106
    0.00879
    0.00568
   -0.02689
   -0.04453
    0.00363
    0.00566
   -0.02583
    0.03738
    0.05767
    0.04007
    0.02540
    0.04605
   -0.01317
   -0.00599
   -0.02021
   -0.05619
    0.04385
    0.04944
    0.01177
    0.01592
    0.04467
   -0.01268
    0.01567
   -0.04253
    0.07285
   -0.06339
   -0.02917
   -0.04015
   -0.01267
   -0.05697
   -0.07498
   -0.04372
    0.05951
   -0.00674
    0.04871
    0.05918
    0.02039
   -0.04295
    0.06087
   -0.03312
    0.07142
    0.07094
   -0.00826
   -0.06332
    0.01868
   -0.00987
    0.04529
   -0.01405
    0.01009
    0.01714
    0.05254
   -0.06207
   -0.03096
    0.06100
    0.02642
    0.04475
    0.01958
    0.07071
   -0.04270
   -0.06255
   -0.06175
   -0.07973
   -0.01935
   -0.03364
   -0.06703
    0.01180
    0.01840
    0.01488
   -0.03974
   -0.04775
   -0.05185
    0.04767
   -0.02884
   -0.00955
   -0.04662
    0.06464
    0.07454
   -0.05195
   -0.05755
    0.05276
    0.05529
    0.01348
    0.06232
    0.04709
   -0.04257
    0.03747
    0.03996
    0.00870
    0.04329
   -0.00758
    0.03623
    0.06643
   -0.02236
   -0.02017
    0.04074
    0.00991
   -0.00092
   -0.03335
   -0.01633
   -0.00065
    0.04267
    0.03051
   -0.00437
   -0.00728
    0.02662
   -0.02374
    0.04397
    0.02879
    0.04208
    0.06149
   -0.03208
   -0.02704
   -0.05772
    0.00347
    0.04896
   -0.03065
   -0.04613
    0.04010
   -0.00150
    0.04582
    0.06061
    0.04983
   -0.04333
   -0.03658
    0.02514
   -0.00107
    0.03922
    0.01667
   -0.04507
   -0.05826
   -0.06167
    0.00734
   -0.01773
   -0.03804
   -0.03482
    0.03256
    0.04914
   -0.00429
    0.01815
    0.01951
    0.06021
    0.03644
   -0.01467
   -0.06365
   -0.01076
   -0.01470
   -0.02876
   -0.07123
   -0.02653
    0.00194
    0.00644
   -0.00123
   -0.03895
   -0.03060
   -0.01031
    0.03728
   -0.04929
    0.04576
   -0.04797
    0.07317
    0.01305
    0.02385
   -0.01992
   -0.00793
   -0.00672
    0.02299
    0.04192
   -0.01000
    0.04716
   -0.02885
    0.00326
    0.02533
   -0.02156
   -0.01331
   -0.02238
   -0.04472
   -0.01767
    0.06335
    0.04649
   -0.05613
    0.04758
   -0.05921
   -0.03354
   -0.00781
    0.01190
   -0.08255
   -0.04242
   -0.05687
   -0.01820
   -0.03679
   -0.01861
    0.05915
   -0.05487
    0.00795
    0.03966
   -0.00227
   -0.00199
   -0.05838
   -0.04008
   -0.02013
    0.03692
    0.04523
   -0.05911
   -0.06245
   -0.01923
   -0.04514
    0.05416
    0.00112
    0.04591
    0.02225
    0.05834
   -0.05646
   -0.06557
    0.00975
   -0.04010
   -0.02229
   -0.05212
   -0.07236
    0.00373
   -0.02275
    0.07858
   -0.02375
    0.05424
   -0.06234
    0.05079
   -0.00381
   -0.02649
   -0.00479
   -0.01534
   -0.06958
   -0.05763
    0.01367
   -0.05266
   -0.03417
   -0.07157
    0.03912
   -0.00950
   -0.00004
   -0.04449
   -0.00010
   -0.06092
   -0.00929
   -0.03856
    0.00145
    0.01297
   -0.06066
   -0.00617
   -0.05562
    0.00278
   -0.04039
    0.03960
   -0.04159
   -0.07531
   -0.01222
    0.04496
    0.05269
    0.01409
   -0.04505
   -0.02550
   -0.05281
   -0.00918
   -0.07489
   -0.02618
   -0.03970
   -0.01237
   -0.04525
   -0.01479
   -0.04386
    0.05334
   -0.04703
   -0.06043
    0.04707
   -0.05742
    0.05539
    0.05187
   -0.01486
    0.04327
    0.03648
   -0.02344
    0.00651
    0.04727
    0.03539
   -0.03206
    0.02716
    0.03780
    0.05586
   -0.03942
    0.00884
    0.03774
   -0.04501
   -0.05304
    0.02613
   -0.06391
    0.06351
   -0.04445
   -0.04745
   -0.06977
    0.01530
   -0.01584
   -0.01123
   -0.04276
    0.03680
   -0.00956
    0.04238
    0.02248
    0.05261
    0.07933
   -0.02881
    0.01489
    0.01817
   -0.02997
   -0.04374
    0.02011
   -0.03555
   -0.01948
   -0.00639
    0.02033
   -0.03117
    0.05079
   -0.04077
   -0.00096
   -0.04563
   -0.03809
   -0.01962
