          1          0    0.00000   -0.98802    0.04097   -0.98802    0.04097   -3.67515    3.67515    0.00000
          1          2    1.27384   -0.56409   -0.01176   -0.26483    0.00870   -3.67515   -0.56409    0.00000
          2          0    1.27384   -0.19898   -0.04935   -0.26483    0.00870   -3.67515   -0.56409   -2.11962
          2        100   68.89846   -0.88268    0.02186   -1.00574    0.04497   -3.67515   -0.56409   -2.11962
          2        200  135.61902   -0.91861    0.02807   -1.00540    0.04497   -3.67515   -0.56409   -2.11962
          2        300  199.62268   -0.93467    0.03099   -1.00654    0.04520   -3.67515   -0.56409   -2.11962
          2        400  260.14789   -0.94429    0.03277   -1.00596    0.04490   -3.67515   -0.56409   -2.11962
          2        500  322.70128   -0.95087    0.03400   -1.00644    0.04488   -3.67515   -0.56409   -2.11962
          2        600  390.06160   -0.95574    0.03492   -1.00638    0.04511   -3.67515   -0.56409   -2.11962
          2        700  456.12767   -0.95953    0.03565   -1.00680    0.04480   -3.67515   -0.56409   -2.11962
          2        800  535.42661   -0.96259    0.03623   -1.00644    0.04524   -3.67515   -0.56409   -2.11962
          2        900  597.41675   -0.96512    0.03672   -1.00644    0.04535   -3.67515   -0.56409   -2.11962
          2       1000  664.39642   -0.96727    0.03714   -1.00650    0.04553   -3.67515   -0.56409   -2.11962
          2       1100  727.54690   -0.96912    0.03750   -1.00671    0.04515   -3.67515   -0.56409   -2.11962
          2       1200  786.33157   -0.97073    0.03781   -1.00671    0.04515   -3.67515   -0.56409   -2.11962
          2       1300  847.99322   -0.97216    0.03809   -1.00680    0.04480   -3.67515   -0.56409   -2.11962
          2       1400  905.20504   -0.97343    0.03834   -1.00676    0.04553   -3.67515   -0.56409   -2.11962
          2       1500  994.79290   -0.97457    0.03856   -1.00680    0.04489   -3.67515   -0.56409   -2.11962
          2       1600 1073.57151   -0.97560    0.03877   -1.00671    0.04498   -3.67515   -0.56409   -2.11962
          2       1700 1155.63036   -0.97654    0.03895   -1.00684    0.04525   -3.67515   -0.56409   -2.11962
          2       1800 1214.85398   -0.97740    0.03912   -1.00672    0.04498   -3.67515   -0.56409   -2.11962
          2       1900 1289.78005   -0.97819    0.03928   -1.00691    0.04494   -3.67515   -0.56409   -2.11962
          2       2000 1363.76249   -0.97893    0.03943   -1.00657    0.04512   -3.67515   -0.56409   -2.11962
          2       2100 1457.71435   -0.97961    0.03956   -1.00676    0.04503   -3.67515   -0.56409   -2.11962
          2       2200 1521.16009   -0.98024    0.03969   -1.00686    0.04530   -3.67515   -0.56409   -2.11962
          2       2300 1591.06495   -0.98083    0.03980   -1.00708    0.04504   -3.67515   -0.56409   -2.11962
          2       2400 1649.26333   -0.98138    0.03991   -1.00684    0.04529   -3.67515   -0.56409   -2.11962
          2       2500 1711.00131   -0.98190    0.04002   -1.00700    0.04496   -3.67515   -0.56409   -2.11962
          2       2600 1776.69944   -0.98240    0.04012   -1.00689    0.04521   -3.67515   -0.56409   -2.11962
          2       2700 1852.89545   -0.98286    0.04021   -1.00673    0.04512   -3.67515   -0.56409   -2.11962
          2       2800 1913.41622   -0.98330    0.04030   -1.00680    0.04497   -3.67515   -0.56409   -2.11962
          2       2900 1972.75574   -0.98371    0.04038   -1.00708    0.04514   -3.67515   -0.56409   -2.11962
          2       3000 2042.27896   -0.98411    0.04046   -1.00681    0.04528   -3.67515   -0.56409   -2.11962
          2       3100 2135.51597   -0.98448    0.04053   -1.00684    0.04521   -3.67515   -0.56409   -2.11962
          2       3200 2231.19435   -0.98484    0.04060   -1.00701    0.04530   -3.67515   -0.56409   -2.11962
          2       3300 2299.22591   -0.98518    0.04067   -1.00690    0.04510   -3.67515   -0.56409   -2.11962
          2       3400 2392.94478   -0.98551    0.04074   -1.00703    0.04526   -3.67515   -0.56409   -2.11962
          2       3500 2472.31458   -0.98582    0.04080   -1.00679    0.04517   -3.67515   -0.56409   -2.11962
          2       3600 2555.94507   -0.98612    0.04086   -1.00712    0.04522   -3.67515   -0.56409   -2.11962
          2       3700 2650.90759   -0.98640    0.04092   -1.00707    0.04509   -3.67515   -0.56409   -2.11962
          2       3800 2740.68318   -0.98668    0.04097   -1.00682    0.04534   -3.67515   -0.56409   -2.11962
          2       3900 2809.36311   -0.98694    0.04103   -1.00704    0.04531   -3.67515   -0.56409   -2.11962
          2       4000 2894.99375   -0.98720    0.04108   -1.00703    0.04546   -3.67515   -0.56409   -2.11962
          2       4100 2987.04107   -0.98744    0.04113   -1.00691    0.04516   -3.67515   -0.56409   -2.11962
          2       4200 3046.05554   -0.98768    0.04118   -1.00707    0.04517   -3.67515   -0.56409   -2.11962
          2       4300 3106.21384   -0.98791    0.04122   -1.00709    0.04528   -3.67515   -0.56409   -2.11962
          2       4400 3172.21652   -0.98813    0.04127   -1.00705    0.04517   -3.67515   -0.56409   -2.11962
          2       4500 3231.13887   -0.98834    0.04131   -1.00713    0.04508   -3.67515   -0.56409   -2.11962
          2       4600 3291.77949   -0.98855    0.04135   -1.00713    0.04532   -3.67515   -0.56409   -2.11962
          2       4700 3353.10106   -0.98875    0.04139   -1.00677    0.04517   -3.67515   -0.56409   -2.11962
          2       4800 3416.75687   -0.98894    0.04143   -1.00682    0.04523   -3.67515   -0.56409   -2.11962
          2       4900 3511.53178   -0.98913    0.04147   -1.00698    0.04539   -3.67515   -0.56409   -2.11962
          2       5000 3579.13730   -0.98931    0.04150   -1.00689    0.04506   -3.67515   -0.56409   -2.11962
          2       5032 3600.22121   -0.98937    0.04152   -1.00715    0.04521   -3.67515   -0.56409   -2.11962
