          1          0    0.00000   -1.00406    0.05992   -1.00406    0.05992   -3.71024    3.71024    0.00000
          1          1   27.88493   -1.00406    0.05992   -1.00406    0.05992   -1.04367    3.71024    0.00000
          1          2   84.11749   -1.00279    0.03981   -0.97969    0.00132   -1.02620    3.71024    0.00000
          1          3  167.09291   -1.00715    0.02982   -0.99867    0.00058   -1.01865   -0.99867    0.00000
          2          0  167.09291   -0.29544   -0.04320   -0.99867    0.00058   -1.01865   -0.99867   -1.00866
          2          1  284.05925   -0.44074   -0.03983   -1.00860    0.00011   -1.01658   -1.00860   -1.00866
          2          2  433.67958   -0.53720   -0.03606   -1.00980    0.00003   -1.01611   -1.00980   -1.00866
          3          0  433.67958   -0.13216   -0.04989   -1.00980    0.00003   -1.01611   -1.00980   -1.01295
          3          1  614.84452   -0.26062   -0.04899   -1.01318    0.00004   -1.01579   -1.01318   -1.01295
          4          0  614.84452   -0.08023   -0.05020   -1.01318    0.00004   -1.01579   -1.01318   -1.01449
          4          1  977.27707   -0.19948   -0.05018   -1.01422    0.00001   -1.01573   -1.01422   -1.01449
          4          2 1823.22009   -0.29174   -0.04894   -1.01419    0.00000   -1.01569   -1.01422   -1.01449
          4          3 3292.70577   -0.36527   -0.04716   -1.01455   -0.00000   -1.01564   -1.01455   -1.01449
          5          0 3292.70577   -0.08175   -0.05028   -1.01455   -0.00000   -1.01564   -1.01455   -1.01510
          5          1 5563.90078   -0.16839   -0.05041   -1.01447    0.00000   -1.01562   -1.01455   -1.01510
