          1          0    0.00000   -1.00145    0.06506   -1.00145    0.06506   -3.65796    3.65796    0.00000
          1          1    0.43086   -0.62505   -0.04749   -0.36032   -0.02396   -3.65796   -0.36032    0.00000
          2          0    0.43086   -0.28557   -0.05909   -0.36032   -0.02396   -3.65796   -0.36032   -2.00914
          2        100   60.89700   -0.91950   -0.01575   -1.00846    0.10972   -3.65796   -0.95142   -2.00914
          2        200  130.67335   -0.94690    0.02046   -1.00723    0.11162   -3.65796   -0.95142   -2.00914
          2        300  212.35976   -0.95904    0.03672   -1.00731    0.10857   -3.65796   -0.95142   -2.00914
          2        400  292.03785   -0.96626    0.04646   -1.00953    0.10888   -3.65796   -0.95142   -2.00914
          2        500  377.67458   -0.97119    0.05312   -1.01047    0.11057   -3.65796   -0.95142   -2.00914
          2        600  460.82638   -0.97483    0.05805   -1.01094    0.10939   -3.65796   -0.95142   -2.00914
          2        700  541.93591   -0.97765    0.06189   -1.00979    0.10919   -3.65796   -0.95142   -2.00914
          2        800  620.21102   -0.97992    0.06498   -1.01104    0.10884   -3.65796   -0.95142   -2.00914
          2        900  702.85790   -0.98181    0.06755   -1.01053    0.11053   -3.65796   -0.95142   -2.00914
          2       1000  782.26887   -0.98341    0.06973   -1.01183    0.11029   -3.65796   -0.95142   -2.00914
          2       1100  860.22944   -0.98478    0.07160   -1.01176    0.11036   -3.65796   -0.95142   -2.00914
          2       1200  946.45252   -0.98598    0.07323   -1.01125    0.11077   -3.65796   -0.95142   -2.00914
          2       1300 1038.98065   -0.98704    0.07468   -1.01113    0.10984   -3.65796   -0.95142   -2.00914
          2       1400 1136.84987   -0.98798    0.07596   -1.01192    0.10991   -3.65796   -0.95142   -2.00914
          2       1500 1229.71953   -0.98883    0.07712   -1.01066    0.11056   -3.65796   -0.95142   -2.00914
          2       1600 1328.56667   -0.98959    0.07816   -1.01098    0.10945   -3.65796   -0.95142   -2.00914
          2       1700 1427.29494   -0.99029    0.07912   -1.01171    0.10968   -3.65796   -0.95142   -2.00914
          2       1800 1532.05979   -0.99093    0.07999   -1.01111    0.11064   -3.65796   -0.95142   -2.00914
          2       1900 1633.77573   -0.99152    0.08079   -1.01137    0.10975   -3.65796   -0.95142   -2.00914
          2       2000 1718.03800   -0.99206    0.08153   -1.01218    0.11055   -3.65796   -0.95142   -2.00914
          2       2100 1816.36656   -0.99256    0.08222   -1.01201    0.10991   -3.65796   -0.95142   -2.00914
          2       2200 1925.96151   -0.99303    0.08286   -1.01125    0.11043   -3.65796   -0.95142   -2.00914
          2       2300 2020.33255   -0.99347    0.08346   -1.01176    0.10991   -3.65796   -0.95142   -2.00914
          2       2400 2101.33704   -0.99388    0.08402   -1.01157    0.10991   -3.65796   -0.95142   -2.00914
          2       2500 2203.32638   -0.99427    0.08455   -1.01190    0.11033   -3.65796   -0.95142   -2.00914
          2       2600 2288.19870   -0.99463    0.08504   -1.01232    0.11023   -3.65796   -0.95142   -2.00914
          2       2700 2372.26705   -0.99498    0.08551   -1.01124    0.11053   -3.65796   -0.95142   -2.00914
          2       2800 2493.56394   -0.99530    0.08596   -1.01210    0.11024   -3.65796   -0.95142   -2.00914
          2       2900 2614.44592   -0.99561    0.08638   -1.01183    0.11012   -3.65796   -0.95142   -2.00914
          2       3000 2727.64902   -0.99590    0.08678   -1.01152    0.11023   -3.65796   -0.95142   -2.00914
          2       3100 2829.29782   -0.99618    0.08716   -1.01136    0.11052   -3.65796   -0.95142   -2.00914
          2       3200 2927.35640   -0.99644    0.08752   -1.01207    0.10971   -3.65796   -0.95142   -2.00914
          2       3300 3037.46886   -0.99670    0.08786   -1.01222    0.11066   -3.65796   -0.95142   -2.00914
          2       3400 3135.63184   -0.99694    0.08819   -1.01253    0.11000   -3.65796   -0.95142   -2.00914
          2       3500 3242.37351   -0.99717    0.08851   -1.01139    0.11056   -3.65796   -0.95142   -2.00914
          2       3600 3354.06111   -0.99739    0.08881   -1.01229    0.11025   -3.65796   -0.95142   -2.00914
          2       3700 3466.83937   -0.99760    0.08910   -1.01158    0.11024   -3.65796   -0.95142   -2.00914
          2       3800 3591.11835   -0.99781    0.08938   -1.01202    0.11027   -3.65796   -0.95142   -2.00914
          2       3808 3600.61149   -0.99782    0.08940   -1.01206    0.11029   -3.65796   -0.95142   -2.00914
