          1          0    0.00000   -1.00469    0.06046   -1.00469    0.06046   -3.72481    3.72481    0.00000
          1          1    0.70679   -0.65979   -0.00392   -0.41641    0.03173   -3.72481   -0.65979    0.00000
          2          0    0.70679   -0.29478   -0.04137   -0.41641    0.03173   -3.72481   -0.65979   -2.19230
          2        100  140.08527   -0.93251    0.03689   -1.01431    0.06255   -3.72481   -0.65979   -2.19230
          2        200  278.89231   -0.95705    0.04423   -1.01414    0.06367   -3.72481   -0.65979   -2.19230
          2        300  420.64198   -0.96790    0.04756   -1.01442    0.06315   -3.72481   -0.65979   -2.19230
          2        400  556.36209   -0.97436    0.04959   -1.01495    0.06308   -3.72481   -0.65979   -2.19230
          2        500  694.57200   -0.97878    0.05098   -1.01535    0.06297   -3.72481   -0.65979   -2.19230
          2        600  841.77174   -0.98203    0.05201   -1.01552    0.06374   -3.72481   -0.65979   -2.19230
          2        700  978.17825   -0.98456    0.05282   -1.01527    0.06318   -3.72481   -0.65979   -2.19230
          2        800 1124.76874   -0.98660    0.05347   -1.01563    0.06317   -3.72481   -0.65979   -2.19230
          2        900 1270.54888   -0.98828    0.05401   -1.01496    0.06306   -3.72481   -0.65979   -2.19230
          2       1000 1413.87417   -0.98971    0.05447   -1.01558    0.06282   -3.72481   -0.65979   -2.19230
          2       1100 1558.18968   -0.99094    0.05487   -1.01570    0.06282   -3.72481   -0.65979   -2.19230
          2       1200 1693.70720   -0.99201    0.05521   -1.01564    0.06309   -3.72481   -0.65979   -2.19230
          2       1300 1840.78173   -0.99295    0.05552   -1.01522    0.06278   -3.72481   -0.65979   -2.19230
          2       1400 1984.59118   -0.99380    0.05579   -1.01569    0.06323   -3.72481   -0.65979   -2.19230
          2       1500 2125.07957   -0.99455    0.05604   -1.01570    0.06318   -3.72481   -0.65979   -2.19230
          2       1600 2264.26764   -0.99523    0.05626   -1.01593    0.06304   -3.72481   -0.65979   -2.19230
          2       1700 2405.00720   -0.99586    0.05646   -1.01558    0.06318   -3.72481   -0.65979   -2.19230
          2       1800 2535.63804   -0.99642    0.05665   -1.01580    0.06302   -3.72481   -0.65979   -2.19230
          2       1900 2679.02859   -0.99695    0.05682   -1.01549    0.06283   -3.72481   -0.65979   -2.19230
          2       2000 2820.47640   -0.99743    0.05698   -1.01561    0.06322   -3.72481   -0.65979   -2.19230
          2       2100 2950.99745   -0.99788    0.05712   -1.01554    0.06306   -3.72481   -0.65979   -2.19230
          2       2200 3091.29805   -0.99830    0.05726   -1.01549    0.06310   -3.72481   -0.65979   -2.19230
          2       2300 3236.49507   -0.99869    0.05739   -1.01571    0.06300   -3.72481   -0.65979   -2.19230
          2       2400 3371.77149   -0.99906    0.05751   -1.01545    0.06335   -3.72481   -0.65979   -2.19230
          2       2500 3504.41253   -0.99940    0.05762   -1.01583    0.06326   -3.72481   -0.65979   -2.19230
          2       2576 3600.09663   -0.99965    0.05770   -1.01575    0.06335   -3.72481   -0.65979   -2.19230
