          1          0    0.00000   -1.03183   -0.02274   -1.03183   -0.02274   -3.39522    3.39522    0.00000
          1          1    0.04432   -0.72209   -0.03916   -0.52479   -0.04141   -3.39522   -0.72209    0.00000
          2          0    0.04432   -0.30797   -0.04867   -0.52479   -0.04141   -3.39522   -0.72209   -2.05866
          2        100    7.10738   -0.95401   -0.02952   -1.03878   -0.02406   -3.39522   -0.72209   -2.05866
          2        200   13.64004   -0.97901   -0.02802   -1.03908   -0.02402   -3.39522   -0.72209   -2.05866
          2        300   19.93567   -0.99011   -0.02733   -1.03951   -0.02402   -3.39522   -0.72209   -2.05866
          2        400   26.68372   -0.99675   -0.02692   -1.03937   -0.02423   -3.39522   -0.72209   -2.05866
          2        500   32.55114   -1.00128   -0.02664   -1.03951   -0.02416   -3.39522   -0.72209   -2.05866
          2        600   38.84476   -1.00463   -0.02643   -1.03948   -0.02412   -3.39522   -0.72209   -2.05866
          2        700   45.64858   -1.00723   -0.02626   -1.03952   -0.02424   -3.39522   -0.72209   -2.05866
          2        800   51.82924   -1.00933   -0.02613   -1.03960   -0.02423   -3.39522   -0.72209   -2.05866
          2        900   58.29836   -1.01107   -0.02602   -1.03964   -0.02419   -3.39522   -0.72209   -2.05866
          2       1000   64.69263   -1.01254   -0.02593   -1.03965   -0.02418   -3.39522   -0.72209   -2.05866
          2       1100   71.10026   -1.01381   -0.02585   -1.03962   -0.02410   -3.39522   -0.72209   -2.05866
          2       1200   78.03475   -1.01491   -0.02578   -1.03964   -0.02411   -3.39522   -0.72209   -2.05866
          2       1300   84.82863   -1.01589   -0.02572   -1.03969   -0.02417   -3.39522   -0.72209   -2.05866
          2       1400   91.32428   -1.01676   -0.02566   -1.03972   -0.02422   -3.39522   -0.72209   -2.05866
          2       1500   98.00620   -1.01754   -0.02561   -1.03968   -0.02419   -3.39522   -0.72209   -2.05866
          2       1600  104.53907   -1.01824   -0.02557   -1.03966   -0.02422   -3.39522   -0.72209   -2.05866
          2       1700  110.61581   -1.01889   -0.02552   -1.03957   -0.02408   -3.39522   -0.72209   -2.05866
          2       1800  117.01014   -1.01948   -0.02549   -1.03960   -0.02420   -3.39522   -0.72209   -2.05866
          2       1900  124.08179   -1.02002   -0.02545   -1.03972   -0.02419   -3.39522   -0.72209   -2.05866
          2       2000  131.54608   -1.02052   -0.02542   -1.03966   -0.02417   -3.39522   -0.72209   -2.05866
          2       2100  137.94301   -1.02098   -0.02539   -1.03970   -0.02419   -3.39522   -0.72209   -2.05866
          2       2200  144.34724   -1.02142   -0.02536   -1.03965   -0.02420   -3.39522   -0.72209   -2.05866
          2       2300  150.66304   -1.02182   -0.02534   -1.03963   -0.02416   -3.39522   -0.72209   -2.05866
          2       2400  157.04227   -1.02220   -0.02531   -1.03974   -0.02422   -3.39522   -0.72209   -2.05866
          2       2500  163.80403   -1.02255   -0.02529   -1.03968   -0.02416   -3.39522   -0.72209   -2.05866
          2       2600  170.58022   -1.02289   -0.02527   -1.03969   -0.02412   -3.39522   -0.72209   -2.05866
          2       2700  176.49934   -1.02321   -0.02525   -1.03966   -0.02413   -3.39522   -0.72209   -2.05866
          2       2800  183.06087   -1.02351   -0.02523   -1.03967   -0.02426   -3.39522   -0.72209   -2.05866
          2       2900  189.46856   -1.02379   -0.02521   -1.03967   -0.02415   -3.39522   -0.72209   -2.05866
          2       3000  195.95066   -1.02406   -0.02519   -1.03969   -0.02409   -3.39522   -0.72209   -2.05866
          2       3100  202.15905   -1.02431   -0.02518   -1.03975   -0.02421   -3.39522   -0.72209   -2.05866
          2       3200  208.50755   -1.02456   -0.02516   -1.03972   -0.02417   -3.39522   -0.72209   -2.05866
          2       3300  215.18076   -1.02479   -0.02515   -1.03972   -0.02419   -3.39522   -0.72209   -2.05866
          2       3400  221.48111   -1.02501   -0.02513   -1.03972   -0.02411   -3.39522   -0.72209   -2.05866
          2       3500  228.04256   -1.02523   -0.02512   -1.03970   -0.02421   -3.39522   -0.72209   -2.05866
          2       3600  233.98460   -1.02543   -0.02511   -1.03974   -0.02418   -3.39522   -0.72209   -2.05866
          2       3700  240.76479   -1.02563   -0.02509   -1.03968   -0.02419   -3.39522   -0.72209   -2.05866
          2       3800  247.01873   -1.02582   -0.02508   -1.03970   -0.02419   -3.39522   -0.72209   -2.05866
          2       3900  253.68750   -1.02600   -0.02507   -1.03976   -0.02411   -3.39522   -0.72209   -2.05866
          2       4000  260.51883   -1.02617   -0.02506   -1.03973   -0.02420   -3.39522   -0.72209   -2.05866
          2       4100  266.79582   -1.02634   -0.02505   -1.03979   -0.02421   -3.39522   -0.72209   -2.05866
          2       4200  273.33391   -1.02650   -0.02504   -1.03973   -0.02413   -3.39522   -0.72209   -2.05866
          2       4300  280.13057   -1.02665   -0.02503   -1.03975   -0.02416   -3.39522   -0.72209   -2.05866
          2       4400  286.47671   -1.02681   -0.02502   -1.03973   -0.02419   -3.39522   -0.72209   -2.05866
          2       4500  292.98425   -1.02695   -0.02501   -1.03972   -0.02414   -3.39522   -0.72209   -2.05866
          2       4600  299.65258   -1.02709   -0.02500   -1.03970   -0.02415   -3.39522   -0.72209   -2.05866
          2       4700  306.12350   -1.02723   -0.02499   -1.03965   -0.02422   -3.39522   -0.72209   -2.05866
          2       4800  311.94684   -1.02736   -0.02498   -1.03972   -0.02414   -3.39522   -0.72209   -2.05866
          2       4900  318.28292   -1.02749   -0.02497   -1.03977   -0.02418   -3.39522   -0.72209   -2.05866
          2       5000  324.79700   -1.02761   -0.02497   -1.03978   -0.02418   -3.39522   -0.72209   -2.05866
          2       5100  331.40900   -1.02773   -0.02496   -1.03977   -0.02417   -3.39522   -0.72209   -2.05866
          2       5200  337.76251   -1.02785   -0.02495   -1.03976   -0.02422   -3.39522   -0.72209   -2.05866
          2       5300  343.93334   -1.02796   -0.02494   -1.03972   -0.02413   -3.39522   -0.72209   -2.05866
          2       5400  350.70046   -1.02807   -0.02494   -1.03976   -0.02421   -3.39522   -0.72209   -2.05866
          2       5500  357.53078   -1.02818   -0.02493   -1.03979   -0.02419   -3.39522   -0.72209   -2.05866
          2       5600  364.34581   -1.02829   -0.02492   -1.03975   -0.02417   -3.39522   -0.72209   -2.05866
          2       5700  371.83740   -1.02839   -0.02492   -1.03977   -0.02420   -3.39522   -0.72209   -2.05866
          2       5800  377.94147   -1.02849   -0.02491   -1.03974   -0.02416   -3.39522   -0.72209   -2.05866
          2       5900  384.25070   -1.02858   -0.02490   -1.03973   -0.02416   -3.39522   -0.72209   -2.05866
          2       6000  390.63575   -1.02868   -0.02490   -1.03969   -0.02416   -3.39522   -0.72209   -2.05866
          2       6100  396.92604   -1.02877   -0.02489   -1.03979   -0.02418   -3.39522   -0.72209   -2.05866
          2       6200  403.45354   -1.02886   -0.02489   -1.03978   -0.02414   -3.39522   -0.72209   -2.05866
          2       6300  410.50886   -1.02895   -0.02488   -1.03977   -0.02416   -3.39522   -0.72209   -2.05866
          2       6400  416.88358   -1.02903   -0.02487   -1.03976   -0.02420   -3.39522   -0.72209   -2.05866
          2       6500  423.37444   -1.02911   -0.02487   -1.03981   -0.02414   -3.39522   -0.72209   -2.05866
          2       6600  429.62162   -1.02920   -0.02486   -1.03972   -0.02415   -3.39522   -0.72209   -2.05866
          2       6700  435.95505   -1.02928   -0.02486   -1.03975   -0.02416   -3.39522   -0.72209   -2.05866
          2       6800  442.66162   -1.02935   -0.02485   -1.03982   -0.02414   -3.39522   -0.72209   -2.05866
          2       6900  449.25076   -1.02943   -0.02485   -1.03980   -0.02421   -3.39522   -0.72209   -2.05866
          2       7000  455.52636   -1.02950   -0.02484   -1.03980   -0.02415   -3.39522   -0.72209   -2.05866
          2       7100  462.23866   -1.02958   -0.02484   -1.03974   -0.02418   -3.39522   -0.72209   -2.05866
          2       7200  468.89191   -1.02965   -0.02483   -1.03975   -0.02415   -3.39522   -0.72209   -2.05866
          2       7300  476.03849   -1.02972   -0.02483   -1.03977   -0.02415   -3.39522   -0.72209   -2.05866
          2       7400  482.17261   -1.02979   -0.02483   -1.03973   -0.02417   -3.39522   -0.72209   -2.05866
          2       7500  488.86289   -1.02986   -0.02482   -1.03978   -0.02419   -3.39522   -0.72209   -2.05866
          2       7600  495.35433   -1.02992   -0.02482   -1.03977   -0.02413   -3.39522   -0.72209   -2.05866
          2       7700  501.27663   -1.02999   -0.02481   -1.03981   -0.02415   -3.39522   -0.72209   -2.05866
          2       7800  507.81705   -1.03005   -0.02481   -1.03981   -0.02415   -3.39522   -0.72209   -2.05866
          2       7900  515.30090   -1.03011   -0.02480   -1.03980   -0.02417   -3.39522   -0.72209   -2.05866
          2       8000  522.72613   -1.03017   -0.02480   -1.03978   -0.02418   -3.39522   -0.72209   -2.05866
          2       8100  529.54350   -1.03023   -0.02480   -1.03979   -0.02419   -3.39522   -0.72209   -2.05866
          2       8200  536.28634   -1.03029   -0.02479   -1.03971   -0.02420   -3.39522   -0.72209   -2.05866
          2       8300  543.65373   -1.03035   -0.02479   -1.03977   -0.02415   -3.39522   -0.72209   -2.05866
          2       8400  549.56686   -1.03041   -0.02479   -1.03980   -0.02413   -3.39522   -0.72209   -2.05866
          2       8500  556.16404   -1.03046   -0.02478   -1.03977   -0.02416   -3.39522   -0.72209   -2.05866
          2       8600  562.32908   -1.03052   -0.02478   -1.03980   -0.02419   -3.39522   -0.72209   -2.05866
          2       8700  568.47872   -1.03057   -0.02478   -1.03979   -0.02422   -3.39522   -0.72209   -2.05866
          2       8800  574.36817   -1.03062   -0.02477   -1.03978   -0.02421   -3.39522   -0.72209   -2.05866
          2       8900  580.78629   -1.03067   -0.02477   -1.03979   -0.02418   -3.39522   -0.72209   -2.05866
          2       9000  587.20456   -1.03073   -0.02476   -1.03984   -0.02418   -3.39522   -0.72209   -2.05866
          2       9100  593.47191   -1.03078   -0.02476   -1.03978   -0.02417   -3.39522   -0.72209   -2.05866
          2       9200  599.95890   -1.03082   -0.02476   -1.03982   -0.02423   -3.39522   -0.72209   -2.05866
          2       9300  606.44766   -1.03087   -0.02476   -1.03973   -0.02418   -3.39522   -0.72209   -2.05866
          2       9400  612.64672   -1.03092   -0.02475   -1.03977   -0.02417   -3.39522   -0.72209   -2.05866
          2       9500  618.70422   -1.03097   -0.02475   -1.03976   -0.02419   -3.39522   -0.72209   -2.05866
          2       9600  624.68945   -1.03101   -0.02475   -1.03982   -0.02415   -3.39522   -0.72209   -2.05866
          2       9700  631.70348   -1.03106   -0.02474   -1.03979   -0.02417   -3.39522   -0.72209   -2.05866
          2       9800  637.69171   -1.03111   -0.02474   -1.03979   -0.02420   -3.39522   -0.72209   -2.05866
          2       9900  643.70502   -1.03115   -0.02474   -1.03978   -0.02411   -3.39522   -0.72209   -2.05866
          2      10000  650.07054   -1.03119   -0.02473   -1.03978   -0.02418   -3.39522   -0.72209   -2.05866
          2      10100  656.93279   -1.03124   -0.02473   -1.03979   -0.02417   -3.39522   -0.72209   -2.05866
          2      10200  663.94864   -1.03128   -0.02473   -1.03975   -0.02419   -3.39522   -0.72209   -2.05866
          2      10300  670.12614   -1.03132   -0.02473   -1.03979   -0.02417   -3.39522   -0.72209   -2.05866
          2      10400  676.62916   -1.03136   -0.02472   -1.03978   -0.02419   -3.39522   -0.72209   -2.05866
          2      10500  683.90646   -1.03140   -0.02472   -1.03982   -0.02419   -3.39522   -0.72209   -2.05866
          2      10600  691.63999   -1.03144   -0.02472   -1.03979   -0.02416   -3.39522   -0.72209   -2.05866
          2      10700  698.37784   -1.03148   -0.02472   -1.03979   -0.02418   -3.39522   -0.72209   -2.05866
          2      10800  704.74857   -1.03152   -0.02471   -1.03982   -0.02420   -3.39522   -0.72209   -2.05866
          2      10900  711.36100   -1.03156   -0.02471   -1.03974   -0.02414   -3.39522   -0.72209   -2.05866
          2      11000  717.60740   -1.03160   -0.02471   -1.03975   -0.02420   -3.39522   -0.72209   -2.05866
          2      11100  723.52053   -1.03163   -0.02471   -1.03982   -0.02417   -3.39522   -0.72209   -2.05866
          2      11200  729.76410   -1.03167   -0.02470   -1.03980   -0.02419   -3.39522   -0.72209   -2.05866
          2      11300  736.09953   -1.03171   -0.02470   -1.03980   -0.02418   -3.39522   -0.72209   -2.05866
          2      11400  742.67313   -1.03174   -0.02470   -1.03981   -0.02416   -3.39522   -0.72209   -2.05866
          2      11500  748.77297   -1.03178   -0.02470   -1.03982   -0.02419   -3.39522   -0.72209   -2.05866
          2      11600  754.70553   -1.03181   -0.02469   -1.03977   -0.02414   -3.39522   -0.72209   -2.05866
          2      11700  760.95650   -1.03185   -0.02469   -1.03979   -0.02418   -3.39522   -0.72209   -2.05866
          2      11800  767.43795   -1.03188   -0.02469   -1.03979   -0.02418   -3.39522   -0.72209   -2.05866
          2      11900  773.63032   -1.03191   -0.02469   -1.03981   -0.02418   -3.39522   -0.72209   -2.05866
          2      12000  780.73646   -1.03195   -0.02469   -1.03982   -0.02419   -3.39522   -0.72209   -2.05866
          2      12100  787.40598   -1.03198   -0.02468   -1.03979   -0.02417   -3.39522   -0.72209   -2.05866
          2      12200  793.33410   -1.03201   -0.02468   -1.03979   -0.02418   -3.39522   -0.72209   -2.05866
          2      12300  799.96438   -1.03204   -0.02468   -1.03977   -0.02417   -3.39522   -0.72209   -2.05866
          2      12400  806.47896   -1.03208   -0.02468   -1.03980   -0.02414   -3.39522   -0.72209   -2.05866
          2      12500  813.15040   -1.03211   -0.02468   -1.03982   -0.02417   -3.39522   -0.72209   -2.05866
          2      12600  819.50146   -1.03214   -0.02467   -1.03978   -0.02418   -3.39522   -0.72209   -2.05866
          2      12700  825.92141   -1.03217   -0.02467   -1.03980   -0.02414   -3.39522   -0.72209   -2.05866
          2      12800  832.32496   -1.03220   -0.02467   -1.03979   -0.02416   -3.39522   -0.72209   -2.05866
          2      12900  839.02489   -1.03223   -0.02467   -1.03983   -0.02417   -3.39522   -0.72209   -2.05866
          2      13000  845.38124   -1.03226   -0.02467   -1.03983   -0.02418   -3.39522   -0.72209   -2.05866
          2      13100  851.87735   -1.03229   -0.02466   -1.03979   -0.02420   -3.39522   -0.72209   -2.05866
          2      13200  858.79138   -1.03232   -0.02466   -1.03979   -0.02417   -3.39522   -0.72209   -2.05866
          2      13300  865.97093   -1.03234   -0.02466   -1.03980   -0.02416   -3.39522   -0.72209   -2.05866
          2      13400  872.87826   -1.03237   -0.02466   -1.03980   -0.02416   -3.39522   -0.72209   -2.05866
          2      13500  879.91933   -1.03240   -0.02466   -1.03979   -0.02418   -3.39522   -0.72209   -2.05866
          2      13600  887.41722   -1.03243   -0.02466   -1.03976   -0.02420   -3.39522   -0.72209   -2.05866
          2      13700  893.13089   -1.03245   -0.02465   -1.03979   -0.02418   -3.39522   -0.72209   -2.05866
          2      13800  899.41946   -1.03248   -0.02465   -1.03977   -0.02418   -3.39522   -0.72209   -2.05866
          2      13900  905.47925   -1.03251   -0.02465   -1.03976   -0.02417   -3.39522   -0.72209   -2.05866
          2      14000  911.77288   -1.03253   -0.02465   -1.03980   -0.02416   -3.39522   -0.72209   -2.05866
          2      14100  917.93837   -1.03256   -0.02465   -1.03982   -0.02420   -3.39522   -0.72209   -2.05866
          2      14200  924.38776   -1.03259   -0.02465   -1.03982   -0.02416   -3.39522   -0.72209   -2.05866
          2      14300  930.37369   -1.03261   -0.02464   -1.03983   -0.02418   -3.39522   -0.72209   -2.05866
          2      14400  936.67292   -1.03264   -0.02464   -1.03982   -0.02419   -3.39522   -0.72209   -2.05866
          2      14500  942.94728   -1.03266   -0.02464   -1.03982   -0.02417   -3.39522   -0.72209   -2.05866
          2      14600  949.69615   -1.03269   -0.02464   -1.03982   -0.02418   -3.39522   -0.72209   -2.05866
          2      14700  955.87019   -1.03271   -0.02464   -1.03980   -0.02415   -3.39522   -0.72209   -2.05866
          2      14800  962.13844   -1.03273   -0.02464   -1.03979   -0.02418   -3.39522   -0.72209   -2.05866
          2      14900  968.43205   -1.03276   -0.02463   -1.03977   -0.02419   -3.39522   -0.72209   -2.05866
          2      15000  975.29033   -1.03278   -0.02463   -1.03979   -0.02420   -3.39522   -0.72209   -2.05866
          2      15100  981.87372   -1.03281   -0.02463   -1.03982   -0.02418   -3.39522   -0.72209   -2.05866
          2      15200  988.49410   -1.03283   -0.02463   -1.03981   -0.02416   -3.39522   -0.72209   -2.05866
          2      15300  995.04830   -1.03285   -0.02463   -1.03980   -0.02414   -3.39522   -0.72209   -2.05866
          2      15400 1001.32782   -1.03287   -0.02463   -1.03975   -0.02417   -3.39522   -0.72209   -2.05866
          2      15500 1008.32221   -1.03290   -0.02463   -1.03983   -0.02417   -3.39522   -0.72209   -2.05866
          2      15600 1015.26115   -1.03292   -0.02462   -1.03978   -0.02414   -3.39522   -0.72209   -2.05866
          2      15700 1021.70837   -1.03294   -0.02462   -1.03980   -0.02419   -3.39522   -0.72209   -2.05866
          2      15800 1028.50780   -1.03296   -0.02462   -1.03981   -0.02415   -3.39522   -0.72209   -2.05866
          2      15900 1034.89603   -1.03298   -0.02462   -1.03982   -0.02419   -3.39522   -0.72209   -2.05866
          2      16000 1041.34481   -1.03301   -0.02462   -1.03978   -0.02417   -3.39522   -0.72209   -2.05866
          2      16100 1047.95323   -1.03303   -0.02462   -1.03982   -0.02418   -3.39522   -0.72209   -2.05866
          2      16200 1054.25761   -1.03305   -0.02462   -1.03978   -0.02419   -3.39522   -0.72209   -2.05866
          2      16300 1060.12702   -1.03307   -0.02461   -1.03982   -0.02416   -3.39522   -0.72209   -2.05866
          2      16400 1066.55549   -1.03309   -0.02461   -1.03980   -0.02418   -3.39522   -0.72209   -2.05866
          2      16500 1072.46010   -1.03311   -0.02461   -1.03980   -0.02418   -3.39522   -0.72209   -2.05866
          2      16600 1078.53987   -1.03313   -0.02461   -1.03982   -0.02414   -3.39522   -0.72209   -2.05866
          2      16700 1084.82995   -1.03315   -0.02461   -1.03980   -0.02415   -3.39522   -0.72209   -2.05866
          2      16800 1091.30495   -1.03317   -0.02461   -1.03980   -0.02417   -3.39522   -0.72209   -2.05866
          2      16900 1097.78651   -1.03319   -0.02461   -1.03980   -0.02418   -3.39522   -0.72209   -2.05866
          2      17000 1104.03269   -1.03321   -0.02460   -1.03981   -0.02418   -3.39522   -0.72209   -2.05866
          2      17100 1110.37496   -1.03323   -0.02460   -1.03981   -0.02420   -3.39522   -0.72209   -2.05866
          2      17200 1117.10137   -1.03325   -0.02460   -1.03975   -0.02419   -3.39522   -0.72209   -2.05866
          2      17300 1123.98569   -1.03327   -0.02460   -1.03981   -0.02418   -3.39522   -0.72209   -2.05866
          2      17400 1130.39933   -1.03329   -0.02460   -1.03978   -0.02418   -3.39522   -0.72209   -2.05866
          2      17500 1136.31934   -1.03331   -0.02460   -1.03978   -0.02418   -3.39522   -0.72209   -2.05866
          2      17600 1142.38687   -1.03332   -0.02460   -1.03983   -0.02420   -3.39522   -0.72209   -2.05866
          2      17700 1148.74805   -1.03334   -0.02460   -1.03978   -0.02417   -3.39522   -0.72209   -2.05866
          2      17800 1155.11783   -1.03336   -0.02460   -1.03981   -0.02415   -3.39522   -0.72209   -2.05866
          2      17900 1161.37709   -1.03338   -0.02459   -1.03982   -0.02419   -3.39522   -0.72209   -2.05866
          2      18000 1168.22970   -1.03340   -0.02459   -1.03980   -0.02420   -3.39522   -0.72209   -2.05866
          2      18100 1174.88623   -1.03342   -0.02459   -1.03983   -0.02414   -3.39522   -0.72209   -2.05866
          2      18200 1181.37991   -1.03343   -0.02459   -1.03980   -0.02417   -3.39522   -0.72209   -2.05866
          2      18300 1188.08162   -1.03345   -0.02459   -1.03979   -0.02417   -3.39522   -0.72209   -2.05866
          2      18400 1195.06333   -1.03347   -0.02459   -1.03983   -0.02416   -3.39522   -0.72209   -2.05866
          2      18500 1201.49095   -1.03349   -0.02459   -1.03982   -0.02416   -3.39522   -0.72209   -2.05866
          2      18600 1207.87498   -1.03350   -0.02459   -1.03979   -0.02419   -3.39522   -0.72209   -2.05866
          2      18700 1214.21106   -1.03352   -0.02458   -1.03983   -0.02416   -3.39522   -0.72209   -2.05866
          2      18800 1220.81829   -1.03354   -0.02458   -1.03983   -0.02416   -3.39522   -0.72209   -2.05866
          2      18900 1227.10278   -1.03355   -0.02458   -1.03984   -0.02418   -3.39522   -0.72209   -2.05866
          2      19000 1233.75087   -1.03357   -0.02458   -1.03978   -0.02416   -3.39522   -0.72209   -2.05866
          2      19100 1240.54201   -1.03359   -0.02458   -1.03982   -0.02415   -3.39522   -0.72209   -2.05866
          2      19200 1247.07464   -1.03360   -0.02458   -1.03980   -0.02417   -3.39522   -0.72209   -2.05866
          2      19300 1253.39394   -1.03362   -0.02458   -1.03981   -0.02416   -3.39522   -0.72209   -2.05866
          2      19400 1259.90537   -1.03364   -0.02458   -1.03985   -0.02416   -3.39522   -0.72209   -2.05866
          2      19500 1265.99214   -1.03365   -0.02458   -1.03982   -0.02420   -3.39522   -0.72209   -2.05866
          2      19600 1273.08129   -1.03367   -0.02458   -1.03982   -0.02416   -3.39522   -0.72209   -2.05866
          2      19700 1279.70402   -1.03368   -0.02457   -1.03982   -0.02418   -3.39522   -0.72209   -2.05866
          2      19800 1285.99944   -1.03370   -0.02457   -1.03983   -0.02417   -3.39522   -0.72209   -2.05866
          2      19900 1292.34559   -1.03371   -0.02457   -1.03982   -0.02418   -3.39522   -0.72209   -2.05866
          2      20000 1299.86666   -1.03373   -0.02457   -1.03984   -0.02417   -3.39522   -0.72209   -2.05866
          2      20100 1306.48269   -1.03374   -0.02457   -1.03980   -0.02418   -3.39522   -0.72209   -2.05866
          2      20200 1312.81855   -1.03376   -0.02457   -1.03984   -0.02417   -3.39522   -0.72209   -2.05866
          2      20300 1319.25897   -1.03377   -0.02457   -1.03982   -0.02419   -3.39522   -0.72209   -2.05866
          2      20400 1325.34125   -1.03379   -0.02457   -1.03982   -0.02417   -3.39522   -0.72209   -2.05866
          2      20500 1331.26681   -1.03380   -0.02457   -1.03982   -0.02416   -3.39522   -0.72209   -2.05866
          2      20600 1337.46640   -1.03382   -0.02457   -1.03983   -0.02417   -3.39522   -0.72209   -2.05866
          2      20700 1343.49778   -1.03383   -0.02456   -1.03981   -0.02416   -3.39522   -0.72209   -2.05866
          2      20800 1350.05181   -1.03385   -0.02456   -1.03982   -0.02418   -3.39522   -0.72209   -2.05866
          2      20900 1356.80517   -1.03386   -0.02456   -1.03982   -0.02417   -3.39522   -0.72209   -2.05866
          2      21000 1363.16529   -1.03388   -0.02456   -1.03980   -0.02417   -3.39522   -0.72209   -2.05866
          2      21100 1370.51482   -1.03389   -0.02456   -1.03983   -0.02416   -3.39522   -0.72209   -2.05866
          2      21200 1376.56056   -1.03391   -0.02456   -1.03983   -0.02419   -3.39522   -0.72209   -2.05866
          2      21300 1382.70722   -1.03392   -0.02456   -1.03983   -0.02418   -3.39522   -0.72209   -2.05866
          2      21400 1389.17649   -1.03393   -0.02456   -1.03982   -0.02418   -3.39522   -0.72209   -2.05866
          2      21500 1395.51023   -1.03395   -0.02456   -1.03982   -0.02416   -3.39522   -0.72209   -2.05866
          2      21600 1401.92986   -1.03396   -0.02456   -1.03984   -0.02415   -3.39522   -0.72209   -2.05866
          2      21700 1408.10630   -1.03397   -0.02456   -1.03982   -0.02418   -3.39522   -0.72209   -2.05866
          2      21800 1414.06667   -1.03399   -0.02455   -1.03982   -0.02419   -3.39522   -0.72209   -2.05866
          2      21900 1420.81880   -1.03400   -0.02455   -1.03983   -0.02417   -3.39522   -0.72209   -2.05866
          2      22000 1428.40488   -1.03401   -0.02455   -1.03980   -0.02420   -3.39522   -0.72209   -2.05866
          2      22100 1435.77226   -1.03403   -0.02455   -1.03984   -0.02419   -3.39522   -0.72209   -2.05866
          2      22200 1443.30810   -1.03404   -0.02455   -1.03984   -0.02417   -3.39522   -0.72209   -2.05866
          2      22300 1450.87785   -1.03405   -0.02455   -1.03983   -0.02418   -3.39522   -0.72209   -2.05866
          2      22400 1456.86713   -1.03407   -0.02455   -1.03980   -0.02420   -3.39522   -0.72209   -2.05866
          2      22500 1463.54437   -1.03408   -0.02455   -1.03982   -0.02421   -3.39522   -0.72209   -2.05866
          2      22600 1470.05071   -1.03409   -0.02455   -1.03983   -0.02415   -3.39522   -0.72209   -2.05866
          2      22700 1476.31553   -1.03411   -0.02455   -1.03982   -0.02417   -3.39522   -0.72209   -2.05866
          2      22800 1482.91048   -1.03412   -0.02455   -1.03983   -0.02418   -3.39522   -0.72209   -2.05866
          2      22900 1488.90336   -1.03413   -0.02455   -1.03984   -0.02416   -3.39522   -0.72209   -2.05866
          2      23000 1495.22387   -1.03414   -0.02454   -1.03982   -0.02419   -3.39522   -0.72209   -2.05866
          2      23100 1501.63906   -1.03416   -0.02454   -1.03983   -0.02419   -3.39522   -0.72209   -2.05866
          2      23200 1507.90295   -1.03417   -0.02454   -1.03983   -0.02418   -3.39522   -0.72209   -2.05866
          2      23300 1514.33032   -1.03418   -0.02454   -1.03983   -0.02418   -3.39522   -0.72209   -2.05866
          2      23400 1520.72686   -1.03419   -0.02454   -1.03983   -0.02418   -3.39522   -0.72209   -2.05866
          2      23500 1527.17453   -1.03420   -0.02454   -1.03984   -0.02417   -3.39522   -0.72209   -2.05866
          2      23600 1533.90328   -1.03422   -0.02454   -1.03982   -0.02417   -3.39522   -0.72209   -2.05866
          2      23700 1541.03099   -1.03423   -0.02454   -1.03985   -0.02419   -3.39522   -0.72209   -2.05866
          2      23800 1547.17711   -1.03424   -0.02454   -1.03982   -0.02418   -3.39522   -0.72209   -2.05866
          2      23900 1554.59040   -1.03425   -0.02454   -1.03984   -0.02418   -3.39522   -0.72209   -2.05866
          2      24000 1560.66761   -1.03426   -0.02454   -1.03979   -0.02417   -3.39522   -0.72209   -2.05866
          2      24100 1567.22560   -1.03427   -0.02454   -1.03980   -0.02416   -3.39522   -0.72209   -2.05866
          2      24200 1573.78889   -1.03429   -0.02454   -1.03982   -0.02415   -3.39522   -0.72209   -2.05866
          2      24300 1580.06369   -1.03430   -0.02453   -1.03980   -0.02415   -3.39522   -0.72209   -2.05866
          2      24400 1586.47474   -1.03431   -0.02453   -1.03979   -0.02416   -3.39522   -0.72209   -2.05866
          2      24500 1592.68339   -1.03432   -0.02453   -1.03981   -0.02416   -3.39522   -0.72209   -2.05866
          2      24600 1599.31587   -1.03433   -0.02453   -1.03981   -0.02417   -3.39522   -0.72209   -2.05866
          2      24700 1605.93233   -1.03434   -0.02453   -1.03982   -0.02418   -3.39522   -0.72209   -2.05866
          2      24800 1612.52486   -1.03435   -0.02453   -1.03985   -0.02416   -3.39522   -0.72209   -2.05866
          2      24900 1619.03171   -1.03437   -0.02453   -1.03982   -0.02417   -3.39522   -0.72209   -2.05866
          2      25000 1625.19913   -1.03438   -0.02453   -1.03984   -0.02417   -3.39522   -0.72209   -2.05866
          2      25100 1631.64487   -1.03439   -0.02453   -1.03979   -0.02418   -3.39522   -0.72209   -2.05866
          2      25200 1638.34145   -1.03440   -0.02453   -1.03981   -0.02418   -3.39522   -0.72209   -2.05866
          2      25300 1644.26876   -1.03441   -0.02453   -1.03979   -0.02419   -3.39522   -0.72209   -2.05866
          2      25400 1650.61873   -1.03442   -0.02453   -1.03981   -0.02420   -3.39522   -0.72209   -2.05866
          2      25500 1657.17139   -1.03443   -0.02453   -1.03984   -0.02419   -3.39522   -0.72209   -2.05866
          2      25600 1663.65882   -1.03444   -0.02453   -1.03984   -0.02417   -3.39522   -0.72209   -2.05866
          2      25700 1669.43908   -1.03445   -0.02452   -1.03983   -0.02418   -3.39522   -0.72209   -2.05866
          2      25800 1675.44790   -1.03446   -0.02452   -1.03985   -0.02416   -3.39522   -0.72209   -2.05866
          2      25900 1682.07523   -1.03447   -0.02452   -1.03980   -0.02415   -3.39522   -0.72209   -2.05866
          2      26000 1688.39535   -1.03448   -0.02452   -1.03981   -0.02418   -3.39522   -0.72209   -2.05866
          2      26100 1694.25244   -1.03449   -0.02452   -1.03983   -0.02417   -3.39522   -0.72209   -2.05866
          2      26200 1700.63656   -1.03450   -0.02452   -1.03980   -0.02419   -3.39522   -0.72209   -2.05866
          2      26300 1706.95400   -1.03451   -0.02452   -1.03984   -0.02417   -3.39522   -0.72209   -2.05866
          2      26400 1713.22611   -1.03452   -0.02452   -1.03983   -0.02419   -3.39522   -0.72209   -2.05866
          2      26500 1719.16992   -1.03453   -0.02452   -1.03981   -0.02415   -3.39522   -0.72209   -2.05866
          2      26600 1725.92450   -1.03454   -0.02452   -1.03980   -0.02418   -3.39522   -0.72209   -2.05866
          2      26700 1732.62813   -1.03455   -0.02452   -1.03979   -0.02415   -3.39522   -0.72209   -2.05866
          2      26800 1739.17897   -1.03456   -0.02452   -1.03983   -0.02416   -3.39522   -0.72209   -2.05866
          2      26900 1745.77581   -1.03457   -0.02452   -1.03982   -0.02419   -3.39522   -0.72209   -2.05866
          2      27000 1752.14573   -1.03458   -0.02452   -1.03984   -0.02416   -3.39522   -0.72209   -2.05866
          2      27100 1758.25509   -1.03459   -0.02452   -1.03984   -0.02417   -3.39522   -0.72209   -2.05866
          2      27200 1764.83310   -1.03460   -0.02452   -1.03983   -0.02419   -3.39522   -0.72209   -2.05866
          2      27300 1771.18853   -1.03461   -0.02451   -1.03984   -0.02418   -3.39522   -0.72209   -2.05866
          2      27400 1777.56267   -1.03462   -0.02451   -1.03984   -0.02416   -3.39522   -0.72209   -2.05866
          2      27500 1784.79131   -1.03463   -0.02451   -1.03981   -0.02415   -3.39522   -0.72209   -2.05866
          2      27600 1791.45168   -1.03464   -0.02451   -1.03983   -0.02416   -3.39522   -0.72209   -2.05866
          2      27700 1797.86326   -1.03465   -0.02451   -1.03983   -0.02415   -3.39522   -0.72209   -2.05866
          2      27800 1804.18248   -1.03466   -0.02451   -1.03983   -0.02418   -3.39522   -0.72209   -2.05866
          2      27900 1810.46754   -1.03467   -0.02451   -1.03982   -0.02416   -3.39522   -0.72209   -2.05866
          2      28000 1816.37108   -1.03468   -0.02451   -1.03982   -0.02416   -3.39522   -0.72209   -2.05866
          2      28100 1822.72201   -1.03469   -0.02451   -1.03984   -0.02420   -3.39522   -0.72209   -2.05866
          2      28200 1828.97115   -1.03470   -0.02451   -1.03984   -0.02417   -3.39522   -0.72209   -2.05866
          2      28300 1835.38659   -1.03471   -0.02451   -1.03984   -0.02416   -3.39522   -0.72209   -2.05866
          2      28400 1841.41791   -1.03472   -0.02451   -1.03984   -0.02417   -3.39522   -0.72209   -2.05866
          2      28500 1847.90561   -1.03472   -0.02451   -1.03984   -0.02418   -3.39522   -0.72209   -2.05866
          2      28600 1854.66239   -1.03473   -0.02451   -1.03984   -0.02418   -3.39522   -0.72209   -2.05866
          2      28700 1861.33362   -1.03474   -0.02451   -1.03983   -0.02417   -3.39522   -0.72209   -2.05866
          2      28800 1868.28964   -1.03475   -0.02451   -1.03982   -0.02418   -3.39522   -0.72209   -2.05866
          2      28900 1874.73886   -1.03476   -0.02451   -1.03983   -0.02416   -3.39522   -0.72209   -2.05866
          2      29000 1880.76682   -1.03477   -0.02450   -1.03984   -0.02419   -3.39522   -0.72209   -2.05866
          2      29100 1886.73619   -1.03478   -0.02450   -1.03984   -0.02417   -3.39522   -0.72209   -2.05866
          2      29200 1893.17722   -1.03479   -0.02450   -1.03984   -0.02420   -3.39522   -0.72209   -2.05866
          2      29300 1899.83343   -1.03479   -0.02450   -1.03982   -0.02417   -3.39522   -0.72209   -2.05866
          2      29400 1906.43527   -1.03480   -0.02450   -1.03984   -0.02418   -3.39522   -0.72209   -2.05866
          2      29500 1912.87880   -1.03481   -0.02450   -1.03984   -0.02417   -3.39522   -0.72209   -2.05866
          2      29600 1918.75034   -1.03482   -0.02450   -1.03982   -0.02416   -3.39522   -0.72209   -2.05866
          2      29700 1924.92557   -1.03483   -0.02450   -1.03984   -0.02415   -3.39522   -0.72209   -2.05866
          2      29800 1931.83499   -1.03484   -0.02450   -1.03983   -0.02414   -3.39522   -0.72209   -2.05866
          2      29900 1937.84446   -1.03485   -0.02450   -1.03984   -0.02417   -3.39522   -0.72209   -2.05866
          2      30000 1943.87110   -1.03485   -0.02450   -1.03984   -0.02420   -3.39522   -0.72209   -2.05866
          2      30100 1949.75265   -1.03486   -0.02450   -1.03983   -0.02417   -3.39522   -0.72209   -2.05866
          2      30200 1956.31205   -1.03487   -0.02450   -1.03984   -0.02417   -3.39522   -0.72209   -2.05866
          2      30300 1962.28460   -1.03488   -0.02450   -1.03984   -0.02418   -3.39522   -0.72209   -2.05866
          2      30400 1968.21145   -1.03489   -0.02450   -1.03983   -0.02418   -3.39522   -0.72209   -2.05866
          2      30500 1974.75117   -1.03490   -0.02450   -1.03984   -0.02419   -3.39522   -0.72209   -2.05866
          2      30600 1980.88377   -1.03490   -0.02450   -1.03983   -0.02417   -3.39522   -0.72209   -2.05866
          2      30700 1986.76246   -1.03491   -0.02450   -1.03984   -0.02420   -3.39522   -0.72209   -2.05866
          2      30800 1993.16608   -1.03492   -0.02449   -1.03985   -0.02418   -3.39522   -0.72209   -2.05866
          2      30900 1999.42780   -1.03493   -0.02449   -1.03986   -0.02418   -3.39522   -0.72209   -2.05866
          2      31000 2005.86091   -1.03494   -0.02449   -1.03982   -0.02417   -3.39522   -0.72209   -2.05866
          2      31100 2011.67184   -1.03494   -0.02449   -1.03983   -0.02416   -3.39522   -0.72209   -2.05866
          2      31200 2017.86864   -1.03495   -0.02449   -1.03982   -0.02416   -3.39522   -0.72209   -2.05866
          2      31300 2023.95416   -1.03496   -0.02449   -1.03982   -0.02419   -3.39522   -0.72209   -2.05866
          2      31400 2030.29547   -1.03497   -0.02449   -1.03984   -0.02417   -3.39522   -0.72209   -2.05866
          2      31500 2037.65087   -1.03497   -0.02449   -1.03982   -0.02416   -3.39522   -0.72209   -2.05866
          2      31600 2044.70649   -1.03498   -0.02449   -1.03984   -0.02416   -3.39522   -0.72209   -2.05866
          2      31700 2051.26415   -1.03499   -0.02449   -1.03984   -0.02419   -3.39522   -0.72209   -2.05866
          2      31800 2057.36869   -1.03500   -0.02449   -1.03983   -0.02419   -3.39522   -0.72209   -2.05866
          2      31900 2063.44706   -1.03501   -0.02449   -1.03983   -0.02419   -3.39522   -0.72209   -2.05866
          2      32000 2069.19116   -1.03501   -0.02449   -1.03981   -0.02420   -3.39522   -0.72209   -2.05866
          2      32100 2075.48177   -1.03502   -0.02449   -1.03984   -0.02419   -3.39522   -0.72209   -2.05866
          2      32200 2081.98294   -1.03503   -0.02449   -1.03985   -0.02420   -3.39522   -0.72209   -2.05866
          2      32300 2088.28744   -1.03504   -0.02449   -1.03982   -0.02416   -3.39522   -0.72209   -2.05866
          2      32400 2094.39375   -1.03504   -0.02449   -1.03984   -0.02417   -3.39522   -0.72209   -2.05866
          2      32500 2100.33592   -1.03505   -0.02449   -1.03983   -0.02417   -3.39522   -0.72209   -2.05866
          2      32600 2106.45935   -1.03506   -0.02449   -1.03982   -0.02417   -3.39522   -0.72209   -2.05866
          2      32700 2112.47638   -1.03507   -0.02449   -1.03984   -0.02418   -3.39522   -0.72209   -2.05866
          2      32800 2118.57289   -1.03507   -0.02448   -1.03985   -0.02420   -3.39522   -0.72209   -2.05866
          2      32900 2124.48524   -1.03508   -0.02448   -1.03981   -0.02417   -3.39522   -0.72209   -2.05866
          2      33000 2130.63586   -1.03509   -0.02448   -1.03985   -0.02420   -3.39522   -0.72209   -2.05866
          2      33100 2136.22737   -1.03509   -0.02448   -1.03983   -0.02419   -3.39522   -0.72209   -2.05866
          2      33200 2142.25205   -1.03510   -0.02448   -1.03982   -0.02420   -3.39522   -0.72209   -2.05866
          2      33300 2148.64073   -1.03511   -0.02448   -1.03982   -0.02419   -3.39522   -0.72209   -2.05866
          2      33400 2156.05918   -1.03512   -0.02448   -1.03983   -0.02418   -3.39522   -0.72209   -2.05866
          2      33500 2162.90278   -1.03512   -0.02448   -1.03982   -0.02416   -3.39522   -0.72209   -2.05866
          2      33600 2170.40515   -1.03513   -0.02448   -1.03983   -0.02419   -3.39522   -0.72209   -2.05866
          2      33700 2177.66432   -1.03514   -0.02448   -1.03983   -0.02417   -3.39522   -0.72209   -2.05866
          2      33800 2184.25132   -1.03514   -0.02448   -1.03984   -0.02418   -3.39522   -0.72209   -2.05866
          2      33900 2190.14986   -1.03515   -0.02448   -1.03984   -0.02416   -3.39522   -0.72209   -2.05866
          2      34000 2196.56929   -1.03516   -0.02448   -1.03984   -0.02418   -3.39522   -0.72209   -2.05866
          2      34100 2203.07339   -1.03516   -0.02448   -1.03983   -0.02421   -3.39522   -0.72209   -2.05866
          2      34200 2208.84867   -1.03517   -0.02448   -1.03981   -0.02418   -3.39522   -0.72209   -2.05866
          2      34300 2215.62649   -1.03518   -0.02448   -1.03985   -0.02419   -3.39522   -0.72209   -2.05866
          2      34400 2221.98070   -1.03519   -0.02448   -1.03985   -0.02419   -3.39522   -0.72209   -2.05866
          2      34500 2228.04505   -1.03519   -0.02448   -1.03984   -0.02418   -3.39522   -0.72209   -2.05866
          2      34600 2234.38982   -1.03520   -0.02448   -1.03985   -0.02419   -3.39522   -0.72209   -2.05866
          2      34700 2240.65366   -1.03521   -0.02448   -1.03982   -0.02416   -3.39522   -0.72209   -2.05866
          2      34800 2246.63747   -1.03521   -0.02448   -1.03981   -0.02417   -3.39522   -0.72209   -2.05866
          2      34900 2253.10895   -1.03522   -0.02448   -1.03985   -0.02418   -3.39522   -0.72209   -2.05866
          2      35000 2259.20117   -1.03523   -0.02448   -1.03984   -0.02418   -3.39522   -0.72209   -2.05866
          2      35100 2265.72248   -1.03523   -0.02447   -1.03981   -0.02419   -3.39522   -0.72209   -2.05866
          2      35200 2271.82292   -1.03524   -0.02447   -1.03981   -0.02418   -3.39522   -0.72209   -2.05866
          2      35300 2278.33671   -1.03525   -0.02447   -1.03982   -0.02418   -3.39522   -0.72209   -2.05866
          2      35400 2285.73768   -1.03525   -0.02447   -1.03985   -0.02416   -3.39522   -0.72209   -2.05866
          2      35500 2292.27390   -1.03526   -0.02447   -1.03984   -0.02418   -3.39522   -0.72209   -2.05866
          2      35600 2298.08434   -1.03527   -0.02447   -1.03982   -0.02418   -3.39522   -0.72209   -2.05866
          2      35700 2304.41275   -1.03527   -0.02447   -1.03982   -0.02416   -3.39522   -0.72209   -2.05866
          2      35800 2310.23499   -1.03528   -0.02447   -1.03984   -0.02418   -3.39522   -0.72209   -2.05866
          2      35900 2316.43689   -1.03528   -0.02447   -1.03980   -0.02418   -3.39522   -0.72209   -2.05866
          2      36000 2322.53779   -1.03529   -0.02447   -1.03984   -0.02418   -3.39522   -0.72209   -2.05866
          2      36100 2328.75979   -1.03530   -0.02447   -1.03984   -0.02418   -3.39522   -0.72209   -2.05866
          2      36200 2335.38732   -1.03530   -0.02447   -1.03983   -0.02418   -3.39522   -0.72209   -2.05866
          2      36300 2341.40452   -1.03531   -0.02447   -1.03983   -0.02418   -3.39522   -0.72209   -2.05866
          2      36400 2347.80547   -1.03532   -0.02447   -1.03982   -0.02417   -3.39522   -0.72209   -2.05866
          2      36500 2354.49923   -1.03532   -0.02447   -1.03982   -0.02415   -3.39522   -0.72209   -2.05866
          2      36600 2361.69437   -1.03533   -0.02447   -1.03983   -0.02418   -3.39522   -0.72209   -2.05866
          2      36700 2368.81659   -1.03533   -0.02447   -1.03984   -0.02415   -3.39522   -0.72209   -2.05866
          2      36800 2376.26755   -1.03534   -0.02447   -1.03981   -0.02415   -3.39522   -0.72209   -2.05866
          2      36900 2382.84748   -1.03535   -0.02447   -1.03985   -0.02417   -3.39522   -0.72209   -2.05866
          2      37000 2389.64876   -1.03535   -0.02447   -1.03984   -0.02417   -3.39522   -0.72209   -2.05866
          2      37100 2395.91232   -1.03536   -0.02447   -1.03984   -0.02416   -3.39522   -0.72209   -2.05866
          2      37200 2402.40140   -1.03537   -0.02447   -1.03983   -0.02418   -3.39522   -0.72209   -2.05866
          2      37300 2408.74874   -1.03537   -0.02447   -1.03984   -0.02416   -3.39522   -0.72209   -2.05866
          2      37400 2414.96367   -1.03538   -0.02447   -1.03983   -0.02419   -3.39522   -0.72209   -2.05866
          2      37500 2421.08132   -1.03538   -0.02446   -1.03985   -0.02417   -3.39522   -0.72209   -2.05866
          2      37600 2427.55957   -1.03539   -0.02446   -1.03981   -0.02417   -3.39522   -0.72209   -2.05866
          2      37700 2433.80511   -1.03539   -0.02446   -1.03984   -0.02418   -3.39522   -0.72209   -2.05866
          2      37800 2439.62465   -1.03540   -0.02446   -1.03986   -0.02419   -3.39522   -0.72209   -2.05866
          2      37900 2445.72234   -1.03541   -0.02446   -1.03981   -0.02418   -3.39522   -0.72209   -2.05866
          2      38000 2451.86903   -1.03541   -0.02446   -1.03983   -0.02417   -3.39522   -0.72209   -2.05866
          2      38100 2458.30716   -1.03542   -0.02446   -1.03984   -0.02420   -3.39522   -0.72209   -2.05866
          2      38200 2464.63379   -1.03542   -0.02446   -1.03984   -0.02417   -3.39522   -0.72209   -2.05866
          2      38300 2471.05217   -1.03543   -0.02446   -1.03984   -0.02416   -3.39522   -0.72209   -2.05866
          2      38400 2477.07192   -1.03544   -0.02446   -1.03981   -0.02416   -3.39522   -0.72209   -2.05866
          2      38500 2483.08299   -1.03544   -0.02446   -1.03983   -0.02417   -3.39522   -0.72209   -2.05866
          2      38600 2488.77392   -1.03545   -0.02446   -1.03983   -0.02418   -3.39522   -0.72209   -2.05866
          2      38700 2494.95535   -1.03545   -0.02446   -1.03985   -0.02418   -3.39522   -0.72209   -2.05866
          2      38800 2501.27351   -1.03546   -0.02446   -1.03983   -0.02418   -3.39522   -0.72209   -2.05866
          2      38900 2507.10480   -1.03546   -0.02446   -1.03984   -0.02419   -3.39522   -0.72209   -2.05866
          2      39000 2513.16812   -1.03547   -0.02446   -1.03983   -0.02419   -3.39522   -0.72209   -2.05866
          2      39100 2519.31985   -1.03548   -0.02446   -1.03983   -0.02417   -3.39522   -0.72209   -2.05866
          2      39200 2525.98761   -1.03548   -0.02446   -1.03984   -0.02417   -3.39522   -0.72209   -2.05866
          2      39300 2532.41836   -1.03549   -0.02446   -1.03983   -0.02416   -3.39522   -0.72209   -2.05866
          2      39400 2538.47727   -1.03549   -0.02446   -1.03984   -0.02418   -3.39522   -0.72209   -2.05866
          2      39500 2544.85815   -1.03550   -0.02446   -1.03983   -0.02418   -3.39522   -0.72209   -2.05866
          2      39600 2550.41460   -1.03550   -0.02446   -1.03986   -0.02418   -3.39522   -0.72209   -2.05866
          2      39700 2556.59364   -1.03551   -0.02446   -1.03985   -0.02419   -3.39522   -0.72209   -2.05866
          2      39800 2562.75641   -1.03551   -0.02446   -1.03983   -0.02416   -3.39522   -0.72209   -2.05866
          2      39900 2569.05183   -1.03552   -0.02446   -1.03984   -0.02417   -3.39522   -0.72209   -2.05866
          2      40000 2575.71438   -1.03553   -0.02446   -1.03983   -0.02418   -3.39522   -0.72209   -2.05866
          2      40100 2581.86056   -1.03553   -0.02446   -1.03983   -0.02419   -3.39522   -0.72209   -2.05866
          2      40200 2588.22915   -1.03554   -0.02445   -1.03984   -0.02420   -3.39522   -0.72209   -2.05866
          2      40300 2594.73904   -1.03554   -0.02445   -1.03984   -0.02418   -3.39522   -0.72209   -2.05866
          2      40400 2601.25863   -1.03555   -0.02445   -1.03982   -0.02418   -3.39522   -0.72209   -2.05866
          2      40500 2607.41713   -1.03555   -0.02445   -1.03980   -0.02417   -3.39522   -0.72209   -2.05866
          2      40600 2613.60016   -1.03556   -0.02445   -1.03984   -0.02419   -3.39522   -0.72209   -2.05866
          2      40700 2619.67363   -1.03556   -0.02445   -1.03981   -0.02419   -3.39522   -0.72209   -2.05866
          2      40800 2626.13121   -1.03557   -0.02445   -1.03984   -0.02418   -3.39522   -0.72209   -2.05866
          2      40900 2632.59461   -1.03557   -0.02445   -1.03985   -0.02418   -3.39522   -0.72209   -2.05866
          2      41000 2638.50802   -1.03558   -0.02445   -1.03984   -0.02418   -3.39522   -0.72209   -2.05866
          2      41100 2645.45033   -1.03558   -0.02445   -1.03983   -0.02418   -3.39522   -0.72209   -2.05866
          2      41200 2651.80016   -1.03559   -0.02445   -1.03985   -0.02417   -3.39522   -0.72209   -2.05866
          2      41300 2657.81310   -1.03559   -0.02445   -1.03982   -0.02419   -3.39522   -0.72209   -2.05866
          2      41400 2664.04588   -1.03560   -0.02445   -1.03983   -0.02416   -3.39522   -0.72209   -2.05866
          2      41500 2670.57283   -1.03560   -0.02445   -1.03985   -0.02418   -3.39522   -0.72209   -2.05866
          2      41600 2676.48791   -1.03561   -0.02445   -1.03984   -0.02417   -3.39522   -0.72209   -2.05866
          2      41700 2682.55782   -1.03561   -0.02445   -1.03983   -0.02417   -3.39522   -0.72209   -2.05866
          2      41800 2688.92061   -1.03562   -0.02445   -1.03984   -0.02419   -3.39522   -0.72209   -2.05866
          2      41900 2695.66446   -1.03562   -0.02445   -1.03985   -0.02418   -3.39522   -0.72209   -2.05866
          2      42000 2701.85813   -1.03563   -0.02445   -1.03983   -0.02418   -3.39522   -0.72209   -2.05866
          2      42100 2708.53220   -1.03563   -0.02445   -1.03983   -0.02416   -3.39522   -0.72209   -2.05866
          2      42200 2715.04332   -1.03564   -0.02445   -1.03985   -0.02419   -3.39522   -0.72209   -2.05866
          2      42300 2722.36886   -1.03564   -0.02445   -1.03983   -0.02416   -3.39522   -0.72209   -2.05866
          2      42400 2729.71514   -1.03565   -0.02445   -1.03985   -0.02417   -3.39522   -0.72209   -2.05866
          2      42500 2735.96275   -1.03565   -0.02445   -1.03983   -0.02417   -3.39522   -0.72209   -2.05866
          2      42600 2742.26126   -1.03566   -0.02445   -1.03982   -0.02418   -3.39522   -0.72209   -2.05866
          2      42700 2748.87034   -1.03566   -0.02445   -1.03985   -0.02419   -3.39522   -0.72209   -2.05866
          2      42800 2754.50484   -1.03567   -0.02445   -1.03983   -0.02418   -3.39522   -0.72209   -2.05866
          2      42900 2760.58615   -1.03567   -0.02445   -1.03984   -0.02417   -3.39522   -0.72209   -2.05866
          2      43000 2767.07237   -1.03568   -0.02445   -1.03983   -0.02418   -3.39522   -0.72209   -2.05866
          2      43100 2774.71276   -1.03568   -0.02445   -1.03983   -0.02417   -3.39522   -0.72209   -2.05866
          2      43200 2781.16699   -1.03569   -0.02445   -1.03985   -0.02418   -3.39522   -0.72209   -2.05866
          2      43300 2787.73515   -1.03569   -0.02444   -1.03984   -0.02418   -3.39522   -0.72209   -2.05866
          2      43400 2794.15324   -1.03570   -0.02444   -1.03984   -0.02417   -3.39522   -0.72209   -2.05866
          2      43500 2800.20757   -1.03570   -0.02444   -1.03984   -0.02418   -3.39522   -0.72209   -2.05866
          2      43600 2806.48213   -1.03571   -0.02444   -1.03982   -0.02418   -3.39522   -0.72209   -2.05866
          2      43700 2813.05744   -1.03571   -0.02444   -1.03986   -0.02417   -3.39522   -0.72209   -2.05866
          2      43800 2818.80958   -1.03572   -0.02444   -1.03986   -0.02418   -3.39522   -0.72209   -2.05866
          2      43900 2825.18864   -1.03572   -0.02444   -1.03985   -0.02418   -3.39522   -0.72209   -2.05866
          2      44000 2831.88604   -1.03573   -0.02444   -1.03984   -0.02418   -3.39522   -0.72209   -2.05866
          2      44100 2838.58655   -1.03573   -0.02444   -1.03983   -0.02417   -3.39522   -0.72209   -2.05866
          2      44200 2844.66769   -1.03574   -0.02444   -1.03983   -0.02419   -3.39522   -0.72209   -2.05866
          2      44300 2850.77257   -1.03574   -0.02444   -1.03983   -0.02417   -3.39522   -0.72209   -2.05866
          2      44400 2857.08959   -1.03575   -0.02444   -1.03984   -0.02418   -3.39522   -0.72209   -2.05866
          2      44500 2863.52416   -1.03575   -0.02444   -1.03985   -0.02418   -3.39522   -0.72209   -2.05866
          2      44600 2869.68763   -1.03576   -0.02444   -1.03983   -0.02418   -3.39522   -0.72209   -2.05866
          2      44700 2876.08732   -1.03576   -0.02444   -1.03981   -0.02416   -3.39522   -0.72209   -2.05866
          2      44800 2882.06516   -1.03576   -0.02444   -1.03983   -0.02417   -3.39522   -0.72209   -2.05866
          2      44900 2888.41963   -1.03577   -0.02444   -1.03981   -0.02417   -3.39522   -0.72209   -2.05866
          2      45000 2894.45337   -1.03577   -0.02444   -1.03984   -0.02418   -3.39522   -0.72209   -2.05866
          2      45100 2900.51781   -1.03578   -0.02444   -1.03984   -0.02418   -3.39522   -0.72209   -2.05866
          2      45200 2906.73483   -1.03578   -0.02444   -1.03986   -0.02417   -3.39522   -0.72209   -2.05866
          2      45300 2913.03523   -1.03579   -0.02444   -1.03984   -0.02417   -3.39522   -0.72209   -2.05866
          2      45400 2919.16063   -1.03579   -0.02444   -1.03983   -0.02418   -3.39522   -0.72209   -2.05866
          2      45500 2925.53515   -1.03580   -0.02444   -1.03983   -0.02417   -3.39522   -0.72209   -2.05866
          2      45600 2931.70940   -1.03580   -0.02444   -1.03983   -0.02417   -3.39522   -0.72209   -2.05866
          2      45700 2937.60227   -1.03581   -0.02444   -1.03984   -0.02418   -3.39522   -0.72209   -2.05866
          2      45800 2943.70045   -1.03581   -0.02444   -1.03983   -0.02417   -3.39522   -0.72209   -2.05866
          2      45900 2949.84572   -1.03581   -0.02444   -1.03984   -0.02418   -3.39522   -0.72209   -2.05866
          2      46000 2956.10504   -1.03582   -0.02444   -1.03984   -0.02416   -3.39522   -0.72209   -2.05866
          2      46100 2962.33198   -1.03582   -0.02444   -1.03984   -0.02417   -3.39522   -0.72209   -2.05866
          2      46200 2968.60112   -1.03583   -0.02444   -1.03985   -0.02417   -3.39522   -0.72209   -2.05866
          2      46300 2974.58913   -1.03583   -0.02444   -1.03986   -0.02417   -3.39522   -0.72209   -2.05866
          2      46400 2981.23621   -1.03584   -0.02444   -1.03982   -0.02416   -3.39522   -0.72209   -2.05866
          2      46500 2987.36958   -1.03584   -0.02444   -1.03984   -0.02417   -3.39522   -0.72209   -2.05866
          2      46600 2993.28096   -1.03584   -0.02444   -1.03984   -0.02420   -3.39522   -0.72209   -2.05866
          2      46700 2999.19596   -1.03585   -0.02443   -1.03984   -0.02417   -3.39522   -0.72209   -2.05866
          2      46800 3006.08547   -1.03585   -0.02443   -1.03984   -0.02415   -3.39522   -0.72209   -2.05866
          2      46900 3012.40641   -1.03586   -0.02443   -1.03983   -0.02417   -3.39522   -0.72209   -2.05866
          2      47000 3018.89678   -1.03586   -0.02443   -1.03983   -0.02418   -3.39522   -0.72209   -2.05866
          2      47100 3024.93535   -1.03587   -0.02443   -1.03983   -0.02418   -3.39522   -0.72209   -2.05866
          2      47200 3031.17014   -1.03587   -0.02443   -1.03984   -0.02415   -3.39522   -0.72209   -2.05866
          2      47300 3037.55160   -1.03587   -0.02443   -1.03984   -0.02419   -3.39522   -0.72209   -2.05866
          2      47400 3043.97864   -1.03588   -0.02443   -1.03984   -0.02419   -3.39522   -0.72209   -2.05866
          2      47500 3050.16188   -1.03588   -0.02443   -1.03985   -0.02415   -3.39522   -0.72209   -2.05866
          2      47600 3056.82705   -1.03589   -0.02443   -1.03984   -0.02417   -3.39522   -0.72209   -2.05866
          2      47700 3064.00038   -1.03589   -0.02443   -1.03985   -0.02416   -3.39522   -0.72209   -2.05866
          2      47800 3070.12973   -1.03590   -0.02443   -1.03984   -0.02417   -3.39522   -0.72209   -2.05866
          2      47900 3076.16344   -1.03590   -0.02443   -1.03984   -0.02419   -3.39522   -0.72209   -2.05866
          2      48000 3082.41692   -1.03590   -0.02443   -1.03985   -0.02417   -3.39522   -0.72209   -2.05866
          2      48100 3089.06458   -1.03591   -0.02443   -1.03984   -0.02418   -3.39522   -0.72209   -2.05866
          2      48200 3095.49720   -1.03591   -0.02443   -1.03985   -0.02417   -3.39522   -0.72209   -2.05866
          2      48300 3101.77619   -1.03592   -0.02443   -1.03985   -0.02418   -3.39522   -0.72209   -2.05866
          2      48400 3107.83368   -1.03592   -0.02443   -1.03986   -0.02418   -3.39522   -0.72209   -2.05866
          2      48500 3114.23311   -1.03592   -0.02443   -1.03986   -0.02418   -3.39522   -0.72209   -2.05866
          2      48600 3120.32938   -1.03593   -0.02443   -1.03985   -0.02417   -3.39522   -0.72209   -2.05866
          2      48700 3126.67350   -1.03593   -0.02443   -1.03984   -0.02419   -3.39522   -0.72209   -2.05866
          2      48800 3133.11748   -1.03594   -0.02443   -1.03985   -0.02418   -3.39522   -0.72209   -2.05866
          2      48900 3139.23943   -1.03594   -0.02443   -1.03985   -0.02418   -3.39522   -0.72209   -2.05866
          2      49000 3145.80202   -1.03594   -0.02443   -1.03984   -0.02419   -3.39522   -0.72209   -2.05866
          2      49100 3152.53875   -1.03595   -0.02443   -1.03984   -0.02416   -3.39522   -0.72209   -2.05866
          2      49200 3159.62304   -1.03595   -0.02443   -1.03982   -0.02418   -3.39522   -0.72209   -2.05866
          2      49300 3165.92380   -1.03596   -0.02443   -1.03985   -0.02418   -3.39522   -0.72209   -2.05866
          2      49400 3172.65175   -1.03596   -0.02443   -1.03983   -0.02417   -3.39522   -0.72209   -2.05866
          2      49500 3178.59606   -1.03596   -0.02443   -1.03984   -0.02416   -3.39522   -0.72209   -2.05866
          2      49600 3185.06884   -1.03597   -0.02443   -1.03984   -0.02419   -3.39522   -0.72209   -2.05866
          2      49700 3191.27454   -1.03597   -0.02443   -1.03983   -0.02415   -3.39522   -0.72209   -2.05866
          2      49800 3197.19805   -1.03598   -0.02443   -1.03985   -0.02419   -3.39522   -0.72209   -2.05866
          2      49900 3204.23047   -1.03598   -0.02443   -1.03985   -0.02416   -3.39522   -0.72209   -2.05866
          2      50000 3210.44527   -1.03598   -0.02443   -1.03984   -0.02420   -3.39522   -0.72209   -2.05866
          2      50100 3216.61606   -1.03599   -0.02443   -1.03985   -0.02416   -3.39522   -0.72209   -2.05866
          2      50200 3222.67568   -1.03599   -0.02443   -1.03985   -0.02417   -3.39522   -0.72209   -2.05866
          2      50300 3229.04185   -1.03600   -0.02443   -1.03984   -0.02417   -3.39522   -0.72209   -2.05866
          2      50400 3235.60725   -1.03600   -0.02443   -1.03985   -0.02417   -3.39522   -0.72209   -2.05866
          2      50500 3241.86569   -1.03600   -0.02442   -1.03983   -0.02418   -3.39522   -0.72209   -2.05866
          2      50600 3248.31236   -1.03601   -0.02442   -1.03983   -0.02419   -3.39522   -0.72209   -2.05866
          2      50700 3254.25249   -1.03601   -0.02442   -1.03985   -0.02417   -3.39522   -0.72209   -2.05866
          2      50800 3260.90632   -1.03601   -0.02442   -1.03987   -0.02417   -3.39522   -0.72209   -2.05866
          2      50900 3267.02107   -1.03602   -0.02442   -1.03984   -0.02416   -3.39522   -0.72209   -2.05866
          2      51000 3273.14477   -1.03602   -0.02442   -1.03985   -0.02418   -3.39522   -0.72209   -2.05866
          2      51100 3279.17870   -1.03603   -0.02442   -1.03985   -0.02416   -3.39522   -0.72209   -2.05866
          2      51200 3285.04394   -1.03603   -0.02442   -1.03984   -0.02417   -3.39522   -0.72209   -2.05866
          2      51300 3291.35580   -1.03603   -0.02442   -1.03984   -0.02419   -3.39522   -0.72209   -2.05866
          2      51400 3297.73026   -1.03604   -0.02442   -1.03984   -0.02418   -3.39522   -0.72209   -2.05866
          2      51500 3304.14694   -1.03604   -0.02442   -1.03987   -0.02419   -3.39522   -0.72209   -2.05866
          2      51600 3310.70178   -1.03604   -0.02442   -1.03985   -0.02416   -3.39522   -0.72209   -2.05866
          2      51700 3317.07799   -1.03605   -0.02442   -1.03984   -0.02417   -3.39522   -0.72209   -2.05866
          2      51800 3323.36945   -1.03605   -0.02442   -1.03985   -0.02418   -3.39522   -0.72209   -2.05866
          2      51900 3329.66805   -1.03606   -0.02442   -1.03986   -0.02418   -3.39522   -0.72209   -2.05866
          2      52000 3335.87108   -1.03606   -0.02442   -1.03984   -0.02416   -3.39522   -0.72209   -2.05866
          2      52100 3341.83554   -1.03606   -0.02442   -1.03982   -0.02419   -3.39522   -0.72209   -2.05866
          2      52200 3348.24920   -1.03607   -0.02442   -1.03984   -0.02419   -3.39522   -0.72209   -2.05866
          2      52300 3354.49194   -1.03607   -0.02442   -1.03983   -0.02417   -3.39522   -0.72209   -2.05866
          2      52400 3360.54722   -1.03607   -0.02442   -1.03983   -0.02418   -3.39522   -0.72209   -2.05866
          2      52500 3366.93249   -1.03608   -0.02442   -1.03984   -0.02417   -3.39522   -0.72209   -2.05866
          2      52600 3373.82233   -1.03608   -0.02442   -1.03985   -0.02418   -3.39522   -0.72209   -2.05866
          2      52700 3380.38012   -1.03608   -0.02442   -1.03984   -0.02418   -3.39522   -0.72209   -2.05866
          2      52800 3386.54228   -1.03609   -0.02442   -1.03984   -0.02418   -3.39522   -0.72209   -2.05866
          2      52900 3392.84793   -1.03609   -0.02442   -1.03985   -0.02419   -3.39522   -0.72209   -2.05866
          2      53000 3399.13546   -1.03610   -0.02442   -1.03984   -0.02417   -3.39522   -0.72209   -2.05866
          2      53100 3405.42680   -1.03610   -0.02442   -1.03984   -0.02417   -3.39522   -0.72209   -2.05866
          2      53200 3411.32404   -1.03610   -0.02442   -1.03984   -0.02418   -3.39522   -0.72209   -2.05866
          2      53300 3417.36320   -1.03611   -0.02442   -1.03984   -0.02418   -3.39522   -0.72209   -2.05866
          2      53400 3423.84106   -1.03611   -0.02442   -1.03983   -0.02417   -3.39522   -0.72209   -2.05866
          2      53500 3429.83057   -1.03611   -0.02442   -1.03984   -0.02416   -3.39522   -0.72209   -2.05866
          2      53600 3436.30970   -1.03612   -0.02442   -1.03984   -0.02416   -3.39522   -0.72209   -2.05866
          2      53700 3443.19850   -1.03612   -0.02442   -1.03981   -0.02419   -3.39522   -0.72209   -2.05866
          2      53800 3449.09495   -1.03612   -0.02442   -1.03984   -0.02419   -3.39522   -0.72209   -2.05866
          2      53900 3455.20597   -1.03613   -0.02442   -1.03983   -0.02416   -3.39522   -0.72209   -2.05866
          2      54000 3461.71153   -1.03613   -0.02442   -1.03985   -0.02418   -3.39522   -0.72209   -2.05866
          2      54100 3467.43738   -1.03613   -0.02442   -1.03984   -0.02418   -3.39522   -0.72209   -2.05866
          2      54200 3473.58040   -1.03614   -0.02442   -1.03982   -0.02416   -3.39522   -0.72209   -2.05866
          2      54300 3480.09003   -1.03614   -0.02442   -1.03986   -0.02418   -3.39522   -0.72209   -2.05866
          2      54400 3486.30330   -1.03614   -0.02442   -1.03986   -0.02416   -3.39522   -0.72209   -2.05866
          2      54500 3492.75016   -1.03615   -0.02442   -1.03981   -0.02419   -3.39522   -0.72209   -2.05866
          2      54600 3499.03040   -1.03615   -0.02442   -1.03984   -0.02419   -3.39522   -0.72209   -2.05866
          2      54700 3505.30102   -1.03615   -0.02442   -1.03984   -0.02416   -3.39522   -0.72209   -2.05866
          2      54800 3511.57267   -1.03616   -0.02441   -1.03983   -0.02418   -3.39522   -0.72209   -2.05866
          2      54900 3517.74177   -1.03616   -0.02441   -1.03984   -0.02417   -3.39522   -0.72209   -2.05866
          2      55000 3524.15679   -1.03616   -0.02441   -1.03986   -0.02418   -3.39522   -0.72209   -2.05866
          2      55100 3530.32798   -1.03617   -0.02441   -1.03985   -0.02416   -3.39522   -0.72209   -2.05866
          2      55200 3536.02752   -1.03617   -0.02441   -1.03986   -0.02418   -3.39522   -0.72209   -2.05866
          2      55300 3542.04260   -1.03617   -0.02441   -1.03985   -0.02418   -3.39522   -0.72209   -2.05866
          2      55400 3548.24917   -1.03618   -0.02441   -1.03983   -0.02417   -3.39522   -0.72209   -2.05866
          2      55500 3554.37501   -1.03618   -0.02441   -1.03983   -0.02418   -3.39522   -0.72209   -2.05866
          2      55600 3561.04216   -1.03618   -0.02441   -1.03983   -0.02417   -3.39522   -0.72209   -2.05866
          2      55700 3567.51980   -1.03619   -0.02441   -1.03986   -0.02418   -3.39522   -0.72209   -2.05866
          2      55800 3573.74737   -1.03619   -0.02441   -1.03986   -0.02418   -3.39522   -0.72209   -2.05866
          2      55900 3579.89688   -1.03619   -0.02441   -1.03985   -0.02418   -3.39522   -0.72209   -2.05866
          2      56000 3585.72635   -1.03620   -0.02441   -1.03985   -0.02418   -3.39522   -0.72209   -2.05866
          2      56100 3592.12822   -1.03620   -0.02441   -1.03985   -0.02418   -3.39522   -0.72209   -2.05866
          2      56200 3597.91517   -1.03620   -0.02441   -1.03984   -0.02418   -3.39522   -0.72209   -2.05866
          2      56230 3600.01281   -1.03621   -0.02441   -1.03985   -0.02416   -3.39522   -0.72209   -2.05866
