 438691814371182
       5181
 3600.53319
   -0.99895
    0.10530
   -1.01744
    0.11306

    0.06677
    0.04063
   -0.07152
    0.02727
    0.05582
   -0.05479
    0.03098
    0.01302
   -0.02967
    0.00036
   -0.00248
   -0.02049
   -0.01717
    0.06370
    0.02502
   -0.04450
    0.00391
   -0.02657
   -0.04902
    0.01421
   -0.05630
    0.04616
   -0.03191
    0.00178
    0.06773
   -0.04414
    0.00321
   -0.00533
    0.01546
   -0.05498
   -0.04991
   -0.03565
    0.03400
   -0.00695
    0.05858
   -0.00686
    0.01447
    0.03298
   -0.05880
    0.05776
    0.06954
    0.03583
   -0.00416
    0.00168
   -0.03733
   -0.05991
   -0.05775
   -0.02036
   -0.00090
    0.03376
    0.01976
    0.05471
   -0.00631
    0.02754
    0.00108
    0.06568
   -0.01359
    0.04603
   -0.04682
    0.04443
   -0.05230
    0.01402
   -0.07578
   -0.05362
   -0.04333
   -0.00369
   -0.06074
    0.01444
    0.02921
    0.02874
    0.03905
    0.04299
    0.00906
   -0.07111
    0.06416
   -0.06289
    0.05962
    0.06959
   -0.00188
   -0.02333
   -0.05513
    0.05152
    0.05392
    0.00899
    0.01769
    0.04699
    0.03618
    0.03997
   -0.01523
    0.04338
    0.02449
   -0.01438
    0.03197
   -0.02370
    0.00141
   -0.03606
    0.00920
    0.05583
   -0.02659
   -0.02778
   -0.06860
   -0.00979
   -0.05610
    0.06333
    0.01745
   -0.03315
    0.01827
   -0.01443
   -0.04080
    0.04559
   -0.03995
   -0.02103
    0.01889
    0.01949
   -0.05477
    0.05414
   -0.00551
    0.05469
    0.06151
    0.03826
    0.04276
    0.04230
    0.04354
   -0.06142
   -0.00356
   -0.00202
   -0.07292
    0.02081
    0.04368
   -0.01395
    0.02171
    0.00526
    0.02208
   -0.03135
   -0.03842
    0.04802
   -0.02645
    0.01484
    0.02888
   -0.01671
   -0.03543
    0.04787
   -0.05618
   -0.04359
   -0.04507
    0.05883
    0.01637
    0.04038
   -0.03053
   -0.03619
   -0.02988
    0.03327
    0.01867
    0.05261
   -0.05582
    0.06902
   -0.02260
   -0.03386
    0.04698
   -0.00346
   -0.03991
   -0.00585
   -0.06604
   -0.07491
   -0.03219
    0.02673
   -0.00428
   -0.03744
    0.03812
   -0.04634
   -0.01120
    0.06071
   -0.00912
    0.04149
    0.01943
    0.02153
   -0.00097
    0.06570
    0.04818
    0.06570
   -0.02928
    0.00726
   -0.05274
    0.00665
    0.04357
    0.00789
    0.00372
    0.06440
   -0.06654
    0.05350
    0.01582
    0.05564
   -0.05663
   -0.00024
   -0.03740
   -0.07217
    0.01714
    0.02029
    0.03625
    0.02964
   -0.04120
    0.01149
   -0.06227
    0.05701
   -0.03913
    0.02696
    0.05877
    0.01481
    0.04196
    0.05189
   -0.00376
   -0.04198
   -0.00108
    0.04965
    0.03815
   -0.00408
    0.06220
    0.02742
   -0.01939
    0.05855
    0.04529
    0.00342
    0.01720
   -0.05074
   -0.03582
   -0.00114
   -0.03961
   -0.03657
    0.06951
    0.00482
    0.06488
   -0.00457
    0.05875
   -0.00383
   -0.00496
    0.03305
    0.04313
   -0.02407
   -0.03114
    0.00617
    0.04004
    0.02705
   -0.01675
    0.04691
    0.02779
    0.02612
   -0.00390
    0.03601
    0.00678
   -0.05168
   -0.06288
    0.03137
   -0.06043
   -0.00457
   -0.05285
   -0.03836
    0.04101
   -0.00251
    0.01081
    0.04748
    0.02545
   -0.02513
   -0.04837
    0.02579
    0.04523
   -0.02296
    0.06230
   -0.04059
    0.03868
   -0.02193
    0.02714
   -0.00500
   -0.03565
   -0.01166
   -0.06809
   -0.02412
    0.02483
    0.02333
    0.02638
    0.00921
   -0.03592
    0.07261
    0.00171
    0.06410
   -0.02382
    0.00707
   -0.05135
    0.01519
   -0.00868
   -0.04704
   -0.05315
    0.04447
    0.03323
   -0.00905
    0.07511
   -0.00576
    0.03537
   -0.01985
    0.04346
   -0.01770
   -0.03639
   -0.00541
   -0.03979
    0.06589
    0.05564
    0.00772
    0.00525
   -0.03527
   -0.00215
   -0.05295
   -0.00303
   -0.03697
    0.05664
   -0.03224
    0.04357
   -0.03089
    0.05776
   -0.00471
   -0.00439
   -0.03077
    0.07323
   -0.05047
   -0.00010
   -0.05236
    0.00215
   -0.06701
    0.05401
   -0.04484
    0.04691
    0.02682
    0.00172
   -0.06291
    0.00129
   -0.03310
   -0.01156
    0.00971
   -0.03536
    0.04848
    0.02600
   -0.06210
    0.01552
    0.03480
    0.04245
    0.07026
   -0.00717
    0.01014
   -0.02965
   -0.00138
   -0.04080
   -0.04406
   -0.03246
   -0.01233
    0.00999
   -0.04181
    0.00191
    0.00356
   -0.06851
   -0.06255
    0.01014
   -0.01988
   -0.02586
   -0.00590
    0.02720
    0.04221
   -0.00216
    0.05715
   -0.04337
    0.01001
   -0.04039
    0.02582
   -0.05434
   -0.03009
    0.04311
    0.04398
   -0.00254
    0.02025
   -0.02149
   -0.05530
    0.03930
   -0.02716
   -0.06279
    0.07494
   -0.06935
   -0.02295
    0.01953
    0.05869
    0.00499
   -0.01479
    0.06272
    0.02660
    0.04071
   -0.04403
   -0.06806
   -0.01203
    0.06862
    0.03044
    0.04766
   -0.05054
   -0.01603
   -0.01216
    0.06158
    0.00223
   -0.06961
   -0.03621
    0.04794
   -0.02862
   -0.00199
    0.01126
    0.02982
   -0.05853
    0.06156
   -0.03131
    0.01792
   -0.03960
   -0.06546
    0.00107
    0.00789
   -0.04922
   -0.04312
    0.06810
    0.03419
    0.02259
   -0.06655
    0.01213
   -0.05011
   -0.04597
   -0.02090
    0.03304
    0.00027
   -0.02619
   -0.00999
   -0.02467
    0.05240
    0.01067
    0.01576
    0.02640
    0.04396
    0.00029
   -0.06374
    0.03867
   -0.02317
    0.07072
   -0.05899
   -0.06279
   -0.03507
   -0.01463
   -0.02163
   -0.04905
    0.02969
    0.01921
    0.04461
    0.06386
    0.00543
    0.04940
    0.04905
    0.07091
    0.04787
    0.03788
    0.05689
   -0.01228
    0.04666
    0.00676
    0.01118
   -0.06040
   -0.02125
    0.06267
   -0.05926
    0.04211
    0.01649
    0.02885
    0.00509
   -0.02488
   -0.05511
   -0.02348
    0.03173
    0.03533
    0.04691
    0.03785
   -0.02363
    0.03218
    0.05557
    0.02892
    0.07023
    0.04482
   -0.03241
   -0.02657
    0.04152
    0.01669
   -0.02235
    0.05462
   -0.00090
   -0.04713
   -0.01042
   -0.07063
   -0.01829
    0.01476
    0.00649
    0.02136
    0.01932
   -0.03744
    0.04474
   -0.00699
    0.06356
   -0.04702
    0.04447
   -0.05211
   -0.01539
   -0.05691
   -0.05717
    0.04559
   -0.01088
    0.02246
   -0.01064
   -0.00908
   -0.01025
    0.05482
   -0.04348
   -0.04919
   -0.03537
   -0.01040
    0.04663
   -0.05339
    0.03941
   -0.00607
   -0.04285
    0.05572
   -0.01321
    0.06739
   -0.02934
    0.04263
   -0.07564
    0.01202
   -0.00265
    0.06185
    0.00800
   -0.02026
   -0.02959
   -0.04204
    0.06074
   -0.05704
   -0.06764
   -0.01340
    0.05436
   -0.03745
   -0.04906
   -0.04602
   -0.00269
    0.05185
   -0.03580
    0.03668
    0.01029
    0.02417
    0.00828
   -0.06027
    0.03482
    0.04231
   -0.01478
   -0.02417
    0.00347
    0.06493
    0.02074
   -0.02958
   -0.06454
    0.05840
    0.05619
   -0.05376
    0.02245
   -0.02678
    0.03783
   -0.05999
    0.04575
    0.06241
   -0.00193
    0.03244
    0.02260
   -0.01456
    0.01331
   -0.06172
    0.04533
    0.00214
    0.02657
   -0.03792
   -0.01286
   -0.02333
    0.06590
   -0.02181
    0.04935
    0.03495
    0.06404
   -0.04519
   -0.05987
    0.05614
    0.01282
   -0.03203
   -0.03190
   -0.06080
    0.01203
   -0.05978
    0.06161
    0.00466

    0.06759
    0.04095
   -0.07349
    0.02866
    0.05743
   -0.05521
    0.03119
    0.01372
   -0.02912
    0.00075
   -0.00212
   -0.02049
   -0.01656
    0.06555
    0.02544
   -0.04616
    0.00334
   -0.02764
   -0.04983
    0.01376
   -0.05656
    0.04599
   -0.03171
    0.00240
    0.06951
   -0.04556
    0.00335
   -0.00476
    0.01686
   -0.05580
   -0.05158
   -0.03555
    0.03459
   -0.00609
    0.06056
   -0.00675
    0.01457
    0.03368
   -0.06067
    0.05979
    0.07040
    0.03677
   -0.00376
    0.00172
   -0.03801
   -0.06132
   -0.05823
   -0.02140
   -0.00072
    0.03493
    0.02133
    0.05635
   -0.00709
    0.02928
    0.00190
    0.06674
   -0.01332
    0.04617
   -0.04773
    0.04488
   -0.05369
    0.01380
   -0.07638
   -0.05518
   -0.04436
   -0.00425
   -0.06239
    0.01457
    0.02998
    0.02966
    0.04025
    0.04330
    0.00852
   -0.07331
    0.06521
   -0.06365
    0.06108
    0.07103
   -0.00215
   -0.02424
   -0.05633
    0.05261
    0.05480
    0.00833
    0.01949
    0.04871
    0.03734
    0.04038
   -0.01657
    0.04480
    0.02562
   -0.01386
    0.03166
   -0.02341
    0.00079
   -0.03750
    0.00979
    0.05771
   -0.02827
   -0.02809
   -0.07127
   -0.01022
   -0.05726
    0.06450
    0.01723
   -0.03415
    0.01846
   -0.01478
   -0.04176
    0.04644
   -0.04051
   -0.02202
    0.01912
    0.01981
   -0.05660
    0.05507
   -0.00589
    0.05481
    0.06381
    0.03899
    0.04257
    0.04200
    0.04475
   -0.06356
   -0.00431
   -0.00280
   -0.07428
    0.02201
    0.04447
   -0.01494
    0.02293
    0.00406
    0.02347
   -0.03249
   -0.03952
    0.04953
   -0.02655
    0.01469
    0.02937
   -0.01696
   -0.03623
    0.04869
   -0.05648
   -0.04502
   -0.04527
    0.05938
    0.01598
    0.04154
   -0.03100
   -0.03775
   -0.03117
    0.03391
    0.01923
    0.05343
   -0.05614
    0.07069
   -0.02309
   -0.03351
    0.04732
   -0.00390
   -0.04159
   -0.00585
   -0.06751
   -0.07670
   -0.03222
    0.02724
   -0.00386
   -0.03857
    0.03865
   -0.04716
   -0.01059
    0.06145
   -0.00920
    0.04309
    0.01892
    0.02194
   -0.00043
    0.06676
    0.04964
    0.06804
   -0.03125
    0.00718
   -0.05451
    0.00603
    0.04452
    0.00830
    0.00303
    0.06584
   -0.06743
    0.05431
    0.01520
    0.05641
   -0.05833
    0.00019
   -0.03846
   -0.07352
    0.01787
    0.02114
    0.03786
    0.03045
   -0.04241
    0.01212
   -0.06422
    0.05719
   -0.03909
    0.02659
    0.05992
    0.01442
    0.04288
    0.05375
   -0.00278
   -0.04331
   -0.00048
    0.05006
    0.03985
   -0.00480
    0.06306
    0.02701
   -0.01980
    0.06077
    0.04527
    0.00350
    0.01820
   -0.05096
   -0.03706
   -0.00000
   -0.03976
   -0.03698
    0.07082
    0.00469
    0.06668
   -0.00500
    0.05916
   -0.00370
   -0.00430
    0.03345
    0.04421
   -0.02387
   -0.03266
    0.00665
    0.04086
    0.02722
   -0.01754
    0.04712
    0.02856
    0.02654
   -0.00402
    0.03639
    0.00639
   -0.05202
   -0.06334
    0.03211
   -0.06243
   -0.00530
   -0.05358
   -0.03936
    0.04108
   -0.00318
    0.01107
    0.04888
    0.02582
   -0.02554
   -0.04966
    0.02731
    0.04605
   -0.02345
    0.06293
   -0.04096
    0.03962
   -0.02358
    0.02785
   -0.00572
   -0.03536
   -0.01190
   -0.06888
   -0.02523
    0.02447
    0.02405
    0.02563
    0.01015
   -0.03621
    0.07377
    0.00199
    0.06626
   -0.02474
    0.00771
   -0.05312
    0.01537
   -0.00966
   -0.04746
   -0.05306
    0.04486
    0.03338
   -0.00886
    0.07672
   -0.00541
    0.03634
   -0.01956
    0.04468
   -0.01769
   -0.03625
   -0.00601
   -0.04113
    0.06806
    0.05593
    0.00791
    0.00588
   -0.03556
   -0.00310
   -0.05329
   -0.00234
   -0.03846
    0.05863
   -0.03267
    0.04499
   -0.03174
    0.05970
   -0.00414
   -0.00393
   -0.03177
    0.07459
   -0.05131
   -0.00002
   -0.05348
    0.00118
   -0.06842
    0.05601
   -0.04585
    0.04804
    0.02677
    0.00182
   -0.06480
    0.00224
   -0.03441
   -0.01154
    0.01041
   -0.03516
    0.04862
    0.02574
   -0.06350
    0.01639
    0.03656
    0.04400
    0.07067
   -0.00803
    0.00987
   -0.03006
   -0.00131
   -0.04197
   -0.04521
   -0.03379
   -0.01290
    0.01086
   -0.04183
    0.00303
    0.00309
   -0.07077
   -0.06313
    0.01093
   -0.02059
   -0.02597
   -0.00708
    0.02784
    0.04422
   -0.00201
    0.05854
   -0.04371
    0.01022
   -0.04177
    0.02656
   -0.05516
   -0.03035
    0.04376
    0.04427
   -0.00251
    0.01954
   -0.02302
   -0.05738
    0.04067
   -0.02729
   -0.06485
    0.07599
   -0.07059
   -0.02387
    0.02073
    0.05928
    0.00458
   -0.01464
    0.06425
    0.02683
    0.04135
   -0.04494
   -0.07020
   -0.01260
    0.07034
    0.03057
    0.04848
   -0.05093
   -0.01624
   -0.01222
    0.06270
    0.00247
   -0.07098
   -0.03648
    0.04980
   -0.02886
   -0.00120
    0.01054
    0.03059
   -0.05924
    0.06294
   -0.03187
    0.01762
   -0.03964
   -0.06779
    0.00078
    0.00841
   -0.05039
   -0.04343
    0.06866
    0.03508
    0.02237
   -0.06806
    0.01232
   -0.05050
   -0.04643
   -0.02202
    0.03469
    0.00058
   -0.02653
   -0.00910
   -0.02519
    0.05380
    0.01167
    0.01619
    0.02594
    0.04577
    0.00126
   -0.06471
    0.03969
   -0.02454
    0.07193
   -0.06045
   -0.06491
   -0.03516
   -0.01442
   -0.02270
   -0.04981
    0.02985
    0.01958
    0.04528
    0.06509
    0.00541
    0.04968
    0.04997
    0.07215
    0.04783
    0.03907
    0.05881
   -0.01282
    0.04697
    0.00711
    0.01145
   -0.06093
   -0.02163
    0.06415
   -0.06007
    0.04336
    0.01742
    0.02993
    0.00610
   -0.02553
   -0.05559
   -0.02378
    0.03303
    0.03610
    0.04705
    0.03834
   -0.02407
    0.03316
    0.05574
    0.02976
    0.07229
    0.04578
   -0.03330
   -0.02672
    0.04128
    0.01728
   -0.02231
    0.05616
   -0.00081
   -0.04800
   -0.01013
   -0.07171
   -0.01888
    0.01565
    0.00594
    0.02122
    0.02031
   -0.03767
    0.04597
   -0.00731
    0.06470
   -0.04799
    0.04495
   -0.05356
   -0.01596
   -0.05745
   -0.05825
    0.04547
   -0.01061
    0.02333
   -0.01066
   -0.00875
   -0.00986
    0.05516
   -0.04464
   -0.05036
   -0.03543
   -0.01083
    0.04814
   -0.05454
    0.04074
   -0.00645
   -0.04277
    0.05624
   -0.01395
    0.06920
   -0.03069
    0.04342
   -0.07650
    0.01217
   -0.00232
    0.06199
    0.00873
   -0.02069
   -0.03093
   -0.04216
    0.06149
   -0.05746
   -0.06902
   -0.01374
    0.05644
   -0.03862
   -0.04918
   -0.04747
   -0.00336
    0.05280
   -0.03572
    0.03735
    0.01074
    0.02336
    0.00763
   -0.06150
    0.03667
    0.04339
   -0.01423
   -0.02466
    0.00289
    0.06720
    0.02008
   -0.03024
   -0.06511
    0.05846
    0.05754
   -0.05528
    0.02216
   -0.02666
    0.03935
   -0.06160
    0.04757
    0.06407
   -0.00166
    0.03241
    0.02300
   -0.01431
    0.01372
   -0.06203
    0.04653
    0.00264
    0.02581
   -0.03940
   -0.01229
   -0.02508
    0.06636
   -0.02200
    0.05032
    0.03592
    0.06527
   -0.04599
   -0.06172
    0.05691
    0.01357
   -0.03185
   -0.03367
   -0.06192
    0.01261
   -0.06117
    0.06206
    0.00391
