 4997368422110321
       1606
 3600.04108
   18.82123
   -0.99619
   -0.01652
   -1.00476
   -0.00030

   -0.03764
    0.02287
   -0.01620
    0.00952
    0.07661
   -0.04920
    0.00932
    0.03143
   -0.02042
   -0.02527
   -0.07214
   -0.03123
   -0.03770
    0.03427
   -0.02038
   -0.01398
    0.01473
    0.03794
    0.04550
    0.03760
    0.04639
   -0.03947
   -0.01229
   -0.00980
   -0.01661
   -0.00329
   -0.03755
    0.01824
   -0.02383
   -0.04049
   -0.02907
    0.01097
   -0.01813
   -0.00049
   -0.03938
   -0.01700
   -0.01941
    0.04354
    0.01962
   -0.03298
    0.03435
   -0.06102
   -0.06581
   -0.05862
    0.04830
    0.03485
    0.06475
   -0.04327
    0.03043
   -0.02440
   -0.02060
   -0.04993
   -0.03732
    0.04869
    0.02908
    0.03705
    0.06716
   -0.03840
    0.00559
   -0.00341
    0.03421
    0.00174
   -0.03013
   -0.00535
   -0.02379
    0.03819
    0.04992
    0.02748
   -0.05399
   -0.04452
    0.06183
    0.05323
    0.07646
   -0.05606
    0.01288
   -0.01859
   -0.02085
    0.00818
    0.05069
    0.02518
    0.02104
   -0.04189
   -0.00150
   -0.01079
    0.07264
   -0.02241
    0.04353
   -0.04486
   -0.04977
   -0.06086
   -0.00017
   -0.00022
    0.00005
   -0.03464
   -0.07467
   -0.03848
   -0.06477
    0.00720
   -0.00140
    0.00094
   -0.03690
   -0.06256
   -0.01089
    0.00839
   -0.00356
    0.00764
    0.00079
   -0.01282
    0.05590
   -0.05632
    0.02986
    0.05931
    0.06608
    0.05526
    0.03050
    0.03136
    0.02184
    0.04958
    0.06629
    0.03426
   -0.04306
   -0.06664
   -0.08514
    0.05620
   -0.02847
    0.00834
    0.02894
    0.03344
    0.02650
   -0.03624
    0.01418
    0.05977
   -0.01016
   -0.03928
    0.05563
   -0.00552
   -0.03794
   -0.04318
   -0.00475
   -0.06930
    0.04509
    0.06093
   -0.00255
   -0.02497
   -0.02473
   -0.07902
    0.05806
    0.02880
    0.02532
   -0.05972
   -0.05236
   -0.04800
   -0.02734
    0.03483
    0.02230
   -0.05988
    0.06573
   -0.05211
    0.02189
   -0.04568
   -0.04438
   -0.04343
    0.06051
    0.05118
    0.05973
   -0.04028
    0.05464
    0.03247
    0.01934
    0.03870
    0.02371
    0.06104
   -0.03935
   -0.03827
    0.06602
   -0.04444
   -0.06174
    0.01457
    0.06828
    0.04917
   -0.01132
   -0.03732
   -0.00144
    0.03928
    0.02277
   -0.01027
   -0.05017
    0.01054
   -0.01970
   -0.06673
    0.00627
    0.04264
   -0.04285
    0.01346
   -0.03505
   -0.04217
    0.01320
    0.02269
    0.02954
   -0.01879
   -0.03922
    0.00980
   -0.05105
    0.00481
   -0.04070
   -0.02576
    0.03293
   -0.04132
   -0.04794
   -0.01946
    0.02794
   -0.02679
    0.03828
    0.02224
    0.03503
    0.04801
   -0.02621
    0.03089
    0.00740
   -0.01151
   -0.04377
   -0.03530
    0.06150
   -0.00634
    0.01953
   -0.06684
    0.06939
    0.03769
    0.06095
    0.01968
   -0.03216
    0.05079
    0.06418
   -0.03356
   -0.01213
    0.02321
    0.04553
    0.02793
   -0.06380
    0.03862
    0.08078
    0.06037
    0.00906
   -0.03809
    0.08607
    0.02639
    0.01800
    0.02081
   -0.02410
   -0.03617
    0.01989
   -0.03469
   -0.00606
   -0.02792
    0.05809
    0.04278
    0.06434
    0.06656
   -0.01171
   -0.06625
   -0.04180
    0.02455
   -0.01155
    0.07632
    0.01286
    0.03737
   -0.01270
    0.06509
   -0.07620
    0.05387
    0.06904
    0.06969
    0.03883
    0.04201
   -0.01140
    0.02352
    0.05125
   -0.03233
   -0.03455
   -0.05369
   -0.06882
   -0.00460
    0.04097
    0.06036
    0.03342
    0.04601
    0.03816
    0.03916
    0.04548
    0.02809
   -0.00029
   -0.00731
    0.01052
    0.03323
    0.01239
    0.05473
   -0.06336
    0.05945
    0.01785
   -0.02712
   -0.00892
    0.03778
   -0.00901
    0.01454
    0.01864
   -0.01459
   -0.06352
    0.04294
    0.00940
   -0.00671
   -0.03310
    0.02452
    0.00473
    0.03650
   -0.01776
    0.02665
   -0.03348
    0.04533
   -0.05932
    0.05937
    0.03823
   -0.03662
   -0.03302
   -0.03813
   -0.01118
    0.03263
   -0.02847
    0.08249
    0.03473
   -0.02430
   -0.03619
   -0.01895
    0.00609
    0.05303
   -0.02396
    0.02720
   -0.00694
   -0.04522
    0.05421
    0.01918
   -0.02691
   -0.01987
   -0.01290
    0.02787
    0.00224
    0.01086
    0.02165
   -0.01260
    0.05104
    0.00570
    0.03881
    0.01277
    0.03758
   -0.00720
   -0.06290
    0.03286
   -0.04455
   -0.00660
    0.01660
    0.00001
   -0.06307
    0.05415
   -0.05081
   -0.04929
   -0.04249
   -0.04880
   -0.00237
    0.05259
   -0.01434
   -0.02812
    0.02725
   -0.01328
    0.04920
    0.05182
    0.02477
   -0.02186
   -0.03135
    0.06147
   -0.05240
    0.01232
   -0.04353
   -0.01150
    0.03858
    0.07138
   -0.04827
   -0.04796
    0.04210
   -0.05483
   -0.04121
   -0.03805
    0.05545
   -0.02703
   -0.03021
   -0.02927
    0.00574
    0.03124
   -0.05418
    0.03901
    0.02538
   -0.07070
    0.04243
   -0.01570
   -0.03908
   -0.00415
   -0.04890
    0.00991
    0.02177
   -0.03986
   -0.01870
    0.03768
    0.02819
    0.05037
    0.06774
   -0.05056
    0.04997
    0.00062
    0.05793
   -0.05438
   -0.05676
   -0.04178
   -0.04702
   -0.04768
    0.00722
    0.04712
    0.06582
    0.01836
   -0.02252
    0.03599
    0.04772
   -0.04663
    0.06528
    0.03616
    0.01627
   -0.00443
    0.04485
   -0.04049
   -0.00308
    0.00402
   -0.01797
    0.05113
   -0.02704
    0.04527
   -0.04316
   -0.07194
   -0.04874
    0.00219
   -0.07098
    0.03193
   -0.04050
   -0.03771
   -0.04769
   -0.06831
    0.00598
   -0.04141
    0.03501
   -0.07119
   -0.01124
   -0.05927
    0.02210
   -0.05393
    0.04483
    0.00079
   -0.04206
   -0.03853
   -0.06134
   -0.03914
   -0.01466
    0.00780
   -0.05420
   -0.02371
    0.03491
    0.00700
   -0.00572
   -0.04745
    0.04271
   -0.06020
   -0.04538
   -0.03920
   -0.02560
   -0.03280
    0.01642
    0.04925
   -0.04447
   -0.03327
   -0.05230
   -0.03063
    0.05800
   -0.01582
   -0.06278
    0.07049
   -0.02537
    0.02957
    0.03293
    0.00682
    0.05688
   -0.02205
    0.05197
    0.06816
   -0.00318
    0.01588
    0.05381
   -0.04822
   -0.03301
   -0.04925
    0.00503
    0.05423
   -0.04087
    0.05336
   -0.06454
   -0.00962
    0.04221
   -0.05028
    0.01035
   -0.06143
    0.01864
    0.04711
   -0.01506
    0.06058
   -0.04340
    0.04272
    0.05444
    0.04324
   -0.01922
    0.00015
    0.03059
   -0.05254
    0.02025
   -0.00935
   -0.04940
    0.06578
   -0.03435
   -0.01883
   -0.05234
    0.01041
    0.03504
    0.03969
    0.03953
    0.04552
   -0.00385
    0.05705
   -0.00840
    0.03396
   -0.05930
    0.06901
   -0.05853
    0.00316
    0.01640
    0.01212
   -0.03713
    0.00376
   -0.02997
    0.00874
   -0.01388
   -0.05995
   -0.04651
    0.02735
    0.01140
   -0.01131
    0.01401
    0.06215
    0.00546
    0.01490
    0.03660
   -0.05848
   -0.01363
    0.04718
   -0.03610
   -0.04058
   -0.06409
    0.03915
    0.07410
    0.05605
    0.06748
   -0.04628
    0.07488
   -0.01298
    0.00542
    0.08519
   -0.02447
   -0.00644
    0.04249
   -0.02456
   -0.04609
    0.02084
    0.04598
    0.05205
    0.03269
    0.02970
    0.03883
    0.02912
    0.05988
    0.05045
   -0.00207
    0.00168
    0.02353
    0.02923
   -0.07576
   -0.04975
    0.00804
    0.02634

   -0.03765
    0.02014
   -0.01405
    0.00764
    0.07418
   -0.04768
    0.01019
    0.02927
   -0.01865
   -0.02516
   -0.07300
   -0.03173
   -0.03896
    0.03627
   -0.02161
   -0.01407
    0.01501
    0.03725
    0.04955
    0.03744
    0.04778
   -0.04264
   -0.01202
   -0.00940
   -0.01667
   -0.00559
   -0.03525
    0.01838
   -0.02154
   -0.04020
   -0.03056
    0.01070
   -0.02037
    0.00107
   -0.03998
   -0.01680
   -0.01922
    0.04246
    0.01886
   -0.03148
    0.03158
   -0.06388
   -0.06690
   -0.05972
    0.04978
    0.03376
    0.06603
   -0.04459
    0.03169
   -0.02656
   -0.02093
   -0.04978
   -0.03862
    0.04918
    0.02771
    0.04028
    0.06593
   -0.03765
    0.00770
   -0.00224
    0.03501
    0.00093
   -0.03113
   -0.00659
   -0.02369
    0.03607
    0.05121
    0.02782
   -0.05494
   -0.04271
    0.06175
    0.05430
    0.07800
   -0.05664
    0.01332
   -0.01736
   -0.01999
    0.00694
    0.05027
    0.02587
    0.02317
   -0.04139
   -0.00264
   -0.01304
    0.07385
   -0.02128
    0.04317
   -0.04614
   -0.04915
   -0.06156
   -0.00230
    0.00040
    0.00076
   -0.03436
   -0.07521
   -0.03807
   -0.06390
    0.00822
   -0.00225
    0.00068
   -0.03686
   -0.06095
   -0.00946
    0.00690
   -0.00471
    0.00797
    0.00201
   -0.01067
    0.05640
   -0.05562
    0.02914
    0.05973
    0.06653
    0.05812
    0.02921
    0.03217
    0.02241
    0.04845
    0.06892
    0.03340
   -0.04280
   -0.06762
   -0.08686
    0.05605
   -0.02901
    0.00847
    0.02987
    0.03379
    0.02700
   -0.03653
    0.01675
    0.05634
   -0.01284
   -0.03629
    0.05480
   -0.00717
   -0.04035
   -0.04552
   -0.00803
   -0.06789
    0.04396
    0.06010
   -0.00535
   -0.02685
   -0.02381
   -0.07834
    0.05733
    0.02780
    0.02738
   -0.06126
   -0.05328
   -0.04857
   -0.02648
    0.03399
    0.01939
   -0.06248
    0.06686
   -0.05291
    0.02403
   -0.04603
   -0.04404
   -0.04427
    0.06151
    0.05304
    0.05973
   -0.03904
    0.05634
    0.03293
    0.02124
    0.03974
    0.02440
    0.06095
   -0.03736
   -0.03912
    0.06796
   -0.04495
   -0.06073
    0.01401
    0.06583
    0.04837
   -0.01066
   -0.03925
   -0.00102
    0.04072
    0.02370
   -0.01024
   -0.05034
    0.01002
   -0.02006
   -0.06770
    0.00954
    0.04194
   -0.04348
    0.01348
   -0.03679
   -0.04069
    0.01334
    0.02328
    0.03118
   -0.02000
   -0.04001
    0.00942
   -0.05215
    0.00627
   -0.03922
   -0.02661
    0.03210
   -0.04399
   -0.04971
   -0.01986
    0.02655
   -0.02603
    0.03885
    0.02413
    0.03583
    0.04719
   -0.02616
    0.03180
    0.00605
   -0.01149
   -0.04579
   -0.03464
    0.06141
   -0.00542
    0.01908
   -0.07059
    0.06989
    0.03667
    0.06040
    0.01987
   -0.03143
    0.05132
    0.06401
   -0.03586
   -0.01338
    0.02448
    0.04469
    0.02859
   -0.06496
    0.03659
    0.07785
    0.06126
    0.00986
   -0.03832
    0.08610
    0.02702
    0.01754
    0.02051
   -0.02622
   -0.03670
    0.02008
   -0.03484
   -0.00703
   -0.02775
    0.05710
    0.04340
    0.06501
    0.06782
   -0.01266
   -0.06789
   -0.04066
    0.02529
   -0.00994
    0.07682
    0.01275
    0.03966
   -0.01024
    0.06509
   -0.07639
    0.05193
    0.07078
    0.07111
    0.03899
    0.04152
   -0.00954
    0.02446
    0.05191
   -0.03204
   -0.03520
   -0.05539
   -0.06834
   -0.00292
    0.04011
    0.05887
    0.03539
    0.04680
    0.03643
    0.04014
    0.04497
    0.02915
   -0.00156
   -0.00755
    0.01214
    0.03384
    0.01142
    0.05502
   -0.06406
    0.05926
    0.01679
   -0.02650
   -0.00968
    0.04000
   -0.00962
    0.01436
    0.02010
   -0.01415
   -0.06467
    0.04453
    0.00770
   -0.00563
   -0.03308
    0.02319
    0.00511
    0.03467
   -0.01861
    0.02528
   -0.03344
    0.04508
   -0.06143
    0.06167
    0.03698
   -0.03718
   -0.03475
   -0.03710
   -0.01048
    0.03139
   -0.02893
    0.08190
    0.03364
   -0.02541
   -0.03443
   -0.02207
    0.00457
    0.05367
   -0.02272
    0.02557
   -0.00456
   -0.04405
    0.05545
    0.01980
   -0.02790
   -0.02200
   -0.01331
    0.02786
    0.00282
    0.01118
    0.02217
   -0.01102
    0.05049
    0.00876
    0.03914
    0.01159
    0.03936
   -0.00702
   -0.06235
    0.03257
   -0.04497
   -0.00437
    0.01549
   -0.00329
   -0.06384
    0.05444
   -0.04957
   -0.04907
   -0.04140
   -0.04880
   -0.00260
    0.05248
   -0.01552
   -0.02773
    0.02750
   -0.01569
    0.04928
    0.05014
    0.02539
   -0.02267
   -0.03291
    0.06002
   -0.05496
    0.01173
   -0.04460
   -0.01178
    0.03788
    0.07297
   -0.04755
   -0.04908
    0.04273
   -0.05586
   -0.04392
   -0.03833
    0.05470
   -0.02753
   -0.02919
   -0.02876
    0.00689
    0.03080
   -0.05513
    0.03768
    0.02813
   -0.06978
    0.04376
   -0.01408
   -0.03820
   -0.00344
   -0.04922
    0.00775
    0.02369
   -0.04012
   -0.01949
    0.03908
    0.02965
    0.05353
    0.06860
   -0.05060
    0.05077
    0.00140
    0.06114
   -0.05718
   -0.05567
   -0.04120
   -0.04836
   -0.04858
    0.00597
    0.04785
    0.06358
    0.01828
   -0.02430
    0.03625
    0.04807
   -0.04752
    0.06555
    0.03797
    0.01769
   -0.00373
    0.04374
   -0.03930
   -0.00186
    0.00433
   -0.01963
    0.05091
   -0.02787
    0.04322
   -0.04159
   -0.07142
   -0.05139
    0.00228
   -0.07100
    0.03125
   -0.03802
   -0.04028
   -0.04634
   -0.06679
    0.00662
   -0.04213
    0.03553
   -0.07171
   -0.01201
   -0.05614
    0.02173
   -0.05706
    0.04698
    0.00109
   -0.04156
   -0.03652
   -0.06137
   -0.03857
   -0.01148
    0.00670
   -0.05711
   -0.02515
    0.03482
    0.00618
   -0.00658
   -0.04861
    0.04411
   -0.06107
   -0.04599
   -0.03854
   -0.02827
   -0.03289
    0.01586
    0.04954
   -0.04429
   -0.03402
   -0.05137
   -0.03255
    0.05753
   -0.01644
   -0.06317
    0.07198
   -0.02663
    0.02979
    0.03336
    0.00866
    0.05802
   -0.02005
    0.05237
    0.07013
   -0.00240
    0.01752
    0.05251
   -0.04681
   -0.03512
   -0.04974
    0.00798
    0.05282
   -0.04347
    0.05414
   -0.06536
   -0.01012
    0.04396
   -0.05187
    0.01022
   -0.06135
    0.01788
    0.04504
   -0.01479
    0.06160
   -0.04332
    0.04284
    0.05428
    0.04341
   -0.02153
   -0.00007
    0.03373
   -0.05361
    0.01994
   -0.00945
   -0.05209
    0.06471
   -0.03574
   -0.01737
   -0.05367
    0.01251
    0.03642
    0.03918
    0.03967
    0.04628
   -0.00277
    0.06098
   -0.00904
    0.03344
   -0.05977
    0.07069
   -0.05849
    0.00290
    0.01631
    0.01172
   -0.03672
    0.00296
   -0.02918
    0.01066
   -0.01255
   -0.06004
   -0.04530
    0.02713
    0.01057
   -0.01232
    0.01343
    0.06172
    0.00477
    0.01363
    0.03785
   -0.05976
   -0.01220
    0.04790
   -0.03734
   -0.03835
   -0.06426
    0.03968
    0.07410
    0.05662
    0.06845
   -0.04631
    0.07460
   -0.01589
    0.00238
    0.08359
   -0.02524
   -0.00787
    0.04302
   -0.02227
   -0.04840
    0.01918
    0.04756
    0.05327
    0.03263
    0.02937
    0.03892
    0.03008
    0.05888
    0.05022
   -0.00260
   -0.00007
    0.02735
    0.02840
   -0.07697
   -0.04995
    0.00899
    0.02504

   -0.00290
    0.08785
   -0.07782
    0.06354
    0.10847
   -0.07480
   -0.01177
    0.07175
   -0.05803
   -0.00345
   -0.02936
   -0.01269
    0.03335
   -0.01022
    0.02037
   -0.00482
   -0.00823
    0.03036
   -0.07724
    0.01939
    0.00224
    0.04088
   -0.01893
   -0.02414
    0.00865
    0.05656
   -0.08295
    0.01429
   -0.08213
   -0.02700
    0.03894
    0.00533
    0.04479
   -0.05947
    0.00190
   -0.00563
   -0.01375
    0.07317
    0.03181
   -0.03356
    0.09531
    0.04072
   -0.01205
    0.00183
   -0.02382
    0.04746
    0.00215
   -0.01070
   -0.01057
    0.05276
    0.00306
   -0.01019
    0.00788
    0.02587
    0.06695
   -0.06825
    0.06812
   -0.02127
   -0.03296
   -0.03320
    0.02723
    0.02898
    0.00987
    0.04313
   -0.00749
    0.08289
   -0.02137
    0.00601
   -0.00554
   -0.09309
    0.02106
   -0.00439
   -0.00993
   -0.00397
    0.00278
   -0.05051
   -0.01625
    0.04718
    0.03775
   -0.00913
   -0.04314
   -0.04337
    0.05095
    0.06792
    0.02176
   -0.03601
    0.04320
    0.00850
   -0.03035
   -0.02884
    0.03800
   -0.02245
   -0.02483
   -0.02886
   -0.02746
   -0.04563
   -0.05229
   -0.05082
    0.01931
    0.00003
   -0.02899
   -0.05866
   -0.02913
    0.03882
    0.03372
   -0.01037
   -0.04245
   -0.05070
    0.01877
   -0.05379
    0.03658
    0.03726
    0.03236
   -0.06580
    0.05125
   -0.00747
   -0.01431
    0.05602
   -0.02376
    0.06043
   -0.01781
   -0.01480
   -0.00252
    0.04282
    0.00613
    0.00931
   -0.01302
   -0.01638
    0.01496
   -0.01272
   -0.06013
    0.10803
    0.07420
   -0.07485
    0.07291
    0.05184
    0.03577
    0.05809
    0.09959
   -0.08885
    0.05765
    0.04506
    0.06405
    0.02609
   -0.04485
   -0.06257
    0.04070
    0.03305
   -0.05429
    0.00300
    0.00822
   -0.00688
   -0.04640
    0.04897
    0.07937
    0.04178
   -0.01103
    0.00724
   -0.04087
    0.00677
   -0.04804
    0.01552
    0.00821
   -0.03795
    0.03752
   -0.05041
   -0.00607
    0.00121
   -0.06033
    0.00705
    0.02124
    0.01939
   -0.06819
    0.00662
   -0.01371
   -0.00188
   -0.07182
    0.01189
    0.09199
    0.03888
    0.00065
    0.03044
   -0.00468
   -0.01252
   -0.00543
   -0.00763
   -0.01618
    0.02282
   -0.02441
    0.00318
   -0.07626
    0.04766
    0.01766
    0.01166
    0.03233
   -0.05515
    0.00859
   -0.01770
   -0.03266
    0.02235
   -0.00281
    0.00497
   -0.00508
   -0.02171
   -0.05991
    0.01529
    0.02231
    0.06266
    0.01705
   -0.00194
    0.04851
   -0.03439
    0.01718
   -0.04657
   -0.01082
    0.03690
   -0.02629
    0.00317
    0.04342
   -0.00075
    0.05164
   -0.03275
    0.03052
   -0.03550
    0.04102
    0.06452
    0.03655
    0.05114
    0.06907
    0.02499
   -0.02153
    0.01472
    0.03309
    0.05362
   -0.00801
   -0.00305
    0.06434
    0.00360
   -0.00218
    0.06902
    0.11370
    0.00971
   -0.02938
   -0.00131
    0.05149
    0.01430
    0.01368
    0.02355
    0.05551
   -0.01559
    0.00264
    0.00158
    0.02667
   -0.03275
    0.06386
    0.01707
    0.01214
   -0.00309
    0.00799
    0.01225
   -0.05023
    0.00463
   -0.03844
    0.03900
    0.01133
   -0.04506
   -0.06884
    0.06043
   -0.05845
    0.08631
   -0.00530
   -0.01850
    0.01168
    0.02234
   -0.06008
   -0.03188
   -0.00515
   -0.01994
    0.00780
    0.02031
   -0.04499
   -0.04699
    0.03464
    0.06116
   -0.04902
    0.00429
    0.08094
    0.00503
    0.04713
    0.00362
    0.02787
    0.00834
   -0.04549
    0.00305
    0.01454
    0.02535
   -0.00166
    0.02146
    0.02535
   -0.04587
   -0.00256
   -0.02584
    0.01167
    0.00336
   -0.03681
   -0.02282
    0.01805
   -0.00322
    0.06943
   -0.00605
   -0.00547
    0.05332
   -0.02254
    0.05041
   -0.00293
    0.06987
   -0.02732
    0.01947
    0.03023
   -0.04281
    0.03791
   -0.02330
    0.03439
   -0.04584
   -0.02191
    0.05242
    0.00877
    0.05101
    0.04752
    0.03371
   -0.07036
    0.07666
    0.05903
    0.01465
   -0.05709
    0.06825
   -0.03250
   -0.05932
    0.00144
   -0.00647
    0.01146
    0.06974
    0.00034
    0.00668
   -0.02266
    0.00175
   -0.01557
   -0.05654
    0.03557
   -0.07797
    0.00884
    0.05436
   -0.02782
   -0.00649
   -0.04857
    0.02521
    0.01025
   -0.07370
    0.03627
    0.06877
    0.00695
    0.02508
   -0.05962
   -0.02977
   -0.05154
   -0.03056
    0.00523
    0.04101
    0.01843
   -0.03622
   -0.00081
    0.06763
    0.00643
    0.06784
   -0.01395
    0.01758
    0.02408
    0.08371
    0.05476
    0.03569
    0.01822
   -0.00386
    0.02738
   -0.00117
   -0.05821
    0.03156
    0.01312
    0.00027
    0.03638
    0.00215
    0.03770
    0.01753
   -0.03653
   -0.02559
   -0.01355
    0.02213
    0.01162
    0.06573
   -0.04801
   -0.08483
   -0.01073
   -0.02274
   -0.04926
   -0.01652
   -0.02306
    0.05282
   -0.05026
   -0.01889
    0.01206
   -0.03526
   -0.03169
   -0.04649
    0.00390
   -0.02019
    0.00201
   -0.01895
   -0.03249
    0.02901
   -0.07268
   -0.04480
    0.01009
   -0.01718
    0.04472
    0.00920
    0.10513
    0.00726
    0.02456
    0.01754
    0.02844
    0.01277
    0.03312
   -0.03284
   -0.01547
   -0.02408
    0.06627
   -0.03956
   -0.04005
    0.00085
    0.01859
    0.05280
    0.03177
    0.04652
   -0.06689
   -0.06393
    0.03866
   -0.02446
   -0.04500
    0.05053
   -0.08539
    0.05934
   -0.06648
   -0.09496
   -0.00120
   -0.00481
    0.00732
   -0.02775
    0.01235
   -0.11162
    0.02734
    0.06244
   -0.03053
   -0.03710
   -0.01760
   -0.07657
   -0.03079
   -0.06139
   -0.08210
    0.03461
    0.04705
    0.02986
    0.01627
    0.00895
    0.01494
    0.01699
   -0.01815
    0.00361
   -0.02478
   -0.04515
    0.05447
   -0.02641
   -0.01861
    0.02791
   -0.03600
    0.00069
   -0.03146
    0.02229
    0.03832
    0.02985
   -0.04854
   -0.00907
    0.04339
   -0.01118
   -0.00002
   -0.04898
    0.01038
   -0.05956
    0.03045
   -0.04044
   -0.03990
   -0.03418
    0.06256
   -0.07232
    0.03223
   -0.01583
   -0.07453
    0.05025
    0.03933
    0.01540
   -0.02993
    0.00141
   -0.02822
    0.01566
    0.02519
   -0.05702
    0.06165
    0.08685
   -0.02719
    0.01173
   -0.04381
    0.01411
    0.04728
    0.01471
    0.06153
    0.00261
   -0.06992
   -0.00340
    0.01681
   -0.00196
    0.03122
    0.05634
    0.02697
   -0.06222
   -0.01887
   -0.04437
   -0.02090
    0.04834
    0.02721
    0.01525
   -0.04720
   -0.06773
    0.00423
    0.04228
   -0.00595
   -0.00093
   -0.05082
   -0.00452
    0.01371
    0.03880
   -0.02817
    0.01791
   -0.05400
   -0.03336
   -0.03797
   -0.00870
   -0.07901
    0.02580
    0.01101
    0.02248
    0.01529
    0.04457
    0.00231
    0.04856
    0.00790
    0.00033
   -0.03835
    0.01137
    0.03176
   -0.06536
   -0.02292
    0.01409
    0.03087
    0.01976
   -0.00355
   -0.03399
    0.06459
    0.07050
    0.07887
    0.10565
    0.01848
    0.01432
   -0.00859
   -0.06515
    0.04826
    0.06742
   -0.01300
   -0.01309
    0.03514
    0.01415
    0.01258
   -0.01140
    0.07542
    0.04298
    0.02000
    0.05235
   -0.10410
    0.03094
   -0.00438
   -0.02421
   -0.01806
    0.03514
