 4796938655807907
       1603
 3600.58989
   24.29281
   -0.99856
   -0.00806
   -1.00608
   -0.00003

   -0.04484
    0.05211
   -0.06226
   -0.03359
    0.05047
   -0.01919
   -0.04901
    0.05209
    0.02359
   -0.04864
    0.03146
    0.03740
    0.00161
    0.02829
    0.02159
    0.02243
    0.03212
   -0.00149
   -0.03510
    0.01103
    0.01376
    0.06214
    0.04856
    0.02034
   -0.04388
   -0.02561
    0.02346
    0.05972
    0.00746
   -0.02283
    0.00627
   -0.01904
   -0.04357
   -0.00793
   -0.02890
    0.04137
   -0.01508
    0.00636
   -0.02670
    0.04660
    0.04900
   -0.05690
   -0.02369
    0.04495
    0.05120
    0.04120
   -0.02580
    0.06266
    0.05364
   -0.07216
   -0.03131
    0.02573
    0.05769
   -0.03515
    0.02660
   -0.03569
   -0.04187
    0.03737
   -0.03434
   -0.03512
   -0.01529
    0.01177
   -0.03256
    0.00299
    0.00151
   -0.08166
   -0.01578
    0.03454
    0.06356
   -0.00633
   -0.01069
    0.01437
   -0.00230
    0.04331
   -0.05510
   -0.05373
   -0.07680
    0.01731
   -0.01985
    0.00622
   -0.00908
    0.04034
   -0.02525
    0.06431
   -0.02403
   -0.02314
    0.01659
   -0.01152
    0.00761
    0.04973
   -0.05750
   -0.05659
    0.01619
    0.00568
    0.04193
   -0.07412
    0.00003
   -0.05956
    0.01521
   -0.05665
    0.04852
    0.04984
   -0.02664
    0.07184
   -0.06385
   -0.04335
    0.04792
    0.03013
   -0.02963
    0.03232
    0.03616
    0.01555
    0.06209
    0.01391
    0.02264
   -0.04706
   -0.04078
    0.05841
   -0.01500
   -0.06334
   -0.04727
   -0.03737
    0.03269
   -0.07066
    0.00946
    0.05864
    0.04917
    0.04551
   -0.01307
    0.00917
   -0.02667
   -0.06762
   -0.04723
    0.05026
   -0.02006
    0.03904
   -0.00669
    0.04830
   -0.02145
    0.00062
    0.05655
    0.02110
    0.05388
   -0.05298
    0.03845
   -0.04047
    0.02091
   -0.04873
   -0.06461
    0.02918
   -0.05574
    0.02247
    0.02644
    0.00385
   -0.00761
   -0.00900
   -0.01446
    0.00673
    0.01769
    0.03933
    0.02937
    0.01468
   -0.01301
   -0.08064
   -0.04337
   -0.02623
   -0.05482
   -0.05230
    0.04201
    0.05652
   -0.06110
   -0.00884
   -0.01755
   -0.06418
    0.05704
   -0.02746
    0.00776
    0.05003
    0.04677
   -0.02531
    0.03221
    0.05614
   -0.05205
    0.03711
    0.02145
   -0.03332
    0.01303
   -0.01176
   -0.01953
    0.06925
   -0.07773
   -0.03591
   -0.01256
    0.07310
   -0.06140
   -0.05172
    0.00170
    0.04735
    0.00689
    0.05175
   -0.04827
   -0.02915
   -0.00755
   -0.00365
    0.02061
   -0.05376
    0.04856
    0.06089
   -0.05697
   -0.01601
    0.05461
   -0.03715
   -0.00153
    0.03143
   -0.01837
   -0.01344
   -0.05075
   -0.03953
   -0.05707
    0.03522
   -0.06249
    0.03076
   -0.05461
   -0.01809
   -0.04167
    0.00411
   -0.02165
    0.05424
    0.05639
    0.06332
    0.03857
    0.02553
    0.07803
    0.07749
   -0.00270
    0.01152
   -0.01253
    0.03593
    0.03944
   -0.01031
    0.01241
    0.03372
   -0.04646
    0.05190
   -0.05247
   -0.06845
    0.06455
    0.04893
   -0.05725
    0.01478
   -0.00323
   -0.04707
    0.00281
   -0.03491
   -0.02581
   -0.05085
   -0.03676
    0.04503
   -0.06260
   -0.00764
   -0.01545
   -0.00525
   -0.04732
   -0.03806
   -0.05938
   -0.00045
    0.01876
   -0.01620
    0.04883
   -0.01287
    0.00902
    0.03679
   -0.05530
   -0.03603
   -0.02087
    0.01907
   -0.03769
    0.00938
   -0.05943
    0.02007
   -0.03494
   -0.04765
    0.02913
    0.06333
   -0.02847
   -0.03718
   -0.04678
    0.03256
   -0.05325
    0.04902
   -0.05812
   -0.00473
   -0.05562
    0.04299
    0.06581
   -0.05202
    0.00859
   -0.02300
   -0.01298
    0.03229
    0.06094
   -0.04312
    0.02436
    0.02817
   -0.03998
   -0.05196
    0.02709
   -0.04710
    0.02075
    0.02853
   -0.04196
   -0.00621
    0.01172
    0.03593
   -0.04102
   -0.02707
   -0.05929
    0.02791
    0.01718
   -0.06177
   -0.01746
   -0.05203
   -0.06677
    0.06126
    0.00839
    0.04301
    0.03382
    0.05537
   -0.00601
   -0.04639
   -0.01498
    0.02750
    0.04586
   -0.07437
   -0.04681
    0.03035
    0.04763
    0.02275
    0.05077
   -0.02479
   -0.02357
   -0.02380
   -0.04477
   -0.01788
    0.02974
    0.04862
    0.02766
    0.06389
   -0.05936
   -0.02406
   -0.07587
   -0.02787
   -0.04670
   -0.01217
    0.02154
   -0.02978
    0.02903
    0.04474
   -0.06087
   -0.02680
   -0.00413
   -0.00232
   -0.05736
   -0.02857
   -0.05067
    0.01413
    0.06274
   -0.00132
   -0.05250
   -0.02756
   -0.00054
    0.02367
    0.00859
    0.00770
   -0.06992
    0.00093
   -0.00605
   -0.03354
   -0.01002
   -0.06629
    0.01103
    0.05335
   -0.00565
    0.02387
   -0.03166
   -0.00944
    0.00047
   -0.02715
    0.03305
    0.05425
    0.03645
   -0.05010
   -0.01946
   -0.03212
   -0.04721
    0.06382
   -0.04512
    0.02544
    0.03480
   -0.01258
   -0.05607
   -0.03463
    0.07026
   -0.02657
    0.02991
   -0.05129
   -0.01660
   -0.05695
   -0.04857
   -0.06037
   -0.05060
   -0.06658
    0.01229
   -0.02276
    0.00800
   -0.04204
   -0.04734
    0.01465
    0.04612
    0.06452
    0.04777
    0.03026
   -0.04883
    0.05050
    0.02272
    0.05255
    0.04356
   -0.05500
   -0.01498
   -0.06639
    0.01134
   -0.06602
   -0.00958
    0.06243
    0.06184
    0.05301
   -0.01849
   -0.05220
   -0.06498
    0.07060
   -0.02254
    0.04717
    0.01287
   -0.02263
   -0.03758
   -0.02624
    0.01465
    0.05216
   -0.04917
   -0.03848
    0.05494
    0.01900
   -0.04797
    0.04444
    0.06181
   -0.03351
   -0.00769
   -0.03710
   -0.04235
   -0.04166
   -0.05255
   -0.01544
   -0.01975
   -0.05257
   -0.03579
   -0.04474
   -0.02316
    0.01918
    0.03484
   -0.02420
   -0.05470
    0.02852
   -0.02586
    0.05052
   -0.04617
   -0.01565
    0.03308
    0.02358
   -0.04598
   -0.04977
   -0.02959
    0.04780
    0.02442
   -0.02963
    0.03101
    0.01405
   -0.05043
   -0.00280
    0.03948
   -0.00418
   -0.01065
   -0.05620
   -0.01613
    0.06805
    0.07449
   -0.04395
    0.06498
   -0.05619
   -0.04667
   -0.04953
    0.02027
   -0.06286
    0.05254
   -0.05291
   -0.06646
    0.06238
   -0.05456
    0.06274
   -0.05430
    0.06282
    0.06498
   -0.03744
   -0.00202
    0.01081
    0.05240
    0.00844
    0.00165
   -0.01261
    0.03263
   -0.06410
    0.05422
    0.07127
   -0.03578
    0.01720
    0.05454
    0.03500
    0.06052
    0.04552
    0.04814
   -0.02321
   -0.06858
    0.00313
    0.04394
    0.03121
   -0.03501
   -0.00568
    0.05254
   -0.01546
   -0.06532
   -0.06005
   -0.03793
    0.00945
   -0.01618
    0.03146
    0.04381
   -0.05202
    0.02885
    0.04432
   -0.01838
   -0.02791
    0.03712
   -0.03157
   -0.02408
   -0.05622
   -0.03661
   -0.02843
   -0.00723
    0.01069
   -0.00189
    0.00262
   -0.05753
    0.04562
    0.04732
    0.03608
    0.06022
    0.01085
   -0.04830
    0.05046
   -0.01795
   -0.02487
   -0.00696
    0.01760
    0.01077
    0.03599
    0.01362
    0.04836
   -0.02710
   -0.03802
    0.00537
   -0.02065
    0.07347
    0.06111
    0.03928
    0.05872
    0.02506
   -0.03585
   -0.01724
    0.00248
   -0.01341
    0.01675
    0.00011
   -0.01953
    0.01498
   -0.01473
    0.06095
   -0.01466
   -0.05819
    0.04934
   -0.01200
   -0.02701

   -0.04478
    0.05212
   -0.06300
   -0.03399
    0.05226
   -0.01826
   -0.04858
    0.05145
    0.02519
   -0.04805
    0.03160
    0.03867
    0.00172
    0.02722
    0.02381
    0.02288
    0.03247
   -0.00293
   -0.03503
    0.00997
    0.01419
    0.06299
    0.04868
    0.02107
   -0.04317
   -0.02654
    0.02204
    0.05860
    0.00712
   -0.02276
    0.00609
   -0.02071
   -0.04634
   -0.00779
   -0.02979
    0.04118
   -0.01492
    0.00681
   -0.02743
    0.04648
    0.04995
   -0.05736
   -0.02422
    0.04375
    0.05025
    0.04172
   -0.02638
    0.06376
    0.05436
   -0.07260
   -0.03184
    0.02424
    0.05806
   -0.03572
    0.02663
   -0.03573
   -0.04038
    0.03694
   -0.03416
   -0.03480
   -0.01621
    0.01278
   -0.03189
    0.00277
    0.00125
   -0.08108
   -0.01474
    0.03526
    0.06430
   -0.00554
   -0.01179
    0.01339
   -0.00191
    0.04330
   -0.05614
   -0.05498
   -0.07812
    0.01752
   -0.02045
    0.00440
   -0.00998
    0.04090
   -0.02498
    0.06389
   -0.02312
   -0.02251
    0.01658
   -0.01230
    0.00790
    0.04929
   -0.05869
   -0.05729
    0.01555
    0.00518
    0.04329
   -0.07435
   -0.00038
   -0.05995
    0.01620
   -0.05659
    0.04764
    0.04873
   -0.02759
    0.07093
   -0.06239
   -0.04306
    0.04847
    0.03142
   -0.02783
    0.03276
    0.03666
    0.01558
    0.06143
    0.01380
    0.02325
   -0.04856
   -0.04202
    0.05880
   -0.01657
   -0.06385
   -0.04764
   -0.03707
    0.03332
   -0.07012
    0.00988
    0.05784
    0.04974
    0.04664
   -0.01238
    0.00743
   -0.02762
   -0.06961
   -0.04838
    0.04974
   -0.02083
    0.03972
   -0.00635
    0.04759
   -0.02127
   -0.00099
    0.05614
    0.02152
    0.05484
   -0.05281
    0.03821
   -0.04196
    0.02036
   -0.04918
   -0.06545
    0.02948
   -0.05658
    0.02216
    0.02545
    0.00302
   -0.00969
   -0.00933
   -0.01429
    0.00638
    0.01673
    0.03799
    0.02920
    0.01434
   -0.01358
   -0.07994
   -0.04478
   -0.02538
   -0.05520
   -0.05099
    0.04392
    0.05717
   -0.06240
   -0.00857
   -0.01576
   -0.06260
    0.05881
   -0.02704
    0.00773
    0.05226
    0.04617
   -0.02407
    0.03350
    0.05677
   -0.05305
    0.03712
    0.02067
   -0.03453
    0.01268
   -0.01292
   -0.02016
    0.06930
   -0.07756
   -0.03433
   -0.01236
    0.07410
   -0.06168
   -0.05091
    0.00223
    0.04840
    0.00670
    0.05129
   -0.05041
   -0.02752
   -0.00851
   -0.00556
    0.02097
   -0.05424
    0.04917
    0.06116
   -0.05785
   -0.01647
    0.05531
   -0.03929
   -0.00110
    0.03186
   -0.01713
   -0.01269
   -0.04984
   -0.04092
   -0.05887
    0.03564
   -0.06322
    0.03042
   -0.05363
   -0.01792
   -0.04160
    0.00477
   -0.02173
    0.05396
    0.05751
    0.06312
    0.03881
    0.02526
    0.07752
    0.07761
   -0.00313
    0.01183
   -0.01184
    0.03665
    0.03807
   -0.01065
    0.01085
    0.03470
   -0.04530
    0.05252
   -0.05267
   -0.06925
    0.06570
    0.04970
   -0.05706
    0.01562
   -0.00416
   -0.04719
    0.00237
   -0.03495
   -0.02849
   -0.05213
   -0.03543
    0.04551
   -0.06152
   -0.00913
   -0.01560
   -0.00486
   -0.04792
   -0.03756
   -0.06033
   -0.00025
    0.01902
   -0.01615
    0.04919
   -0.01416
    0.01005
    0.03848
   -0.05462
   -0.03606
   -0.02165
    0.02021
   -0.03895
    0.00890
   -0.06062
    0.01996
   -0.03523
   -0.04866
    0.02969
    0.06469
   -0.02750
   -0.03935
   -0.04828
    0.03194
   -0.05479
    0.04944
   -0.05783
   -0.00456
   -0.05687
    0.04422
    0.06655
   -0.05404
    0.00913
   -0.02475
   -0.01376
    0.03100
    0.06002
   -0.04557
    0.02366
    0.02994
   -0.03863
   -0.05341
    0.02728
   -0.04816
    0.02107
    0.02740
   -0.04201
   -0.00484
    0.01184
    0.03589
   -0.04123
   -0.02592
   -0.06030
    0.02639
    0.01704
   -0.06282
   -0.01660
   -0.05135
   -0.06557
    0.06287
    0.00762
    0.04172
    0.03468
    0.05594
   -0.00579
   -0.04669
   -0.01619
    0.02828
    0.04742
   -0.07359
   -0.04785
    0.02976
    0.04908
    0.02255
    0.05219
   -0.02550
   -0.02412
   -0.02511
   -0.04688
   -0.01607
    0.02892
    0.04995
    0.02667
    0.06414
   -0.05942
   -0.02278
   -0.07731
   -0.02890
   -0.04754
   -0.01423
    0.02255
   -0.02887
    0.02923
    0.04537
   -0.06127
   -0.02613
   -0.00289
   -0.00286
   -0.05664
   -0.02876
   -0.05113
    0.01540
    0.06250
   -0.00024
   -0.05248
   -0.02740
   -0.00125
    0.02285
    0.00672
    0.00702
   -0.07083
    0.00196
   -0.00650
   -0.03305
   -0.01060
   -0.06792
    0.01220
    0.05404
   -0.00615
    0.02510
   -0.03210
   -0.00938
    0.00171
   -0.02694
    0.03392
    0.05554
    0.03648
   -0.04980
   -0.01964
   -0.03195
   -0.04927
    0.06409
   -0.04607
    0.02686
    0.03506
   -0.01185
   -0.05670
   -0.03446
    0.07024
   -0.02829
    0.02988
   -0.05127
   -0.01492
   -0.05625
   -0.04860
   -0.06145
   -0.05084
   -0.06737
    0.01376
   -0.02218
    0.00790
   -0.04212
   -0.04747
    0.01410
    0.04568
    0.06658
    0.04972
    0.03121
   -0.04924
    0.05196
    0.02382
    0.05135
    0.04552
   -0.05546
   -0.01266
   -0.06461
    0.00999
   -0.06677
   -0.00975
    0.06283
    0.06187
    0.05380
   -0.01805
   -0.05301
   -0.06642
    0.07145
   -0.02388
    0.04758
    0.01246
   -0.02384
   -0.03931
   -0.02607
    0.01569
    0.05181
   -0.04912
   -0.03878
    0.05515
    0.01919
   -0.04911
    0.04595
    0.06118
   -0.03235
   -0.00908
   -0.03761
   -0.04238
   -0.04270
   -0.05427
   -0.01528
   -0.02033
   -0.05343
   -0.03666
   -0.04411
   -0.02201
    0.01996
    0.03513
   -0.02549
   -0.05353
    0.03033
   -0.02812
    0.05024
   -0.04517
   -0.01562
    0.03388
    0.02385
   -0.04568
   -0.04836
   -0.02961
    0.04757
    0.02451
   -0.02936
    0.03037
    0.01437
   -0.05135
   -0.00349
    0.04041
   -0.00398
   -0.01022
   -0.05600
   -0.01587
    0.06813
    0.07286
   -0.04405
    0.06560
   -0.05790
   -0.04728
   -0.04904
    0.02194
   -0.06452
    0.05368
   -0.05167
   -0.06663
    0.06356
   -0.05481
    0.06268
   -0.05551
    0.06333
    0.06552
   -0.03695
   -0.00181
    0.01190
    0.05069
    0.00837
    0.00019
   -0.01328
    0.03279
   -0.06294
    0.05556
    0.07218
   -0.03649
    0.01628
    0.05465
    0.03411
    0.05983
    0.04397
    0.04721
   -0.02433
   -0.06758
    0.00190
    0.04272
    0.02957
   -0.03591
   -0.00679
    0.05227
   -0.01679
   -0.06516
   -0.06100
   -0.03780
    0.01153
   -0.01634
    0.03055
    0.04375
   -0.05184
    0.02952
    0.04450
   -0.01896
   -0.03027
    0.03715
   -0.03292
   -0.02349
   -0.05619
   -0.03666
   -0.03022
   -0.00786
    0.01206
   -0.00264
    0.00171
   -0.05827
    0.04411
    0.04924
    0.03473
    0.05964
    0.01142
   -0.04988
    0.04951
   -0.01900
   -0.02523
   -0.00661
    0.01615
    0.01214
    0.03606
    0.01483
    0.04865
   -0.02649
   -0.03969
    0.00723
   -0.02004
    0.07255
    0.06241
    0.03919
    0.05814
    0.02576
   -0.03829
   -0.01849
    0.00396
   -0.01444
    0.01860
    0.00061
   -0.01841
    0.01418
   -0.01431
    0.06132
   -0.01379
   -0.05756
    0.05048
   -0.01175
   -0.02866

   -0.02588
    0.01833
   -0.03452
   -0.03819
   -0.02783
   -0.03283
   -0.07719
    0.03426
   -0.01901
   -0.06772
    0.03699
   -0.03246
    0.01255
    0.06155
   -0.06707
    0.01358
   -0.00230
    0.04147
   -0.00989
    0.03861
   -0.03486
    0.00364
    0.01018
   -0.00830
   -0.05277
    0.03008
    0.09662
    0.10608
    0.01269
   -0.03039
    0.03273
    0.05967
    0.03371
    0.01631
    0.00996
    0.02882
    0.02140
   -0.01661
    0.02804
    0.01765
   -0.00528
   -0.01051
   -0.00238
    0.06474
    0.07217
    0.01109
   -0.03213
    0.02253
   -0.00887
   -0.00921
    0.00864
    0.08327
    0.00729
   -0.01751
    0.02036
   -0.03900
   -0.09453
    0.07968
   -0.01217
   -0.04059
    0.05851
   -0.04253
   -0.03260
    0.00318
   -0.02332
   -0.06461
   -0.06748
   -0.04272
    0.02447
   -0.00206
    0.04774
    0.05860
   -0.02419
    0.00978
   -0.00676
    0.00952
   -0.01779
   -0.02272
    0.01064
    0.04881
    0.05152
   -0.02517
   -0.01098
    0.03447
   -0.07867
   -0.00328
   -0.00631
    0.03802
   -0.00209
    0.05077
    0.01820
    0.01783
    0.03678
    0.03306
   -0.03052
   -0.00589
    0.00285
   -0.00903
   -0.05536
   -0.04117
    0.05778
    0.06514
    0.02898
    0.07021
   -0.10846
   -0.03978
    0.01705
   -0.02885
   -0.09847
    0.03019
   -0.01016
   -0.00729
    0.06031
   -0.01543
   -0.02219
    0.03791
    0.01641
    0.00651
    0.04742
   -0.03655
    0.00337
   -0.04818
   -0.04014
   -0.07628
   -0.02543
    0.06747
    0.02018
   -0.00807
   -0.01725
    0.08921
   -0.00202
    0.02197
    0.00258
    0.04860
    0.00740
    0.00970
    0.00235
    0.04652
   -0.01445
    0.07282
    0.05580
    0.02078
   -0.01329
   -0.06352
    0.04062
    0.01657
    0.02487
   -0.01861
   -0.00708
   -0.01027
   -0.03201
    0.01466
    0.02580
    0.00978
    0.06348
   -0.00234
   -0.02519
   -0.00439
    0.02482
    0.07329
    0.04052
   -0.00910
    0.02295
   -0.08942
    0.02339
   -0.05235
   -0.03014
   -0.08074
   -0.04257
    0.04498
   -0.02720
   -0.00966
   -0.09059
   -0.10738
   -0.02762
   -0.04133
    0.03734
   -0.05408
    0.05172
   -0.06727
   -0.01017
   -0.00166
   -0.00534
    0.00564
    0.02732
   -0.00135
    0.01667
    0.04587
   -0.00954
    0.05666
   -0.08208
   -0.08470
   -0.03787
    0.01306
    0.00421
   -0.06069
    0.00621
    0.00087
    0.01374
    0.04089
    0.04430
   -0.06710
    0.03289
    0.06820
    0.02414
   -0.03273
    0.02323
    0.00363
   -0.00688
    0.01055
    0.00889
    0.04622
   -0.01566
    0.02298
   -0.05387
   -0.02868
   -0.05902
    0.01264
    0.05330
    0.01414
   -0.02038
    0.02069
   -0.05081
   -0.04901
   -0.06215
    0.00305
    0.01918
    0.07545
    0.00097
    0.02703
    0.01691
    0.01807
    0.06420
    0.03281
    0.03545
   -0.01272
   -0.04247
    0.01482
    0.05673
    0.02200
    0.05821
   -0.02107
   -0.05317
   -0.01509
   -0.01801
   -0.03312
   -0.01617
   -0.00307
   -0.02798
   -0.01317
    0.03223
   -0.02782
    0.01148
   -0.00459
    0.09043
    0.01263
   -0.05980
    0.01152
   -0.07919
    0.05952
    0.00739
    0.01439
   -0.02714
   -0.07658
    0.01262
    0.00167
   -0.01627
   -0.00637
    0.00464
    0.03938
   -0.03111
   -0.03867
   -0.02600
   -0.04954
    0.03394
   -0.04486
    0.00787
    0.01597
   -0.01608
    0.02008
   -0.00194
   -0.00087
   -0.01288
   -0.02487
   -0.03341
    0.04249
    0.02772
    0.05863
   -0.00132
   -0.01764
   -0.05232
   -0.01523
   -0.01163
   -0.04119
    0.03834
    0.04489
   -0.04182
    0.07324
    0.03690
    0.05287
    0.08698
    0.06893
    0.04751
   -0.06110
   -0.07277
    0.03141
    0.00828
    0.02673
    0.01349
    0.05208
   -0.02745
   -0.07156
    0.00971
   -0.00053
    0.00837
   -0.07509
    0.01362
    0.07503
    0.01963
    0.03230
   -0.00504
   -0.04236
   -0.05768
   -0.01234
    0.01157
    0.08624
    0.00093
    0.01395
   -0.04065
   -0.02292
    0.03751
   -0.03272
   -0.03851
   -0.04961
    0.01359
    0.01304
   -0.01607
    0.01274
   -0.02522
    0.00199
    0.00311
    0.05500
    0.07470
   -0.07332
    0.03034
    0.00401
    0.05281
    0.03493
   -0.04019
   -0.07269
   -0.00753
    0.04664
   -0.00328
    0.05297
   -0.05171
   -0.08261
    0.03750
   -0.00327
    0.00702
   -0.04161
   -0.04339
    0.01265
   -0.05892
   -0.01927
    0.01073
   -0.04675
    0.02925
   -0.05051
   -0.04810
   -0.01644
    0.03016
    0.03813
    0.07031
    0.01423
    0.00720
   -0.01877
    0.00142
   -0.02671
    0.01760
    0.03446
   -0.04387
   -0.00299
    0.02432
   -0.03472
   -0.01667
    0.01327
   -0.06420
   -0.05098
    0.00435
   -0.02807
   -0.00721
   -0.04314
   -0.01197
   -0.02759
    0.05175
    0.01278
    0.00567
   -0.03823
    0.03140
   -0.02007
    0.00402
   -0.02043
    0.01791
    0.03992
    0.03027
   -0.05773
   -0.09213
   -0.04423
   -0.00710
   -0.00338
   -0.01143
   -0.00032
   -0.05552
   -0.02689
    0.03816
    0.00459
   -0.01493
    0.00976
    0.01364
   -0.03253
   -0.03729
   -0.00534
    0.00591
   -0.04036
   -0.02087
    0.06599
   -0.04551
   -0.02848
   -0.07851
   -0.07182
    0.04081
   -0.00268
    0.00188
    0.05034
    0.05560
    0.01625
    0.01223
    0.04303
    0.00430
    0.03995
    0.03693
    0.00256
    0.01366
    0.05103
    0.05825
   -0.03615
   -0.00959
    0.05880
   -0.02860
    0.00228
    0.03773
    0.00453
   -0.00652
   -0.02553
    0.03123
   -0.06822
    0.03329
   -0.00973
   -0.03711
    0.00027
    0.01228
   -0.00648
    0.01291
   -0.02931
    0.02245
   -0.03460
   -0.06418
   -0.03665
    0.03000
    0.03991
   -0.07265
   -0.05818
    0.05148
    0.05240
   -0.07529
    0.00636
    0.02330
    0.00056
   -0.00856
   -0.09341
   -0.00164
    0.01622
    0.00672
    0.00043
    0.02106
   -0.00825
   -0.03340
    0.00813
   -0.01438
   -0.00370
   -0.00196
   -0.05203
   -0.00725
    0.04174
    0.09664
   -0.03519
    0.04633
    0.01900
    0.00107
   -0.04226
   -0.06729
   -0.00167
    0.00577
   -0.05741
   -0.00442
    0.02470
   -0.01003
    0.06265
    0.03386
   -0.00734
    0.01508
   -0.04198
   -0.01654
   -0.03090
    0.09070
   -0.02066
    0.05785
   -0.01096
    0.00232
   -0.08637
   -0.00143
    0.02975
   -0.01980
    0.05457
    0.06052
    0.03405
    0.06163
    0.08605
    0.08080
    0.00762
   -0.07213
    0.05647
    0.05288
    0.07046
   -0.00180
    0.03814
    0.03540
    0.02772
   -0.02118
   -0.02747
   -0.03593
   -0.08215
    0.01644
    0.07236
    0.02964
   -0.05787
    0.01000
    0.01956
    0.03930
    0.06436
    0.04560
    0.05435
   -0.04616
   -0.06285
    0.01756
    0.05669
    0.02779
   -0.02876
    0.01595
    0.00245
    0.01194
    0.09011
   -0.02509
    0.09510
    0.06288
   -0.01907
    0.03389
    0.02623
    0.02770
   -0.03164
    0.00995
    0.07248
   -0.05415
    0.00410
   -0.05598
    0.02693
   -0.05603
    0.02779
   -0.07857
   -0.04117
    0.08178
   -0.00732
    0.03136
    0.06732
    0.00916
    0.09072
    0.04504
   -0.03199
   -0.00666
   -0.05139
   -0.02174
   -0.04437
   -0.00721
    0.00319
    0.05309
   -0.02520
   -0.04849
   -0.00997
   -0.02480
    0.04456
