          1          0    0.00000   -0.15135    0.37036   -0.15135    0.37036   -4.21439    4.21439    0.00000
          1         16    0.10644   -0.08504   -0.05742   -0.13318    0.01713   -4.21439   -0.08504    0.00000
          2          0    0.10644   -0.06991   -0.06671   -0.13318    0.01713   -4.21439   -0.08504   -2.14972
          2        100    1.44348   -0.46229    0.75080   -0.47757    0.88853   -4.21439   -0.08504   -2.14972
          2        200    2.58579   -0.47228    0.81586   -0.47923    0.90103   -4.21439   -0.08504   -2.14972
          2        300    4.12958   -0.47523    0.83755   -0.46993    0.90473   -4.21439   -0.08504   -2.14972
          2        400    5.29079   -0.47668    0.84884   -0.48188    0.89602   -4.21439   -0.08504   -2.14972
          2        500    6.60072   -0.47758    0.85594   -0.48175    0.90170   -4.21439   -0.08504   -2.14972
          2        600    7.89544   -0.47819    0.86086   -0.47599    0.90225   -4.21439   -0.08504   -2.14972
          2        700    9.33108   -0.47864    0.86453   -0.48219    0.89751   -4.21439   -0.08504   -2.14972
          2        800   10.78204   -0.47899    0.86739   -0.48227    0.90165   -4.21439   -0.08504   -2.14972
          2        900   12.14346   -0.47927    0.86969   -0.47804    0.90132   -4.21439   -0.08504   -2.14972
          2       1000   13.50502   -0.47949    0.87159   -0.48230    0.89829   -4.21439   -0.08504   -2.14972
          2       1100   14.97479   -0.47968    0.87320   -0.48249    0.90123   -4.21439   -0.08504   -2.14972
          2       1200   16.15093   -0.47985    0.87458   -0.48254    0.89874   -4.21439   -0.08504   -2.14972
          2       1300   17.12991   -0.47999    0.87578   -0.48265    0.89869   -4.21439   -0.08504   -2.14972
          2       1400   18.80828   -0.48011    0.87683   -0.48038    0.90005   -4.21439   -0.08504   -2.14972
          2       1500   20.17141   -0.48022    0.87777   -0.48023    0.90283   -4.21439   -0.08504   -2.14972
          2       1600   21.75516   -0.48032    0.87860   -0.48268    0.90127   -4.21439   -0.08504   -2.14972
          2       1700   23.20069   -0.48041    0.87935   -0.48054    0.90010   -4.21439   -0.08504   -2.14972
          2       1800   24.30840   -0.48049    0.88003   -0.48208    0.89700   -4.21439   -0.08504   -2.14972
          2       1900   25.70901   -0.48056    0.88065   -0.47789    0.90217   -4.21439   -0.08504   -2.14972
          2       2000   26.69220   -0.48063    0.88122   -0.48247    0.90039   -4.21439   -0.08504   -2.14972
          2       2100   28.05874   -0.48069    0.88175   -0.48216    0.89755   -4.21439   -0.08504   -2.14972
          2       2200   29.33477   -0.48074    0.88223   -0.48245    0.89795   -4.21439   -0.08504   -2.14972
          2       2300   30.77560   -0.48079    0.88268   -0.48129    0.90001   -4.21439   -0.08504   -2.14972
          2       2400   32.32711   -0.48084    0.88310   -0.48015    0.90065   -4.21439   -0.08504   -2.14972
          2       2500   33.77649   -0.48089    0.88350   -0.48219    0.89772   -4.21439   -0.08504   -2.14972
          2       2600   35.35792   -0.48093    0.88387   -0.48202    0.89783   -4.21439   -0.08504   -2.14972
          2       2700   37.22463   -0.48097    0.88421   -0.48042    0.90256   -4.21439   -0.08504   -2.14972
          2       2800   38.35724   -0.48101    0.88454   -0.48092    0.90041   -4.21439   -0.08504   -2.14972
          2       2900   39.73662   -0.48104    0.88485   -0.48215    0.89821   -4.21439   -0.08504   -2.14972
          2       3000   41.34529   -0.48108    0.88514   -0.47917    0.90246   -4.21439   -0.08504   -2.14972
          2       3100   42.92125   -0.48111    0.88541   -0.48211    0.89807   -4.21439   -0.08504   -2.14972
          2       3200   44.57245   -0.48114    0.88568   -0.47998    0.90134   -4.21439   -0.08504   -2.14972
          2       3300   46.10176   -0.48117    0.88593   -0.48207    0.90166   -4.21439   -0.08504   -2.14972
          2       3400   47.71085   -0.48119    0.88616   -0.48213    0.89800   -4.21439   -0.08504   -2.14972
          2       3500   49.17098   -0.48122    0.88638   -0.48032    0.90095   -4.21439   -0.08504   -2.14972
          2       3600   50.54786   -0.48124    0.88660   -0.47901    0.90277   -4.21439   -0.08504   -2.14972
          2       3700   51.97961   -0.48127    0.88680   -0.48253    0.90033   -4.21439   -0.08504   -2.14972
          2       3800   53.45598   -0.48129    0.88700   -0.48225    0.89875   -4.21439   -0.08504   -2.14972
          2       3900   54.56884   -0.48131    0.88719   -0.48221    0.89824   -4.21439   -0.08504   -2.14972
          2       4000   55.83130   -0.48133    0.88737   -0.48234    0.89838   -4.21439   -0.08504   -2.14972
          2       4100   57.21334   -0.48135    0.88754   -0.48236    0.89840   -4.21439   -0.08504   -2.14972
          2       4200   58.43302   -0.48137    0.88771   -0.48215    0.89803   -4.21439   -0.08504   -2.14972
          2       4300   59.66092   -0.48139    0.88787   -0.48211    0.89811   -4.21439   -0.08504   -2.14972
          2       4400   60.87185   -0.48140    0.88803   -0.48229    0.89895   -4.21439   -0.08504   -2.14972
          2       4500   61.91979   -0.48142    0.88818   -0.48225    0.90134   -4.21439   -0.08504   -2.14972
          2       4600   63.42326   -0.48144    0.88832   -0.47958    0.90202   -4.21439   -0.08504   -2.14972
          2       4700   64.73927   -0.48145    0.88846   -0.48258    0.89895   -4.21439   -0.08504   -2.14972
          2       4800   65.79295   -0.48147    0.88860   -0.48235    0.89924   -4.21439   -0.08504   -2.14972
          2       4900   67.01315   -0.48148    0.88872   -0.47996    0.90211   -4.21439   -0.08504   -2.14972
          2       5000   68.30890   -0.48150    0.88885   -0.48264    0.89914   -4.21439   -0.08504   -2.14972
          2       5100   69.42091   -0.48151    0.88898   -0.48260    0.90048   -4.21439   -0.08504   -2.14972
          2       5200   70.48307   -0.48152    0.88909   -0.48035    0.90133   -4.21439   -0.08504   -2.14972
          2       5300   71.81925   -0.48154    0.88921   -0.48233    0.89910   -4.21439   -0.08504   -2.14972
          2       5400   73.52103   -0.48155    0.88932   -0.48029    0.90138   -4.21439   -0.08504   -2.14972
          2       5500   75.35221   -0.48156    0.88943   -0.48242    0.89965   -4.21439   -0.08504   -2.14972
          2       5600   76.85314   -0.48157    0.88954   -0.48201    0.90008   -4.21439   -0.08504   -2.14972
          2       5700   78.17312   -0.48159    0.88964   -0.48016    0.90216   -4.21439   -0.08504   -2.14972
          2       5800   79.92632   -0.48160    0.88974   -0.48273    0.90110   -4.21439   -0.08504   -2.14972
          2       5900   80.86777   -0.48161    0.88984   -0.48236    0.89921   -4.21439   -0.08504   -2.14972
          2       6000   82.28252   -0.48162    0.88993   -0.48246    0.89897   -4.21439   -0.08504   -2.14972
          2       6100   83.70176   -0.48163    0.89002   -0.48159    0.90031   -4.21439   -0.08504   -2.14972
          2       6200   85.06346   -0.48164    0.89011   -0.47974    0.90193   -4.21439   -0.08504   -2.14972
          2       6300   86.45033   -0.48165    0.89020   -0.48235    0.90129   -4.21439   -0.08504   -2.14972
          2       6400   87.86553   -0.48166    0.89029   -0.48241    0.89931   -4.21439   -0.08504   -2.14972
          2       6500   89.33214   -0.48167    0.89037   -0.48253    0.89902   -4.21439   -0.08504   -2.14972
          2       6600   90.56754   -0.48168    0.89045   -0.48067    0.90107   -4.21439   -0.08504   -2.14972
          2       6700   91.97541   -0.48169    0.89053   -0.47981    0.90193   -4.21439   -0.08504   -2.14972
          2       6800   93.19715   -0.48170    0.89061   -0.48134    0.90161   -4.21439   -0.08504   -2.14972
          2       6900   94.49968   -0.48170    0.89069   -0.48262    0.90044   -4.21439   -0.08504   -2.14972
          2       7000   95.82950   -0.48171    0.89076   -0.48232    0.89908   -4.21439   -0.08504   -2.14972
          2       7100   97.05854   -0.48172    0.89083   -0.48233    0.89870   -4.21439   -0.08504   -2.14972
          2       7200   98.30110   -0.48173    0.89090   -0.48268    0.89947   -4.21439   -0.08504   -2.14972
          2       7300   99.56206   -0.48174    0.89097   -0.48103    0.90081   -4.21439   -0.08504   -2.14972
          2       7400  100.86473   -0.48174    0.89104   -0.47985    0.90181   -4.21439   -0.08504   -2.14972
          2       7500  102.15411   -0.48175    0.89111   -0.48060    0.90167   -4.21439   -0.08504   -2.14972
          2       7600  103.30068   -0.48176    0.89117   -0.48079    0.90179   -4.21439   -0.08504   -2.14972
          2       7700  104.62533   -0.48177    0.89124   -0.48137    0.90147   -4.21439   -0.08504   -2.14972
          2       7800  106.06491   -0.48177    0.89130   -0.48175    0.90141   -4.21439   -0.08504   -2.14972
          2       7900  107.45750   -0.48178    0.89136   -0.48107    0.90170   -4.21439   -0.08504   -2.14972
          2       8000  108.79026   -0.48179    0.89142   -0.48077    0.90175   -4.21439   -0.08504   -2.14972
          2       8100  110.23147   -0.48179    0.89148   -0.48052    0.90167   -4.21439   -0.08504   -2.14972
          2       8200  111.82908   -0.48180    0.89154   -0.48016    0.90164   -4.21439   -0.08504   -2.14972
          2       8300  113.12190   -0.48181    0.89160   -0.48072    0.90104   -4.21439   -0.08504   -2.14972
          2       8400  114.78393   -0.48181    0.89165   -0.48216    0.90010   -4.21439   -0.08504   -2.14972
          2       8500  116.13632   -0.48182    0.89171   -0.48242    0.89884   -4.21439   -0.08504   -2.14972
          2       8600  117.85140   -0.48183    0.89176   -0.48235    0.89923   -4.21439   -0.08504   -2.14972
          2       8700  119.17746   -0.48183    0.89181   -0.48257    0.90100   -4.21439   -0.08504   -2.14972
          2       8800  120.55550   -0.48184    0.89186   -0.48046    0.90146   -4.21439   -0.08504   -2.14972
          2       8900  121.73327   -0.48184    0.89191   -0.48274    0.89970   -4.21439   -0.08504   -2.14972
          2       9000  122.76972   -0.48185    0.89196   -0.48234    0.89894   -4.21439   -0.08504   -2.14972
          2       9100  124.15801   -0.48185    0.89201   -0.48275    0.90075   -4.21439   -0.08504   -2.14972
          2       9200  125.47957   -0.48186    0.89206   -0.48032    0.90147   -4.21439   -0.08504   -2.14972
          2       9300  126.93662   -0.48186    0.89211   -0.48242    0.89899   -4.21439   -0.08504   -2.14972
          2       9400  128.03684   -0.48187    0.89216   -0.48254    0.90105   -4.21439   -0.08504   -2.14972
          2       9500  129.23420   -0.48187    0.89220   -0.48070    0.90110   -4.21439   -0.08504   -2.14972
          2       9600  130.22806   -0.48188    0.89225   -0.48237    0.89901   -4.21439   -0.08504   -2.14972
          2       9700  131.50514   -0.48188    0.89229   -0.48151    0.90137   -4.21439   -0.08504   -2.14972
          2       9800  132.62764   -0.48189    0.89234   -0.48240    0.90000   -4.21439   -0.08504   -2.14972
          2       9900  133.95207   -0.48189    0.89238   -0.48243    0.89950   -4.21439   -0.08504   -2.14972
          2      10000  135.67413   -0.48190    0.89242   -0.48028    0.90164   -4.21439   -0.08504   -2.14972
          2      10100  137.29131   -0.48190    0.89246   -0.48238    0.89904   -4.21439   -0.08504   -2.14972
          2      10200  138.26841   -0.48191    0.89250   -0.48056    0.90167   -4.21439   -0.08504   -2.14972
          2      10300  139.88079   -0.48191    0.89254   -0.48248    0.89913   -4.21439   -0.08504   -2.14972
          2      10400  141.24668   -0.48192    0.89258   -0.48105    0.90158   -4.21439   -0.08504   -2.14972
          2      10500  142.64377   -0.48192    0.89262   -0.48244    0.89910   -4.21439   -0.08504   -2.14972
          2      10600  143.76165   -0.48193    0.89266   -0.48074    0.90166   -4.21439   -0.08504   -2.14972
          2      10700  145.10872   -0.48193    0.89270   -0.48256    0.89937   -4.21439   -0.08504   -2.14972
          2      10800  146.19590   -0.48193    0.89274   -0.48167    0.90127   -4.21439   -0.08504   -2.14972
          2      10900  147.62650   -0.48194    0.89278   -0.48259    0.89933   -4.21439   -0.08504   -2.14972
          2      11000  148.68686   -0.48194    0.89281   -0.48056    0.90162   -4.21439   -0.08504   -2.14972
          2      11100  149.96190   -0.48195    0.89285   -0.48260    0.90021   -4.21439   -0.08504   -2.14972
          2      11200  151.32101   -0.48195    0.89288   -0.48138    0.90073   -4.21439   -0.08504   -2.14972
          2      11300  152.45712   -0.48196    0.89292   -0.48091    0.90161   -4.21439   -0.08504   -2.14972
          2      11400  153.64502   -0.48196    0.89295   -0.48251    0.89985   -4.21439   -0.08504   -2.14972
          2      11500  154.96209   -0.48196    0.89299   -0.48247    0.89913   -4.21439   -0.08504   -2.14972
          2      11600  155.91573   -0.48197    0.89302   -0.48054    0.90139   -4.21439   -0.08504   -2.14972
          2      11700  157.09779   -0.48197    0.89305   -0.48267    0.90051   -4.21439   -0.08504   -2.14972
          2      11800  158.48146   -0.48197    0.89309   -0.48248    0.89917   -4.21439   -0.08504   -2.14972
          2      11900  159.85313   -0.48198    0.89312   -0.48128    0.90081   -4.21439   -0.08504   -2.14972
          2      12000  161.24534   -0.48198    0.89315   -0.48103    0.90150   -4.21439   -0.08504   -2.14972
          2      12100  162.33169   -0.48198    0.89318   -0.48253    0.89989   -4.21439   -0.08504   -2.14972
          2      12200  163.62403   -0.48199    0.89321   -0.48248    0.89919   -4.21439   -0.08504   -2.14972
          2      12300  164.97958   -0.48199    0.89324   -0.48139    0.90071   -4.21439   -0.08504   -2.14972
          2      12400  166.35260   -0.48199    0.89327   -0.48117    0.90140   -4.21439   -0.08504   -2.14972
          2      12500  167.88768   -0.48200    0.89330   -0.48255    0.89997   -4.21439   -0.08504   -2.14972
          2      12600  169.36735   -0.48200    0.89333   -0.48247    0.89916   -4.21439   -0.08504   -2.14972
          2      12700  170.91414   -0.48200    0.89336   -0.48153    0.90059   -4.21439   -0.08504   -2.14972
          2      12800  172.09197   -0.48201    0.89339   -0.48242    0.90092   -4.21439   -0.08504   -2.14972
          2      12900  173.49954   -0.48201    0.89342   -0.48246    0.89948   -4.21439   -0.08504   -2.14972
          2      13000  174.65543   -0.48201    0.89345   -0.48269    0.89963   -4.21439   -0.08504   -2.14972
          2      13100  175.93859   -0.48202    0.89347   -0.48095    0.90116   -4.21439   -0.08504   -2.14972
          2      13200  177.23577   -0.48202    0.89350   -0.48257    0.90085   -4.21439   -0.08504   -2.14972
          2      13300  178.27774   -0.48202    0.89353   -0.48244    0.89946   -4.21439   -0.08504   -2.14972
          2      13400  179.51355   -0.48203    0.89356   -0.48272    0.89994   -4.21439   -0.08504   -2.14972
          2      13500  181.54812   -0.48203    0.89358   -0.48077    0.90123   -4.21439   -0.08504   -2.14972
          2      13600  182.95711   -0.48203    0.89361   -0.48253    0.90087   -4.21439   -0.08504   -2.14972
          2      13700  184.34847   -0.48204    0.89363   -0.48246    0.89963   -4.21439   -0.08504   -2.14972
          2      13800  185.96608   -0.48204    0.89366   -0.48246    0.89920   -4.21439   -0.08504   -2.14972
          2      13900  187.21191   -0.48204    0.89369   -0.48164    0.90059   -4.21439   -0.08504   -2.14972
          2      14000  188.28721   -0.48204    0.89371   -0.48072    0.90123   -4.21439   -0.08504   -2.14972
          2      14100  189.72092   -0.48205    0.89374   -0.48082    0.90147   -4.21439   -0.08504   -2.14972
          2      14200  190.98666   -0.48205    0.89376   -0.48248    0.90086   -4.21439   -0.08504   -2.14972
          2      14300  192.52978   -0.48205    0.89378   -0.48270    0.90053   -4.21439   -0.08504   -2.14972
          2      14400  193.89467   -0.48205    0.89381   -0.48254    0.89983   -4.21439   -0.08504   -2.14972
          2      14500  194.92221   -0.48206    0.89383   -0.48248    0.89959   -4.21439   -0.08504   -2.14972
          2      14600  195.93151   -0.48206    0.89386   -0.48245    0.89933   -4.21439   -0.08504   -2.14972
          2      14700  197.38658   -0.48206    0.89388   -0.48246    0.89924   -4.21439   -0.08504   -2.14972
          2      14800  198.72238   -0.48206    0.89390   -0.48256    0.89945   -4.21439   -0.08504   -2.14972
          2      14900  199.84786   -0.48207    0.89392   -0.48266    0.89962   -4.21439   -0.08504   -2.14972
          2      15000  200.98318   -0.48207    0.89395   -0.48266    0.89966   -4.21439   -0.08504   -2.14972
          2      15100  202.45617   -0.48207    0.89397   -0.48270    0.89978   -4.21439   -0.08504   -2.14972
          2      15200  203.79901   -0.48207    0.89399   -0.48272    0.89975   -4.21439   -0.08504   -2.14972
          2      15300  204.96226   -0.48208    0.89401   -0.48255    0.89936   -4.21439   -0.08504   -2.14972
          2      15400  206.21126   -0.48208    0.89403   -0.48253    0.89933   -4.21439   -0.08504   -2.14972
          2      15500  207.50005   -0.48208    0.89406   -0.48259    0.89955   -4.21439   -0.08504   -2.14972
          2      15600  208.94335   -0.48208    0.89408   -0.48259    0.89953   -4.21439   -0.08504   -2.14972
          2      15700  210.31762   -0.48209    0.89410   -0.48259    0.89953   -4.21439   -0.08504   -2.14972
          2      15800  211.60076   -0.48209    0.89412   -0.48259    0.89953   -4.21439   -0.08504   -2.14972
          2      15900  212.85655   -0.48209    0.89414   -0.48259    0.89954   -4.21439   -0.08504   -2.14972
          2      16000  214.25382   -0.48209    0.89416   -0.48255    0.89945   -4.21439   -0.08504   -2.14972
          2      16100  215.86290   -0.48210    0.89418   -0.48241    0.89925   -4.21439   -0.08504   -2.14972
          2      16200  216.90959   -0.48210    0.89420   -0.48250    0.89965   -4.21439   -0.08504   -2.14972
          2      16300  218.18409   -0.48210    0.89422   -0.48249    0.89965   -4.21439   -0.08504   -2.14972
          2      16400  219.36646   -0.48210    0.89424   -0.48248    0.89963   -4.21439   -0.08504   -2.14972
          2      16500  220.90217   -0.48210    0.89426   -0.48263    0.90023   -4.21439   -0.08504   -2.14972
          2      16600  222.26098   -0.48211    0.89428   -0.48214    0.90102   -4.21439   -0.08504   -2.14972
          2      16700  223.92165   -0.48211    0.89430   -0.48116    0.90132   -4.21439   -0.08504   -2.14972
          2      16800  225.26352   -0.48211    0.89432   -0.48081    0.90119   -4.21439   -0.08504   -2.14972
          2      16900  226.49190   -0.48211    0.89433   -0.48167    0.90060   -4.21439   -0.08504   -2.14972
          2      17000  228.32459   -0.48212    0.89435   -0.48267    0.89967   -4.21439   -0.08504   -2.14972
          2      17100  229.45794   -0.48212    0.89437   -0.48245    0.89939   -4.21439   -0.08504   -2.14972
          2      17200  230.67743   -0.48212    0.89439   -0.48262    0.90017   -4.21439   -0.08504   -2.14972
          2      17300  232.17626   -0.48212    0.89441   -0.48224    0.90092   -4.21439   -0.08504   -2.14972
          2      17400  232.96419   -0.48212    0.89443   -0.48066    0.90139   -4.21439   -0.08504   -2.14972
          2      17500  234.32604   -0.48213    0.89444   -0.48225    0.90028   -4.21439   -0.08504   -2.14972
          2      17600  235.66963   -0.48213    0.89446   -0.48261    0.89958   -4.21439   -0.08504   -2.14972
          2      17700  236.72000   -0.48213    0.89448   -0.48250    0.89965   -4.21439   -0.08504   -2.14972
          2      17800  238.12944   -0.48213    0.89450   -0.48245    0.90085   -4.21439   -0.08504   -2.14972
          2      17900  239.29300   -0.48213    0.89451   -0.48084    0.90119   -4.21439   -0.08504   -2.14972
          2      18000  240.71602   -0.48213    0.89453   -0.48275    0.90002   -4.21439   -0.08504   -2.14972
          2      18100  241.95093   -0.48214    0.89455   -0.48246    0.89953   -4.21439   -0.08504   -2.14972
          2      18200  243.31433   -0.48214    0.89456   -0.48245    0.90082   -4.21439   -0.08504   -2.14972
          2      18300  244.72395   -0.48214    0.89458   -0.48126    0.90119   -4.21439   -0.08504   -2.14972
          2      18400  245.91827   -0.48214    0.89460   -0.48204    0.90039   -4.21439   -0.08504   -2.14972
          2      18500  247.50542   -0.48214    0.89461   -0.48251    0.89935   -4.21439   -0.08504   -2.14972
          2      18600  248.84024   -0.48215    0.89463   -0.48250    0.89968   -4.21439   -0.08504   -2.14972
          2      18700  250.38695   -0.48215    0.89464   -0.48091    0.90120   -4.21439   -0.08504   -2.14972
          2      18800  251.59980   -0.48215    0.89466   -0.48246    0.89937   -4.21439   -0.08504   -2.14972
          2      18900  253.01975   -0.48215    0.89468   -0.48101    0.90137   -4.21439   -0.08504   -2.14972
          2      19000  254.50606   -0.48215    0.89469   -0.48256    0.89946   -4.21439   -0.08504   -2.14972
          2      19100  255.69030   -0.48215    0.89471   -0.48196    0.90108   -4.21439   -0.08504   -2.14972
          2      19200  257.06411   -0.48216    0.89472   -0.48227    0.90024   -4.21439   -0.08504   -2.14972
          2      19300  258.63150   -0.48216    0.89474   -0.48248    0.89965   -4.21439   -0.08504   -2.14972
          2      19400  259.61118   -0.48216    0.89475   -0.48127    0.90129   -4.21439   -0.08504   -2.14972
          2      19500  260.60695   -0.48216    0.89477   -0.48257    0.90009   -4.21439   -0.08504   -2.14972
          2      19600  261.83268   -0.48216    0.89478   -0.48245    0.89938   -4.21439   -0.08504   -2.14972
          2      19700  263.29082   -0.48216    0.89480   -0.48159    0.90109   -4.21439   -0.08504   -2.14972
          2      19800  264.77642   -0.48217    0.89481   -0.48265    0.89965   -4.21439   -0.08504   -2.14972
          2      19900  266.24172   -0.48217    0.89483   -0.48265    0.90076   -4.21439   -0.08504   -2.14972
          2      20000  267.67240   -0.48217    0.89484   -0.48117    0.90092   -4.21439   -0.08504   -2.14972
          2      20100  269.54352   -0.48217    0.89486   -0.48247    0.89954   -4.21439   -0.08504   -2.14972
          2      20200  270.47025   -0.48217    0.89487   -0.48096    0.90122   -4.21439   -0.08504   -2.14972
          2      20300  271.80702   -0.48217    0.89488   -0.48264    0.89972   -4.21439   -0.08504   -2.14972
          2      20400  272.74222   -0.48218    0.89490   -0.48257    0.89999   -4.21439   -0.08504   -2.14972
          2      20500  273.89898   -0.48218    0.89491   -0.48162    0.90109   -4.21439   -0.08504   -2.14972
          2      20600  275.13232   -0.48218    0.89492   -0.48266    0.89973   -4.21439   -0.08504   -2.14972
          2      20700  276.70958   -0.48218    0.89494   -0.48270    0.90048   -4.21439   -0.08504   -2.14972
          2      20800  277.86426   -0.48218    0.89495   -0.48120    0.90093   -4.21439   -0.08504   -2.14972
          2      20900  279.24517   -0.48218    0.89497   -0.48249    0.89940   -4.21439   -0.08504   -2.14972
          2      21000  280.88960   -0.48219    0.89498   -0.48232    0.90091   -4.21439   -0.08504   -2.14972
          2      21100  282.19421   -0.48219    0.89499   -0.48107    0.90102   -4.21439   -0.08504   -2.14972
          2      21200  283.81368   -0.48219    0.89501   -0.48253    0.89956   -4.21439   -0.08504   -2.14972
          2      21300  285.22462   -0.48219    0.89502   -0.48201    0.90100   -4.21439   -0.08504   -2.14972
          2      21400  286.74790   -0.48219    0.89503   -0.48207    0.90041   -4.21439   -0.08504   -2.14972
          2      21500  288.03755   -0.48219    0.89504   -0.48252    0.89974   -4.21439   -0.08504   -2.14972
          2      21600  289.32769   -0.48219    0.89506   -0.48135    0.90102   -4.21439   -0.08504   -2.14972
          2      21700  290.89266   -0.48220    0.89507   -0.48263    0.89968   -4.21439   -0.08504   -2.14972
          2      21800  292.41003   -0.48220    0.89508   -0.48239    0.90088   -4.21439   -0.08504   -2.14972
          2      21900  293.73659   -0.48220    0.89510   -0.48232    0.90025   -4.21439   -0.08504   -2.14972
          2      22000  294.74499   -0.48220    0.89511   -0.48260    0.90006   -4.21439   -0.08504   -2.14972
          2      22100  296.42461   -0.48220    0.89512   -0.48135    0.90086   -4.21439   -0.08504   -2.14972
          2      22200  297.67824   -0.48220    0.89513   -0.48253    0.89979   -4.21439   -0.08504   -2.14972
          2      22300  299.05404   -0.48220    0.89514   -0.48105    0.90117   -4.21439   -0.08504   -2.14972
          2      22400  300.40175   -0.48220    0.89516   -0.48255    0.89962   -4.21439   -0.08504   -2.14972
          2      22500  301.66970   -0.48221    0.89517   -0.48105    0.90129   -4.21439   -0.08504   -2.14972
          2      22600  302.80098   -0.48221    0.89518   -0.48259    0.89958   -4.21439   -0.08504   -2.14972
          2      22700  304.30217   -0.48221    0.89519   -0.48142    0.90121   -4.21439   -0.08504   -2.14972
          2      22800  305.36455   -0.48221    0.89520   -0.48264    0.89974   -4.21439   -0.08504   -2.14972
          2      22900  306.80533   -0.48221    0.89522   -0.48150    0.90111   -4.21439   -0.08504   -2.14972
          2      23000  308.21193   -0.48221    0.89523   -0.48254    0.89951   -4.21439   -0.08504   -2.14972
          2      23100  309.76668   -0.48221    0.89524   -0.48108    0.90128   -4.21439   -0.08504   -2.14972
          2      23200  310.78825   -0.48222    0.89525   -0.48257    0.89961   -4.21439   -0.08504   -2.14972
          2      23300  312.36784   -0.48222    0.89526   -0.48124    0.90120   -4.21439   -0.08504   -2.14972
          2      23400  313.64158   -0.48222    0.89527   -0.48251    0.89956   -4.21439   -0.08504   -2.14972
          2      23500  314.55667   -0.48222    0.89528   -0.48115    0.90099   -4.21439   -0.08504   -2.14972
          2      23600  315.93702   -0.48222    0.89530   -0.48255    0.89987   -4.21439   -0.08504   -2.14972
          2      23700  317.16860   -0.48222    0.89531   -0.48244    0.90020   -4.21439   -0.08504   -2.14972
          2      23800  318.61867   -0.48222    0.89532   -0.48221    0.90090   -4.21439   -0.08504   -2.14972
          2      23900  319.93030   -0.48222    0.89533   -0.48254    0.89948   -4.21439   -0.08504   -2.14972
          2      24000  321.34638   -0.48223    0.89534   -0.48115    0.90115   -4.21439   -0.08504   -2.14972
          2      24100  322.83500   -0.48223    0.89535   -0.48248    0.89960   -4.21439   -0.08504   -2.14972
          2      24200  324.07336   -0.48223    0.89536   -0.48175    0.90066   -4.21439   -0.08504   -2.14972
          2      24300  325.42798   -0.48223    0.89537   -0.48266    0.90074   -4.21439   -0.08504   -2.14972
          2      24400  327.03202   -0.48223    0.89538   -0.48258    0.89952   -4.21439   -0.08504   -2.14972
          2      24500  328.22118   -0.48223    0.89539   -0.48114    0.90118   -4.21439   -0.08504   -2.14972
          2      24600  329.51077   -0.48223    0.89540   -0.48251    0.89972   -4.21439   -0.08504   -2.14972
          2      24700  330.95388   -0.48223    0.89541   -0.48192    0.90053   -4.21439   -0.08504   -2.14972
          2      24800  332.26960   -0.48223    0.89542   -0.48267    0.90065   -4.21439   -0.08504   -2.14972
          2      24900  334.02039   -0.48224    0.89543   -0.48254    0.89950   -4.21439   -0.08504   -2.14972
          2      25000  335.39349   -0.48224    0.89545   -0.48114    0.90100   -4.21439   -0.08504   -2.14972
          2      25100  336.91779   -0.48224    0.89546   -0.48260    0.90003   -4.21439   -0.08504   -2.14972
          2      25200  338.49269   -0.48224    0.89547   -0.48275    0.90009   -4.21439   -0.08504   -2.14972
          2      25300  339.70689   -0.48224    0.89548   -0.48129    0.90122   -4.21439   -0.08504   -2.14972
          2      25400  341.26080   -0.48224    0.89549   -0.48251    0.89970   -4.21439   -0.08504   -2.14972
          2      25500  342.55616   -0.48224    0.89550   -0.48163    0.90067   -4.21439   -0.08504   -2.14972
          2      25600  343.59209   -0.48224    0.89551   -0.48248    0.90072   -4.21439   -0.08504   -2.14972
          2      25700  344.84116   -0.48224    0.89551   -0.48248    0.89952   -4.21439   -0.08504   -2.14972
          2      25800  346.32067   -0.48225    0.89552   -0.48183    0.90061   -4.21439   -0.08504   -2.14972
          2      25900  347.43868   -0.48225    0.89553   -0.48164    0.90105   -4.21439   -0.08504   -2.14972
          2      26000  348.53342   -0.48225    0.89554   -0.48250    0.89960   -4.21439   -0.08504   -2.14972
          2      26100  349.96763   -0.48225    0.89555   -0.48219    0.90035   -4.21439   -0.08504   -2.14972
          2      26200  351.73243   -0.48225    0.89556   -0.48190    0.90099   -4.21439   -0.08504   -2.14972
          2      26300  353.10207   -0.48225    0.89557   -0.48250    0.89958   -4.21439   -0.08504   -2.14972
          2      26400  354.60605   -0.48225    0.89558   -0.48230    0.90031   -4.21439   -0.08504   -2.14972
          2      26500  355.87104   -0.48225    0.89559   -0.48154    0.90106   -4.21439   -0.08504   -2.14972
          2      26600  356.99876   -0.48225    0.89560   -0.48253    0.89976   -4.21439   -0.08504   -2.14972
          2      26700  358.32912   -0.48226    0.89561   -0.48273    0.89996   -4.21439   -0.08504   -2.14972
          2      26800  360.09536   -0.48226    0.89562   -0.48130    0.90110   -4.21439   -0.08504   -2.14972
          2      26900  361.23094   -0.48226    0.89563   -0.48253    0.89980   -4.21439   -0.08504   -2.14972
          2      27000  363.05548   -0.48226    0.89564   -0.48273    0.89993   -4.21439   -0.08504   -2.14972
          2      27100  364.48915   -0.48226    0.89565   -0.48114    0.90114   -4.21439   -0.08504   -2.14972
          2      27200  366.20652   -0.48226    0.89565   -0.48277    0.90061   -4.21439   -0.08504   -2.14972
          2      27300  367.57778   -0.48226    0.89566   -0.48257    0.89973   -4.21439   -0.08504   -2.14972
          2      27400  368.93185   -0.48226    0.89567   -0.48185    0.90057   -4.21439   -0.08504   -2.14972
          2      27500  370.33430   -0.48226    0.89568   -0.48148    0.90109   -4.21439   -0.08504   -2.14972
          2      27600  371.39828   -0.48226    0.89569   -0.48266    0.90025   -4.21439   -0.08504   -2.14972
          2      27700  372.91316   -0.48227    0.89570   -0.48267    0.89983   -4.21439   -0.08504   -2.14972
          2      27800  374.25705   -0.48227    0.89571   -0.48174    0.90064   -4.21439   -0.08504   -2.14972
          2      27900  375.45964   -0.48227    0.89572   -0.48130    0.90111   -4.21439   -0.08504   -2.14972
          2      28000  376.66282   -0.48227    0.89573   -0.48276    0.90065   -4.21439   -0.08504   -2.14972
          2      28100  377.94364   -0.48227    0.89573   -0.48253    0.89969   -4.21439   -0.08504   -2.14972
          2      28200  379.34502   -0.48227    0.89574   -0.48274    0.90000   -4.21439   -0.08504   -2.14972
          2      28300  380.73544   -0.48227    0.89575   -0.48128    0.90098   -4.21439   -0.08504   -2.14972
          2      28400  382.30656   -0.48227    0.89576   -0.48241    0.90079   -4.21439   -0.08504   -2.14972
          2      28500  383.72846   -0.48227    0.89577   -0.48259    0.89992   -4.21439   -0.08504   -2.14972
          2      28600  385.05925   -0.48227    0.89578   -0.48267    0.89979   -4.21439   -0.08504   -2.14972
          2      28700  386.43422   -0.48227    0.89578   -0.48152    0.90083   -4.21439   -0.08504   -2.14972
          2      28800  387.62205   -0.48228    0.89579   -0.48128    0.90113   -4.21439   -0.08504   -2.14972
          2      28900  388.69077   -0.48228    0.89580   -0.48253    0.90075   -4.21439   -0.08504   -2.14972
          2      29000  390.19003   -0.48228    0.89581   -0.48252    0.89972   -4.21439   -0.08504   -2.14972
          2      29100  391.47257   -0.48228    0.89582   -0.48252    0.89955   -4.21439   -0.08504   -2.14972
          2      29200  392.86720   -0.48228    0.89582   -0.48264    0.89973   -4.21439   -0.08504   -2.14972
          2      29300  394.15649   -0.48228    0.89583   -0.48273    0.89993   -4.21439   -0.08504   -2.14972
          2      29400  395.23120   -0.48228    0.89584   -0.48150    0.90080   -4.21439   -0.08504   -2.14972
          2      29500  396.43586   -0.48228    0.89585   -0.48113    0.90119   -4.21439   -0.08504   -2.14972
          2      29600  397.73002   -0.48228    0.89586   -0.48151    0.90110   -4.21439   -0.08504   -2.14972
          2      29700  399.13947   -0.48228    0.89586   -0.48262    0.90066   -4.21439   -0.08504   -2.14972
          2      29800  400.63136   -0.48228    0.89587   -0.48266    0.90026   -4.21439   -0.08504   -2.14972
          2      29900  402.03511   -0.48229    0.89588   -0.48259    0.89974   -4.21439   -0.08504   -2.14972
          2      30000  403.37588   -0.48229    0.89589   -0.48254    0.90022   -4.21439   -0.08504   -2.14972
          2      30100  404.85244   -0.48229    0.89590   -0.48152    0.90097   -4.21439   -0.08504   -2.14972
          2      30200  406.17991   -0.48229    0.89590   -0.48269    0.90031   -4.21439   -0.08504   -2.14972
          2      30300  408.12615   -0.48229    0.89591   -0.48255    0.89962   -4.21439   -0.08504   -2.14972
          2      30400  409.45917   -0.48229    0.89592   -0.48219    0.90039   -4.21439   -0.08504   -2.14972
          2      30500  410.70079   -0.48229    0.89593   -0.48120    0.90106   -4.21439   -0.08504   -2.14972
          2      30600  411.88047   -0.48229    0.89593   -0.48122    0.90105   -4.21439   -0.08504   -2.14972
          2      30700  413.15883   -0.48229    0.89594   -0.48121    0.90107   -4.21439   -0.08504   -2.14972
          2      30800  414.20609   -0.48229    0.89595   -0.48120    0.90106   -4.21439   -0.08504   -2.14972
          2      30900  415.84109   -0.48229    0.89595   -0.48121    0.90106   -4.21439   -0.08504   -2.14972
          2      31000  417.18304   -0.48229    0.89596   -0.48121    0.90106   -4.21439   -0.08504   -2.14972
          2      31100  418.34252   -0.48230    0.89597   -0.48121    0.90106   -4.21439   -0.08504   -2.14972
          2      31200  419.59172   -0.48230    0.89598   -0.48121    0.90105   -4.21439   -0.08504   -2.14972
          2      31300  420.84939   -0.48230    0.89598   -0.48122    0.90105   -4.21439   -0.08504   -2.14972
          2      31400  422.28843   -0.48230    0.89599   -0.48122    0.90105   -4.21439   -0.08504   -2.14972
          2      31500  423.50582   -0.48230    0.89600   -0.48122    0.90105   -4.21439   -0.08504   -2.14972
          2      31600  424.69212   -0.48230    0.89601   -0.48122    0.90105   -4.21439   -0.08504   -2.14972
          2      31700  425.98638   -0.48230    0.89601   -0.48121    0.90106   -4.21439   -0.08504   -2.14972
          2      31800  427.27533   -0.48230    0.89602   -0.48121    0.90107   -4.21439   -0.08504   -2.14972
          2      31900  428.62853   -0.48230    0.89603   -0.48121    0.90107   -4.21439   -0.08504   -2.14972
          2      32000  429.61635   -0.48230    0.89603   -0.48124    0.90106   -4.21439   -0.08504   -2.14972
          2      32100  430.66106   -0.48230    0.89604   -0.48125    0.90113   -4.21439   -0.08504   -2.14972
          2      32200  432.02744   -0.48230    0.89605   -0.48155    0.90108   -4.21439   -0.08504   -2.14972
          2      32300  433.44451   -0.48230    0.89605   -0.48255    0.90068   -4.21439   -0.08504   -2.14972
          2      32400  435.11027   -0.48231    0.89606   -0.48271    0.90038   -4.21439   -0.08504   -2.14972
          2      32500  436.19314   -0.48231    0.89607   -0.48264    0.90014   -4.21439   -0.08504   -2.14972
          2      32600  437.26980   -0.48231    0.89608   -0.48253    0.89975   -4.21439   -0.08504   -2.14972
          2      32700  438.54089   -0.48231    0.89608   -0.48256    0.89982   -4.21439   -0.08504   -2.14972
          2      32800  439.79720   -0.48231    0.89609   -0.48259    0.89980   -4.21439   -0.08504   -2.14972
          2      32900  441.06170   -0.48231    0.89610   -0.48260    0.89970   -4.21439   -0.08504   -2.14972
          2      33000  442.27565   -0.48231    0.89610   -0.48273    0.89997   -4.21439   -0.08504   -2.14972
          2      33100  443.41176   -0.48231    0.89611   -0.48229    0.90032   -4.21439   -0.08504   -2.14972
          2      33200  444.93718   -0.48231    0.89612   -0.48223    0.90036   -4.21439   -0.08504   -2.14972
          2      33300  446.22060   -0.48231    0.89612   -0.48156    0.90080   -4.21439   -0.08504   -2.14972
          2      33400  447.59981   -0.48231    0.89613   -0.48139    0.90097   -4.21439   -0.08504   -2.14972
          2      33500  448.89619   -0.48231    0.89614   -0.48123    0.90109   -4.21439   -0.08504   -2.14972
          2      33600  450.29867   -0.48231    0.89614   -0.48139    0.90110   -4.21439   -0.08504   -2.14972
          2      33700  451.77096   -0.48232    0.89615   -0.48178    0.90090   -4.21439   -0.08504   -2.14972
          2      33800  453.02251   -0.48232    0.89615   -0.48177    0.90095   -4.21439   -0.08504   -2.14972
          2      33900  454.60709   -0.48232    0.89616   -0.48151    0.90105   -4.21439   -0.08504   -2.14972
          2      34000  455.72606   -0.48232    0.89617   -0.48163    0.90105   -4.21439   -0.08504   -2.14972
          2      34100  457.00638   -0.48232    0.89617   -0.48158    0.90103   -4.21439   -0.08504   -2.14972
          2      34200  458.01665   -0.48232    0.89618   -0.48156    0.90101   -4.21439   -0.08504   -2.14972
          2      34300  459.44253   -0.48232    0.89619   -0.48157    0.90105   -4.21439   -0.08504   -2.14972
          2      34400  460.93676   -0.48232    0.89619   -0.48166    0.90099   -4.21439   -0.08504   -2.14972
          2      34500  462.31988   -0.48232    0.89620   -0.48164    0.90100   -4.21439   -0.08504   -2.14972
          2      34600  463.66478   -0.48232    0.89620   -0.48154    0.90093   -4.21439   -0.08504   -2.14972
          2      34700  464.88661   -0.48232    0.89621   -0.48153    0.90093   -4.21439   -0.08504   -2.14972
          2      34800  466.45160   -0.48232    0.89622   -0.48128    0.90102   -4.21439   -0.08504   -2.14972
          2      34900  467.74903   -0.48232    0.89622   -0.48153    0.90080   -4.21439   -0.08504   -2.14972
          2      35000  469.43397   -0.48232    0.89623   -0.48172    0.90072   -4.21439   -0.08504   -2.14972
          2      35100  470.65198   -0.48232    0.89624   -0.48156    0.90077   -4.21439   -0.08504   -2.14972
          2      35200  472.18136   -0.48233    0.89624   -0.48168    0.90074   -4.21439   -0.08504   -2.14972
          2      35300  473.65327   -0.48233    0.89625   -0.48194    0.90060   -4.21439   -0.08504   -2.14972
          2      35400  474.99312   -0.48233    0.89625   -0.48196    0.90059   -4.21439   -0.08504   -2.14972
          2      35500  476.22595   -0.48233    0.89626   -0.48188    0.90062   -4.21439   -0.08504   -2.14972
          2      35600  477.32484   -0.48233    0.89627   -0.48196    0.90058   -4.21439   -0.08504   -2.14972
          2      35700  478.46530   -0.48233    0.89627   -0.48264    0.90017   -4.21439   -0.08504   -2.14972
          2      35800  479.60308   -0.48233    0.89628   -0.48274    0.90001   -4.21439   -0.08504   -2.14972
          2      35900  480.99515   -0.48233    0.89628   -0.48268    0.89986   -4.21439   -0.08504   -2.14972
          2      36000  482.23104   -0.48233    0.89629   -0.48264    0.89981   -4.21439   -0.08504   -2.14972
          2      36100  483.34198   -0.48233    0.89629   -0.48256    0.89975   -4.21439   -0.08504   -2.14972
          2      36200  484.76290   -0.48233    0.89630   -0.48256    0.89981   -4.21439   -0.08504   -2.14972
          2      36300  486.43195   -0.48233    0.89631   -0.48260    0.90001   -4.21439   -0.08504   -2.14972
          2      36400  487.64534   -0.48233    0.89631   -0.48273    0.90046   -4.21439   -0.08504   -2.14972
          2      36500  488.84443   -0.48233    0.89632   -0.48249    0.90065   -4.21439   -0.08504   -2.14972
          2      36600  490.49790   -0.48233    0.89632   -0.48192    0.90095   -4.21439   -0.08504   -2.14972
          2      36700  491.73856   -0.48234    0.89633   -0.48137    0.90095   -4.21439   -0.08504   -2.14972
          2      36800  493.15972   -0.48234    0.89633   -0.48165    0.90075   -4.21439   -0.08504   -2.14972
          2      36900  494.26755   -0.48234    0.89634   -0.48237    0.90029   -4.21439   -0.08504   -2.14972
          2      37000  495.36978   -0.48234    0.89635   -0.48257    0.90026   -4.21439   -0.08504   -2.14972
          2      37100  496.63785   -0.48234    0.89635   -0.48270    0.89992   -4.21439   -0.08504   -2.14972
          2      37200  498.03979   -0.48234    0.89636   -0.48262    0.89985   -4.21439   -0.08504   -2.14972
          2      37300  499.33011   -0.48234    0.89636   -0.48260    0.89978   -4.21439   -0.08504   -2.14972
          2      37400  500.88931   -0.48234    0.89637   -0.48256    0.89983   -4.21439   -0.08504   -2.14972
          2      37500  502.27645   -0.48234    0.89637   -0.48259    0.89995   -4.21439   -0.08504   -2.14972
          2      37600  503.26915   -0.48234    0.89638   -0.48264    0.90015   -4.21439   -0.08504   -2.14972
          2      37700  504.23499   -0.48234    0.89638   -0.48244    0.90074   -4.21439   -0.08504   -2.14972
          2      37800  505.52550   -0.48234    0.89639   -0.48274    0.90054   -4.21439   -0.08504   -2.14972
          2      37900  506.54662   -0.48234    0.89640   -0.48189    0.90093   -4.21439   -0.08504   -2.14972
          2      38000  507.81906   -0.48234    0.89640   -0.48139    0.90096   -4.21439   -0.08504   -2.14972
          2      38100  509.30151   -0.48234    0.89641   -0.48163    0.90076   -4.21439   -0.08504   -2.14972
          2      38200  510.83875   -0.48234    0.89641   -0.48203    0.90053   -4.21439   -0.08504   -2.14972
          2      38300  512.11480   -0.48235    0.89642   -0.48275    0.90004   -4.21439   -0.08504   -2.14972
          2      38400  513.30487   -0.48235    0.89642   -0.48260    0.89976   -4.21439   -0.08504   -2.14972
          2      38500  514.61844   -0.48235    0.89643   -0.48256    0.89983   -4.21439   -0.08504   -2.14972
          2      38600  515.95544   -0.48235    0.89643   -0.48270    0.90036   -4.21439   -0.08504   -2.14972
          2      38700  517.01934   -0.48235    0.89644   -0.48216    0.90082   -4.21439   -0.08504   -2.14972
          2      38800  518.51642   -0.48235    0.89644   -0.48181    0.90086   -4.21439   -0.08504   -2.14972
          2      38900  519.99195   -0.48235    0.89645   -0.48144    0.90099   -4.21439   -0.08504   -2.14972
          2      39000  521.21611   -0.48235    0.89645   -0.48147    0.90084   -4.21439   -0.08504   -2.14972
          2      39100  522.88445   -0.48235    0.89646   -0.48236    0.90040   -4.21439   -0.08504   -2.14972
          2      39200  524.27191   -0.48235    0.89646   -0.48267    0.89984   -4.21439   -0.08504   -2.14972
          2      39300  525.57029   -0.48235    0.89647   -0.48262    0.89977   -4.21439   -0.08504   -2.14972
          2      39400  526.86300   -0.48235    0.89647   -0.48256    0.89976   -4.21439   -0.08504   -2.14972
          2      39500  528.01796   -0.48235    0.89648   -0.48268    0.90027   -4.21439   -0.08504   -2.14972
          2      39600  529.24426   -0.48235    0.89648   -0.48240    0.90073   -4.21439   -0.08504   -2.14972
          2      39700  530.48532   -0.48235    0.89649   -0.48170    0.90084   -4.21439   -0.08504   -2.14972
          2      39800  532.26129   -0.48235    0.89649   -0.48175    0.90070   -4.21439   -0.08504   -2.14972
          2      39900  533.62354   -0.48235    0.89650   -0.48273    0.90001   -4.21439   -0.08504   -2.14972
          2      40000  535.17339   -0.48235    0.89650   -0.48256    0.89969   -4.21439   -0.08504   -2.14972
          2      40100  536.29226   -0.48236    0.89651   -0.48265    0.90014   -4.21439   -0.08504   -2.14972
          2      40200  537.49156   -0.48236    0.89651   -0.48184    0.90083   -4.21439   -0.08504   -2.14972
          2      40300  538.71293   -0.48236    0.89652   -0.48180    0.90069   -4.21439   -0.08504   -2.14972
          2      40400  539.82883   -0.48236    0.89652   -0.48277    0.90017   -4.21439   -0.08504   -2.14972
          2      40500  541.05467   -0.48236    0.89653   -0.48262    0.89991   -4.21439   -0.08504   -2.14972
          2      40600  542.41701   -0.48236    0.89653   -0.48266    0.90022   -4.21439   -0.08504   -2.14972
          2      40700  543.82149   -0.48236    0.89654   -0.48170    0.90094   -4.21439   -0.08504   -2.14972
          2      40800  544.96127   -0.48236    0.89654   -0.48188    0.90062   -4.21439   -0.08504   -2.14972
          2      40900  546.40973   -0.48236    0.89655   -0.48268    0.89991   -4.21439   -0.08504   -2.14972
          2      41000  548.08816   -0.48236    0.89655   -0.48255    0.89980   -4.21439   -0.08504   -2.14972
          2      41100  549.16166   -0.48236    0.89656   -0.48268    0.90055   -4.21439   -0.08504   -2.14972
          2      41200  550.50972   -0.48236    0.89656   -0.48162    0.90092   -4.21439   -0.08504   -2.14972
          2      41300  551.91955   -0.48236    0.89657   -0.48212    0.90048   -4.21439   -0.08504   -2.14972
          2      41400  553.32645   -0.48236    0.89657   -0.48266    0.89983   -4.21439   -0.08504   -2.14972
          2      41500  554.56077   -0.48236    0.89658   -0.48260    0.89998   -4.21439   -0.08504   -2.14972
          2      41600  555.93038   -0.48236    0.89658   -0.48230    0.90079   -4.21439   -0.08504   -2.14972
          2      41700  557.22318   -0.48236    0.89659   -0.48147    0.90090   -4.21439   -0.08504   -2.14972
          2      41800  558.41022   -0.48236    0.89659   -0.48277    0.90009   -4.21439   -0.08504   -2.14972
          2      41900  559.91054   -0.48236    0.89659   -0.48258    0.89982   -4.21439   -0.08504   -2.14972
          2      42000  561.49645   -0.48237    0.89660   -0.48268    0.90026   -4.21439   -0.08504   -2.14972
          2      42100  562.61573   -0.48237    0.89660   -0.48174    0.90092   -4.21439   -0.08504   -2.14972
          2      42200  564.09061   -0.48237    0.89661   -0.48171    0.90074   -4.21439   -0.08504   -2.14972
          2      42300  565.17285   -0.48237    0.89661   -0.48257    0.89970   -4.21439   -0.08504   -2.14972
          2      42400  566.33892   -0.48237    0.89662   -0.48267    0.90021   -4.21439   -0.08504   -2.14972
          2      42500  567.76790   -0.48237    0.89662   -0.48190    0.90087   -4.21439   -0.08504   -2.14972
          2      42600  568.95263   -0.48237    0.89663   -0.48234    0.90037   -4.21439   -0.08504   -2.14972
          2      42700  570.31210   -0.48237    0.89663   -0.48257    0.89970   -4.21439   -0.08504   -2.14972
          2      42800  571.75249   -0.48237    0.89664   -0.48269    0.90027   -4.21439   -0.08504   -2.14972
          2      42900  573.09722   -0.48237    0.89664   -0.48170    0.90091   -4.21439   -0.08504   -2.14972
          2      43000  574.64235   -0.48237    0.89664   -0.48230    0.90040   -4.21439   -0.08504   -2.14972
          2      43100  575.92249   -0.48237    0.89665   -0.48257    0.89968   -4.21439   -0.08504   -2.14972
          2      43200  577.48233   -0.48237    0.89665   -0.48276    0.90050   -4.21439   -0.08504   -2.14972
          2      43300  578.81154   -0.48237    0.89666   -0.48170    0.90070   -4.21439   -0.08504   -2.14972
          2      43400  580.08261   -0.48237    0.89666   -0.48256    0.89986   -4.21439   -0.08504   -2.14972
          2      43500  581.63376   -0.48237    0.89667   -0.48141    0.90093   -4.21439   -0.08504   -2.14972
          2      43600  582.66403   -0.48237    0.89667   -0.48255    0.89971   -4.21439   -0.08504   -2.14972
          2      43700  583.87428   -0.48237    0.89667   -0.48154    0.90099   -4.21439   -0.08504   -2.14972
          2      43800  585.32674   -0.48237    0.89668   -0.48260    0.89974   -4.21439   -0.08504   -2.14972
          2      43900  586.58344   -0.48237    0.89668   -0.48201    0.90088   -4.21439   -0.08504   -2.14972
          2      44000  587.57457   -0.48238    0.89669   -0.48270    0.89994   -4.21439   -0.08504   -2.14972
          2      44100  588.78386   -0.48238    0.89669   -0.48271    0.90060   -4.21439   -0.08504   -2.14972
          2      44200  589.97109   -0.48238    0.89670   -0.48246    0.90029   -4.21439   -0.08504   -2.14972
          2      44300  591.30767   -0.48238    0.89670   -0.48266    0.90019   -4.21439   -0.08504   -2.14972
          2      44400  592.47035   -0.48238    0.89670   -0.48173    0.90068   -4.21439   -0.08504   -2.14972
          2      44500  593.74305   -0.48238    0.89671   -0.48257    0.89988   -4.21439   -0.08504   -2.14972
          2      44600  594.92208   -0.48238    0.89671   -0.48144    0.90091   -4.21439   -0.08504   -2.14972
          2      44700  596.38317   -0.48238    0.89672   -0.48256    0.89973   -4.21439   -0.08504   -2.14972
          2      44800  597.60503   -0.48238    0.89672   -0.48156    0.90098   -4.21439   -0.08504   -2.14972
          2      44900  598.78511   -0.48238    0.89673   -0.48261    0.89975   -4.21439   -0.08504   -2.14972
          2      44983  600.04015   -0.48238    0.89673   -0.48261    0.90003   -4.21439   -0.08504   -2.14972
