          0          0    0.00000   -1.03529   -0.01952   -1.03529   -0.01952
          1          0    0.23544   -1.03529   -0.01952   -1.03529   -0.01952
          1        100    6.28001   -1.03775   -0.02138   -1.03925   -0.02109
          1        200   12.26579   -1.03845   -0.02133   -1.03949   -0.02114
          1        300   18.27285   -1.03877   -0.02131   -1.03976   -0.02112
          1        400   24.01358   -1.03896   -0.02130   -1.03977   -0.02136
          1        500   30.90458   -1.03909   -0.02129   -1.04007   -0.02127
          1        600   37.36085   -1.03919   -0.02128   -1.03989   -0.02116
          1        700   43.44690   -1.03926   -0.02128   -1.04005   -0.02131
          1        800   49.14058   -1.03932   -0.02127   -1.03975   -0.02114
          1        900   55.21578   -1.03937   -0.02127   -1.04005   -0.02126
          1       1000   61.18456   -1.03942   -0.02127   -1.03996   -0.02126
          1       1100   66.61739   -1.03945   -0.02127   -1.03999   -0.02124
          1       1200   71.99624   -1.03949   -0.02126   -1.04003   -0.02114
          1       1300   77.73813   -1.03952   -0.02126   -1.03988   -0.02119
          1       1400   83.69661   -1.03954   -0.02126   -1.04011   -0.02123
          1       1500   89.22612   -1.03957   -0.02126   -1.03996   -0.02122
          1       1600   94.56805   -1.03959   -0.02126   -1.04003   -0.02118
          1       1700  101.00747   -1.03961   -0.02125   -1.04003   -0.02118
          1       1800  106.60926   -1.03962   -0.02125   -1.04012   -0.02123
          1       1900  113.33119   -1.03964   -0.02125   -1.04006   -0.02125
          1       2000  118.75276   -1.03965   -0.02125   -1.04001   -0.02128
          1       2100  124.14158   -1.03967   -0.02125   -1.04014   -0.02118
          1       2200  129.91898   -1.03968   -0.02125   -1.04009   -0.02115
          1       2300  135.30881   -1.03969   -0.02125   -1.04013   -0.02122
          1       2400  140.99168   -1.03970   -0.02125   -1.04006   -0.02116
          1       2500  146.34788   -1.03972   -0.02125   -1.04007   -0.02124
          1       2600  151.69470   -1.03973   -0.02125   -1.04007   -0.02116
          1       2700  157.33235   -1.03974   -0.02125   -1.04002   -0.02119
          1       2800  163.14736   -1.03975   -0.02125   -1.04013   -0.02125
          1       2900  169.26169   -1.03975   -0.02124   -1.04014   -0.02125
          1       3000  175.05483   -1.03976   -0.02124   -1.04006   -0.02122
          1       3100  180.47679   -1.03977   -0.02124   -1.04014   -0.02122
          1       3200  186.07539   -1.03978   -0.02124   -1.04010   -0.02126
          1       3300  192.48512   -1.03978   -0.02124   -1.04013   -0.02124
          1       3400  198.30162   -1.03979   -0.02124   -1.04016   -0.02120
          1       3500  204.12897   -1.03980   -0.02124   -1.04012   -0.02122
          1       3600  209.91268   -1.03980   -0.02124   -1.04017   -0.02125
          1       3700  216.03654   -1.03981   -0.02124   -1.04011   -0.02118
          1       3800  221.56791   -1.03982   -0.02124   -1.04010   -0.02120
          1       3900  227.08200   -1.03982   -0.02124   -1.04013   -0.02119
          1       4000  232.45012   -1.03983   -0.02124   -1.04011   -0.02120
          1       4100  239.22544   -1.03983   -0.02124   -1.04013   -0.02124
          1       4200  244.74169   -1.03984   -0.02124   -1.04018   -0.02122
          1       4300  250.40258   -1.03984   -0.02124   -1.04016   -0.02119
          1       4400  255.97586   -1.03985   -0.02124   -1.04020   -0.02121
          1       4500  261.49358   -1.03985   -0.02124   -1.04016   -0.02117
          1       4600  266.66782   -1.03986   -0.02124   -1.04011   -0.02123
          1       4700  272.34678   -1.03986   -0.02124   -1.04013   -0.02122
          1       4800  277.76526   -1.03986   -0.02124   -1.04014   -0.02122
          1       4900  283.36426   -1.03987   -0.02124   -1.04015   -0.02126
          1       5000  288.90852   -1.03987   -0.02124   -1.04009   -0.02121
          1       5100  295.44346   -1.03988   -0.02124   -1.04012   -0.02124
          1       5200  301.11086   -1.03988   -0.02124   -1.04011   -0.02124
          1       5300  306.22067   -1.03988   -0.02124   -1.04012   -0.02118
          1       5400  312.35258   -1.03989   -0.02124   -1.04017   -0.02117
          1       5500  318.24907   -1.03989   -0.02124   -1.04011   -0.02123
          1       5600  323.90941   -1.03989   -0.02124   -1.04020   -0.02122
          1       5700  329.55212   -1.03990   -0.02123   -1.04017   -0.02119
          1       5800  335.23203   -1.03990   -0.02123   -1.04016   -0.02123
          1       5900  340.67803   -1.03990   -0.02123   -1.04020   -0.02121
          1       6000  346.17911   -1.03991   -0.02123   -1.04016   -0.02120
          1       6100  351.75968   -1.03991   -0.02123   -1.04016   -0.02121
          1       6200  357.77858   -1.03991   -0.02123   -1.04021   -0.02120
          1       6300  363.04475   -1.03991   -0.02123   -1.04015   -0.02125
          1       6400  368.83896   -1.03992   -0.02123   -1.04018   -0.02120
          1       6500  374.34244   -1.03992   -0.02123   -1.04015   -0.02126
          1       6600  379.96397   -1.03992   -0.02123   -1.04010   -0.02118
          1       6700  385.37542   -1.03992   -0.02123   -1.04016   -0.02123
          1       6800  390.66359   -1.03993   -0.02123   -1.04019   -0.02124
          1       6900  396.22660   -1.03993   -0.02123   -1.04013   -0.02121
          1       7000  402.21007   -1.03993   -0.02123   -1.04015   -0.02125
          1       7100  407.79751   -1.03993   -0.02123   -1.04015   -0.02124
          1       7200  413.14083   -1.03994   -0.02123   -1.04016   -0.02121
          1       7300  419.02724   -1.03994   -0.02123   -1.04012   -0.02122
          1       7400  424.69095   -1.03994   -0.02123   -1.04015   -0.02120
          1       7500  430.76367   -1.03994   -0.02123   -1.04018   -0.02121
          1       7600  436.35871   -1.03994   -0.02123   -1.04018   -0.02121
          1       7700  441.88296   -1.03995   -0.02123   -1.04013   -0.02118
          1       7800  447.54548   -1.03995   -0.02123   -1.04018   -0.02123
          1       7900  453.37308   -1.03995   -0.02123   -1.04016   -0.02122
          1       8000  458.94389   -1.03995   -0.02123   -1.04017   -0.02122
          1       8100  464.52942   -1.03995   -0.02123   -1.04017   -0.02117
          1       8200  469.94995   -1.03996   -0.02123   -1.04016   -0.02117
          1       8300  475.21546   -1.03996   -0.02123   -1.04010   -0.02124
          1       8400  481.16047   -1.03996   -0.02123   -1.04017   -0.02120
          1       8500  486.69258   -1.03996   -0.02123   -1.04023   -0.02120
          1       8600  492.73935   -1.03996   -0.02123   -1.04018   -0.02121
          1       8700  497.99535   -1.03996   -0.02123   -1.04019   -0.02119
          1       8800  503.52948   -1.03997   -0.02123   -1.04020   -0.02122
          1       8900  509.59022   -1.03997   -0.02123   -1.04015   -0.02122
          1       9000  515.27044   -1.03997   -0.02123   -1.04016   -0.02122
          1       9100  520.64733   -1.03997   -0.02123   -1.04014   -0.02120
          1       9200  526.24438   -1.03997   -0.02123   -1.04015   -0.02118
          1       9300  531.97133   -1.03997   -0.02123   -1.04020   -0.02121
          1       9400  537.48913   -1.03998   -0.02123   -1.04014   -0.02121
          1       9500  543.03363   -1.03998   -0.02123   -1.04016   -0.02119
          1       9600  548.25888   -1.03998   -0.02123   -1.04021   -0.02121
          1       9700  554.11387   -1.03998   -0.02123   -1.04015   -0.02120
          1       9800  559.81762   -1.03998   -0.02123   -1.04020   -0.02123
          1       9900  565.12572   -1.03998   -0.02123   -1.04013   -0.02121
          1      10000  570.96380   -1.03998   -0.02123   -1.04019   -0.02119
          1      10100  576.64480   -1.03999   -0.02123   -1.04020   -0.02120
          1      10200  582.34451   -1.03999   -0.02123   -1.04021   -0.02117
          1      10300  587.46509   -1.03999   -0.02123   -1.04018   -0.02120
          1      10400  593.48840   -1.03999   -0.02123   -1.04017   -0.02122
          1      10500  599.83441   -1.03999   -0.02123   -1.04019   -0.02122
          1      10600  605.09677   -1.03999   -0.02123   -1.04022   -0.02121
          1      10700  610.56451   -1.03999   -0.02123   -1.04019   -0.02118
          1      10800  616.22915   -1.04000   -0.02123   -1.04021   -0.02119
          1      10900  621.69416   -1.04000   -0.02123   -1.04022   -0.02121
          1      11000  627.11340   -1.04000   -0.02123   -1.04019   -0.02121
          1      11100  633.09295   -1.04000   -0.02123   -1.04021   -0.02122
          1      11200  638.47778   -1.04000   -0.02123   -1.04015   -0.02120
          1      11300  643.95398   -1.04000   -0.02123   -1.04018   -0.02123
          1      11400  649.36044   -1.04000   -0.02123   -1.04024   -0.02120
          1      11500  654.92170   -1.04000   -0.02123   -1.04020   -0.02121
          1      11600  661.36196   -1.04000   -0.02123   -1.04022   -0.02122
          1      11700  667.33606   -1.04001   -0.02123   -1.04020   -0.02118
          1      11800  672.94368   -1.04001   -0.02123   -1.04020   -0.02120
          1      11900  678.90453   -1.04001   -0.02123   -1.04021   -0.02119
          1      12000  684.76711   -1.04001   -0.02123   -1.04022   -0.02121
          1      12100  690.52528   -1.04001   -0.02123   -1.04022   -0.02121
          1      12200  696.48343   -1.04001   -0.02123   -1.04019   -0.02122
          1      12300  702.10002   -1.04001   -0.02123   -1.04019   -0.02122
          1      12400  707.58561   -1.04001   -0.02123   -1.04020   -0.02123
          1      12500  713.19863   -1.04001   -0.02123   -1.04021   -0.02119
          1      12600  719.53752   -1.04001   -0.02123   -1.04017   -0.02125
          1      12700  725.20448   -1.04002   -0.02123   -1.04021   -0.02119
          1      12800  731.72525   -1.04002   -0.02123   -1.04021   -0.02121
          1      12900  737.79338   -1.04002   -0.02123   -1.04016   -0.02122
          1      13000  744.16479   -1.04002   -0.02123   -1.04019   -0.02121
          1      13100  750.39740   -1.04002   -0.02123   -1.04021   -0.02122
          1      13200  756.02175   -1.04002   -0.02123   -1.04019   -0.02122
          1      13300  761.53567   -1.04002   -0.02123   -1.04017   -0.02115
          1      13400  767.09037   -1.04002   -0.02123   -1.04020   -0.02121
          1      13500  772.73717   -1.04002   -0.02123   -1.04020   -0.02119
          1      13600  778.45878   -1.04002   -0.02123   -1.04023   -0.02121
          1      13700  783.77491   -1.04003   -0.02123   -1.04022   -0.02119
          1      13800  790.00963   -1.04003   -0.02123   -1.04022   -0.02121
          1      13900  795.74335   -1.04003   -0.02123   -1.04024   -0.02119
          1      14000  801.10966   -1.04003   -0.02123   -1.04019   -0.02124
          1      14100  806.77490   -1.04003   -0.02123   -1.04019   -0.02121
          1      14200  812.72616   -1.04003   -0.02123   -1.04018   -0.02124
          1      14300  819.25325   -1.04003   -0.02123   -1.04021   -0.02122
          1      14400  824.88731   -1.04003   -0.02123   -1.04019   -0.02122
          1      14500  830.05073   -1.04003   -0.02123   -1.04021   -0.02121
          1      14600  835.65174   -1.04003   -0.02123   -1.04022   -0.02119
          1      14700  841.22187   -1.04003   -0.02123   -1.04024   -0.02121
          1      14800  847.01278   -1.04003   -0.02123   -1.04017   -0.02123
          1      14900  853.15002   -1.04003   -0.02123   -1.04020   -0.02121
          1      15000  858.43708   -1.04004   -0.02123   -1.04021   -0.02121
          1      15100  865.52505   -1.04004   -0.02122   -1.04020   -0.02118
          1      15200  871.64701   -1.04004   -0.02122   -1.04018   -0.02123
          1      15300  877.44002   -1.04004   -0.02122   -1.04023   -0.02120
          1      15400  882.91535   -1.04004   -0.02122   -1.04019   -0.02121
          1      15500  888.54100   -1.04004   -0.02122   -1.04021   -0.02121
          1      15600  894.09571   -1.04004   -0.02122   -1.04017   -0.02118
          1      15700  899.94198   -1.04004   -0.02122   -1.04019   -0.02120
          1      15800  905.47537   -1.04004   -0.02122   -1.04019   -0.02118
          1      15900  910.94288   -1.04004   -0.02122   -1.04015   -0.02120
          1      16000  916.79324   -1.04004   -0.02122   -1.04018   -0.02122
          1      16100  922.22535   -1.04004   -0.02122   -1.04020   -0.02120
          1      16200  927.71766   -1.04004   -0.02122   -1.04021   -0.02120
          1      16300  933.13636   -1.04005   -0.02122   -1.04023   -0.02121
          1      16400  938.46595   -1.04005   -0.02122   -1.04019   -0.02119
          1      16500  943.85480   -1.04005   -0.02122   -1.04021   -0.02120
          1      16600  949.38506   -1.04005   -0.02122   -1.04021   -0.02124
          1      16700  955.86612   -1.04005   -0.02122   -1.04017   -0.02119
          1      16800  961.89110   -1.04005   -0.02122   -1.04019   -0.02120
          1      16900  967.56745   -1.04005   -0.02122   -1.04023   -0.02121
          1      17000  974.16245   -1.04005   -0.02122   -1.04020   -0.02122
          1      17100  979.61391   -1.04005   -0.02122   -1.04019   -0.02121
          1      17200  985.35768   -1.04005   -0.02122   -1.04020   -0.02122
          1      17300  991.24106   -1.04005   -0.02122   -1.04020   -0.02119
          1      17400  996.83934   -1.04005   -0.02122   -1.04021   -0.02120
          1      17500 1002.91523   -1.04005   -0.02122   -1.04022   -0.02122
          1      17600 1008.53660   -1.04005   -0.02122   -1.04022   -0.02122
          1      17700 1014.38759   -1.04005   -0.02122   -1.04021   -0.02122
          1      17800 1020.48159   -1.04005   -0.02122   -1.04020   -0.02119
          1      17900 1026.35846   -1.04006   -0.02122   -1.04021   -0.02119
          1      18000 1032.68587   -1.04006   -0.02122   -1.04021   -0.02122
          1      18100 1039.22148   -1.04006   -0.02122   -1.04024   -0.02121
          1      18200 1044.87158   -1.04006   -0.02122   -1.04024   -0.02120
          1      18300 1050.46108   -1.04006   -0.02122   -1.04022   -0.02122
          1      18400 1056.42997   -1.04006   -0.02122   -1.04019   -0.02119
          1      18500 1061.91201   -1.04006   -0.02122   -1.04021   -0.02118
          1      18600 1067.57686   -1.04006   -0.02122   -1.04019   -0.02119
          1      18700 1072.89767   -1.04006   -0.02122   -1.04020   -0.02123
          1      18800 1078.58540   -1.04006   -0.02122   -1.04018   -0.02123
          1      18900 1084.54442   -1.04006   -0.02122   -1.04020   -0.02123
          1      19000 1089.87676   -1.04006   -0.02122   -1.04022   -0.02120
          1      19100 1095.31352   -1.04006   -0.02122   -1.04024   -0.02121
          1      19200 1100.95713   -1.04006   -0.02122   -1.04022   -0.02121
          1      19300 1106.88803   -1.04006   -0.02122   -1.04023   -0.02121
          1      19400 1112.76261   -1.04006   -0.02122   -1.04022   -0.02121
          1      19500 1118.32575   -1.04006   -0.02122   -1.04021   -0.02123
          1      19600 1123.76322   -1.04006   -0.02122   -1.04021   -0.02120
          1      19700 1129.03325   -1.04006   -0.02122   -1.04021   -0.02119
          1      19800 1134.61426   -1.04007   -0.02122   -1.04024   -0.02123
          1      19900 1140.53711   -1.04007   -0.02122   -1.04020   -0.02121
          1      20000 1146.66572   -1.04007   -0.02122   -1.04022   -0.02118
          1      20100 1152.09997   -1.04007   -0.02122   -1.04019   -0.02120
          1      20200 1157.80143   -1.04007   -0.02122   -1.04021   -0.02122
          1      20300 1163.64333   -1.04007   -0.02122   -1.04019   -0.02120
          1      20400 1170.03641   -1.04007   -0.02122   -1.04023   -0.02121
          1      20500 1175.58877   -1.04007   -0.02122   -1.04019   -0.02120
          1      20600 1181.66845   -1.04007   -0.02122   -1.04020   -0.02119
          1      20700 1187.16141   -1.04007   -0.02122   -1.04022   -0.02120
          1      20800 1192.84034   -1.04007   -0.02122   -1.04022   -0.02123
          1      20900 1198.41581   -1.04007   -0.02122   -1.04020   -0.02123
          1      21000 1203.95874   -1.04007   -0.02122   -1.04021   -0.02120
          1      21100 1209.54351   -1.04007   -0.02122   -1.04020   -0.02118
          1      21200 1215.02516   -1.04007   -0.02122   -1.04023   -0.02123
          1      21300 1221.09611   -1.04007   -0.02122   -1.04019   -0.02117
          1      21400 1227.35879   -1.04007   -0.02122   -1.04020   -0.02121
          1      21500 1233.63100   -1.04007   -0.02122   -1.04021   -0.02123
          1      21600 1239.33665   -1.04007   -0.02122   -1.04021   -0.02121
          1      21700 1246.24914   -1.04007   -0.02122   -1.04026   -0.02121
          1      21800 1253.33035   -1.04007   -0.02122   -1.04019   -0.02121
          1      21900 1260.16835   -1.04008   -0.02122   -1.04023   -0.02122
          1      22000 1266.44974   -1.04008   -0.02122   -1.04019   -0.02122
          1      22100 1272.15704   -1.04008   -0.02122   -1.04021   -0.02121
          1      22200 1277.78958   -1.04008   -0.02122   -1.04022   -0.02121
          1      22300 1283.31861   -1.04008   -0.02122   -1.04021   -0.02122
          1      22400 1288.93943   -1.04008   -0.02122   -1.04023   -0.02121
          1      22500 1294.30715   -1.04008   -0.02122   -1.04022   -0.02119
          1      22600 1299.85766   -1.04008   -0.02122   -1.04020   -0.02124
          1      22700 1305.48524   -1.04008   -0.02122   -1.04024   -0.02120
          1      22800 1311.61653   -1.04008   -0.02122   -1.04023   -0.02122
          1      22900 1317.98767   -1.04008   -0.02122   -1.04023   -0.02121
          1      23000 1323.60308   -1.04008   -0.02122   -1.04022   -0.02118
          1      23100 1329.55606   -1.04008   -0.02122   -1.04019   -0.02122
          1      23200 1336.15670   -1.04008   -0.02122   -1.04022   -0.02121
          1      23300 1341.73477   -1.04008   -0.02122   -1.04023   -0.02122
          1      23400 1347.57480   -1.04008   -0.02122   -1.04020   -0.02120
          1      23500 1353.31837   -1.04008   -0.02122   -1.04023   -0.02121
          1      23600 1359.35838   -1.04008   -0.02122   -1.04024   -0.02119
          1      23700 1365.94859   -1.04008   -0.02122   -1.04023   -0.02121
          1      23800 1372.67553   -1.04008   -0.02122   -1.04022   -0.02121
          1      23900 1379.31615   -1.04008   -0.02122   -1.04021   -0.02119
          1      24000 1385.37307   -1.04008   -0.02122   -1.04022   -0.02121
          1      24100 1391.01448   -1.04008   -0.02122   -1.04020   -0.02122
          1      24200 1396.66158   -1.04008   -0.02122   -1.04022   -0.02121
          1      24300 1402.40320   -1.04009   -0.02122   -1.04020   -0.02121
          1      24400 1407.89334   -1.04009   -0.02122   -1.04022   -0.02122
          1      24500 1413.72165   -1.04009   -0.02122   -1.04019   -0.02119
          1      24600 1419.00764   -1.04009   -0.02122   -1.04024   -0.02122
          1      24700 1424.75919   -1.04009   -0.02122   -1.04024   -0.02121
          1      24800 1430.35469   -1.04009   -0.02122   -1.04021   -0.02120
          1      24900 1436.07554   -1.04009   -0.02122   -1.04021   -0.02122
          1      25000 1441.64515   -1.04009   -0.02122   -1.04022   -0.02121
          1      25100 1447.41378   -1.04009   -0.02122   -1.04022   -0.02122
          1      25200 1452.71027   -1.04009   -0.02122   -1.04020   -0.02121
          1      25300 1458.45303   -1.04009   -0.02122   -1.04021   -0.02121
          1      25400 1464.42495   -1.04009   -0.02122   -1.04023   -0.02123
          1      25500 1469.87832   -1.04009   -0.02122   -1.04022   -0.02118
          1      25600 1477.08092   -1.04009   -0.02122   -1.04020   -0.02121
          1      25700 1483.83895   -1.04009   -0.02122   -1.04019   -0.02122
          1      25800 1489.56660   -1.04009   -0.02122   -1.04023   -0.02122
          1      25900 1496.49428   -1.04009   -0.02122   -1.04022   -0.02121
          1      26000 1502.11181   -1.04009   -0.02122   -1.04020   -0.02120
          1      26100 1507.75377   -1.04009   -0.02122   -1.04021   -0.02120
          1      26200 1513.02416   -1.04009   -0.02122   -1.04021   -0.02121
          1      26300 1519.06704   -1.04009   -0.02122   -1.04022   -0.02119
          1      26400 1525.86274   -1.04009   -0.02122   -1.04023   -0.02123
          1      26500 1531.58940   -1.04009   -0.02122   -1.04021   -0.02118
          1      26600 1537.65747   -1.04009   -0.02122   -1.04022   -0.02121
          1      26700 1543.25143   -1.04009   -0.02122   -1.04022   -0.02121
          1      26800 1548.78207   -1.04009   -0.02122   -1.04025   -0.02119
          1      26900 1555.35252   -1.04009   -0.02122   -1.04022   -0.02121
          1      27000 1561.47788   -1.04009   -0.02122   -1.04021   -0.02120
          1      27100 1567.88863   -1.04009   -0.02122   -1.04020   -0.02121
          1      27200 1573.99437   -1.04010   -0.02122   -1.04023   -0.02122
          1      27300 1579.52024   -1.04010   -0.02122   -1.04021   -0.02119
          1      27400 1585.63841   -1.04010   -0.02122   -1.04021   -0.02120
          1      27500 1591.27633   -1.04010   -0.02122   -1.04021   -0.02122
          1      27600 1596.66542   -1.04010   -0.02122   -1.04022   -0.02120
          1      27700 1602.28530   -1.04010   -0.02122   -1.04022   -0.02120
          1      27800 1608.10313   -1.04010   -0.02122   -1.04023   -0.02121
          1      27900 1613.94214   -1.04010   -0.02122   -1.04022   -0.02122
          1      28000 1619.72587   -1.04010   -0.02122   -1.04020   -0.02118
          1      28100 1625.29851   -1.04010   -0.02122   -1.04023   -0.02119
          1      28200 1630.54621   -1.04010   -0.02122   -1.04021   -0.02119
          1      28300 1636.09547   -1.04010   -0.02122   -1.04024   -0.02120
          1      28400 1641.94350   -1.04010   -0.02122   -1.04022   -0.02122
          1      28500 1647.58151   -1.04010   -0.02122   -1.04021   -0.02120
          1      28600 1653.13616   -1.04010   -0.02122   -1.04021   -0.02123
          1      28700 1658.73090   -1.04010   -0.02122   -1.04022   -0.02120
          1      28800 1664.34993   -1.04010   -0.02122   -1.04023   -0.02120
          1      28900 1670.38795   -1.04010   -0.02122   -1.04023   -0.02121
          1      29000 1675.96453   -1.04010   -0.02122   -1.04022   -0.02121
          1      29100 1682.59673   -1.04010   -0.02122   -1.04021   -0.02121
          1      29200 1688.81047   -1.04010   -0.02122   -1.04024   -0.02122
          1      29300 1694.46169   -1.04010   -0.02122   -1.04021   -0.02121
          1      29400 1700.39277   -1.04010   -0.02122   -1.04024   -0.02120
          1      29500 1705.92031   -1.04010   -0.02122   -1.04024   -0.02121
          1      29600 1713.18755   -1.04010   -0.02122   -1.04023   -0.02121
          1      29700 1718.76211   -1.04010   -0.02122   -1.04022   -0.02122
          1      29800 1724.27124   -1.04010   -0.02122   -1.04021   -0.02122
          1      29900 1729.70794   -1.04010   -0.02122   -1.04023   -0.02121
          1      30000 1735.10610   -1.04010   -0.02122   -1.04021   -0.02120
          1      30100 1740.82554   -1.04010   -0.02122   -1.04022   -0.02120
          1      30200 1746.29372   -1.04010   -0.02122   -1.04019   -0.02118
          1      30300 1751.66220   -1.04010   -0.02122   -1.04022   -0.02123
          1      30400 1756.89569   -1.04010   -0.02122   -1.04021   -0.02121
          1      30500 1762.65394   -1.04010   -0.02122   -1.04021   -0.02122
          1      30600 1768.45321   -1.04011   -0.02122   -1.04024   -0.02122
          1      30700 1774.33244   -1.04011   -0.02122   -1.04023   -0.02120
          1      30800 1780.05802   -1.04011   -0.02122   -1.04023   -0.02121
          1      30900 1785.51030   -1.04011   -0.02122   -1.04023   -0.02120
          1      31000 1790.97178   -1.04011   -0.02122   -1.04024   -0.02122
          1      31100 1796.76082   -1.04011   -0.02122   -1.04022   -0.02123
          1      31200 1802.71339   -1.04011   -0.02122   -1.04024   -0.02122
          1      31300 1808.73999   -1.04011   -0.02122   -1.04023   -0.02122
          1      31400 1815.08232   -1.04011   -0.02122   -1.04023   -0.02119
          1      31500 1820.87050   -1.04011   -0.02122   -1.04023   -0.02122
          1      31600 1826.46077   -1.04011   -0.02122   -1.04024   -0.02121
          1      31700 1832.34564   -1.04011   -0.02122   -1.04022   -0.02119
          1      31800 1839.02900   -1.04011   -0.02122   -1.04021   -0.02122
          1      31900 1845.40690   -1.04011   -0.02122   -1.04023   -0.02120
          1      32000 1851.40783   -1.04011   -0.02122   -1.04023   -0.02121
          1      32100 1856.90553   -1.04011   -0.02122   -1.04023   -0.02121
          1      32200 1863.51597   -1.04011   -0.02122   -1.04023   -0.02121
          1      32300 1868.80541   -1.04011   -0.02122   -1.04024   -0.02121
          1      32400 1874.40108   -1.04011   -0.02122   -1.04022   -0.02121
          1      32500 1879.93862   -1.04011   -0.02122   -1.04020   -0.02120
          1      32600 1885.48894   -1.04011   -0.02122   -1.04022   -0.02119
          1      32700 1891.13186   -1.04011   -0.02122   -1.04020   -0.02120
          1      32800 1896.86276   -1.04011   -0.02122   -1.04023   -0.02120
          1      32900 1902.67571   -1.04011   -0.02122   -1.04023   -0.02121
          1      33000 1908.24529   -1.04011   -0.02122   -1.04023   -0.02121
          1      33100 1915.10891   -1.04011   -0.02122   -1.04022   -0.02119
          1      33200 1920.85315   -1.04011   -0.02122   -1.04021   -0.02121
          1      33300 1926.61516   -1.04011   -0.02122   -1.04025   -0.02122
          1      33400 1932.50981   -1.04011   -0.02122   -1.04023   -0.02118
          1      33500 1938.54656   -1.04011   -0.02122   -1.04020   -0.02120
          1      33600 1944.83572   -1.04011   -0.02122   -1.04024   -0.02120
          1      33700 1950.37661   -1.04011   -0.02122   -1.04021   -0.02120
          1      33800 1955.83569   -1.04011   -0.02122   -1.04020   -0.02121
          1      33900 1961.40633   -1.04011   -0.02122   -1.04023   -0.02121
          1      34000 1966.92045   -1.04011   -0.02122   -1.04023   -0.02122
          1      34100 1972.78730   -1.04011   -0.02122   -1.04023   -0.02120
          1      34200 1979.34656   -1.04011   -0.02122   -1.04023   -0.02121
          1      34300 1984.89977   -1.04011   -0.02122   -1.04023   -0.02119
          1      34400 1990.30124   -1.04011   -0.02122   -1.04023   -0.02122
          1      34500 1995.75748   -1.04011   -0.02122   -1.04023   -0.02121
          1      34600 2001.25870   -1.04011   -0.02122   -1.04022   -0.02120
          1      34700 2008.03826   -1.04012   -0.02122   -1.04023   -0.02120
          1      34800 2014.55541   -1.04012   -0.02122   -1.04022   -0.02122
          1      34900 2021.41551   -1.04012   -0.02122   -1.04023   -0.02120
          1      35000 2028.21543   -1.04012   -0.02122   -1.04023   -0.02122
          1      35100 2034.96307   -1.04012   -0.02122   -1.04022   -0.02119
          1      35200 2042.36163   -1.04012   -0.02122   -1.04024   -0.02121
          1      35300 2048.47104   -1.04012   -0.02122   -1.04023   -0.02121
          1      35400 2055.22686   -1.04012   -0.02122   -1.04020   -0.02121
          1      35500 2061.23889   -1.04012   -0.02122   -1.04024   -0.02122
          1      35600 2067.44276   -1.04012   -0.02122   -1.04023   -0.02122
          1      35700 2074.41539   -1.04012   -0.02122   -1.04024   -0.02121
          1      35800 2080.36893   -1.04012   -0.02122   -1.04022   -0.02121
          1      35900 2086.25881   -1.04012   -0.02122   -1.04023   -0.02120
          1      36000 2092.51683   -1.04012   -0.02122   -1.04024   -0.02120
          1      36100 2098.20840   -1.04012   -0.02122   -1.04025   -0.02121
          1      36200 2104.22959   -1.04012   -0.02122   -1.04023   -0.02120
          1      36300 2109.70700   -1.04012   -0.02122   -1.04020   -0.02120
          1      36400 2115.74117   -1.04012   -0.02122   -1.04021   -0.02121
          1      36500 2121.44926   -1.04012   -0.02122   -1.04022   -0.02122
          1      36600 2126.83387   -1.04012   -0.02122   -1.04021   -0.02121
          1      36700 2132.43712   -1.04012   -0.02122   -1.04025   -0.02120
          1      36800 2138.06763   -1.04012   -0.02122   -1.04022   -0.02118
          1      36900 2143.39647   -1.04012   -0.02122   -1.04023   -0.02120
          1      37000 2148.75850   -1.04012   -0.02122   -1.04023   -0.02121
          1      37100 2154.35118   -1.04012   -0.02122   -1.04023   -0.02120
          1      37200 2159.65937   -1.04012   -0.02122   -1.04022   -0.02122
          1      37300 2165.42990   -1.04012   -0.02122   -1.04024   -0.02121
          1      37400 2171.95584   -1.04012   -0.02122   -1.04023   -0.02121
          1      37500 2178.22136   -1.04012   -0.02122   -1.04022   -0.02121
          1      37600 2183.70563   -1.04012   -0.02122   -1.04022   -0.02119
          1      37700 2189.82130   -1.04012   -0.02122   -1.04026   -0.02120
          1      37800 2195.39194   -1.04012   -0.02122   -1.04023   -0.02121
          1      37900 2201.45746   -1.04012   -0.02122   -1.04023   -0.02121
          1      38000 2207.10884   -1.04012   -0.02122   -1.04024   -0.02121
          1      38100 2212.44813   -1.04012   -0.02122   -1.04024   -0.02120
          1      38200 2217.71627   -1.04012   -0.02122   -1.04023   -0.02121
          1      38300 2222.93422   -1.04012   -0.02122   -1.04023   -0.02121
          1      38400 2228.68761   -1.04012   -0.02122   -1.04025   -0.02120
          1      38500 2234.51383   -1.04012   -0.02122   -1.04023   -0.02121
          1      38600 2239.92196   -1.04012   -0.02122   -1.04024   -0.02121
          1      38700 2245.18162   -1.04012   -0.02122   -1.04023   -0.02120
          1      38800 2250.50946   -1.04012   -0.02122   -1.04024   -0.02121
          1      38900 2256.17555   -1.04012   -0.02122   -1.04024   -0.02121
          1      39000 2261.32728   -1.04012   -0.02122   -1.04022   -0.02121
          1      39100 2266.67494   -1.04012   -0.02122   -1.04025   -0.02121
          1      39200 2272.71748   -1.04012   -0.02122   -1.04022   -0.02122
          1      39300 2278.68082   -1.04012   -0.02122   -1.04025   -0.02119
          1      39400 2284.69512   -1.04012   -0.02122   -1.04026   -0.02119
          1      39500 2290.49117   -1.04012   -0.02122   -1.04023   -0.02122
          1      39600 2295.89735   -1.04013   -0.02122   -1.04025   -0.02121
          1      39700 2301.01974   -1.04013   -0.02122   -1.04023   -0.02120
          1      39800 2306.48192   -1.04013   -0.02122   -1.04022   -0.02119
          1      39900 2312.30376   -1.04013   -0.02122   -1.04025   -0.02121
          1      40000 2318.67962   -1.04013   -0.02122   -1.04025   -0.02120
          1      40100 2326.16441   -1.04013   -0.02122   -1.04022   -0.02119
          1      40200 2333.02929   -1.04013   -0.02122   -1.04023   -0.02120
          1      40300 2339.81636   -1.04013   -0.02122   -1.04023   -0.02120
          1      40400 2346.45407   -1.04013   -0.02122   -1.04020   -0.02123
          1      40500 2353.75309   -1.04013   -0.02122   -1.04023   -0.02120
          1      40600 2360.12238   -1.04013   -0.02122   -1.04024   -0.02120
          1      40700 2366.54939   -1.04013   -0.02122   -1.04025   -0.02122
          1      40800 2373.12689   -1.04013   -0.02122   -1.04024   -0.02119
          1      40900 2379.28278   -1.04013   -0.02122   -1.04024   -0.02119
          1      41000 2385.40720   -1.04013   -0.02122   -1.04021   -0.02120
          1      41100 2391.83564   -1.04013   -0.02122   -1.04022   -0.02122
          1      41200 2397.99401   -1.04013   -0.02122   -1.04021   -0.02121
          1      41300 2404.50989   -1.04013   -0.02122   -1.04024   -0.02119
          1      41400 2410.68403   -1.04013   -0.02122   -1.04025   -0.02122
          1      41500 2416.66240   -1.04013   -0.02122   -1.04025   -0.02121
          1      41600 2423.25905   -1.04013   -0.02122   -1.04025   -0.02120
          1      41700 2429.50858   -1.04013   -0.02122   -1.04025   -0.02122
          1      41800 2435.96016   -1.04013   -0.02122   -1.04024   -0.02121
          1      41900 2443.02934   -1.04013   -0.02122   -1.04022   -0.02120
          1      42000 2449.36234   -1.04013   -0.02122   -1.04023   -0.02119
          1      42100 2455.21062   -1.04013   -0.02122   -1.04020   -0.02119
          1      42200 2460.98119   -1.04013   -0.02122   -1.04020   -0.02122
          1      42300 2467.07350   -1.04013   -0.02122   -1.04020   -0.02120
          1      42400 2472.25866   -1.04013   -0.02122   -1.04025   -0.02120
          1      42500 2478.26705   -1.04013   -0.02122   -1.04022   -0.02119
          1      42600 2484.44786   -1.04013   -0.02122   -1.04023   -0.02122
          1      42700 2490.29108   -1.04013   -0.02122   -1.04022   -0.02121
          1      42800 2495.97202   -1.04013   -0.02122   -1.04024   -0.02120
          1      42900 2502.20688   -1.04013   -0.02122   -1.04024   -0.02120
          1      43000 2508.30964   -1.04013   -0.02122   -1.04023   -0.02121
          1      43100 2514.20697   -1.04013   -0.02122   -1.04022   -0.02122
          1      43200 2520.70857   -1.04013   -0.02122   -1.04023   -0.02120
          1      43300 2526.44036   -1.04013   -0.02122   -1.04023   -0.02122
          1      43400 2532.25280   -1.04013   -0.02122   -1.04022   -0.02120
          1      43500 2537.97286   -1.04013   -0.02122   -1.04024   -0.02121
          1      43600 2543.39598   -1.04013   -0.02122   -1.04022   -0.02122
          1      43700 2549.33897   -1.04013   -0.02122   -1.04022   -0.02120
          1      43800 2554.75676   -1.04013   -0.02122   -1.04025   -0.02121
          1      43900 2560.58940   -1.04013   -0.02122   -1.04025   -0.02122
          1      44000 2566.07657   -1.04013   -0.02122   -1.04022   -0.02122
          1      44100 2571.81852   -1.04013   -0.02122   -1.04022   -0.02121
          1      44200 2577.81349   -1.04013   -0.02122   -1.04021   -0.02121
          1      44300 2583.37150   -1.04013   -0.02122   -1.04024   -0.02122
          1      44400 2589.38833   -1.04013   -0.02122   -1.04022   -0.02122
          1      44500 2595.04678   -1.04013   -0.02122   -1.04024   -0.02121
          1      44600 2600.45868   -1.04013   -0.02122   -1.04023   -0.02120
          1      44700 2605.88977   -1.04013   -0.02122   -1.04022   -0.02120
          1      44800 2611.00217   -1.04013   -0.02122   -1.04023   -0.02122
          1      44900 2616.56205   -1.04013   -0.02122   -1.04025   -0.02120
          1      45000 2622.67962   -1.04013   -0.02122   -1.04025   -0.02121
          1      45100 2628.25683   -1.04013   -0.02122   -1.04026   -0.02121
          1      45200 2634.82118   -1.04013   -0.02122   -1.04023   -0.02121
          1      45300 2640.41778   -1.04013   -0.02122   -1.04025   -0.02120
          1      45400 2647.09970   -1.04013   -0.02122   -1.04025   -0.02120
          1      45500 2652.82549   -1.04013   -0.02122   -1.04024   -0.02122
          1      45600 2659.43471   -1.04013   -0.02122   -1.04022   -0.02120
          1      45700 2664.96919   -1.04014   -0.02122   -1.04024   -0.02120
          1      45800 2670.16589   -1.04014   -0.02122   -1.04023   -0.02121
          1      45900 2675.62170   -1.04014   -0.02122   -1.04024   -0.02120
          1      46000 2681.08985   -1.04014   -0.02122   -1.04025   -0.02120
          1      46100 2687.10389   -1.04014   -0.02122   -1.04022   -0.02120
          1      46200 2692.72979   -1.04014   -0.02122   -1.04023   -0.02122
          1      46300 2698.98088   -1.04014   -0.02122   -1.04024   -0.02121
          1      46400 2704.57010   -1.04014   -0.02122   -1.04023   -0.02119
          1      46500 2710.17317   -1.04014   -0.02122   -1.04024   -0.02122
          1      46600 2716.63489   -1.04014   -0.02122   -1.04023   -0.02121
          1      46700 2722.44843   -1.04014   -0.02122   -1.04025   -0.02121
          1      46800 2728.69124   -1.04014   -0.02122   -1.04024   -0.02120
          1      46900 2735.04721   -1.04014   -0.02122   -1.04026   -0.02120
          1      47000 2740.39880   -1.04014   -0.02122   -1.04024   -0.02120
          1      47100 2745.51362   -1.04014   -0.02122   -1.04022   -0.02121
          1      47200 2751.20177   -1.04014   -0.02122   -1.04023   -0.02121
          1      47300 2756.99776   -1.04014   -0.02122   -1.04023   -0.02120
          1      47400 2763.17379   -1.04014   -0.02122   -1.04022   -0.02122
          1      47500 2769.07671   -1.04014   -0.02122   -1.04025   -0.02121
          1      47600 2774.72761   -1.04014   -0.02122   -1.04022   -0.02122
          1      47700 2780.14535   -1.04014   -0.02122   -1.04023   -0.02121
          1      47800 2786.23790   -1.04014   -0.02122   -1.04022   -0.02121
          1      47900 2791.80674   -1.04014   -0.02122   -1.04025   -0.02122
          1      48000 2797.20840   -1.04014   -0.02122   -1.04024   -0.02119
          1      48100 2802.86803   -1.04014   -0.02122   -1.04025   -0.02120
          1      48200 2808.40838   -1.04014   -0.02122   -1.04024   -0.02121
          1      48300 2814.45002   -1.04014   -0.02122   -1.04022   -0.02123
          1      48400 2820.87787   -1.04014   -0.02122   -1.04024   -0.02121
          1      48500 2826.22514   -1.04014   -0.02122   -1.04023   -0.02120
          1      48600 2831.61072   -1.04014   -0.02122   -1.04022   -0.02120
          1      48700 2837.78085   -1.04014   -0.02122   -1.04025   -0.02120
          1      48800 2844.08963   -1.04014   -0.02122   -1.04025   -0.02122
          1      48900 2850.40459   -1.04014   -0.02122   -1.04023   -0.02121
          1      49000 2855.98548   -1.04014   -0.02122   -1.04024   -0.02121
          1      49100 2861.75689   -1.04014   -0.02122   -1.04022   -0.02121
          1      49200 2868.51406   -1.04014   -0.02122   -1.04022   -0.02121
          1      49300 2874.02435   -1.04014   -0.02122   -1.04023   -0.02120
          1      49400 2879.29485   -1.04014   -0.02122   -1.04023   -0.02121
          1      49500 2884.96892   -1.04014   -0.02122   -1.04025   -0.02121
          1      49600 2891.26695   -1.04014   -0.02122   -1.04025   -0.02120
          1      49700 2897.09503   -1.04014   -0.02122   -1.04021   -0.02121
          1      49800 2902.99665   -1.04014   -0.02122   -1.04024   -0.02120
          1      49900 2908.61678   -1.04014   -0.02122   -1.04024   -0.02121
          1      50000 2913.92586   -1.04014   -0.02122   -1.04023   -0.02121
          1      50100 2919.18638   -1.04014   -0.02122   -1.04022   -0.02121
          1      50200 2925.24528   -1.04014   -0.02122   -1.04025   -0.02121
          1      50300 2932.23373   -1.04014   -0.02122   -1.04024   -0.02121
          1      50400 2938.50177   -1.04014   -0.02122   -1.04025   -0.02120
          1      50500 2944.20908   -1.04014   -0.02122   -1.04023   -0.02122
          1      50600 2950.18405   -1.04014   -0.02122   -1.04024   -0.02121
          1      50700 2956.60534   -1.04014   -0.02122   -1.04021   -0.02123
          1      50800 2962.47080   -1.04014   -0.02122   -1.04022   -0.02119
          1      50900 2968.29256   -1.04014   -0.02122   -1.04023   -0.02120
          1      51000 2973.91809   -1.04014   -0.02122   -1.04025   -0.02121
          1      51100 2979.80980   -1.04014   -0.02122   -1.04026   -0.02121
          1      51200 2985.75709   -1.04014   -0.02122   -1.04025   -0.02121
          1      51300 2991.31909   -1.04014   -0.02122   -1.04024   -0.02121
          1      51400 2998.12768   -1.04014   -0.02122   -1.04024   -0.02121
          1      51500 3004.14605   -1.04014   -0.02122   -1.04024   -0.02121
          1      51600 3009.92767   -1.04014   -0.02122   -1.04024   -0.02122
          1      51700 3015.60433   -1.04014   -0.02122   -1.04024   -0.02121
          1      51800 3021.06834   -1.04014   -0.02122   -1.04022   -0.02122
          1      51900 3026.34082   -1.04014   -0.02122   -1.04026   -0.02121
          1      52000 3032.05643   -1.04014   -0.02122   -1.04025   -0.02120
          1      52100 3037.45843   -1.04014   -0.02122   -1.04026   -0.02122
          1      52200 3043.08185   -1.04014   -0.02122   -1.04024   -0.02121
          1      52300 3048.99466   -1.04014   -0.02122   -1.04024   -0.02122
          1      52400 3054.65037   -1.04014   -0.02122   -1.04023   -0.02121
          1      52500 3060.31229   -1.04014   -0.02122   -1.04022   -0.02120
          1      52600 3065.88712   -1.04014   -0.02122   -1.04025   -0.02121
          1      52700 3071.30137   -1.04014   -0.02122   -1.04024   -0.02121
          1      52800 3077.07889   -1.04014   -0.02122   -1.04024   -0.02121
          1      52900 3082.27138   -1.04014   -0.02122   -1.04023   -0.02120
          1      53000 3087.37625   -1.04014   -0.02122   -1.04024   -0.02122
          1      53100 3092.88761   -1.04015   -0.02122   -1.04023   -0.02121
          1      53200 3098.87766   -1.04015   -0.02122   -1.04024   -0.02122
          1      53300 3104.49730   -1.04015   -0.02122   -1.04023   -0.02120
          1      53400 3110.24034   -1.04015   -0.02122   -1.04024   -0.02122
          1      53500 3115.75580   -1.04015   -0.02122   -1.04024   -0.02122
          1      53600 3121.22006   -1.04015   -0.02122   -1.04025   -0.02121
          1      53700 3127.45986   -1.04015   -0.02122   -1.04026   -0.02122
          1      53800 3133.24219   -1.04015   -0.02122   -1.04024   -0.02120
          1      53900 3138.74977   -1.04015   -0.02122   -1.04024   -0.02120
          1      54000 3144.93873   -1.04015   -0.02122   -1.04022   -0.02122
          1      54100 3150.89881   -1.04015   -0.02122   -1.04024   -0.02121
          1      54200 3157.87261   -1.04015   -0.02122   -1.04025   -0.02120
          1      54300 3164.03588   -1.04015   -0.02122   -1.04024   -0.02120
          1      54400 3169.46952   -1.04015   -0.02122   -1.04025   -0.02121
          1      54500 3175.19445   -1.04015   -0.02122   -1.04023   -0.02120
          1      54600 3180.46417   -1.04015   -0.02122   -1.04022   -0.02119
          1      54700 3185.73564   -1.04015   -0.02122   -1.04025   -0.02121
          1      54800 3191.79514   -1.04015   -0.02122   -1.04023   -0.02121
          1      54900 3197.56504   -1.04015   -0.02122   -1.04026   -0.02121
          1      55000 3203.62140   -1.04015   -0.02122   -1.04024   -0.02121
          1      55100 3208.91934   -1.04015   -0.02122   -1.04025   -0.02119
          1      55200 3213.95192   -1.04015   -0.02122   -1.04024   -0.02121
          1      55300 3220.32491   -1.04015   -0.02122   -1.04025   -0.02120
          1      55400 3226.24563   -1.04015   -0.02122   -1.04025   -0.02122
          1      55500 3231.48023   -1.04015   -0.02122   -1.04025   -0.02119
          1      55600 3237.12979   -1.04015   -0.02122   -1.04023   -0.02121
          1      55700 3242.67000   -1.04015   -0.02122   -1.04024   -0.02121
          1      55800 3249.26756   -1.04015   -0.02122   -1.04023   -0.02122
          1      55900 3254.78436   -1.04015   -0.02122   -1.04023   -0.02120
          1      56000 3260.66585   -1.04015   -0.02122   -1.04022   -0.02122
          1      56100 3265.92098   -1.04015   -0.02122   -1.04024   -0.02122
          1      56200 3271.27575   -1.04015   -0.02122   -1.04024   -0.02121
          1      56300 3277.04342   -1.04015   -0.02122   -1.04025   -0.02122
          1      56400 3282.94143   -1.04015   -0.02122   -1.04023   -0.02120
          1      56500 3288.56054   -1.04015   -0.02122   -1.04024   -0.02121
          1      56600 3294.05516   -1.04015   -0.02122   -1.04026   -0.02120
          1      56700 3299.52194   -1.04015   -0.02122   -1.04025   -0.02120
          1      56800 3304.82658   -1.04015   -0.02122   -1.04023   -0.02120
          1      56900 3310.19083   -1.04015   -0.02122   -1.04025   -0.02121
          1      57000 3315.63208   -1.04015   -0.02122   -1.04025   -0.02120
          1      57100 3320.84455   -1.04015   -0.02122   -1.04024   -0.02119
          1      57200 3326.56513   -1.04015   -0.02122   -1.04025   -0.02122
          1      57300 3332.08743   -1.04015   -0.02122   -1.04024   -0.02122
          1      57400 3337.48707   -1.04015   -0.02122   -1.04026   -0.02121
          1      57500 3342.74897   -1.04015   -0.02122   -1.04022   -0.02122
          1      57600 3348.18014   -1.04015   -0.02122   -1.04025   -0.02120
          1      57700 3354.37079   -1.04015   -0.02122   -1.04024   -0.02120
          1      57800 3360.30102   -1.04015   -0.02122   -1.04024   -0.02121
          1      57900 3365.95673   -1.04015   -0.02122   -1.04024   -0.02122
          1      58000 3371.86255   -1.04015   -0.02122   -1.04024   -0.02121
          1      58100 3378.23470   -1.04015   -0.02122   -1.04023   -0.02120
          1      58200 3383.79999   -1.04015   -0.02122   -1.04026   -0.02122
          1      58300 3389.80006   -1.04015   -0.02122   -1.04024   -0.02122
          1      58400 3395.53126   -1.04015   -0.02122   -1.04023   -0.02122
          1      58500 3401.16879   -1.04015   -0.02122   -1.04024   -0.02121
          1      58600 3407.14552   -1.04015   -0.02122   -1.04025   -0.02122
          1      58700 3413.31342   -1.04015   -0.02122   -1.04025   -0.02121
          1      58800 3419.82497   -1.04015   -0.02122   -1.04024   -0.02121
          1      58900 3425.63503   -1.04015   -0.02122   -1.04025   -0.02121
          1      59000 3431.59644   -1.04015   -0.02122   -1.04023   -0.02119
          1      59100 3437.30038   -1.04015   -0.02122   -1.04024   -0.02120
          1      59200 3442.86581   -1.04015   -0.02122   -1.04024   -0.02120
          1      59300 3448.06167   -1.04015   -0.02122   -1.04026   -0.02122
          1      59400 3453.68765   -1.04015   -0.02122   -1.04025   -0.02121
          1      59500 3459.78423   -1.04015   -0.02122   -1.04024   -0.02120
          1      59600 3465.50147   -1.04015   -0.02122   -1.04025   -0.02121
          1      59700 3470.81592   -1.04015   -0.02122   -1.04024   -0.02121
          1      59800 3476.23256   -1.04015   -0.02122   -1.04024   -0.02122
          1      59900 3481.93574   -1.04015   -0.02122   -1.04023   -0.02120
          1      60000 3487.43459   -1.04015   -0.02122   -1.04026   -0.02120
          1      60100 3493.90775   -1.04015   -0.02122   -1.04024   -0.02122
          1      60200 3499.27672   -1.04015   -0.02122   -1.04024   -0.02122
          1      60300 3505.58403   -1.04015   -0.02122   -1.04025   -0.02120
          1      60400 3511.39906   -1.04015   -0.02122   -1.04025   -0.02121
          1      60500 3516.78758   -1.04015   -0.02122   -1.04024   -0.02121
          1      60600 3522.57450   -1.04015   -0.02122   -1.04024   -0.02121
          1      60700 3528.13587   -1.04015   -0.02122   -1.04024   -0.02121
          1      60800 3533.42917   -1.04015   -0.02122   -1.04023   -0.02121
          1      60900 3538.94460   -1.04015   -0.02122   -1.04025   -0.02121
          1      61000 3544.33374   -1.04015   -0.02122   -1.04023   -0.02121
          1      61100 3549.80414   -1.04015   -0.02122   -1.04024   -0.02120
          1      61200 3555.77245   -1.04015   -0.02122   -1.04024   -0.02121
          1      61300 3562.39121   -1.04015   -0.02122   -1.04025   -0.02120
          1      61400 3568.49359   -1.04015   -0.02122   -1.04024   -0.02120
          1      61500 3573.91860   -1.04015   -0.02122   -1.04027   -0.02121
          1      61600 3579.63794   -1.04015   -0.02122   -1.04025   -0.02121
          1      61700 3585.68109   -1.04015   -0.02122   -1.04024   -0.02122
          1      61800 3590.74767   -1.04015   -0.02122   -1.04024   -0.02120
          1      61900 3595.87613   -1.04015   -0.02122   -1.04023   -0.02121
          1      61984 3600.02578   -1.04015   -0.02122   -1.04025   -0.02122
