 5099058827405562
       1502
 3601.65117
   26.88127
   -1.00299
   -0.02092
   -1.01120
   -0.00456

    0.03117
   -0.02104
    0.05344
    0.07176
   -0.00391
    0.00615
    0.05839
    0.03618
   -0.06732
    0.02265
    0.06341
   -0.02139
   -0.06053
   -0.04049
   -0.00336
    0.00501
    0.03867
    0.00215
   -0.07173
   -0.04229
   -0.05465
    0.07582
    0.01941
   -0.00402
   -0.06261
   -0.04388
   -0.00735
    0.06070
    0.02698
    0.04872
   -0.04937
    0.02527
   -0.05002
   -0.02942
   -0.02132
    0.00915
   -0.03275
    0.01194
    0.02219
   -0.07189
    0.06075
    0.05633
   -0.04814
   -0.04096
    0.01204
    0.02071
    0.04553
   -0.02345
    0.03878
    0.02418
    0.03745
   -0.00385
    0.03462
    0.06146
   -0.05516
   -0.00448
    0.03630
    0.00044
    0.04269
   -0.05435
   -0.00602
   -0.04200
   -0.02063
   -0.04668
   -0.06704
    0.00161
   -0.06048
    0.03222
    0.05752
    0.06165
    0.03235
   -0.04563
   -0.03632
   -0.00230
    0.01296
    0.04703
   -0.02467
   -0.02194
    0.02594
    0.01630
   -0.01029
    0.02434
    0.07170
    0.01662
   -0.04631
    0.05974
   -0.04785
    0.04146
    0.03184
   -0.00865
    0.01554
    0.05385
    0.00426
    0.04729
   -0.03744
   -0.01299
    0.02054
    0.07757
    0.03393
   -0.04166
    0.06636
   -0.00898
   -0.06460
    0.06592
    0.04912
   -0.04821
   -0.05764
    0.04809
   -0.01819
   -0.00033
   -0.02786
   -0.00886
   -0.08246
   -0.04267
    0.05844
    0.00249
    0.05005
   -0.06426
   -0.05459
    0.01620
   -0.05795
    0.05124
   -0.06098
   -0.04382
   -0.00325
    0.00618
    0.02819
    0.07287
   -0.00852
   -0.04373
    0.02690
   -0.00873
   -0.05725
    0.02297
    0.02958
    0.04254
    0.05643
   -0.03568
   -0.00888
    0.03246
    0.06410
   -0.01323
   -0.01453
    0.06078
    0.04591
    0.01326
   -0.05340
    0.06591
    0.04726
   -0.06746
   -0.03063
    0.04319
    0.02791
   -0.02439
    0.06470
   -0.04049
    0.02373
    0.00214
    0.07379
   -0.06027
    0.04926
   -0.00025
    0.02095
   -0.05615
    0.01269
   -0.02822
    0.01505
    0.01089
   -0.00726
   -0.06137
    0.01483
    0.01312
    0.04739
   -0.02927
   -0.02809
    0.03301
   -0.00466
    0.01400
    0.00901
   -0.03133
    0.03293
   -0.04613
   -0.02691
    0.02625
   -0.03229
    0.01294
    0.07177
   -0.00748
   -0.03246
   -0.07098
   -0.05309
   -0.04801
   -0.05139
   -0.02336
    0.04355
   -0.00341
   -0.03045
   -0.03078
    0.06630
    0.05126
    0.03956
   -0.05220
   -0.02225
   -0.00615
   -0.03099
   -0.07090
    0.02415
   -0.03209
   -0.02996
    0.05116
   -0.01968
   -0.06416
   -0.00394
    0.05998
    0.00836
    0.00432
    0.07511
    0.05090
   -0.04965
    0.06422
   -0.04232
    0.03013
   -0.02837
   -0.00975
    0.00022
    0.07335
   -0.05135
    0.00991
    0.07547
   -0.02306
   -0.01802
    0.01270
    0.02209
    0.05876
    0.02484
   -0.05316
    0.04377
   -0.05682
    0.01094
    0.05835
   -0.01890
    0.01957
    0.04749
    0.00212
   -0.02815
    0.03084
    0.02006
    0.02596
    0.03876
   -0.00658
   -0.01177
    0.01365
    0.08132
    0.03761
   -0.05907
    0.05044
    0.05277
   -0.04196
    0.06574
   -0.04072
   -0.04899
    0.05334
    0.01860
    0.01043
    0.01117
   -0.02009
   -0.02108
    0.01539
   -0.03774
    0.00753
   -0.06706
    0.04834
    0.00880
    0.00892
   -0.01721
    0.04837
    0.04865
    0.04788
   -0.00385
    0.04299
    0.04789
    0.03005
    0.03034
   -0.03367
   -0.03532
    0.02743
    0.03755
    0.01510
   -0.02626
    0.05584
   -0.03598
    0.00257
   -0.00750
    0.04843
   -0.02377
   -0.03519
    0.04356
    0.02444
   -0.00416
    0.02738
   -0.01111
   -0.04586
    0.00362
   -0.01266
    0.03796
   -0.01516
    0.04646
    0.02637
    0.05574
   -0.04335
   -0.04929
   -0.00276
   -0.02951
   -0.03587
    0.03596
   -0.00877
   -0.02465
    0.03877
   -0.03958
   -0.00523
   -0.01871
    0.04609
   -0.05222
    0.05483
   -0.05354
   -0.05248
   -0.01615
   -0.01924
    0.05469
   -0.05356
   -0.00171
   -0.04764
   -0.00904
    0.00753
   -0.05973
   -0.02241
    0.00346
    0.05771
    0.03617
    0.04770
   -0.01823
    0.00584
    0.01119
    0.06907
   -0.01748
   -0.03866
   -0.00211
   -0.06391
    0.05806
   -0.06511
    0.01831
   -0.05182
    0.06778
    0.06483
   -0.02183
    0.01660
   -0.05079
    0.02370
    0.02696
   -0.01894
    0.04737
   -0.05164
    0.00305
   -0.02111
   -0.07502
   -0.02011
   -0.01859
   -0.01351
    0.03840
   -0.01578
    0.00193
   -0.01522
    0.00815
    0.00304
    0.05169
   -0.00421
    0.03066
    0.01150
   -0.00533
   -0.02712
   -0.06300
   -0.03446
    0.05155
    0.03332
   -0.02746
   -0.06004
    0.02423
   -0.01324
    0.05345
   -0.04540
    0.04538
    0.05163
    0.07238
    0.05203
   -0.04449
   -0.05085
    0.05569
    0.06577
   -0.02546
   -0.03458
   -0.05269
   -0.00270
   -0.01335
   -0.01353
   -0.04948
    0.07296
   -0.03702
   -0.04437
    0.00967
    0.04096
   -0.01304
    0.06524
   -0.03128
   -0.01484
    0.01839
    0.00075
    0.01478
    0.00503
    0.05056
   -0.01095
   -0.04021
   -0.05732
   -0.02803
    0.01531
    0.01868
    0.00854
    0.05917
    0.03464
   -0.01243
   -0.06887
    0.01957
   -0.04622
    0.05779
   -0.02698
   -0.02689
    0.06399
    0.00392
   -0.05125
   -0.03460
    0.06012
    0.05520
    0.04781
   -0.05188
    0.01466
    0.01342
    0.02956
   -0.06218
    0.06549
    0.06915
    0.02950
   -0.01339
    0.01951
    0.02031
    0.01491
   -0.00780
    0.02308
    0.04569
    0.03897
   -0.07214
    0.06866
    0.03493
   -0.03723
   -0.02660
    0.03730
   -0.01257
   -0.04924
   -0.03741
    0.06452
   -0.01010
   -0.06204
   -0.03841
   -0.03657
    0.05328
   -0.06052
   -0.06320
   -0.02078
    0.03451
   -0.02725
    0.03400
    0.04269
    0.05524
    0.01954
   -0.06283
   -0.03080
    0.00170
    0.03617
   -0.00694
    0.02159
   -0.02761
   -0.04380
   -0.02889
   -0.04936
    0.03358
   -0.05431
    0.02701
    0.00828
    0.01430
   -0.05719
   -0.06830
   -0.05483
    0.04992
    0.07497
   -0.04596
   -0.03118
   -0.01959
   -0.05930
    0.02940
   -0.07565
    0.04277
    0.03403
    0.00952
    0.03075
    0.00758
   -0.03840
    0.02260
    0.01618
    0.02653
    0.06447
   -0.05880
   -0.00094
   -0.07363
    0.03590
   -0.07273
   -0.01701
    0.01326
   -0.05515
   -0.01658
    0.04438
    0.04052
    0.04000
    0.06679
    0.00055
   -0.00582
    0.04924
    0.04678
   -0.04626
    0.03973
   -0.01624
    0.03540
   -0.03090
    0.07454
    0.00752
    0.03177
    0.02143
   -0.06974
   -0.06485
    0.04895
   -0.05417
    0.05392
   -0.04653
   -0.05106
    0.00987
   -0.05890
   -0.02097
    0.05768
    0.04709
    0.04378
    0.03902
    0.00958
    0.03895
   -0.04310
    0.00876
   -0.00503
    0.05095
   -0.01618
    0.05583
    0.05127
    0.02998
    0.02596
   -0.02195
   -0.00585
    0.03141
   -0.00301
    0.06038
   -0.05568
   -0.04649
    0.02414
    0.04036
    0.01130
    0.03391
    0.01445
   -0.01455
    0.04863
    0.01686
   -0.00638
   -0.01879
   -0.02557
    0.05652
   -0.03454
   -0.00647
   -0.05283
   -0.01473
   -0.01889
   -0.06252
    0.01661
    0.02479
    0.06191
    0.05487
   -0.06232
    0.00742

    0.03188
   -0.02113
    0.05387
    0.07101
   -0.00505
    0.00657
    0.05864
    0.03569
   -0.06749
    0.02324
    0.06527
   -0.02130
   -0.06183
   -0.04242
   -0.00512
    0.00398
    0.04002
    0.00355
   -0.07160
   -0.04350
   -0.05680
    0.07597
    0.02091
   -0.00490
   -0.06167
   -0.04334
   -0.00730
    0.06046
    0.02809
    0.04873
   -0.05103
    0.02759
   -0.05122
   -0.03051
   -0.02137
    0.01050
   -0.03375
    0.01231
    0.02282
   -0.07276
    0.06258
    0.05646
   -0.04867
   -0.03979
    0.01097
    0.02366
    0.04447
   -0.02376
    0.03953
    0.02751
    0.03553
   -0.00159
    0.03559
    0.06240
   -0.05438
   -0.00379
    0.03411
    0.00136
    0.04218
   -0.05567
   -0.00388
   -0.04174
   -0.01957
   -0.04687
   -0.06703
    0.00283
   -0.05952
    0.03204
    0.05759
    0.06187
    0.03118
   -0.04722
   -0.03574
   -0.00286
    0.01239
    0.04729
   -0.02603
   -0.02222
    0.02537
    0.01616
   -0.00704
    0.02424
    0.07297
    0.01661
   -0.04596
    0.06009
   -0.04798
    0.04360
    0.03367
   -0.00737
    0.01794
    0.05286
    0.00666
    0.04800
   -0.03896
   -0.01446
    0.01909
    0.07742
    0.03430
   -0.04107
    0.06713
   -0.00778
   -0.06530
    0.06748
    0.04931
   -0.05089
   -0.05830
    0.04869
   -0.01876
    0.00151
   -0.02770
   -0.01005
   -0.08232
   -0.04251
    0.05974
    0.00247
    0.05016
   -0.06218
   -0.05353
    0.01688
   -0.05890
    0.05031
   -0.05928
   -0.04304
   -0.00187
    0.00577
    0.02814
    0.07383
   -0.01135
   -0.04344
    0.02708
   -0.00666
   -0.05732
    0.02230
    0.02979
    0.04345
    0.05654
   -0.03897
   -0.00852
    0.03303
    0.06497
   -0.01301
   -0.01414
    0.05967
    0.04811
    0.01302
   -0.05439
    0.06563
    0.04902
   -0.06733
   -0.03127
    0.04221
    0.02927
   -0.02595
    0.06512
   -0.03951
    0.02125
    0.00067
    0.07547
   -0.05930
    0.04924
    0.00141
    0.02047
   -0.05700
    0.01198
   -0.02852
    0.01442
    0.01020
   -0.00574
   -0.06070
    0.01477
    0.01557
    0.04701
   -0.03160
   -0.02631
    0.03261
   -0.00382
    0.01282
    0.00663
   -0.03112
    0.03251
   -0.04798
   -0.02905
    0.02662
   -0.03166
    0.01458
    0.07131
   -0.00732
   -0.03231
   -0.07212
   -0.05262
   -0.04761
   -0.04974
   -0.02361
    0.04168
   -0.00376
   -0.02954
   -0.02965
    0.06778
    0.05263
    0.04097
   -0.05301
   -0.02164
   -0.00428
   -0.03038
   -0.06907
    0.02363
   -0.03212
   -0.03251
    0.05353
   -0.01963
   -0.06644
   -0.00364
    0.06063
    0.00933
    0.00265
    0.07818
    0.05354
   -0.04907
    0.06425
   -0.04413
    0.02797
   -0.03096
   -0.01049
   -0.00241
    0.07412
   -0.05124
    0.00996
    0.07420
   -0.02196
   -0.01949
    0.01303
    0.02181
    0.05995
    0.02335
   -0.05399
    0.04620
   -0.05595
    0.01166
    0.06055
   -0.02055
    0.02029
    0.04931
    0.00334
   -0.02800
    0.03100
    0.02141
    0.02672
    0.04034
   -0.00503
   -0.01076
    0.01481
    0.08197
    0.03911
   -0.06059
    0.05188
    0.05465
   -0.04037
    0.06855
   -0.04091
   -0.04950
    0.05272
    0.01822
    0.00829
    0.01060
   -0.02040
   -0.01790
    0.01641
   -0.03611
    0.00540
   -0.06708
    0.04883
    0.00867
    0.01198
   -0.01829
    0.04922
    0.05088
    0.04536
   -0.00270
    0.04370
    0.04669
    0.02858
    0.03072
   -0.03373
   -0.03670
    0.02561
    0.03731
    0.01493
   -0.02545
    0.05859
   -0.03616
    0.00358
   -0.00639
    0.04957
   -0.02224
   -0.03586
    0.04563
    0.02797
   -0.00360
    0.02690
   -0.01121
   -0.04761
    0.00237
   -0.01246
    0.03851
   -0.01474
    0.04671
    0.02651
    0.05544
   -0.04411
   -0.04794
   -0.00505
   -0.03287
   -0.03482
    0.03680
   -0.01062
   -0.02495
    0.03720
   -0.04314
   -0.00540
   -0.01865
    0.04605
   -0.05253
    0.05379
   -0.05355
   -0.05242
   -0.01730
   -0.02048
    0.05572
   -0.05311
   -0.00114
   -0.04503
   -0.00853
    0.01014
   -0.05974
   -0.02278
    0.00255
    0.05855
    0.03406
    0.04688
   -0.01770
    0.00784
    0.01124
    0.07045
   -0.01636
   -0.03796
   -0.00234
   -0.06216
    0.05711
   -0.06570
    0.01823
   -0.05317
    0.06998
    0.06682
   -0.02062
    0.01910
   -0.05066
    0.02390
    0.02526
   -0.01720
    0.04658
   -0.05237
    0.00211
   -0.01843
   -0.07352
   -0.01844
   -0.01932
   -0.01383
    0.03963
   -0.01681
    0.00407
   -0.01769
    0.00911
    0.00475
    0.05251
   -0.00286
    0.02985
    0.01084
   -0.00640
   -0.02516
   -0.06455
   -0.03391
    0.05113
    0.03261
   -0.02750
   -0.06052
    0.02513
   -0.01240
    0.05276
   -0.04614
    0.04463
    0.05064
    0.07390
    0.05236
   -0.04495
   -0.05073
    0.05682
    0.06585
   -0.02194
   -0.03447
   -0.05439
   -0.00313
   -0.01327
   -0.01361
   -0.04844
    0.07164
   -0.03853
   -0.04461
    0.00988
    0.03900
   -0.01596
    0.06484
   -0.03376
   -0.01532
    0.01802
    0.00270
    0.01479
    0.00502
    0.05156
   -0.01152
   -0.03963
   -0.05536
   -0.02892
    0.01638
    0.01966
    0.00886
    0.05791
    0.03658
   -0.01368
   -0.06932
    0.01717
   -0.04765
    0.05810
   -0.02809
   -0.02764
    0.06358
    0.00123
   -0.05190
   -0.03355
    0.06111
    0.05579
    0.04785
   -0.05443
    0.01365
    0.01551
    0.02976
   -0.06349
    0.06507
    0.06961
    0.02898
   -0.01248
    0.01870
    0.01918
    0.01762
   -0.00797
    0.02208
    0.04754
    0.04133
   -0.07224
    0.06961
    0.03713
   -0.03964
   -0.02715
    0.03650
   -0.01281
   -0.04937
   -0.03562
    0.06337
   -0.00786
   -0.06257
   -0.03820
   -0.03586
    0.05302
   -0.06144
   -0.06505
   -0.02210
    0.03360
   -0.02804
    0.03207
    0.04457
    0.05319
    0.02230
   -0.06461
   -0.03390
    0.00150
    0.03673
   -0.00706
    0.02143
   -0.02869
   -0.04772
   -0.02895
   -0.04865
    0.03313
   -0.05370
    0.02667
    0.00675
    0.01398
   -0.05749
   -0.06765
   -0.05544
    0.05094
    0.07408
   -0.04806
   -0.03099
   -0.02071
   -0.05900
    0.02759
   -0.07428
    0.04292
    0.03399
    0.00803
    0.03168
    0.00462
   -0.03741
    0.02301
    0.01672
    0.02683
    0.06396
   -0.06192
   -0.00193
   -0.07518
    0.03652
   -0.07211
   -0.01829
    0.01367
   -0.05691
   -0.01604
    0.04636
    0.03906
    0.04138
    0.06610
    0.00019
   -0.00514
    0.04805
    0.04643
   -0.04492
    0.04259
   -0.01581
    0.03706
   -0.03381
    0.07443
    0.00714
    0.03152
    0.02022
   -0.07049
   -0.06506
    0.04871
   -0.05611
    0.05516
   -0.04537
   -0.05084
    0.00781
   -0.05831
   -0.02345
    0.05736
    0.04719
    0.04356
    0.03989
    0.01060
    0.03865
   -0.04336
    0.00891
   -0.00633
    0.05100
   -0.01608
    0.05711
    0.05166
    0.03030
    0.02581
   -0.02431
   -0.00757
    0.03021
   -0.00344
    0.06168
   -0.05689
   -0.04685
    0.02296
    0.03818
    0.01192
    0.03395
    0.01541
   -0.01477
    0.05149
    0.01724
   -0.00636
   -0.01932
   -0.02518
    0.05459
   -0.03078
   -0.00729
   -0.05172
   -0.01537
   -0.01768
   -0.06429
    0.01768
    0.02518
    0.06302
    0.05403
   -0.06361
    0.00660

    0.00650
   -0.00685
    0.01185
    0.06316
    0.04010
    0.01186
    0.00463
    0.03617
   -0.04212
   -0.00176
   -0.00342
   -0.03363
   -0.00563
    0.03191
    0.04742
    0.03080
   -0.02475
   -0.03263
   -0.03222
    0.02359
    0.05287
    0.02972
   -0.02363
    0.01584
   -0.06124
   -0.02803
    0.00579
    0.03090
   -0.01766
    0.04299
    0.03485
   -0.04886
   -0.00118
    0.02801
    0.01315
   -0.02420
    0.01979
    0.00078
   -0.01433
   -0.01223
   -0.01952
   -0.00341
   -0.02073
   -0.04240
    0.04635
   -0.06184
    0.05201
   -0.02891
   -0.01277
   -0.05360
    0.08032
   -0.06609
   -0.00957
    0.01678
   -0.05906
   -0.02727
    0.09469
   -0.02704
    0.03097
    0.01810
   -0.07076
   -0.02944
   -0.03973
   -0.03295
   -0.03350
   -0.04279
   -0.04190
    0.03194
    0.03911
    0.00483
    0.06881
    0.02686
   -0.04526
    0.02531
    0.04429
    0.03016
    0.02879
    0.00044
    0.02008
   -0.00498
   -0.09989
    0.01256
    0.02869
    0.01293
   -0.02260
    0.02406
   -0.02109
   -0.02545
   -0.01643
   -0.06802
   -0.03826
    0.06979
   -0.06048
    0.00417
    0.03025
    0.02191
    0.04176
    0.04729
   -0.00171
   -0.05204
    0.02011
   -0.03507
   -0.01719
   -0.01711
    0.05592
    0.06553
    0.00653
   -0.00635
    0.00515
   -0.06191
   -0.01657
    0.00442
   -0.02927
   -0.02045
   -0.00316
    0.00447
    0.03841
   -0.09164
   -0.07044
   -0.00052
    0.00111
    0.04852
   -0.09643
   -0.03396
   -0.02317
    0.00036
    0.03211
    0.01710
    0.08246
   -0.03351
    0.02325
   -0.04789
   -0.05126
    0.01975
    0.00966
   -0.01041
    0.01824
    0.06965
   -0.01839
   -0.00444
    0.01366
   -0.02302
   -0.01314
    0.06735
   -0.05254
    0.02046
    0.00042
    0.04812
   -0.03054
   -0.02442
   -0.00710
    0.02703
   -0.00103
    0.01451
    0.02702
   -0.05239
    0.07486
    0.05503
   -0.02298
   -0.05744
    0.01301
   -0.06520
    0.03247
   -0.01780
    0.03453
   -0.00666
    0.02792
    0.03191
   -0.03732
   -0.04654
   -0.00878
   -0.04138
    0.03824
    0.04702
   -0.06527
    0.06677
   -0.03989
    0.07009
    0.06568
   -0.02432
    0.01795
    0.03060
    0.04177
    0.01540
   -0.04528
   -0.03778
    0.04679
    0.00150
   -0.01798
   -0.03591
   -0.05578
   -0.03916
   -0.07255
    0.01624
    0.05859
    0.00206
   -0.03342
   -0.03772
    0.00123
   -0.00198
   -0.00741
   -0.01747
   -0.03591
   -0.05714
   -0.04996
   -0.08301
    0.04452
   -0.00290
    0.04035
   -0.04086
   -0.02863
    0.03917
   -0.00967
    0.01003
   -0.01185
    0.02716
   -0.03662
   -0.04024
   -0.03183
    0.04554
    0.02750
    0.07318
    0.06402
    0.02566
    0.07250
   -0.01083
   -0.04628
    0.00497
    0.08299
   -0.03654
    0.01310
    0.00106
    0.04296
    0.00228
    0.04539
   -0.01121
   -0.03149
   -0.06180
   -0.02853
   -0.02163
    0.02249
    0.00321
   -0.03424
   -0.03310
   -0.00360
    0.03085
   -0.04159
   -0.01727
   -0.02795
   -0.05201
   -0.06469
   -0.00689
    0.02190
   -0.00468
    0.03237
   -0.00243
   -0.01326
   -0.08219
   -0.03697
   -0.01127
   -0.03417
    0.08289
    0.00996
    0.07283
    0.02905
    0.01234
   -0.09957
   -0.03640
   -0.07189
    0.06795
   -0.05499
   -0.00458
   -0.00447
   -0.08976
    0.01846
    0.01720
   -0.03606
    0.09512
   -0.02705
   -0.01103
    0.05605
    0.05393
    0.01929
    0.00203
    0.02114
    0.08901
    0.01854
   -0.02216
   -0.02047
   -0.05801
   -0.02254
   -0.02369
   -0.03881
   -0.02108
   -0.04960
    0.01711
   -0.05292
   -0.07468
   -0.03841
    0.02199
    0.00016
    0.05374
    0.04364
   -0.01685
    0.00731
   -0.01972
    0.00731
    0.01182
    0.02384
   -0.01473
   -0.07711
    0.05951
    0.08136
   -0.05373
   -0.01729
    0.03930
   -0.01317
    0.05775
    0.07644
   -0.01171
    0.00286
    0.04217
   -0.02671
    0.05971
   -0.02725
   -0.02598
    0.00807
    0.02430
    0.00718
   -0.05363
   -0.01249
   -0.08959
   -0.00952
   -0.08246
   -0.02321
    0.00065
    0.04582
    0.00345
    0.08671
    0.06855
   -0.00486
   -0.06439
    0.00003
   -0.02121
   -0.03057
   -0.05127
    0.01597
   -0.07550
    0.04385
   -0.02135
    0.02217
    0.01743
   -0.03764
   -0.02091
   -0.03525
   -0.04977
   -0.02003
   -0.00345
    0.06495
   -0.03728
    0.03692
   -0.00724
    0.05517
   -0.09946
   -0.08746
   -0.05173
    0.00470
   -0.00644
   -0.00733
    0.00927
   -0.07197
    0.06340
   -0.01897
   -0.03697
   -0.00822
   -0.04129
    0.05737
    0.02205
    0.04197
   -0.07599
    0.00273
   -0.03035
    0.06373
    0.04886
   -0.02287
   -0.00872
   -0.01041
   -0.05415
    0.06257
   -0.03198
    0.04236
    0.04307
   -0.00178
    0.01243
   -0.01422
   -0.00502
    0.00400
    0.03908
   -0.09898
   -0.01582
    0.01850
   -0.00770
    0.00414
    0.01003
   -0.06600
    0.07326
    0.02241
    0.01274
   -0.00501
    0.09698
    0.08005
    0.04943
    0.05819
   -0.00046
   -0.01239
   -0.03805
   -0.00112
    0.01903
    0.02702
   -0.01821
   -0.01173
   -0.08504
    0.01301
   -0.02986
   -0.00974
   -0.00275
    0.07605
   -0.03111
    0.02003
   -0.02278
    0.08275
   -0.00606
    0.00568
    0.02176
    0.00764
    0.03881
    0.07825
   -0.01875
   -0.02915
    0.02112
   -0.00076
   -0.00122
    0.02532
    0.01777
   -0.05261
    0.00842
   -0.00525
    0.04282
    0.03836
    0.05956
   -0.02379
    0.02771
    0.03728
   -0.06281
    0.01375
    0.03673
   -0.03597
   -0.03364
   -0.02426
    0.00343
   -0.02671
    0.03458
   -0.00879
    0.03990
   -0.00512
   -0.03040
   -0.07348
    0.06674
   -0.07361
   -0.00188
   -0.03779
   -0.04744
    0.03467
   -0.00574
    0.00675
    0.02629
    0.05294
    0.02387
    0.07719
   -0.02198
    0.08371
   -0.05575
    0.01830
    0.06917
    0.02919
    0.01500
   -0.01148
    0.01779
   -0.00473
    0.07572
    0.00634
   -0.03759
    0.03923
   -0.06354
    0.03739
    0.05905
    0.01404
   -0.03440
   -0.05481
   -0.00073
    0.01230
    0.05943
    0.01562
   -0.02022
   -0.01312
   -0.04669
    0.07489
   -0.08334
    0.01365
    0.02252
    0.03127
    0.00570
    0.08758
   -0.05830
   -0.00643
   -0.00925
    0.00306
    0.04223
    0.05985
    0.02242
    0.00558
   -0.00762
   -0.05717
    0.01704
    0.00007
    0.01480
   -0.01384
   -0.00947
    0.05593
   -0.01399
    0.05388
    0.02312
   -0.03010
    0.05836
    0.04089
   -0.08936
   -0.06685
   -0.01404
   -0.03855
    0.07311
    0.06350
    0.01104
    0.00983
    0.03478
   -0.02943
   -0.02879
    0.00737
    0.02628
   -0.01639
   -0.06455
   -0.02389
    0.06536
   -0.04321
    0.04312
    0.04917
    0.02871
    0.05867
   -0.00231
   -0.00753
    0.03493
   -0.00469
   -0.01901
    0.02826
    0.00626
   -0.00597
    0.00571
    0.02387
    0.01918
    0.01229
    0.05504
    0.05312
    0.05460
    0.01458
   -0.01300
   -0.00671
   -0.01687
    0.04010
    0.09820
   -0.02515
    0.01328
   -0.01809
   -0.01623
   -0.03955
    0.02029
    0.00270
   -0.00336
   -0.01891
    0.07879
   -0.10682
    0.02538
   -0.07261
    0.00722
   -0.06390
    0.02502
    0.00205
    0.01665
    0.02012
    0.06330
    0.01907
    0.03596
