          1          0    0.00000   -0.14250    0.12237   -0.14250    0.12237   -4.56549    4.56549    0.00000
          1         23    1.20004    0.05577   -0.01574   -0.12627   -0.01074   -4.56549   -0.12627    0.00000
          2          0    1.20004   -0.04122   -0.04981   -0.12627   -0.01074   -4.56549   -0.12627   -2.34588
          2        100    5.21855   -0.53470    0.68854   -0.64877    1.18003   -4.56549   -0.12627   -2.34588
          2        200    8.95266   -0.57947    0.81869   -0.65918    1.16599   -4.56549   -0.12627   -2.34588
          2        300   12.97886   -0.59780    0.87860   -0.66347    1.15980   -4.56549   -0.12627   -2.34588
          2        400   16.79928   -0.60822    0.91452   -0.66593    1.15612   -4.56549   -0.12627   -2.34588
          2        500   20.26875   -0.61509    0.93899   -0.66756    1.15363   -4.56549   -0.12627   -2.34588
          2        600   24.23561   -0.62003    0.95699   -0.66875    1.15179   -4.56549   -0.12627   -2.34588
          2        700   29.83588   -0.62379    0.97092   -0.66965    1.15037   -4.56549   -0.12627   -2.34588
          2        800   38.14329   -0.62683    0.98216   -0.65545    1.12662   -4.56549   -0.12627   -2.34588
          2        900   46.30653   -0.62948    0.99164   -0.65723    1.12825   -4.56549   -0.12627   -2.34588
          2       1000   54.66827   -0.63174    0.99969   -0.66539    1.15242   -4.56549   -0.12627   -2.34588
          2       1100   63.33282   -0.63367    1.00659   -0.65842    1.12917   -4.56549   -0.12627   -2.34588
          2       1200   71.59111   -0.63537    1.01264   -0.66087    1.13127   -4.56549   -0.12627   -2.34588
          2       1300   80.76300   -0.63686    1.01796   -0.66265    1.13284   -4.56549   -0.12627   -2.34588
          2       1400   88.37693   -0.63817    1.02268   -0.66296    1.13316   -4.56549   -0.12627   -2.34588
          2       1500   96.08952   -0.63937    1.02695   -0.65755    1.15784   -4.56549   -0.12627   -2.34588
          2       1600  104.38935   -0.64044    1.03079   -0.66934    1.14846   -4.56549   -0.12627   -2.34588
          2       1700  112.36948   -0.64141    1.03429   -0.66386    1.13411   -4.56549   -0.12627   -2.34588
          2       1800  120.98074   -0.64230    1.03748   -0.65897    1.15670   -4.56549   -0.12627   -2.34588
          2       1900  129.86669   -0.64311    1.04041   -0.66974    1.14764   -4.56549   -0.12627   -2.34588
          2       2000  138.48466   -0.64385    1.04311   -0.66438    1.13466   -4.56549   -0.12627   -2.34588
          2       2100  146.14002   -0.64454    1.04562   -0.66327    1.15232   -4.56549   -0.12627   -2.34588
          2       2200  154.07102   -0.64519    1.04795   -0.66495    1.13527   -4.56549   -0.12627   -2.34588
          2       2300  161.96061   -0.64579    1.05013   -0.66762    1.14864   -4.56549   -0.12627   -2.34588
          2       2400  170.28008   -0.64635    1.05216   -0.66231    1.13256   -4.56549   -0.12627   -2.34588
          2       2500  179.17349   -0.64689    1.05409   -0.66540    1.13581   -4.56549   -0.12627   -2.34588
          2       2600  187.48763   -0.64739    1.05589   -0.66866    1.14083   -4.56549   -0.12627   -2.34588
          2       2700  195.30903   -0.64786    1.05760   -0.67006    1.14661   -4.56549   -0.12627   -2.34588
          2       2800  204.16119   -0.64831    1.05921   -0.66768    1.14824   -4.56549   -0.12627   -2.34588
          2       2900  213.40985   -0.64873    1.06073   -0.66399    1.15140   -4.56549   -0.12627   -2.34588
          2       3000  221.76950   -0.64912    1.06217   -0.66313    1.13333   -4.56549   -0.12627   -2.34588
          2       3100  230.72482   -0.64950    1.06354   -0.66489    1.13516   -4.56549   -0.12627   -2.34588
          2       3200  239.97028   -0.64986    1.06485   -0.66731    1.13832   -4.56549   -0.12627   -2.34588
          2       3300  248.66490   -0.65020    1.06609   -0.67066    1.14533   -4.56549   -0.12627   -2.34588
          2       3400  256.01064   -0.65053    1.06728   -0.66936    1.14663   -4.56549   -0.12627   -2.34588
          2       3500  264.82835   -0.65084    1.06842   -0.66663    1.14881   -4.56549   -0.12627   -2.34588
          2       3600  273.07675   -0.65113    1.06950   -0.66243    1.15320   -4.56549   -0.12627   -2.34588
          2       3700  281.21043   -0.65142    1.07054   -0.66452    1.13472   -4.56549   -0.12627   -2.34588
          2       3800  289.41075   -0.65169    1.07154   -0.66642    1.13697   -4.56549   -0.12627   -2.34588
          2       3900  297.85275   -0.65195    1.07250   -0.66897    1.14113   -4.56549   -0.12627   -2.34588
          2       4000  306.01602   -0.65220    1.07342   -0.67059    1.14540   -4.56549   -0.12627   -2.34588
          2       4100  313.62819   -0.65244    1.07431   -0.66847    1.14704   -4.56549   -0.12627   -2.34588
          2       4200  320.81923   -0.65268    1.07516   -0.66538    1.14992   -4.56549   -0.12627   -2.34588
          2       4300  328.90218   -0.65290    1.07598   -0.66426    1.13441   -4.56549   -0.12627   -2.34588
          2       4400  336.94808   -0.65311    1.07677   -0.66579    1.13613   -4.56549   -0.12627   -2.34588
          2       4500  345.61973   -0.65332    1.07754   -0.66782    1.13895   -4.56549   -0.12627   -2.34588
          2       4600  355.11667   -0.65352    1.07828   -0.67050    1.14443   -4.56549   -0.12627   -2.34588
          2       4700  363.44934   -0.65372    1.07900   -0.66983    1.14573   -4.56549   -0.12627   -2.34588
          2       4800  371.71062   -0.65391    1.07969   -0.66743    1.14781   -4.56549   -0.12627   -2.34588
          2       4900  379.66831   -0.65409    1.08036   -0.66394    1.15158   -4.56549   -0.12627   -2.34588
          2       5000  387.40287   -0.65426    1.08101   -0.66532    1.13554   -4.56549   -0.12627   -2.34588
          2       5100  395.77259   -0.65443    1.08165   -0.66698    1.13763   -4.56549   -0.12627   -2.34588
          2       5200  404.82689   -0.65460    1.08226   -0.66914    1.14122   -4.56549   -0.12627   -2.34588
          2       5300  413.39836   -0.65476    1.08285   -0.67088    1.14472   -4.56549   -0.12627   -2.34588
          2       5400  421.31007   -0.65491    1.08343   -0.66895    1.14631   -4.56549   -0.12627   -2.34588
          2       5500  429.59238   -0.65506    1.08399   -0.66625    1.14894   -4.56549   -0.12627   -2.34588
          2       5600  437.66522   -0.65521    1.08453   -0.66498    1.13512   -4.56549   -0.12627   -2.34588
          2       5700  445.38410   -0.65535    1.08507   -0.66512    1.13530   -4.56549   -0.12627   -2.34588
          2       5800  452.69382   -0.65549    1.08559   -0.66569    1.13595   -4.56549   -0.12627   -2.34588
          2       5900  461.60598   -0.65563    1.08609   -0.66574    1.13601   -4.56549   -0.12627   -2.34588
          2       6000  470.77086   -0.65577    1.08659   -0.66578    1.13606   -4.56549   -0.12627   -2.34588
          2       6100  479.70037   -0.65590    1.08707   -0.66582    1.13610   -4.56549   -0.12627   -2.34588
          2       6200  487.63345   -0.65602    1.08753   -0.66534    1.13554   -4.56549   -0.12627   -2.34588
          2       6300  496.57199   -0.65615    1.08799   -0.66465    1.15067   -4.56549   -0.12627   -2.34588
          2       6400  505.09728   -0.65627    1.08844   -0.66601    1.14892   -4.56549   -0.12627   -2.34588
          2       6500  513.94396   -0.65639    1.08888   -0.66660    1.14854   -4.56549   -0.12627   -2.34588
          2       6600  522.17708   -0.65650    1.08930   -0.66786    1.14716   -4.56549   -0.12627   -2.34588
          2       6700  529.86944   -0.65662    1.08972   -0.66877    1.14619   -4.56549   -0.12627   -2.34588
          2       6800  538.24640   -0.65673    1.09012   -0.66920    1.14591   -4.56549   -0.12627   -2.34588
          2       6900  546.89041   -0.65684    1.09052   -0.67008    1.14509   -4.56549   -0.12627   -2.34588
          2       7000  554.53024   -0.65694    1.09091   -0.67073    1.14448   -4.56549   -0.12627   -2.34588
          2       7100  562.72325   -0.65704    1.09129   -0.67088    1.14425   -4.56549   -0.12627   -2.34588
          2       7200  571.12145   -0.65714    1.09166   -0.66954    1.14156   -4.56549   -0.12627   -2.34588
          2       7300  579.38635   -0.65724    1.09203   -0.66857    1.13983   -4.56549   -0.12627   -2.34588
          2       7400  587.68050   -0.65734    1.09239   -0.66766    1.13848   -4.56549   -0.12627   -2.34588
          2       7500  596.45758   -0.65744    1.09274   -0.66654    1.13687   -4.56549   -0.12627   -2.34588
          2       7543  600.03465   -0.65748    1.09289   -0.66771    1.14711   -4.56549   -0.12627   -2.34588
