          0          0    0.00000   -1.03183   -0.02274   -1.03183   -0.02274
          1          0    0.45224   -1.03183   -0.02274   -1.03183   -0.02274
          1        100   12.39433   -1.03780   -0.02430   -1.03871   -0.02426
          1        200   24.02815   -1.03843   -0.02426   -1.03929   -0.02402
          1        300   36.51180   -1.03870   -0.02424   -1.03924   -0.02417
          1        400   48.73236   -1.03886   -0.02423   -1.03949   -0.02402
          1        500   61.26198   -1.03897   -0.02422   -1.03961   -0.02418
          1        600   73.26480   -1.03906   -0.02422   -1.03956   -0.02418
          1        700   84.88492   -1.03912   -0.02421   -1.03946   -0.02421
          1        800   97.07325   -1.03917   -0.02421   -1.03967   -0.02420
          1        900  108.51630   -1.03921   -0.02421   -1.03940   -0.02420
          1       1000  120.70815   -1.03925   -0.02421   -1.03958   -0.02418
          1       1100  132.41595   -1.03928   -0.02420   -1.03955   -0.02415
          1       1200  143.70367   -1.03930   -0.02420   -1.03962   -0.02426
          1       1300  155.79375   -1.03932   -0.02420   -1.03966   -0.02421
          1       1400  168.91691   -1.03935   -0.02420   -1.03963   -0.02415
          1       1500  180.75958   -1.03936   -0.02420   -1.03963   -0.02417
          1       1600  193.90109   -1.03938   -0.02420   -1.03967   -0.02412
          1       1700  206.24021   -1.03940   -0.02420   -1.03970   -0.02418
          1       1800  217.55084   -1.03941   -0.02420   -1.03977   -0.02420
          1       1900  229.03960   -1.03942   -0.02420   -1.03969   -0.02412
          1       2000  240.89758   -1.03943   -0.02420   -1.03964   -0.02416
          1       2100  252.75125   -1.03945   -0.02420   -1.03977   -0.02413
          1       2200  264.47813   -1.03946   -0.02419   -1.03971   -0.02418
          1       2300  277.05277   -1.03946   -0.02419   -1.03969   -0.02410
          1       2400  289.04107   -1.03947   -0.02419   -1.03963   -0.02416
          1       2500  301.02833   -1.03948   -0.02419   -1.03971   -0.02425
          1       2600  312.73821   -1.03949   -0.02419   -1.03967   -0.02415
          1       2700  324.48526   -1.03950   -0.02419   -1.03969   -0.02419
          1       2800  335.94931   -1.03950   -0.02419   -1.03973   -0.02410
          1       2900  347.96005   -1.03951   -0.02419   -1.03967   -0.02411
          1       3000  359.23595   -1.03952   -0.02419   -1.03972   -0.02420
          1       3100  370.61855   -1.03952   -0.02419   -1.03976   -0.02423
          1       3200  382.47885   -1.03953   -0.02419   -1.03981   -0.02418
          1       3300  394.39547   -1.03953   -0.02419   -1.03974   -0.02419
          1       3400  406.63882   -1.03954   -0.02419   -1.03979   -0.02418
          1       3500  418.80694   -1.03954   -0.02419   -1.03967   -0.02424
          1       3600  431.62944   -1.03955   -0.02419   -1.03979   -0.02417
          1       3700  443.72317   -1.03955   -0.02419   -1.03976   -0.02412
          1       3800  455.15933   -1.03956   -0.02419   -1.03966   -0.02413
          1       3900  467.39724   -1.03956   -0.02419   -1.03975   -0.02420
          1       4000  478.60644   -1.03957   -0.02419   -1.03975   -0.02414
          1       4100  490.58191   -1.03957   -0.02419   -1.03975   -0.02415
          1       4200  502.04274   -1.03957   -0.02419   -1.03978   -0.02419
          1       4300  513.59251   -1.03958   -0.02419   -1.03971   -0.02421
          1       4400  525.26121   -1.03958   -0.02419   -1.03974   -0.02421
          1       4500  536.66988   -1.03958   -0.02419   -1.03979   -0.02421
          1       4600  548.78655   -1.03959   -0.02419   -1.03968   -0.02412
          1       4700  560.75182   -1.03959   -0.02419   -1.03977   -0.02410
          1       4800  573.49087   -1.03959   -0.02419   -1.03974   -0.02423
          1       4900  585.53488   -1.03960   -0.02419   -1.03972   -0.02414
          1       5000  597.27066   -1.03960   -0.02419   -1.03976   -0.02419
          1       5100  609.06634   -1.03960   -0.02419   -1.03979   -0.02414
          1       5200  620.83375   -1.03961   -0.02419   -1.03977   -0.02422
          1       5300  632.12341   -1.03961   -0.02419   -1.03971   -0.02418
          1       5400  643.44889   -1.03961   -0.02419   -1.03973   -0.02420
          1       5500  654.95806   -1.03961   -0.02419   -1.03976   -0.02420
          1       5600  666.56066   -1.03962   -0.02419   -1.03971   -0.02416
          1       5700  679.99707   -1.03962   -0.02419   -1.03976   -0.02420
          1       5800  691.78090   -1.03962   -0.02419   -1.03978   -0.02419
          1       5900  703.96534   -1.03962   -0.02419   -1.03978   -0.02417
          1       6000  715.96718   -1.03962   -0.02419   -1.03979   -0.02415
          1       6100  727.55246   -1.03963   -0.02419   -1.03982   -0.02416
          1       6200  739.03787   -1.03963   -0.02419   -1.03972   -0.02419
          1       6300  750.72431   -1.03963   -0.02419   -1.03975   -0.02414
          1       6400  762.76836   -1.03963   -0.02419   -1.03975   -0.02417
          1       6500  774.41934   -1.03964   -0.02419   -1.03979   -0.02419
          1       6600  786.32630   -1.03964   -0.02419   -1.03982   -0.02418
          1       6700  798.09367   -1.03964   -0.02419   -1.03975   -0.02416
          1       6800  809.52967   -1.03964   -0.02419   -1.03981   -0.02413
          1       6900  820.94483   -1.03964   -0.02419   -1.03978   -0.02417
          1       7000  832.76354   -1.03964   -0.02419   -1.03978   -0.02420
          1       7100  844.15762   -1.03965   -0.02419   -1.03979   -0.02417
          1       7200  855.39954   -1.03965   -0.02419   -1.03982   -0.02419
          1       7300  867.24179   -1.03965   -0.02419   -1.03979   -0.02417
          1       7400  878.88023   -1.03965   -0.02419   -1.03982   -0.02418
          1       7500  890.92897   -1.03965   -0.02419   -1.03980   -0.02419
          1       7600  902.93808   -1.03965   -0.02418   -1.03983   -0.02416
          1       7700  914.45456   -1.03966   -0.02418   -1.03977   -0.02415
          1       7800  926.38900   -1.03966   -0.02418   -1.03977   -0.02415
          1       7900  938.55402   -1.03966   -0.02418   -1.03973   -0.02413
          1       8000  952.08890   -1.03966   -0.02418   -1.03975   -0.02420
          1       8100  964.42915   -1.03966   -0.02418   -1.03981   -0.02417
          1       8200  975.99155   -1.03966   -0.02418   -1.03977   -0.02418
          1       8300  987.36498   -1.03966   -0.02418   -1.03979   -0.02421
          1       8400 1000.08674   -1.03966   -0.02418   -1.03979   -0.02417
          1       8500 1013.38136   -1.03967   -0.02418   -1.03979   -0.02416
          1       8600 1025.33768   -1.03967   -0.02418   -1.03977   -0.02416
          1       8700 1037.65313   -1.03967   -0.02418   -1.03980   -0.02416
          1       8800 1049.22952   -1.03967   -0.02418   -1.03977   -0.02420
          1       8900 1060.87745   -1.03967   -0.02418   -1.03978   -0.02415
          1       9000 1073.07629   -1.03967   -0.02418   -1.03977   -0.02418
          1       9100 1085.08588   -1.03967   -0.02418   -1.03979   -0.02419
          1       9200 1096.88460   -1.03967   -0.02418   -1.03975   -0.02420
          1       9300 1109.15408   -1.03968   -0.02418   -1.03979   -0.02417
          1       9400 1120.71696   -1.03968   -0.02418   -1.03982   -0.02419
          1       9500 1132.79027   -1.03968   -0.02418   -1.03978   -0.02415
          1       9600 1144.54915   -1.03968   -0.02418   -1.03980   -0.02417
          1       9700 1156.33271   -1.03968   -0.02418   -1.03982   -0.02419
          1       9800 1168.27478   -1.03968   -0.02418   -1.03982   -0.02417
          1       9900 1180.27610   -1.03968   -0.02418   -1.03980   -0.02419
          1      10000 1192.26237   -1.03968   -0.02418   -1.03979   -0.02420
          1      10100 1204.24353   -1.03968   -0.02418   -1.03977   -0.02419
          1      10200 1215.95260   -1.03969   -0.02418   -1.03973   -0.02415
          1      10300 1228.11558   -1.03969   -0.02418   -1.03980   -0.02415
          1      10400 1241.03837   -1.03969   -0.02418   -1.03979   -0.02417
          1      10500 1253.21254   -1.03969   -0.02418   -1.03975   -0.02419
          1      10600 1264.28910   -1.03969   -0.02418   -1.03980   -0.02417
          1      10700 1276.12577   -1.03969   -0.02418   -1.03980   -0.02418
          1      10800 1287.70929   -1.03969   -0.02418   -1.03976   -0.02420
          1      10900 1299.63955   -1.03969   -0.02418   -1.03982   -0.02415
          1      11000 1311.14241   -1.03969   -0.02418   -1.03983   -0.02416
          1      11100 1324.45487   -1.03969   -0.02418   -1.03977   -0.02421
          1      11200 1336.70889   -1.03969   -0.02418   -1.03981   -0.02417
          1      11300 1348.93333   -1.03969   -0.02418   -1.03981   -0.02417
          1      11400 1360.90238   -1.03970   -0.02418   -1.03980   -0.02414
          1      11500 1372.71080   -1.03970   -0.02418   -1.03979   -0.02417
          1      11600 1384.37092   -1.03970   -0.02418   -1.03980   -0.02420
          1      11700 1396.03839   -1.03970   -0.02418   -1.03980   -0.02420
          1      11800 1407.91376   -1.03970   -0.02418   -1.03980   -0.02418
          1      11900 1420.78867   -1.03970   -0.02418   -1.03980   -0.02419
          1      12000 1433.35345   -1.03970   -0.02418   -1.03982   -0.02418
          1      12100 1445.08900   -1.03970   -0.02418   -1.03980   -0.02415
          1      12200 1457.23298   -1.03970   -0.02418   -1.03980   -0.02419
          1      12300 1468.56494   -1.03970   -0.02418   -1.03978   -0.02415
          1      12400 1480.19170   -1.03970   -0.02418   -1.03982   -0.02415
          1      12500 1491.71280   -1.03970   -0.02418   -1.03980   -0.02417
          1      12600 1503.54405   -1.03970   -0.02418   -1.03981   -0.02420
          1      12700 1515.49717   -1.03971   -0.02418   -1.03978   -0.02418
          1      12800 1527.14225   -1.03971   -0.02418   -1.03981   -0.02415
          1      12900 1538.61789   -1.03971   -0.02418   -1.03982   -0.02417
          1      13000 1550.74896   -1.03971   -0.02418   -1.03980   -0.02419
          1      13100 1563.39327   -1.03971   -0.02418   -1.03980   -0.02417
          1      13200 1575.80761   -1.03971   -0.02418   -1.03979   -0.02417
          1      13300 1588.88608   -1.03971   -0.02418   -1.03984   -0.02418
          1      13400 1600.93855   -1.03971   -0.02418   -1.03981   -0.02418
          1      13500 1613.45707   -1.03971   -0.02418   -1.03977   -0.02416
          1      13600 1624.96460   -1.03971   -0.02418   -1.03980   -0.02418
          1      13700 1637.17184   -1.03971   -0.02418   -1.03979   -0.02415
          1      13800 1648.78007   -1.03971   -0.02418   -1.03982   -0.02418
          1      13900 1661.39217   -1.03971   -0.02418   -1.03980   -0.02418
          1      14000 1673.18764   -1.03971   -0.02418   -1.03983   -0.02415
          1      14100 1685.85428   -1.03971   -0.02418   -1.03980   -0.02416
          1      14200 1699.34195   -1.03972   -0.02418   -1.03984   -0.02416
          1      14300 1711.17999   -1.03972   -0.02418   -1.03979   -0.02417
          1      14400 1723.27837   -1.03972   -0.02418   -1.03982   -0.02417
          1      14500 1734.78310   -1.03972   -0.02418   -1.03974   -0.02420
          1      14600 1746.17213   -1.03972   -0.02418   -1.03979   -0.02419
          1      14700 1758.74109   -1.03972   -0.02418   -1.03980   -0.02416
          1      14800 1769.82942   -1.03972   -0.02418   -1.03980   -0.02420
          1      14900 1781.49036   -1.03972   -0.02418   -1.03977   -0.02416
          1      15000 1794.56185   -1.03972   -0.02418   -1.03983   -0.02418
          1      15100 1806.56499   -1.03972   -0.02418   -1.03982   -0.02420
          1      15200 1819.42354   -1.03972   -0.02418   -1.03982   -0.02415
          1      15300 1832.32523   -1.03972   -0.02418   -1.03977   -0.02416
          1      15400 1844.96229   -1.03972   -0.02418   -1.03976   -0.02422
          1      15500 1857.47767   -1.03972   -0.02418   -1.03983   -0.02418
          1      15600 1870.11553   -1.03972   -0.02418   -1.03980   -0.02421
          1      15700 1882.52471   -1.03972   -0.02418   -1.03980   -0.02421
          1      15800 1895.15301   -1.03972   -0.02418   -1.03982   -0.02421
          1      15900 1907.46696   -1.03972   -0.02418   -1.03980   -0.02416
          1      16000 1919.83716   -1.03972   -0.02418   -1.03981   -0.02419
          1      16100 1931.88744   -1.03973   -0.02418   -1.03983   -0.02417
          1      16200 1943.42584   -1.03973   -0.02418   -1.03982   -0.02418
          1      16300 1955.09018   -1.03973   -0.02418   -1.03978   -0.02418
          1      16400 1966.77369   -1.03973   -0.02418   -1.03981   -0.02416
          1      16500 1978.91842   -1.03973   -0.02418   -1.03981   -0.02417
          1      16600 1991.70887   -1.03973   -0.02418   -1.03979   -0.02415
          1      16700 2003.63187   -1.03973   -0.02418   -1.03983   -0.02419
          1      16800 2015.97139   -1.03973   -0.02418   -1.03981   -0.02417
          1      16900 2027.43262   -1.03973   -0.02418   -1.03979   -0.02422
          1      17000 2038.42292   -1.03973   -0.02418   -1.03982   -0.02417
          1      17100 2050.22324   -1.03973   -0.02418   -1.03981   -0.02418
          1      17200 2061.86586   -1.03973   -0.02418   -1.03981   -0.02418
          1      17300 2073.51426   -1.03973   -0.02418   -1.03985   -0.02418
          1      17400 2085.52323   -1.03973   -0.02418   -1.03983   -0.02418
          1      17500 2096.94485   -1.03973   -0.02418   -1.03984   -0.02417
          1      17600 2108.94844   -1.03973   -0.02418   -1.03982   -0.02418
          1      17700 2120.94139   -1.03973   -0.02418   -1.03981   -0.02420
          1      17800 2132.34382   -1.03973   -0.02418   -1.03981   -0.02417
          1      17900 2144.30823   -1.03973   -0.02418   -1.03979   -0.02415
          1      18000 2156.04447   -1.03973   -0.02418   -1.03979   -0.02419
          1      18100 2167.65770   -1.03973   -0.02418   -1.03977   -0.02418
          1      18200 2179.74252   -1.03973   -0.02418   -1.03980   -0.02422
          1      18300 2191.66993   -1.03974   -0.02418   -1.03979   -0.02417
          1      18400 2203.66801   -1.03974   -0.02418   -1.03982   -0.02416
          1      18500 2215.86502   -1.03974   -0.02418   -1.03981   -0.02416
          1      18600 2228.02198   -1.03974   -0.02418   -1.03985   -0.02418
          1      18700 2239.94070   -1.03974   -0.02418   -1.03984   -0.02417
          1      18800 2251.63125   -1.03974   -0.02418   -1.03980   -0.02414
          1      18900 2263.22789   -1.03974   -0.02418   -1.03984   -0.02418
          1      19000 2275.13124   -1.03974   -0.02418   -1.03979   -0.02421
          1      19100 2286.29987   -1.03974   -0.02418   -1.03983   -0.02419
          1      19200 2297.67521   -1.03974   -0.02418   -1.03981   -0.02420
          1      19300 2309.42760   -1.03974   -0.02418   -1.03983   -0.02417
          1      19400 2320.86325   -1.03974   -0.02418   -1.03980   -0.02416
          1      19500 2331.97007   -1.03974   -0.02418   -1.03982   -0.02417
          1      19600 2343.48235   -1.03974   -0.02418   -1.03983   -0.02418
          1      19700 2355.11962   -1.03974   -0.02418   -1.03982   -0.02420
          1      19800 2366.82338   -1.03974   -0.02418   -1.03985   -0.02419
          1      19900 2378.47619   -1.03974   -0.02418   -1.03981   -0.02417
          1      20000 2390.18208   -1.03974   -0.02418   -1.03976   -0.02418
          1      20100 2402.28867   -1.03974   -0.02418   -1.03981   -0.02418
          1      20200 2414.46984   -1.03974   -0.02418   -1.03983   -0.02420
          1      20300 2425.84945   -1.03974   -0.02418   -1.03982   -0.02415
          1      20400 2437.02641   -1.03974   -0.02418   -1.03981   -0.02418
          1      20500 2449.04852   -1.03974   -0.02418   -1.03981   -0.02417
          1      20600 2460.60489   -1.03974   -0.02418   -1.03980   -0.02417
          1      20700 2472.80072   -1.03974   -0.02418   -1.03983   -0.02415
          1      20800 2484.92769   -1.03974   -0.02418   -1.03983   -0.02419
          1      20900 2496.49791   -1.03974   -0.02418   -1.03983   -0.02417
          1      21000 2508.40406   -1.03974   -0.02418   -1.03982   -0.02416
          1      21100 2520.14648   -1.03975   -0.02418   -1.03983   -0.02417
          1      21200 2532.12624   -1.03975   -0.02418   -1.03983   -0.02419
          1      21300 2543.92901   -1.03975   -0.02418   -1.03981   -0.02415
          1      21400 2555.33277   -1.03975   -0.02418   -1.03981   -0.02415
          1      21500 2567.21473   -1.03975   -0.02418   -1.03980   -0.02418
          1      21600 2578.96980   -1.03975   -0.02418   -1.03981   -0.02416
          1      21700 2590.33501   -1.03975   -0.02418   -1.03981   -0.02418
          1      21800 2602.63839   -1.03975   -0.02418   -1.03983   -0.02416
          1      21900 2614.20993   -1.03975   -0.02418   -1.03981   -0.02417
          1      22000 2625.71708   -1.03975   -0.02418   -1.03983   -0.02418
          1      22100 2637.86314   -1.03975   -0.02418   -1.03985   -0.02417
          1      22200 2649.86036   -1.03975   -0.02418   -1.03980   -0.02416
          1      22300 2661.08478   -1.03975   -0.02418   -1.03981   -0.02420
          1      22400 2672.81154   -1.03975   -0.02418   -1.03983   -0.02417
          1      22500 2684.17586   -1.03975   -0.02418   -1.03982   -0.02416
          1      22600 2695.55981   -1.03975   -0.02418   -1.03983   -0.02418
          1      22700 2706.67802   -1.03975   -0.02418   -1.03983   -0.02418
          1      22800 2718.27400   -1.03975   -0.02418   -1.03982   -0.02416
          1      22900 2729.33930   -1.03975   -0.02418   -1.03982   -0.02416
          1      23000 2740.67831   -1.03975   -0.02418   -1.03981   -0.02418
          1      23100 2752.84638   -1.03975   -0.02418   -1.03981   -0.02416
          1      23200 2764.81959   -1.03975   -0.02418   -1.03980   -0.02417
          1      23300 2776.17266   -1.03975   -0.02418   -1.03982   -0.02417
          1      23400 2788.38496   -1.03975   -0.02418   -1.03980   -0.02417
          1      23500 2800.36919   -1.03975   -0.02418   -1.03983   -0.02418
          1      23600 2811.90009   -1.03975   -0.02418   -1.03985   -0.02418
          1      23700 2823.20201   -1.03975   -0.02418   -1.03983   -0.02419
          1      23800 2834.69664   -1.03975   -0.02418   -1.03986   -0.02418
          1      23900 2847.00968   -1.03975   -0.02418   -1.03982   -0.02418
          1      24000 2858.36826   -1.03975   -0.02418   -1.03983   -0.02417
          1      24100 2870.13751   -1.03975   -0.02418   -1.03984   -0.02417
          1      24200 2881.48017   -1.03975   -0.02418   -1.03984   -0.02418
          1      24300 2893.60080   -1.03975   -0.02418   -1.03983   -0.02415
          1      24400 2905.01123   -1.03975   -0.02418   -1.03982   -0.02418
          1      24500 2916.66522   -1.03976   -0.02418   -1.03982   -0.02419
          1      24600 2928.26416   -1.03976   -0.02418   -1.03982   -0.02419
          1      24700 2939.85660   -1.03976   -0.02418   -1.03983   -0.02417
          1      24800 2951.65069   -1.03976   -0.02418   -1.03985   -0.02416
          1      24900 2963.73721   -1.03976   -0.02418   -1.03983   -0.02415
          1      25000 2975.37399   -1.03976   -0.02418   -1.03978   -0.02416
          1      25100 2986.97000   -1.03976   -0.02418   -1.03982   -0.02415
          1      25200 2998.72254   -1.03976   -0.02418   -1.03981   -0.02418
          1      25300 3010.14539   -1.03976   -0.02418   -1.03980   -0.02419
          1      25400 3021.36972   -1.03976   -0.02418   -1.03980   -0.02420
          1      25500 3033.16951   -1.03976   -0.02418   -1.03982   -0.02418
          1      25600 3044.62550   -1.03976   -0.02418   -1.03982   -0.02417
          1      25700 3056.46600   -1.03976   -0.02418   -1.03983   -0.02420
          1      25800 3067.60643   -1.03976   -0.02418   -1.03983   -0.02418
          1      25900 3079.76860   -1.03976   -0.02418   -1.03984   -0.02417
          1      26000 3091.15748   -1.03976   -0.02418   -1.03983   -0.02417
          1      26100 3102.78520   -1.03976   -0.02418   -1.03984   -0.02417
          1      26200 3114.32697   -1.03976   -0.02418   -1.03983   -0.02415
          1      26300 3126.20297   -1.03976   -0.02418   -1.03982   -0.02418
          1      26400 3138.04797   -1.03976   -0.02418   -1.03984   -0.02418
          1      26500 3150.23646   -1.03976   -0.02418   -1.03981   -0.02419
          1      26600 3161.93862   -1.03976   -0.02418   -1.03980   -0.02418
          1      26700 3173.64644   -1.03976   -0.02418   -1.03980   -0.02417
          1      26800 3185.11881   -1.03976   -0.02418   -1.03981   -0.02419
          1      26900 3197.83539   -1.03976   -0.02418   -1.03983   -0.02418
          1      27000 3210.56214   -1.03976   -0.02418   -1.03983   -0.02417
          1      27100 3221.94612   -1.03976   -0.02418   -1.03979   -0.02415
          1      27200 3234.09972   -1.03976   -0.02418   -1.03981   -0.02418
          1      27300 3246.03968   -1.03976   -0.02418   -1.03985   -0.02416
          1      27400 3258.20780   -1.03976   -0.02418   -1.03985   -0.02417
          1      27500 3269.58049   -1.03976   -0.02418   -1.03981   -0.02418
          1      27600 3282.04136   -1.03976   -0.02418   -1.03983   -0.02419
          1      27700 3293.20987   -1.03976   -0.02418   -1.03986   -0.02418
          1      27800 3304.72871   -1.03976   -0.02418   -1.03985   -0.02418
          1      27900 3316.16151   -1.03976   -0.02418   -1.03980   -0.02416
          1      28000 3327.86281   -1.03976   -0.02418   -1.03981   -0.02417
          1      28100 3339.82643   -1.03976   -0.02418   -1.03984   -0.02416
          1      28200 3351.46079   -1.03976   -0.02418   -1.03983   -0.02418
          1      28300 3362.85275   -1.03976   -0.02418   -1.03982   -0.02418
          1      28400 3373.94344   -1.03976   -0.02418   -1.03985   -0.02416
          1      28500 3385.52560   -1.03976   -0.02418   -1.03984   -0.02415
          1      28600 3397.01412   -1.03976   -0.02418   -1.03983   -0.02415
          1      28700 3408.42654   -1.03976   -0.02418   -1.03982   -0.02420
          1      28800 3419.76696   -1.03976   -0.02418   -1.03981   -0.02420
          1      28900 3431.69494   -1.03977   -0.02418   -1.03983   -0.02416
          1      29000 3443.75190   -1.03977   -0.02418   -1.03982   -0.02419
          1      29100 3455.17799   -1.03977   -0.02418   -1.03983   -0.02417
          1      29200 3466.97739   -1.03977   -0.02418   -1.03980   -0.02417
          1      29300 3479.40955   -1.03977   -0.02418   -1.03986   -0.02419
          1      29400 3491.25672   -1.03977   -0.02418   -1.03984   -0.02416
          1      29500 3503.23951   -1.03977   -0.02418   -1.03983   -0.02419
          1      29600 3514.79862   -1.03977   -0.02418   -1.03981   -0.02417
          1      29700 3526.23327   -1.03977   -0.02418   -1.03983   -0.02418
          1      29800 3537.99880   -1.03977   -0.02418   -1.03983   -0.02416
          1      29900 3549.59083   -1.03977   -0.02418   -1.03982   -0.02417
          1      30000 3560.61306   -1.03977   -0.02418   -1.03983   -0.02421
          1      30100 3572.15213   -1.03977   -0.02418   -1.03981   -0.02414
          1      30200 3583.55672   -1.03977   -0.02418   -1.03980   -0.02418
          1      30300 3594.59541   -1.03977   -0.02418   -1.03983   -0.02414
          1      30363 3600.02644   -1.03977   -0.02418   -1.03982   -0.02417
