 454337563414433
       4789
 3600.42987
   -0.99835
    0.03307
   -1.01686
    0.03673

    0.03828
    0.04568
   -0.07059
   -0.02796
    0.02756
    0.01660
    0.03658
   -0.01938
   -0.01953
    0.03841
   -0.03013
   -0.05171
   -0.03935
   -0.00482
   -0.00800
   -0.03858
    0.02557
   -0.05571
   -0.00815
    0.03349
    0.00501
    0.04105
    0.06029
    0.02963
   -0.03697
    0.02915
    0.01627
   -0.06897
    0.02982
    0.03720
    0.04822
   -0.04560
    0.02156
    0.01319
   -0.04436
    0.04541
    0.07304
    0.03106
    0.01473
   -0.02261
    0.04660
   -0.02610
    0.02492
   -0.03999
   -0.05565
    0.00358
    0.03234
   -0.00383
   -0.05030
    0.00405
   -0.00188
    0.04432
    0.06551
    0.06689
    0.00712
    0.04278
    0.06135
    0.04176
   -0.05065
    0.05201
    0.05733
   -0.02574
    0.04642
    0.01482
   -0.00195
    0.04869
    0.00865
   -0.04093
    0.02508
    0.05138
   -0.02858
   -0.03454
    0.03392
   -0.04564
    0.05613
    0.03418
   -0.00424
   -0.05547
   -0.05603
   -0.00470
   -0.02810
   -0.00247
    0.03270
   -0.02240
    0.04637
    0.04828
    0.01120
   -0.06510
   -0.06863
   -0.06326
    0.01954
   -0.06295
    0.03817
    0.04708
   -0.03113
   -0.03442
   -0.01326
   -0.06572
   -0.03988
   -0.01668
    0.01329
   -0.04875
    0.07643
   -0.01024
    0.02847
   -0.00028
    0.04052
    0.05642
   -0.06631
   -0.06063
   -0.01601
    0.04477
   -0.05299
    0.06630
    0.06550
   -0.05727
    0.03211
   -0.03025
   -0.02914
   -0.00534
   -0.03683
    0.05553
   -0.00165
   -0.04115
    0.06051
    0.00010
   -0.03242
    0.01034
    0.03113
   -0.05830
    0.02290
   -0.04702
    0.05085
    0.04739
   -0.01794
    0.02670
    0.03339
   -0.00489
    0.04291
   -0.03739
    0.04665
    0.05873
   -0.00254
   -0.02444
    0.04284
    0.06230
    0.05811
   -0.06622
   -0.03387
    0.04709
    0.03833
   -0.02512
    0.04026
   -0.00293
    0.03977
   -0.02495
   -0.02915
   -0.06080
   -0.00999
   -0.02691
   -0.02935
    0.02206
    0.05016
   -0.00144
    0.00431
   -0.05962
   -0.05427
    0.04661
    0.00304
    0.01153
   -0.02148
    0.05355
   -0.01751
   -0.05765
    0.02448
   -0.06112
    0.02347
    0.01176
    0.02865
    0.05050
   -0.00188
   -0.04463
    0.03509
    0.06947
   -0.04821
   -0.05310
    0.04282
    0.03266
    0.04679
   -0.04703
   -0.05678
    0.00688
   -0.01369
   -0.02439
   -0.04250
    0.05042
   -0.03777
   -0.00465
    0.00666
    0.02193
   -0.02409
    0.05774
   -0.04440
    0.00043
    0.05675
    0.05313
    0.01768
    0.05701
    0.01225
   -0.05687
    0.02074
   -0.01720
   -0.00878
    0.06068
    0.04354
   -0.03506
   -0.01090
    0.00165
    0.02551
    0.04447
   -0.03771
   -0.01542
    0.06614
    0.06139
    0.03717
   -0.04635
    0.03037
    0.00684
    0.02882
   -0.03930
    0.06259
   -0.02639
    0.05104
   -0.05201
   -0.07139
   -0.05911
   -0.05285
   -0.00707
   -0.07631
    0.04248
   -0.04672
   -0.05233
   -0.01364
    0.05319
    0.06942
    0.01153
    0.05927
   -0.05061
   -0.04249
   -0.05113
    0.05452
   -0.01120
   -0.06325
    0.01381
   -0.03095
    0.07271
   -0.07062
    0.00015
   -0.03272
   -0.04730
    0.04184
   -0.02758
   -0.01661
   -0.05389
    0.07372
   -0.04009
   -0.05005
    0.06936
    0.06400
   -0.06833
   -0.02684
    0.00311
   -0.05071
    0.06021
    0.05709
    0.00157
    0.04543
   -0.06065
    0.00529
   -0.04554
    0.05723
    0.01244
   -0.02347
   -0.03731
    0.00732
   -0.02776
   -0.05145
    0.03185
    0.03045
   -0.05090
    0.06636
   -0.01889
   -0.00660
   -0.04695
    0.00191
    0.00500
    0.05068
    0.06695
   -0.04304
   -0.00105
   -0.01396
   -0.06288
   -0.04355
    0.04580
    0.01561
    0.00032
   -0.00052
   -0.04673
   -0.02508
   -0.06723
    0.03306
   -0.00908
    0.04828
   -0.03012
    0.00208
   -0.03241
    0.01565
    0.02829
    0.04202
   -0.00671
    0.03154
    0.02062
   -0.01345
    0.00310
    0.02490
   -0.05637
   -0.03012
    0.00137
    0.03337
    0.05509
   -0.03516
    0.01466
   -0.02289
   -0.07869
    0.03758
   -0.03711
    0.06220
   -0.01039
   -0.01334
    0.04676
    0.00153
   -0.04109
   -0.01553
   -0.05510
   -0.01445
   -0.02713
   -0.05570
   -0.01358
   -0.00124
   -0.03472
   -0.02688
   -0.05662
    0.04454
   -0.01094
    0.00466
    0.00984
    0.00133
   -0.02647
    0.06765
   -0.05736
    0.01931
   -0.03560
   -0.01415
    0.02954
    0.01783
   -0.03908
   -0.02317
    0.02037
   -0.05294
   -0.05035
   -0.02344
   -0.05750
    0.00145
    0.00919
    0.01083
    0.03832
   -0.00829
   -0.04237
   -0.01358
   -0.02998
   -0.00069
   -0.04247
   -0.01369
   -0.01777
   -0.04335
    0.02345
   -0.07525
   -0.06355
   -0.04016
    0.05682
    0.04459
    0.05467
   -0.00037
    0.05039
   -0.02889
   -0.02145
    0.04427
    0.00630
   -0.04112
    0.04535
    0.05330
    0.02322
   -0.02707
   -0.05134
    0.01698
   -0.02524
   -0.05483
    0.06511
    0.02752
   -0.03700
    0.02897
   -0.04163
   -0.05232
    0.06420
    0.03104
   -0.02334
    0.00414
   -0.04544
   -0.04686
    0.02351
    0.03892
   -0.01264
   -0.01085
    0.02829
    0.01857
    0.03578
   -0.05342
    0.02945
   -0.03900
    0.05201
   -0.03080
    0.05057
    0.03395
    0.01036
   -0.04189
   -0.00127
   -0.02243
    0.03001
   -0.02561
   -0.00524
   -0.00956
   -0.04355
   -0.04006
   -0.04142
    0.03676
   -0.06022
   -0.05713
   -0.04165
    0.02221
   -0.04039
   -0.01342
    0.05899
    0.07777
    0.02909
    0.02060
    0.00301
    0.04437
   -0.05695
    0.04551
   -0.01938
   -0.05658
   -0.06475
    0.03344
    0.03569
   -0.00348
   -0.00098
   -0.06422
    0.03246
   -0.00069
   -0.02973
   -0.01398
   -0.00764
    0.04353
   -0.02979
    0.05686
    0.06866
   -0.04315
   -0.01627
    0.00121
   -0.05391
    0.01631
   -0.04888
   -0.04852
   -0.06525
    0.04325
    0.00293
   -0.04358
   -0.03397
   -0.06463
   -0.05476
    0.06002
    0.01612
    0.05227
   -0.04845
   -0.01622
   -0.06992
    0.01562
   -0.04471
   -0.00614
   -0.00711
   -0.02347
    0.05946
    0.07176
    0.05139
    0.00349
    0.01601
    0.03697
   -0.05973
   -0.05065
    0.02313
   -0.05713
   -0.05705
    0.05530
   -0.01311
   -0.00231
   -0.01600
   -0.03210
   -0.02539
   -0.04428
   -0.00577
   -0.04540
    0.01664
    0.03785
   -0.01675
   -0.05949
    0.00242
   -0.05154
    0.02194
   -0.01778
   -0.02760
    0.03416
    0.03769
    0.05546
    0.06349
   -0.04310
    0.01508
    0.00603
    0.00022
   -0.02993
   -0.04409
   -0.04930
   -0.03124
   -0.02640
   -0.05670
    0.07170
    0.04770
    0.01629
   -0.01455
   -0.05168
   -0.05709
   -0.03550
    0.06152
    0.06012
    0.02890
   -0.02355
   -0.00342
   -0.04131
   -0.01079
   -0.03588
    0.06225
   -0.00750
   -0.02953
   -0.01924
    0.01376
   -0.05811
    0.03077
   -0.02582
   -0.03286
   -0.03180
   -0.06256
    0.01673
   -0.06282
   -0.06428
   -0.02114
   -0.01126
    0.02906
    0.04676
   -0.02794
    0.04314
    0.02710
   -0.01662
    0.01177
    0.01890
    0.01597
    0.02853
    0.02953
   -0.06698
   -0.01883
    0.06401
    0.04989
    0.00137
    0.00760
   -0.06920
   -0.03117
    0.01411
    0.03355
    0.03471
    0.03992
    0.05200
   -0.00455

    0.03866
    0.04667
   -0.07212
   -0.02778
    0.02893
    0.01616
    0.03778
   -0.01966
   -0.02057
    0.03892
   -0.03061
   -0.05284
   -0.03980
   -0.00541
   -0.00762
   -0.03849
    0.02500
   -0.05771
   -0.00859
    0.03477
    0.00455
    0.04242
    0.06123
    0.02989
   -0.03694
    0.02931
    0.01610
   -0.07118
    0.03069
    0.03779
    0.05003
   -0.04591
    0.02207
    0.01368
   -0.04545
    0.04690
    0.07425
    0.03128
    0.01508
   -0.02231
    0.04793
   -0.02686
    0.02460
   -0.04103
   -0.05632
    0.00304
    0.03387
   -0.00344
   -0.05072
    0.00409
   -0.00131
    0.04478
    0.06586
    0.06954
    0.00655
    0.04313
    0.06324
    0.04363
   -0.05275
    0.05234
    0.05769
   -0.02695
    0.04716
    0.01581
   -0.00131
    0.04885
    0.00812
   -0.04271
    0.02603
    0.05338
   -0.02895
   -0.03458
    0.03420
   -0.04644
    0.05754
    0.03369
   -0.00378
   -0.05708
   -0.05744
   -0.00510
   -0.02815
   -0.00344
    0.03249
   -0.02331
    0.04698
    0.04942
    0.01174
   -0.06656
   -0.07067
   -0.06544
    0.01969
   -0.06330
    0.03881
    0.04747
   -0.03166
   -0.03472
   -0.01291
   -0.06703
   -0.04177
   -0.01657
    0.01393
   -0.05042
    0.07785
   -0.01051
    0.02943
    0.00070
    0.04148
    0.05732
   -0.06862
   -0.06247
   -0.01672
    0.04537
   -0.05386
    0.06758
    0.06761
   -0.05949
    0.03245
   -0.03029
   -0.02980
   -0.00527
   -0.03763
    0.05667
   -0.00085
   -0.04261
    0.06281
    0.00031
   -0.03360
    0.00981
    0.03194
   -0.05906
    0.02251
   -0.04868
    0.05206
    0.04806
   -0.01755
    0.02635
    0.03358
   -0.00529
    0.04460
   -0.03800
    0.04716
    0.05987
   -0.00298
   -0.02422
    0.04318
    0.06373
    0.05864
   -0.06805
   -0.03528
    0.04852
    0.03905
   -0.02459
    0.04058
   -0.00364
    0.03972
   -0.02548
   -0.02893
   -0.06222
   -0.01015
   -0.02864
   -0.02929
    0.02285
    0.05109
   -0.00086
    0.00461
   -0.06142
   -0.05561
    0.04745
    0.00331
    0.01175
   -0.02275
    0.05500
   -0.01809
   -0.05874
    0.02543
   -0.06253
    0.02454
    0.01230
    0.02905
    0.05169
   -0.00189
   -0.04432
    0.03645
    0.07109
   -0.04866
   -0.05375
    0.04351
    0.03327
    0.04733
   -0.04757
   -0.05739
    0.00734
   -0.01343
   -0.02568
   -0.04299
    0.05069
   -0.03904
   -0.00485
    0.00755
    0.02181
   -0.02477
    0.05964
   -0.04580
   -0.00003
    0.05826
    0.05447
    0.01833
    0.05734
    0.01321
   -0.05792
    0.02150
   -0.01679
   -0.00991
    0.06174
    0.04379
   -0.03649
   -0.01024
    0.00157
    0.02641
    0.04554
   -0.03801
   -0.01536
    0.06680
    0.06164
    0.03736
   -0.04690
    0.03064
    0.00628
    0.02849
   -0.04006
    0.06388
   -0.02627
    0.05301
   -0.05321
   -0.07215
   -0.06087
   -0.05481
   -0.00743
   -0.07725
    0.04243
   -0.04730
   -0.05403
   -0.01301
    0.05403
    0.07123
    0.01253
    0.06053
   -0.05181
   -0.04324
   -0.05231
    0.05447
   -0.01160
   -0.06365
    0.01507
   -0.03251
    0.07390
   -0.07155
    0.00122
   -0.03302
   -0.04936
    0.04246
   -0.02779
   -0.01706
   -0.05472
    0.07439
   -0.04157
   -0.05154
    0.07176
    0.06393
   -0.06902
   -0.02695
    0.00335
   -0.05106
    0.06067
    0.05819
    0.00146
    0.04661
   -0.06179
    0.00504
   -0.04612
    0.05855
    0.01358
   -0.02405
   -0.03863
    0.00630
   -0.02796
   -0.05203
    0.03117
    0.03060
   -0.05213
    0.06718
   -0.01869
   -0.00621
   -0.04712
    0.00106
    0.00483
    0.05180
    0.06796
   -0.04398
   -0.00162
   -0.01343
   -0.06466
   -0.04428
    0.04706
    0.01562
   -0.00008
   -0.00122
   -0.04826
   -0.02558
   -0.06812
    0.03360
   -0.00971
    0.04940
   -0.03146
    0.00167
   -0.03310
    0.01563
    0.02963
    0.04385
   -0.00711
    0.03252
    0.02208
   -0.01457
    0.00349
    0.02544
   -0.05691
   -0.03053
    0.00118
    0.03367
    0.05667
   -0.03511
    0.01467
   -0.02308
   -0.08121
    0.03797
   -0.03743
    0.06377
   -0.01146
   -0.01356
    0.04669
    0.00228
   -0.04210
   -0.01666
   -0.05679
   -0.01545
   -0.02751
   -0.05754
   -0.01352
   -0.00118
   -0.03643
   -0.02677
   -0.05685
    0.04666
   -0.01177
    0.00440
    0.01035
    0.00150
   -0.02676
    0.06935
   -0.05785
    0.02006
   -0.03586
   -0.01340
    0.02946
    0.01785
   -0.04071
   -0.02412
    0.01951
   -0.05375
   -0.05125
   -0.02335
   -0.05842
    0.00194
    0.01036
    0.01051
    0.03965
   -0.00866
   -0.04395
   -0.01355
   -0.02994
   -0.00104
   -0.04249
   -0.01381
   -0.01889
   -0.04509
    0.02318
   -0.07708
   -0.06454
   -0.04037
    0.05746
    0.04680
    0.05529
   -0.00069
    0.05194
   -0.02967
   -0.02130
    0.04439
    0.00647
   -0.04186
    0.04679
    0.05462
    0.02394
   -0.02832
   -0.05199
    0.01831
   -0.02467
   -0.05626
    0.06648
    0.02858
   -0.03765
    0.02894
   -0.04299
   -0.05299
    0.06626
    0.03247
   -0.02395
    0.00491
   -0.04559
   -0.04838
    0.02363
    0.04016
   -0.01335
   -0.01147
    0.02850
    0.01959
    0.03593
   -0.05432
    0.03059
   -0.03883
    0.05301
   -0.03059
    0.05238
    0.03387
    0.01118
   -0.04240
   -0.00035
   -0.02380
    0.03148
   -0.02553
   -0.00609
   -0.00989
   -0.04348
   -0.04090
   -0.04141
    0.03664
   -0.06110
   -0.05762
   -0.04287
    0.02223
   -0.04052
   -0.01253
    0.06096
    0.07909
    0.02935
    0.02163
    0.00353
    0.04537
   -0.05787
    0.04688
   -0.01952
   -0.05795
   -0.06719
    0.03470
    0.03711
   -0.00449
   -0.00045
   -0.06585
    0.03308
   -0.00109
   -0.02999
   -0.01437
   -0.00800
    0.04384
   -0.03073
    0.05819
    0.06974
   -0.04397
   -0.01620
    0.00042
   -0.05400
    0.01684
   -0.05072
   -0.04987
   -0.06661
    0.04502
    0.00242
   -0.04396
   -0.03441
   -0.06497
   -0.05711
    0.06065
    0.01709
    0.05340
   -0.04961
   -0.01674
   -0.07166
    0.01657
   -0.04568
   -0.00615
   -0.00738
   -0.02345
    0.06115
    0.07271
    0.05200
    0.00363
    0.01626
    0.03690
   -0.06030
   -0.05205
    0.02466
   -0.05888
   -0.05711
    0.05582
   -0.01338
   -0.00343
   -0.01639
   -0.03289
   -0.02633
   -0.04497
   -0.00663
   -0.04667
    0.01746
    0.03924
   -0.01751
   -0.06097
    0.00275
   -0.05286
    0.02177
   -0.01826
   -0.02725
    0.03417
    0.03781
    0.05659
    0.06455
   -0.04350
    0.01499
    0.00531
   -0.00029
   -0.02963
   -0.04401
   -0.05137
   -0.03247
   -0.02746
   -0.05810
    0.07307
    0.04910
    0.01591
   -0.01525
   -0.05371
   -0.05886
   -0.03516
    0.06272
    0.06178
    0.02956
   -0.02317
   -0.00360
   -0.04238
   -0.01157
   -0.03613
    0.06417
   -0.00735
   -0.03050
   -0.02003
    0.01393
   -0.05871
    0.03015
   -0.02567
   -0.03387
   -0.03306
   -0.06423
    0.01739
   -0.06336
   -0.06616
   -0.02263
   -0.01093
    0.02894
    0.04825
   -0.02902
    0.04412
    0.02684
   -0.01631
    0.01266
    0.02016
    0.01610
    0.03004
    0.02939
   -0.06836
   -0.02025
    0.06459
    0.05092
    0.00145
    0.00742
   -0.07026
   -0.03071
    0.01481
    0.03455
    0.03458
    0.03979
    0.05346
   -0.00491
