          1          0    0.00000   -1.03505   -0.02534   -1.03505   -0.02534   -3.38446    3.38446    0.00000
          1          1    0.07508   -0.71755   -0.02351   -0.51892   -0.01626   -3.38446   -0.51892    0.00000
          2          0    0.07508   -0.30476   -0.04506   -0.51892   -0.01626   -3.38446   -0.51892   -1.95169
          2        100   15.17261   -0.94978   -0.02805   -1.03890   -0.02405   -3.38446   -1.03890   -1.95169
          2        200   30.69148   -0.97635   -0.02734   -1.03871   -0.02444   -3.38446   -1.03928   -1.95169
          2        300   47.21876   -0.98814   -0.02701   -1.03918   -0.02422   -3.38446   -1.03964   -1.95169
          2        400   62.41718   -0.99517   -0.02681   -1.03896   -0.02426   -3.38446   -1.03993   -1.95169
          2        500   77.91992   -0.99998   -0.02667   -1.03874   -0.02427   -3.38446   -1.03993   -1.95169
          2        600   92.74081   -1.00352   -0.02657   -1.03939   -0.02424   -3.38446   -1.03995   -1.95169
          2        700  108.26569   -1.00628   -0.02650   -1.03956   -0.02443   -3.38446   -1.04012   -1.95169
          2        800  124.81018   -1.00850   -0.02643   -1.03999   -0.02423   -3.38446   -1.04012   -1.95169
          2        900  139.91492   -1.01033   -0.02638   -1.03930   -0.02421   -3.38446   -1.04021   -1.95169
          2       1000  155.16696   -1.01189   -0.02634   -1.03983   -0.02415   -3.38446   -1.04021   -1.95169
          2       1100  170.55272   -1.01322   -0.02630   -1.04002   -0.02401   -3.38446   -1.04021   -1.95169
          2       1200  185.90960   -1.01438   -0.02627   -1.03988   -0.02423   -3.38446   -1.04022   -1.95169
          2       1300  202.25285   -1.01541   -0.02624   -1.03986   -0.02437   -3.38446   -1.04022   -1.95169
          2       1400  217.87534   -1.01632   -0.02621   -1.03971   -0.02413   -3.38446   -1.04024   -1.95169
          2       1500  233.21567   -1.01714   -0.02619   -1.04001   -0.02418   -3.38446   -1.04028   -1.95169
          2       1600  249.22919   -1.01788   -0.02617   -1.03963   -0.02418   -3.38446   -1.04029   -1.95169
          2       1700  264.34624   -1.01856   -0.02615   -1.04013   -0.02430   -3.38446   -1.04032   -1.95169
          2       1800  279.79227   -1.01918   -0.02613   -1.03977   -0.02423   -3.38446   -1.04044   -1.95169
          2       1900  294.82265   -1.01975   -0.02612   -1.04008   -0.02422   -3.38446   -1.04044   -1.95169
          2       2000  310.13562   -1.02028   -0.02610   -1.04005   -0.02424   -3.38446   -1.04044   -1.95169
          2       2100  326.27541   -1.02076   -0.02609   -1.04001   -0.02428   -3.38446   -1.04044   -1.95169
          2       2200  341.80460   -1.02122   -0.02607   -1.04007   -0.02412   -3.38446   -1.04044   -1.95169
          2       2300  357.84148   -1.02164   -0.02606   -1.04022   -0.02422   -3.38446   -1.04044   -1.95169
          2       2400  373.75757   -1.02204   -0.02605   -1.04010   -0.02421   -3.38446   -1.04044   -1.95169
          2       2500  389.29113   -1.02242   -0.02604   -1.03989   -0.02428   -3.38446   -1.04044   -1.95169
          2       2600  404.29748   -1.02277   -0.02603   -1.04022   -0.02424   -3.38446   -1.04044   -1.95169
          2       2700  419.45443   -1.02310   -0.02602   -1.04014   -0.02425   -3.38446   -1.04044   -1.95169
          2       2800  436.24993   -1.02341   -0.02601   -1.04021   -0.02427   -3.38446   -1.04044   -1.95169
          2       2900  452.73851   -1.02371   -0.02600   -1.04009   -0.02422   -3.38446   -1.04045   -1.95169
          2       3000  468.59297   -1.02399   -0.02600   -1.03987   -0.02417   -3.38446   -1.04045   -1.95169
          2       3100  483.89126   -1.02426   -0.02599   -1.04021   -0.02423   -3.38446   -1.04045   -1.95169
          2       3200  499.46997   -1.02452   -0.02598   -1.04012   -0.02433   -3.38446   -1.04045   -1.95169
          2       3300  516.02932   -1.02476   -0.02597   -1.04022   -0.02419   -3.38446   -1.04045   -1.95169
          2       3400  531.38640   -1.02500   -0.02597   -1.04012   -0.02422   -3.38446   -1.04045   -1.95169
          2       3500  546.87192   -1.02522   -0.02596   -1.04028   -0.02431   -3.38446   -1.04045   -1.95169
          2       3600  562.97841   -1.02544   -0.02595   -1.04014   -0.02430   -3.38446   -1.04045   -1.95169
          2       3700  578.77750   -1.02564   -0.02595   -1.04024   -0.02416   -3.38446   -1.04045   -1.95169
          2       3800  593.74934   -1.02584   -0.02594   -1.04017   -0.02423   -3.38446   -1.04045   -1.95169
          2       3900  608.99976   -1.02603   -0.02594   -1.04026   -0.02423   -3.38446   -1.04045   -1.95169
          2       4000  625.06834   -1.02621   -0.02593   -1.04009   -0.02425   -3.38446   -1.04045   -1.95169
          2       4100  640.67271   -1.02639   -0.02593   -1.04027   -0.02428   -3.38446   -1.04045   -1.95169
          2       4200  656.10087   -1.02656   -0.02592   -1.04031   -0.02423   -3.38446   -1.04045   -1.95169
          2       4300  672.34182   -1.02672   -0.02592   -1.04012   -0.02424   -3.38446   -1.04045   -1.95169
          2       4400  688.27066   -1.02688   -0.02591   -1.04021   -0.02420   -3.38446   -1.04045   -1.95169
          2       4500  705.11417   -1.02703   -0.02591   -1.04035   -0.02427   -3.38446   -1.04045   -1.95169
          2       4600  720.80638   -1.02718   -0.02591   -1.04032   -0.02421   -3.38446   -1.04045   -1.95169
          2       4700  736.68435   -1.02732   -0.02590   -1.04017   -0.02423   -3.38446   -1.04045   -1.95169
          2       4800  751.39922   -1.02746   -0.02590   -1.04018   -0.02426   -3.38446   -1.04045   -1.95169
          2       4900  766.55044   -1.02760   -0.02589   -1.04037   -0.02419   -3.38446   -1.04045   -1.95169
          2       5000  781.86633   -1.02773   -0.02589   -1.04031   -0.02422   -3.38446   -1.04045   -1.95169
          2       5100  798.01539   -1.02785   -0.02589   -1.04029   -0.02428   -3.38446   -1.04045   -1.95169
          2       5200  813.43180   -1.02798   -0.02588   -1.04034   -0.02423   -3.38446   -1.04045   -1.95169
          2       5300  828.66795   -1.02809   -0.02588   -1.04009   -0.02413   -3.38446   -1.04045   -1.95169
          2       5400  844.22279   -1.02821   -0.02588   -1.04040   -0.02428   -3.38446   -1.04045   -1.95169
          2       5500  859.33046   -1.02832   -0.02587   -1.04037   -0.02425   -3.38446   -1.04045   -1.95169
          2       5600  875.51855   -1.02843   -0.02587   -1.04011   -0.02418   -3.38446   -1.04045   -1.95169
          2       5700  892.14834   -1.02854   -0.02587   -1.04021   -0.02423   -3.38446   -1.04045   -1.95169
          2       5800  908.55987   -1.02864   -0.02587   -1.04028   -0.02421   -3.38446   -1.04046   -1.95169
          2       5900  924.39551   -1.02874   -0.02586   -1.04038   -0.02418   -3.38446   -1.04046   -1.95169
          2       6000  939.80185   -1.02884   -0.02586   -1.04015   -0.02425   -3.38446   -1.04046   -1.95169
          2       6100  956.56187   -1.02894   -0.02586   -1.04024   -0.02424   -3.38446   -1.04046   -1.95169
          2       6200  974.22324   -1.02903   -0.02585   -1.04025   -0.02424   -3.38446   -1.04046   -1.95169
          2       6300  990.38646   -1.02913   -0.02585   -1.04033   -0.02429   -3.38446   -1.04047   -1.95169
          2       6400 1007.25824   -1.02922   -0.02585   -1.04036   -0.02424   -3.38446   -1.04047   -1.95169
          2       6500 1024.39352   -1.02930   -0.02585   -1.04027   -0.02426   -3.38446   -1.04047   -1.95169
          2       6600 1040.41321   -1.02939   -0.02584   -1.04037   -0.02420   -3.38446   -1.04047   -1.95169
          2       6700 1057.92941   -1.02947   -0.02584   -1.04017   -0.02423   -3.38446   -1.04047   -1.95169
          2       6800 1074.01515   -1.02955   -0.02584   -1.04020   -0.02430   -3.38446   -1.04047   -1.95169
          2       6900 1089.52996   -1.02963   -0.02584   -1.04037   -0.02426   -3.38446   -1.04047   -1.95169
          2       7000 1106.24916   -1.02971   -0.02584   -1.04029   -0.02428   -3.38446   -1.04047   -1.95169
          2       7100 1123.24459   -1.02979   -0.02583   -1.04020   -0.02425   -3.38446   -1.04047   -1.95169
          2       7200 1140.24178   -1.02986   -0.02583   -1.04026   -0.02426   -3.38446   -1.04047   -1.95169
          2       7300 1157.34798   -1.02994   -0.02583   -1.04033   -0.02417   -3.38446   -1.04050   -1.95169
          2       7400 1173.13471   -1.03001   -0.02583   -1.04029   -0.02420   -3.38446   -1.04050   -1.95169
          2       7500 1189.47568   -1.03008   -0.02583   -1.04036   -0.02426   -3.38446   -1.04050   -1.95169
          2       7600 1205.09648   -1.03015   -0.02582   -1.04021   -0.02430   -3.38446   -1.04050   -1.95169
          2       7700 1220.70922   -1.03022   -0.02582   -1.04035   -0.02415   -3.38446   -1.04050   -1.95169
          2       7800 1236.15094   -1.03028   -0.02582   -1.04032   -0.02426   -3.38446   -1.04050   -1.95169
          2       7900 1251.60370   -1.03035   -0.02582   -1.04027   -0.02423   -3.38446   -1.04050   -1.95169
          2       8000 1266.81849   -1.03041   -0.02582   -1.04031   -0.02424   -3.38446   -1.04050   -1.95169
          2       8100 1282.05816   -1.03048   -0.02581   -1.04038   -0.02420   -3.38446   -1.04050   -1.95169
          2       8200 1297.33146   -1.03054   -0.02581   -1.04034   -0.02420   -3.38446   -1.04050   -1.95169
          2       8300 1313.56824   -1.03060   -0.02581   -1.04035   -0.02428   -3.38446   -1.04050   -1.95169
          2       8400 1329.51397   -1.03066   -0.02581   -1.04041   -0.02425   -3.38446   -1.04050   -1.95169
          2       8500 1345.05272   -1.03072   -0.02581   -1.04042   -0.02422   -3.38446   -1.04052   -1.95169
          2       8600 1360.36462   -1.03077   -0.02581   -1.04045   -0.02423   -3.38446   -1.04052   -1.95169
          2       8700 1376.26929   -1.03083   -0.02580   -1.04039   -0.02421   -3.38446   -1.04052   -1.95169
          2       8800 1392.99206   -1.03088   -0.02580   -1.04031   -0.02424   -3.38446   -1.04052   -1.95169
          2       8900 1410.19457   -1.03094   -0.02580   -1.04035   -0.02422   -3.38446   -1.04052   -1.95169
          2       9000 1425.52392   -1.03099   -0.02580   -1.04032   -0.02418   -3.38446   -1.04052   -1.95169
          2       9100 1440.85281   -1.03105   -0.02580   -1.04032   -0.02424   -3.38446   -1.04052   -1.95169
          2       9200 1455.82035   -1.03110   -0.02580   -1.04034   -0.02424   -3.38446   -1.04052   -1.95169
          2       9300 1471.06698   -1.03115   -0.02580   -1.04024   -0.02427   -3.38446   -1.04052   -1.95169
          2       9400 1485.97044   -1.03120   -0.02579   -1.04035   -0.02426   -3.38446   -1.04052   -1.95169
          2       9500 1501.45298   -1.03125   -0.02579   -1.04032   -0.02425   -3.38446   -1.04052   -1.95169
          2       9600 1517.57255   -1.03130   -0.02579   -1.04024   -0.02428   -3.38446   -1.04052   -1.95169
          2       9700 1533.01889   -1.03134   -0.02579   -1.04033   -0.02425   -3.38446   -1.04052   -1.95169
          2       9800 1549.32118   -1.03139   -0.02579   -1.04034   -0.02427   -3.38446   -1.04052   -1.95169
          2       9900 1565.03329   -1.03144   -0.02579   -1.04027   -0.02423   -3.38446   -1.04052   -1.95169
          2      10000 1581.26668   -1.03148   -0.02579   -1.04034   -0.02424   -3.38446   -1.04052   -1.95169
          2      10100 1597.45171   -1.03153   -0.02579   -1.04026   -0.02427   -3.38446   -1.04052   -1.95169
          2      10200 1613.08605   -1.03157   -0.02578   -1.04038   -0.02422   -3.38446   -1.04052   -1.95169
          2      10300 1628.64193   -1.03162   -0.02578   -1.04026   -0.02420   -3.38446   -1.04052   -1.95169
          2      10400 1644.90591   -1.03166   -0.02578   -1.04027   -0.02418   -3.38446   -1.04052   -1.95169
          2      10500 1660.70381   -1.03170   -0.02578   -1.04040   -0.02422   -3.38446   -1.04052   -1.95169
          2      10600 1676.08949   -1.03174   -0.02578   -1.04038   -0.02424   -3.38446   -1.04052   -1.95169
          2      10700 1691.86283   -1.03179   -0.02578   -1.04036   -0.02428   -3.38446   -1.04052   -1.95169
          2      10800 1707.26113   -1.03183   -0.02578   -1.04041   -0.02422   -3.38446   -1.04052   -1.95169
          2      10900 1723.63680   -1.03187   -0.02578   -1.04017   -0.02417   -3.38446   -1.04052   -1.95169
          2      11000 1739.13778   -1.03191   -0.02578   -1.04027   -0.02422   -3.38446   -1.04053   -1.95169
          2      11100 1754.38958   -1.03195   -0.02577   -1.04035   -0.02428   -3.38446   -1.04053   -1.95169
          2      11200 1769.94677   -1.03198   -0.02577   -1.04027   -0.02425   -3.38446   -1.04055   -1.95169
          2      11300 1785.31325   -1.03202   -0.02577   -1.04038   -0.02426   -3.38446   -1.04055   -1.95169
          2      11400 1800.51513   -1.03206   -0.02577   -1.04044   -0.02423   -3.38446   -1.04055   -1.95169
          2      11500 1815.33798   -1.03210   -0.02577   -1.04034   -0.02423   -3.38446   -1.04055   -1.95169
          2      11600 1830.44009   -1.03213   -0.02577   -1.04031   -0.02426   -3.38446   -1.04055   -1.95169
          2      11700 1845.95657   -1.03217   -0.02577   -1.04029   -0.02425   -3.38446   -1.04055   -1.95169
          2      11800 1861.99121   -1.03220   -0.02577   -1.04048   -0.02425   -3.38446   -1.04055   -1.95169
          2      11900 1877.48654   -1.03224   -0.02577   -1.04037   -0.02425   -3.38446   -1.04055   -1.95169
          2      12000 1892.94593   -1.03227   -0.02576   -1.04043   -0.02426   -3.38446   -1.04055   -1.95169
          2      12100 1909.50405   -1.03231   -0.02576   -1.04036   -0.02426   -3.38446   -1.04055   -1.95169
          2      12200 1924.33545   -1.03234   -0.02576   -1.04034   -0.02428   -3.38446   -1.04055   -1.95169
          2      12300 1941.18251   -1.03238   -0.02576   -1.04034   -0.02426   -3.38446   -1.04055   -1.95169
          2      12400 1956.47458   -1.03241   -0.02576   -1.04027   -0.02425   -3.38446   -1.04055   -1.95169
          2      12500 1971.90445   -1.03244   -0.02576   -1.04042   -0.02424   -3.38446   -1.04055   -1.95169
          2      12600 1987.98607   -1.03247   -0.02576   -1.04036   -0.02426   -3.38446   -1.04055   -1.95169
          2      12700 2003.18952   -1.03251   -0.02576   -1.04043   -0.02425   -3.38446   -1.04055   -1.95169
          2      12800 2018.40263   -1.03254   -0.02576   -1.04043   -0.02425   -3.38446   -1.04055   -1.95169
          2      12900 2034.87254   -1.03257   -0.02576   -1.04027   -0.02427   -3.38446   -1.04055   -1.95169
          2      13000 2049.86186   -1.03260   -0.02576   -1.04024   -0.02420   -3.38446   -1.04055   -1.95169
          2      13100 2065.47203   -1.03263   -0.02576   -1.04026   -0.02428   -3.38446   -1.04055   -1.95169
          2      13200 2082.17656   -1.03266   -0.02575   -1.04037   -0.02430   -3.38446   -1.04055   -1.95169
          2      13300 2097.56702   -1.03269   -0.02575   -1.04043   -0.02423   -3.38446   -1.04055   -1.95169
          2      13400 2113.13128   -1.03272   -0.02575   -1.04036   -0.02422   -3.38446   -1.04055   -1.95169
          2      13500 2128.52014   -1.03275   -0.02575   -1.04034   -0.02426   -3.38446   -1.04055   -1.95169
          2      13600 2144.78766   -1.03278   -0.02575   -1.04037   -0.02420   -3.38446   -1.04055   -1.95169
          2      13700 2160.06743   -1.03281   -0.02575   -1.04034   -0.02424   -3.38446   -1.04055   -1.95169
          2      13800 2175.59577   -1.03283   -0.02575   -1.04032   -0.02423   -3.38446   -1.04055   -1.95169
          2      13900 2191.69395   -1.03286   -0.02575   -1.04036   -0.02423   -3.38446   -1.04055   -1.95169
          2      14000 2207.56945   -1.03289   -0.02575   -1.04049   -0.02425   -3.38446   -1.04055   -1.95169
          2      14100 2222.44575   -1.03292   -0.02575   -1.04033   -0.02424   -3.38446   -1.04055   -1.95169
          2      14200 2237.55894   -1.03294   -0.02575   -1.04047   -0.02421   -3.38446   -1.04055   -1.95169
          2      14300 2252.89889   -1.03297   -0.02575   -1.04041   -0.02425   -3.38446   -1.04055   -1.95169
          2      14400 2268.23020   -1.03300   -0.02575   -1.04039   -0.02424   -3.38446   -1.04055   -1.95169
          2      14500 2283.97263   -1.03302   -0.02574   -1.04041   -0.02425   -3.38446   -1.04055   -1.95169
          2      14600 2299.79479   -1.03305   -0.02574   -1.04045   -0.02427   -3.38446   -1.04055   -1.95169
          2      14700 2315.90656   -1.03307   -0.02574   -1.04030   -0.02419   -3.38446   -1.04055   -1.95169
          2      14800 2332.70530   -1.03310   -0.02574   -1.04032   -0.02422   -3.38446   -1.04055   -1.95169
          2      14900 2348.54497   -1.03313   -0.02574   -1.04038   -0.02428   -3.38446   -1.04055   -1.95169
          2      15000 2363.61423   -1.03315   -0.02574   -1.04046   -0.02421   -3.38446   -1.04055   -1.95169
          2      15100 2379.99151   -1.03317   -0.02574   -1.04029   -0.02422   -3.38446   -1.04055   -1.95169
          2      15200 2396.27018   -1.03320   -0.02574   -1.04043   -0.02425   -3.38446   -1.04055   -1.95169
          2      15300 2411.91096   -1.03322   -0.02574   -1.04046   -0.02423   -3.38446   -1.04055   -1.95169
          2      15400 2427.14848   -1.03325   -0.02574   -1.04039   -0.02423   -3.38446   -1.04055   -1.95169
          2      15500 2442.22721   -1.03327   -0.02574   -1.04045   -0.02419   -3.38446   -1.04055   -1.95169
          2      15600 2457.87017   -1.03329   -0.02574   -1.04036   -0.02423   -3.38446   -1.04055   -1.95169
          2      15700 2473.74852   -1.03332   -0.02574   -1.04039   -0.02419   -3.38446   -1.04055   -1.95169
          2      15800 2489.09048   -1.03334   -0.02574   -1.04048   -0.02423   -3.38446   -1.04055   -1.95169
          2      15900 2504.35085   -1.03336   -0.02574   -1.04038   -0.02428   -3.38446   -1.04055   -1.95169
          2      16000 2519.61861   -1.03339   -0.02573   -1.04041   -0.02425   -3.38446   -1.04055   -1.95169
          2      16100 2535.02980   -1.03341   -0.02573   -1.04036   -0.02423   -3.38446   -1.04055   -1.95169
          2      16200 2549.89599   -1.03343   -0.02573   -1.04043   -0.02420   -3.38446   -1.04055   -1.95169
          2      16300 2565.06653   -1.03345   -0.02573   -1.04040   -0.02426   -3.38446   -1.04055   -1.95169
          2      16400 2580.29430   -1.03347   -0.02573   -1.04043   -0.02421   -3.38446   -1.04055   -1.95169
          2      16500 2597.25069   -1.03350   -0.02573   -1.04048   -0.02424   -3.38446   -1.04055   -1.95169
          2      16600 2612.46726   -1.03352   -0.02573   -1.04035   -0.02430   -3.38446   -1.04055   -1.95169
          2      16700 2627.73814   -1.03354   -0.02573   -1.04032   -0.02425   -3.38446   -1.04055   -1.95169
          2      16800 2643.07628   -1.03356   -0.02573   -1.04044   -0.02423   -3.38446   -1.04055   -1.95169
          2      16900 2658.53378   -1.03358   -0.02573   -1.04033   -0.02423   -3.38446   -1.04055   -1.95169
          2      17000 2673.36877   -1.03360   -0.02573   -1.04030   -0.02423   -3.38446   -1.04055   -1.95169
          2      17100 2690.29550   -1.03362   -0.02573   -1.04041   -0.02427   -3.38446   -1.04055   -1.95169
          2      17200 2707.13201   -1.03364   -0.02573   -1.04043   -0.02424   -3.38446   -1.04055   -1.95169
          2      17300 2722.70990   -1.03366   -0.02573   -1.04038   -0.02426   -3.38446   -1.04055   -1.95169
          2      17400 2738.37703   -1.03368   -0.02573   -1.04042   -0.02424   -3.38446   -1.04055   -1.95169
          2      17500 2753.47618   -1.03370   -0.02573   -1.04043   -0.02426   -3.38446   -1.04055   -1.95169
          2      17600 2767.86474   -1.03372   -0.02573   -1.04042   -0.02427   -3.38446   -1.04055   -1.95169
          2      17700 2783.77823   -1.03374   -0.02573   -1.04040   -0.02421   -3.38446   -1.04055   -1.95169
          2      17800 2799.37209   -1.03376   -0.02572   -1.04037   -0.02423   -3.38446   -1.04055   -1.95169
          2      17900 2814.56775   -1.03378   -0.02572   -1.04039   -0.02422   -3.38446   -1.04055   -1.95169
          2      18000 2829.48032   -1.03380   -0.02572   -1.04044   -0.02425   -3.38446   -1.04055   -1.95169
          2      18100 2844.54519   -1.03382   -0.02572   -1.04045   -0.02420   -3.38446   -1.04055   -1.95169
          2      18200 2859.85426   -1.03383   -0.02572   -1.04042   -0.02424   -3.38446   -1.04055   -1.95169
          2      18300 2875.41886   -1.03385   -0.02572   -1.04038   -0.02424   -3.38446   -1.04055   -1.95169
          2      18400 2890.53288   -1.03387   -0.02572   -1.04036   -0.02424   -3.38446   -1.04055   -1.95169
          2      18500 2905.63762   -1.03389   -0.02572   -1.04041   -0.02421   -3.38446   -1.04055   -1.95169
          2      18600 2920.07060   -1.03391   -0.02572   -1.04038   -0.02424   -3.38446   -1.04055   -1.95169
          2      18700 2934.95503   -1.03392   -0.02572   -1.04046   -0.02423   -3.38446   -1.04055   -1.95169
          2      18800 2950.59392   -1.03394   -0.02572   -1.04042   -0.02423   -3.38446   -1.04055   -1.95169
          2      18900 2965.88567   -1.03396   -0.02572   -1.04040   -0.02423   -3.38446   -1.04055   -1.95169
          2      19000 2981.15431   -1.03398   -0.02572   -1.04034   -0.02421   -3.38446   -1.04055   -1.95169
          2      19100 2996.44562   -1.03399   -0.02572   -1.04045   -0.02424   -3.38446   -1.04055   -1.95169
          2      19200 3011.40758   -1.03401   -0.02572   -1.04046   -0.02422   -3.38446   -1.04055   -1.95169
          2      19300 3026.03886   -1.03403   -0.02572   -1.04039   -0.02423   -3.38446   -1.04055   -1.95169
          2      19400 3040.77798   -1.03405   -0.02572   -1.04043   -0.02422   -3.38446   -1.04055   -1.95169
          2      19500 3055.89222   -1.03406   -0.02572   -1.04046   -0.02422   -3.38446   -1.04055   -1.95169
          2      19600 3071.36545   -1.03408   -0.02572   -1.04044   -0.02424   -3.38446   -1.04055   -1.95169
          2      19700 3088.35916   -1.03410   -0.02572   -1.04045   -0.02425   -3.38446   -1.04055   -1.95169
          2      19800 3104.59955   -1.03411   -0.02572   -1.04041   -0.02424   -3.38446   -1.04055   -1.95169
          2      19900 3119.44023   -1.03413   -0.02571   -1.04044   -0.02421   -3.38446   -1.04055   -1.95169
          2      20000 3133.95983   -1.03414   -0.02571   -1.04047   -0.02424   -3.38446   -1.04055   -1.95169
          2      20100 3148.53121   -1.03416   -0.02571   -1.04047   -0.02423   -3.38446   -1.04055   -1.95169
          2      20200 3163.60519   -1.03418   -0.02571   -1.04048   -0.02425   -3.38446   -1.04055   -1.95169
          2      20300 3178.92665   -1.03419   -0.02571   -1.04043   -0.02421   -3.38446   -1.04055   -1.95169
          2      20400 3194.26117   -1.03421   -0.02571   -1.04041   -0.02430   -3.38446   -1.04055   -1.95169
          2      20500 3209.56149   -1.03422   -0.02571   -1.04044   -0.02424   -3.38446   -1.04055   -1.95169
          2      20600 3224.76796   -1.03424   -0.02571   -1.04037   -0.02425   -3.38446   -1.04055   -1.95169
          2      20700 3239.69346   -1.03425   -0.02571   -1.04043   -0.02426   -3.38446   -1.04055   -1.95169
          2      20800 3254.23348   -1.03427   -0.02571   -1.04050   -0.02422   -3.38446   -1.04055   -1.95169
          2      20900 3269.39264   -1.03428   -0.02571   -1.04037   -0.02429   -3.38446   -1.04055   -1.95169
          2      21000 3285.13763   -1.03430   -0.02571   -1.04037   -0.02427   -3.38446   -1.04055   -1.95169
          2      21100 3300.95441   -1.03431   -0.02571   -1.04043   -0.02426   -3.38446   -1.04055   -1.95169
          2      21200 3315.25870   -1.03433   -0.02571   -1.04048   -0.02423   -3.38446   -1.04055   -1.95169
          2      21300 3330.39812   -1.03434   -0.02571   -1.04045   -0.02423   -3.38446   -1.04055   -1.95169
          2      21400 3345.64398   -1.03436   -0.02571   -1.04038   -0.02427   -3.38446   -1.04055   -1.95169
          2      21500 3360.61976   -1.03437   -0.02571   -1.04037   -0.02424   -3.38446   -1.04055   -1.95169
          2      21600 3376.06517   -1.03439   -0.02571   -1.04050   -0.02425   -3.38446   -1.04055   -1.95169
          2      21700 3390.83689   -1.03440   -0.02571   -1.04044   -0.02425   -3.38446   -1.04055   -1.95169
          2      21800 3405.72280   -1.03442   -0.02571   -1.04036   -0.02421   -3.38446   -1.04055   -1.95169
          2      21900 3421.29117   -1.03443   -0.02571   -1.04045   -0.02422   -3.38446   -1.04055   -1.95169
          2      22000 3436.57065   -1.03444   -0.02571   -1.04041   -0.02424   -3.38446   -1.04055   -1.95169
          2      22100 3451.20915   -1.03446   -0.02571   -1.04045   -0.02422   -3.38446   -1.04055   -1.95169
          2      22200 3466.35365   -1.03447   -0.02571   -1.04043   -0.02424   -3.38446   -1.04055   -1.95169
          2      22300 3481.59527   -1.03448   -0.02571   -1.04043   -0.02425   -3.38446   -1.04055   -1.95169
          2      22400 3496.77002   -1.03450   -0.02570   -1.04050   -0.02424   -3.38446   -1.04055   -1.95169
          2      22500 3511.62045   -1.03451   -0.02570   -1.04037   -0.02425   -3.38446   -1.04055   -1.95169
          2      22600 3526.67117   -1.03452   -0.02570   -1.04040   -0.02427   -3.38446   -1.04055   -1.95169
          2      22700 3541.91686   -1.03454   -0.02570   -1.04039   -0.02425   -3.38446   -1.04055   -1.95169
          2      22800 3556.88623   -1.03455   -0.02570   -1.04040   -0.02426   -3.38446   -1.04055   -1.95169
          2      22900 3571.80526   -1.03456   -0.02570   -1.04042   -0.02425   -3.38446   -1.04055   -1.95169
          2      23000 3587.52668   -1.03458   -0.02570   -1.04045   -0.02424   -3.38446   -1.04055   -1.95169
          2      23077 3600.05624   -1.03459   -0.02570   -1.04044   -0.02425   -3.38446   -1.04055   -1.95169
