 8000058072167287
       3093
 3600.31142
   32.19694
   -1.00517
   -0.00842
   -1.01087
   -0.00033

   -0.06838
   -0.00355
    0.02747
    0.00894
    0.04705
   -0.01581
   -0.00843
    0.06551
   -0.01579
    0.03443
   -0.05550
    0.03709
    0.01459
   -0.07805
    0.03569
    0.06804
    0.02137
    0.05625
    0.04743
   -0.02192
    0.04896
   -0.04000
    0.05977
   -0.03643
    0.04002
   -0.00394
   -0.01351
   -0.05186
   -0.00349
   -0.06772
    0.04606
   -0.05868
    0.04617
   -0.05910
   -0.06877
    0.03273
    0.02198
    0.04923
    0.05590
   -0.02586
    0.03952
   -0.04044
    0.06903
   -0.00647
    0.05316
    0.03380
   -0.01513
    0.05141
    0.02737
   -0.02584
    0.06876
   -0.04034
    0.02406
   -0.05916
   -0.00136
    0.03924
    0.04283
    0.00881
    0.02604
   -0.02444
   -0.05898
    0.03941
    0.02119
   -0.04695
   -0.01872
   -0.04792
   -0.05714
    0.05510
   -0.02620
    0.05604
   -0.06230
    0.04807
   -0.02285
   -0.03014
   -0.03464
    0.01852
   -0.01443
    0.02560
   -0.03744
   -0.01538
   -0.05165
    0.06030
    0.04701
   -0.05792
   -0.03435
    0.01598
    0.06368
    0.01503
    0.01773
    0.05082
   -0.00947
    0.02019
    0.05675
    0.06456
    0.01998
    0.07169
   -0.03416
    0.02053
   -0.01607
   -0.01866
   -0.05883
   -0.05840
    0.03010
   -0.03746
    0.00297
    0.04066
    0.03346
    0.02563
    0.06572
   -0.05694
    0.05135
    0.05709
    0.05977
   -0.02490
    0.00206
    0.05327
    0.04403
   -0.01592
    0.01252
    0.04406
    0.06096
   -0.01494
   -0.04018
    0.00446
    0.06501
    0.05103
   -0.04256
   -0.05181
    0.01890
   -0.06109
   -0.03826
   -0.00386
   -0.06823
   -0.02285
    0.04590
   -0.05903
    0.02411
    0.04557
    0.04148
   -0.06406
   -0.00580
   -0.01734
    0.00797
   -0.04942
    0.01703
   -0.04099
    0.05834
    0.03157
   -0.05079
   -0.06729
   -0.00191
   -0.02654
    0.04875
    0.06050
    0.02063
    0.00062
    0.01961
    0.06085
    0.04871
   -0.03885
    0.02886
   -0.03626
   -0.02856
    0.05142
    0.04030
   -0.06825
   -0.02240
    0.02842
    0.00422
   -0.07220
   -0.03207
   -0.01813
    0.05974
   -0.06054
   -0.06204
    0.00231
   -0.05137
    0.00292
    0.04044
    0.03592
   -0.00574
    0.07503
   -0.04693
    0.03236
    0.02462
    0.02473
    0.04897
    0.00293
    0.06837
    0.06770
   -0.03127
   -0.03072
   -0.06268
   -0.01418
   -0.05733
   -0.01876
    0.04858
   -0.03430
   -0.07290
   -0.02272
   -0.01649
    0.04854
    0.02982
   -0.04891
   -0.01325
    0.00598
   -0.00868
   -0.02184
   -0.05140
    0.05173
   -0.04630
    0.06315
   -0.01410
   -0.01512
    0.05509
    0.01572
   -0.05125
    0.01181
   -0.03549
   -0.06821
    0.00279
    0.01288
   -0.03190
   -0.01273
    0.01265
   -0.03417
    0.03800
   -0.03591
   -0.00613
    0.02528
   -0.02410
   -0.02068
   -0.01245
   -0.02296
   -0.00346
    0.04373
   -0.02504
    0.00991
   -0.06596
   -0.06106
    0.06249
    0.03383
    0.02830
    0.05942
   -0.00822
   -0.01244
    0.02711
    0.00585
    0.01367
    0.02813
    0.00446
    0.02770
   -0.04969
   -0.05411
    0.01169
    0.05386
   -0.05736
   -0.02943
    0.02806
   -0.07161
    0.06537
   -0.04923
    0.00145
    0.00648
   -0.02547
    0.00712
   -0.05189
    0.01207
   -0.01962
    0.06005
   -0.02977
    0.03026
    0.03917
    0.04858
    0.02301
   -0.04498
    0.07200
    0.04227
    0.00345
   -0.02223
   -0.07354
    0.06710
    0.02925
    0.02508
   -0.06692
    0.03451
    0.07132
    0.03097
    0.03652
    0.00254
    0.05304
   -0.01955
    0.01486
   -0.01416
    0.00695
   -0.02925
    0.03199
   -0.05668
   -0.01842
   -0.03110
    0.05632
   -0.04584
   -0.00735
   -0.02832
   -0.04393
   -0.06880
    0.00158
    0.02902
    0.01021
   -0.06456
   -0.06024
    0.02641
    0.05263
   -0.03041
    0.03223
    0.01172
   -0.02646
    0.00533
   -0.04301
   -0.01737
    0.02730
   -0.05588
   -0.06168
    0.00122
   -0.04355
    0.01216
    0.03213
    0.01773
   -0.01557
   -0.02462
    0.02686
   -0.01827
    0.03556
   -0.04074
   -0.01318
    0.05169
   -0.00459
   -0.03632
   -0.01987
    0.06461
    0.04404
    0.06430
    0.04295
   -0.03662
   -0.06289
    0.00611
   -0.03559
   -0.03241
   -0.03107
    0.04788
    0.01240
    0.03577
    0.02032
    0.03795
   -0.04263
    0.06998
   -0.02815
    0.01275
   -0.02619
   -0.03348
    0.03519
    0.02426
    0.03826
   -0.01684
    0.01983
    0.03550
   -0.06989
   -0.01248
   -0.02794
    0.03395
    0.07258
    0.04939
    0.05918
    0.05329
   -0.00499
    0.00872
   -0.05714
   -0.02981
    0.02420
    0.04645
    0.06776
   -0.02636
   -0.00055
    0.03384
   -0.04786
   -0.02484
   -0.04360
    0.04243
    0.02086
   -0.05494
    0.01485
   -0.01176
    0.01802
    0.02032
    0.03059
   -0.01488
    0.04091
    0.00214
   -0.04868
   -0.00441
   -0.02037
    0.01221
   -0.00957
    0.05050
   -0.04129
    0.01515
    0.03659
    0.03228
    0.04358
    0.02331
    0.00752
   -0.01485
    0.04820
   -0.01487
    0.05668
    0.02420
    0.00429
    0.01746
    0.05830
   -0.00259
   -0.04564
   -0.02648
    0.01705
   -0.07490
    0.02136
    0.03877
    0.03314
    0.06260
   -0.04306
   -0.00933
    0.01960
    0.06707
    0.02370
    0.06810
   -0.04343
   -0.00092
   -0.00751
   -0.02244
   -0.00672
   -0.01899
    0.01737
   -0.03840
   -0.04850
   -0.04062
    0.01415
    0.05896
    0.05058
   -0.02635
    0.04011
   -0.01735
    0.01885
   -0.02632
    0.03969
   -0.05936
   -0.04019
   -0.05743
   -0.06261
   -0.00356
    0.03805
   -0.06246
   -0.01840
    0.04183
   -0.03966
    0.05592
    0.04736
    0.04395
    0.04892
   -0.05332
    0.04512
    0.02477
    0.01344
    0.02572
    0.05764
    0.01103
   -0.00230
   -0.04257
   -0.01209
   -0.03659
    0.06850
    0.01477
    0.04020
   -0.04538
    0.04687
   -0.01681
    0.05028
   -0.01477
   -0.00331
   -0.05542
   -0.02713
    0.04402
   -0.07195
   -0.04813
   -0.02811
    0.06548
    0.06717
    0.07050
    0.00807
   -0.05589
   -0.00902
    0.00858
    0.00714
   -0.00793
    0.03315
    0.01830
    0.03453
    0.00760
    0.05203
    0.02806
    0.02388
   -0.04505
   -0.07065
    0.03498
    0.03999
   -0.02005
   -0.05140
   -0.05589
    0.02998
   -0.01701
   -0.04529
    0.05556
    0.07044
   -0.05106
   -0.02420
   -0.01871
    0.02071
    0.00164
   -0.03586
    0.02727
    0.01332
    0.05141
   -0.04587
   -0.05437
   -0.04725
    0.03184
    0.07509
    0.02270
    0.04453
   -0.03468
   -0.06159
    0.02371
   -0.05435
   -0.05634
    0.04703
    0.04634
   -0.01680
   -0.02167
   -0.00920
    0.06615
   -0.06058
    0.02209
    0.00812
    0.07301
   -0.00698
   -0.02635
   -0.03761
    0.01252
    0.05930
    0.06908
   -0.01912
   -0.04182
    0.02122
    0.01080
   -0.06424
   -0.06554
   -0.04015
    0.03286
   -0.01105
    0.08168
    0.04453
    0.04082
    0.00357
   -0.04498
   -0.01026
   -0.00411
   -0.06811
   -0.05876
    0.02442
   -0.02760
   -0.05316
   -0.02071
    0.05647
   -0.02034
   -0.05157
    0.06974
   -0.03899
    0.01228
    0.00840
    0.02009
   -0.03802
    0.03478
   -0.06765
   -0.04877
    0.04932
   -0.06431
   -0.04767
    0.05402
   -0.04401
    0.03874
   -0.03412
    0.03855

   -0.06785
   -0.00411
    0.02810
    0.00874
    0.04684
   -0.01674
   -0.00878
    0.06655
   -0.01619
    0.03431
   -0.05486
    0.03843
    0.01556
   -0.07795
    0.03520
    0.06763
    0.02104
    0.05588
    0.04908
   -0.02055
    0.05058
   -0.04056
    0.06051
   -0.03632
    0.03870
   -0.00320
   -0.01250
   -0.05123
   -0.00277
   -0.06663
    0.04690
   -0.05921
    0.04653
   -0.05976
   -0.06927
    0.03386
    0.02227
    0.05095
    0.05545
   -0.02699
    0.03986
   -0.04091
    0.06879
   -0.00693
    0.05383
    0.03419
   -0.01504
    0.05201
    0.02901
   -0.02623
    0.06906
   -0.04049
    0.02352
   -0.05990
   -0.00112
    0.03777
    0.04345
    0.00920
    0.02620
   -0.02390
   -0.05971
    0.04016
    0.02076
   -0.04842
   -0.01835
   -0.04827
   -0.05690
    0.05559
   -0.02676
    0.05601
   -0.06307
    0.04761
   -0.02238
   -0.03054
   -0.03435
    0.01880
   -0.01498
    0.02643
   -0.03839
   -0.01514
   -0.05171
    0.06196
    0.04858
   -0.05756
   -0.03535
    0.01657
    0.06421
    0.01368
    0.01831
    0.05110
   -0.00954
    0.02028
    0.05613
    0.06566
    0.02042
    0.07227
   -0.03293
    0.02161
   -0.01497
   -0.01943
   -0.05832
   -0.05893
    0.02910
   -0.03724
    0.00216
    0.04258
    0.03330
    0.02485
    0.06472
   -0.05692
    0.05215
    0.05763
    0.06016
   -0.02519
    0.00223
    0.05284
    0.04307
   -0.01687
    0.01374
    0.04419
    0.06089
   -0.01535
   -0.04177
    0.00375
    0.06560
    0.05096
   -0.04218
   -0.05197
    0.01827
   -0.06065
   -0.03849
   -0.00470
   -0.06772
   -0.02236
    0.04530
   -0.05829
    0.02607
    0.04669
    0.04242
   -0.06409
   -0.00580
   -0.01709
    0.00888
   -0.04899
    0.01697
   -0.04152
    0.05843
    0.03088
   -0.05191
   -0.06774
   -0.00109
   -0.02623
    0.04761
    0.06114
    0.01986
    0.00265
    0.01977
    0.06130
    0.05041
   -0.03991
    0.02942
   -0.03640
   -0.02855
    0.05284
    0.04010
   -0.06855
   -0.02214
    0.02944
    0.00373
   -0.07284
   -0.03140
   -0.01815
    0.06149
   -0.06060
   -0.06248
    0.00176
   -0.05172
    0.00412
    0.04026
    0.03658
   -0.00564
    0.07591
   -0.04754
    0.03283
    0.02601
    0.02566
    0.05023
    0.00317
    0.06903
    0.06947
   -0.03083
   -0.03131
   -0.06280
   -0.01441
   -0.05670
   -0.01879
    0.04746
   -0.03520
   -0.07461
   -0.02438
   -0.01808
    0.04896
    0.03010
   -0.04922
   -0.01372
    0.00689
   -0.00906
   -0.02284
   -0.05235
    0.05258
   -0.04617
    0.06306
   -0.01377
   -0.01531
    0.05596
    0.01548
   -0.05140
    0.01244
   -0.03642
   -0.06867
    0.00249
    0.01428
   -0.03171
   -0.01213
    0.01301
   -0.03440
    0.03795
   -0.03521
   -0.00720
    0.02373
   -0.02267
   -0.01997
   -0.01331
   -0.02413
   -0.00456
    0.04341
   -0.02567
    0.01024
   -0.06630
   -0.06213
    0.06226
    0.03407
    0.02918
    0.06095
   -0.00857
   -0.01315
    0.02710
    0.00554
    0.01412
    0.02789
    0.00386
    0.02845
   -0.04891
   -0.05414
    0.01263
    0.05519
   -0.05729
   -0.02960
    0.02856
   -0.07305
    0.06630
   -0.04888
    0.00160
    0.00629
   -0.02560
    0.00617
   -0.05273
    0.01195
   -0.02051
    0.06058
   -0.03048
    0.02983
    0.03982
    0.04852
    0.02363
   -0.04569
    0.07268
    0.04256
    0.00463
   -0.02259
   -0.07342
    0.06723
    0.03024
    0.02488
   -0.06820
    0.03528
    0.07113
    0.03141
    0.03597
    0.00247
    0.05248
   -0.01934
    0.01428
   -0.01340
    0.00664
   -0.02831
    0.03276
   -0.05629
   -0.01857
   -0.03085
    0.05715
   -0.04570
   -0.00770
   -0.02853
   -0.04459
   -0.06818
    0.00110
    0.02948
    0.01018
   -0.06308
   -0.05972
    0.02677
    0.05421
   -0.03051
    0.03219
    0.01108
   -0.02594
    0.00633
   -0.04245
   -0.01777
    0.02809
   -0.05685
   -0.06255
    0.00168
   -0.04345
    0.01149
    0.03148
    0.01856
   -0.01742
   -0.02534
    0.02772
   -0.01846
    0.03619
   -0.04131
   -0.01308
    0.05209
   -0.00558
   -0.03699
   -0.02170
    0.06340
    0.04374
    0.06254
    0.04248
   -0.03754
   -0.06414
    0.00568
   -0.03606
   -0.03159
   -0.03265
    0.04867
    0.01227
    0.03541
    0.02111
    0.03806
   -0.04343
    0.07109
   -0.02929
    0.01294
   -0.02651
   -0.03414
    0.03491
    0.02351
    0.03687
   -0.01625
    0.02008
    0.03550
   -0.07036
   -0.01272
   -0.02887
    0.03412
    0.07154
    0.05013
    0.05956
    0.05272
   -0.00438
    0.00803
   -0.05671
   -0.02954
    0.02489
    0.04672
    0.06807
   -0.02717
    0.00048
    0.03285
   -0.04808
   -0.02406
   -0.04474
    0.04191
    0.02191
   -0.05475
    0.01407
   -0.01165
    0.01822
    0.02009
    0.03233
   -0.01571
    0.04149
    0.00115
   -0.04974
   -0.00471
   -0.02067
    0.01210
   -0.00803
    0.05018
   -0.04098
    0.01446
    0.03525
    0.03316
    0.04547
    0.02419
    0.00653
   -0.01520
    0.04918
   -0.01383
    0.05570
    0.02410
    0.00521
    0.01664
    0.05819
   -0.00190
   -0.04553
   -0.02764
    0.01749
   -0.07355
    0.02161
    0.03889
    0.03364
    0.06229
   -0.04424
   -0.01028
    0.01977
    0.06805
    0.02335
    0.06884
   -0.04380
   -0.00114
   -0.00803
   -0.02145
   -0.00794
   -0.02050
    0.01754
   -0.03857
   -0.04995
   -0.04015
    0.01359
    0.05901
    0.05015
   -0.02597
    0.03867
   -0.01736
    0.01886
   -0.02604
    0.04084
   -0.05894
   -0.04039
   -0.05808
   -0.06402
   -0.00316
    0.03849
   -0.06177
   -0.01816
    0.04180
   -0.04061
    0.05517
    0.04797
    0.04355
    0.04854
   -0.05369
    0.04491
    0.02533
    0.01290
    0.02524
    0.05685
    0.01110
   -0.00250
   -0.04306
   -0.01260
   -0.03678
    0.06890
    0.01519
    0.04005
   -0.04487
    0.04667
   -0.01702
    0.05075
   -0.01546
   -0.00466
   -0.05681
   -0.02806
    0.04456
   -0.07142
   -0.04901
   -0.02856
    0.06519
    0.06689
    0.07037
    0.00712
   -0.05510
   -0.00846
    0.00952
    0.00832
   -0.00855
    0.03261
    0.01929
    0.03423
    0.00841
    0.05444
    0.02803
    0.02460
   -0.04537
   -0.06976
    0.03501
    0.03954
   -0.02055
   -0.05190
   -0.05639
    0.03095
   -0.01727
   -0.04511
    0.05674
    0.07055
   -0.05082
   -0.02508
   -0.01824
    0.02060
    0.00193
   -0.03796
    0.02858
    0.01408
    0.05166
   -0.04645
   -0.05379
   -0.04655
    0.03288
    0.07527
    0.02236
    0.04394
   -0.03474
   -0.06214
    0.02433
   -0.05600
   -0.05747
    0.04760
    0.04573
   -0.01761
   -0.02301
   -0.00756
    0.06729
   -0.06077
    0.02348
    0.00703
    0.07348
   -0.00795
   -0.02744
   -0.03755
    0.01286
    0.05975
    0.06865
   -0.01997
   -0.04238
    0.02291
    0.01142
   -0.06518
   -0.06404
   -0.03918
    0.03373
   -0.01117
    0.08072
    0.04469
    0.04063
    0.00235
   -0.04495
   -0.01042
   -0.00449
   -0.06730
   -0.05857
    0.02483
   -0.02667
   -0.05253
   -0.02095
    0.05612
   -0.02160
   -0.05095
    0.06969
   -0.04047
    0.01203
    0.00822
    0.02076
   -0.03887
    0.03528
   -0.06772
   -0.04874
    0.04918
   -0.06491
   -0.04665
    0.05495
   -0.04475
    0.03843
   -0.03387
    0.03781

   -0.07364
    0.00140
   -0.01690
   -0.01071
    0.07588
    0.03069
    0.01075
   -0.00480
    0.00274
    0.05719
   -0.05618
   -0.05018
   -0.04466
   -0.01593
    0.02708
    0.08268
    0.05021
    0.03584
   -0.05210
   -0.06270
   -0.04406
   -0.02091
    0.02263
   -0.01874
    0.09377
   -0.02027
   -0.04667
   -0.07043
   -0.04764
   -0.08586
   -0.01662
   -0.01989
    0.02602
   -0.04789
   -0.00132
   -0.04464
    0.02370
   -0.06077
    0.03847
    0.04387
    0.02215
    0.01927
    0.04812
    0.01278
   -0.02922
   -0.02212
    0.00390
   -0.00254
   -0.07221
   -0.00554
    0.03092
   -0.01753
    0.03446
   -0.01097
   -0.00524
    0.10163
   -0.01548
   -0.01157
    0.00081
   -0.04636
   -0.00784
    0.00904
    0.04371
    0.04637
   -0.01625
   -0.00285
   -0.02001
    0.04702
   -0.02169
    0.03990
    0.01075
    0.01638
   -0.03687
    0.02185
   -0.00782
    0.01121
    0.01834
   -0.01476
    0.01748
   -0.02494
   -0.01367
   -0.03712
   -0.05151
   -0.07092
    0.01001
   -0.01723
    0.00621
    0.08028
   -0.01598
    0.01041
    0.01658
    0.04177
    0.07886
    0.00745
   -0.03059
    0.00106
   -0.07160
   -0.01853
   -0.06402
    0.02761
   -0.07509
    0.00896
    0.08337
   -0.00867
    0.04947
   -0.06164
    0.03563
    0.07215
    0.09711
   -0.00798
    0.00070
   -0.00033
    0.02963
   -0.01359
   -0.03775
    0.00335
    0.06781
    0.04248
   -0.03042
    0.01079
    0.04212
   -0.01698
    0.05456
    0.05655
    0.04015
    0.01192
   -0.05651
   -0.02980
    0.04386
   -0.07746
   -0.04581
    0.04563
   -0.03490
   -0.06363
    0.04191
   -0.07756
   -0.05166
   -0.02280
   -0.00287
   -0.03873
   -0.01488
   -0.03246
   -0.06676
   -0.06120
    0.01635
    0.01789
    0.03879
    0.02534
    0.02028
    0.00922
   -0.04534
   -0.03851
    0.11060
    0.04405
    0.05475
   -0.10176
    0.02264
    0.00028
   -0.06156
    0.01411
    0.02056
   -0.01178
   -0.02542
   -0.03922
    0.03267
   -0.04267
   -0.01131
    0.01842
    0.02170
   -0.01296
   -0.04332
   -0.03441
   -0.05366
   -0.05047
   -0.01161
    0.03669
   -0.02814
   -0.04498
    0.01814
   -0.00839
    0.01502
   -0.01934
   -0.00208
   -0.00073
   -0.05363
   -0.04688
   -0.00795
    0.00880
   -0.00426
   -0.01521
   -0.02298
    0.00839
   -0.03561
   -0.02321
   -0.08872
   -0.00911
    0.07831
   -0.00188
    0.02897
    0.08206
    0.05924
   -0.00119
    0.03037
    0.00585
    0.03179
   -0.04640
   -0.00709
    0.02156
    0.03829
   -0.00444
   -0.01887
    0.05275
   -0.00091
   -0.01831
   -0.00146
   -0.01145
   -0.03903
   -0.00346
    0.04623
   -0.00942
    0.02051
   -0.07796
   -0.05480
   -0.06006
   -0.01674
   -0.01072
    0.03590
   -0.05497
    0.03910
    0.09410
   -0.09634
   -0.03610
    0.02392
    0.02682
    0.02815
    0.02755
    0.02480
   -0.02519
   -0.02288
    0.01302
    0.06638
   -0.01223
   -0.02864
   -0.05537
    0.01761
   -0.00054
   -0.02965
    0.04157
   -0.00930
    0.01704
    0.02015
   -0.00555
   -0.07404
   -0.02846
   -0.03200
   -0.02595
   -0.03738
   -0.01465
    0.01713
    0.02389
   -0.01039
   -0.04659
   -0.03300
   -0.01783
   -0.01678
    0.03904
   -0.02772
    0.04099
    0.04208
    0.01693
    0.05265
    0.01797
   -0.02214
    0.03078
   -0.04247
    0.02098
    0.02151
   -0.01074
   -0.05600
   -0.00315
   -0.03366
    0.05647
   -0.02307
    0.02239
    0.01543
   -0.03785
    0.01023
    0.02572
    0.03681
    0.02732
    0.03026
   -0.01576
    0.04993
   -0.04156
    0.02684
   -0.03452
   -0.02653
   -0.04959
   -0.01549
   -0.02482
    0.01065
   -0.05735
    0.00397
    0.01477
   -0.00003
   -0.03970
    0.03091
   -0.03113
    0.04331
   -0.10184
   -0.03308
   -0.00615
   -0.04863
   -0.00284
    0.04398
    0.05313
   -0.04414
   -0.05854
   -0.01624
    0.03621
   -0.05019
    0.02240
    0.00800
   -0.04369
   -0.03686
    0.04436
    0.05286
   -0.00959
    0.07474
    0.02776
    0.01723
   -0.01890
   -0.03253
   -0.02245
   -0.01901
    0.00184
    0.05164
   -0.01639
    0.06601
    0.09048
    0.05506
    0.10156
    0.01322
    0.04190
    0.00940
    0.03766
   -0.01035
   -0.04704
    0.04177
    0.01065
   -0.00611
    0.01863
   -0.01216
    0.05300
   -0.00733
   -0.01691
    0.04713
   -0.01453
    0.00276
    0.03239
    0.03139
    0.06541
    0.09244
   -0.03782
   -0.00622
    0.01545
   -0.02117
   -0.01641
    0.02779
    0.01200
    0.09423
   -0.00624
   -0.00107
    0.04621
   -0.03744
    0.02604
   -0.06890
   -0.03524
    0.00504
   -0.01256
    0.00720
    0.01968
   -0.05485
    0.08173
   -0.02817
   -0.06219
    0.03687
    0.05770
   -0.01936
   -0.02151
    0.04956
   -0.02065
   -0.00232
   -0.04076
   -0.06189
    0.01656
   -0.00048
    0.04809
    0.03156
   -0.01567
   -0.02839
    0.00833
   -0.06886
    0.04043
   -0.02214
    0.00632
    0.08930
   -0.03101
   -0.07124
   -0.03559
    0.06997
   -0.00099
   -0.02524
   -0.03430
    0.06736
    0.01893
   -0.05955
    0.05425
    0.02706
   -0.02219
   -0.01703
    0.04916
    0.00229
   -0.08603
   -0.02429
    0.01606
   -0.01322
    0.03127
    0.04994
    0.02793
    0.01273
   -0.02115
    0.05483
    0.00882
   -0.01324
    0.01556
    0.02410
   -0.03898
    0.04894
    0.07209
    0.02044
   -0.01432
    0.05654
   -0.06053
    0.02634
    0.06929
    0.05630
   -0.06551
    0.10595
    0.01208
    0.02099
    0.00237
   -0.02550
   -0.05840
   -0.05305
    0.00614
    0.03835
   -0.04154
    0.01857
   -0.05980
    0.02471
    0.03152
    0.02986
    0.03439
    0.00597
    0.05430
    0.04242
   -0.03469
    0.02060
    0.00642
    0.04431
    0.04658
    0.06386
    0.01140
   -0.00113
    0.02363
    0.01430
    0.00443
    0.01844
   -0.00328
    0.02902
   -0.06458
    0.04102
    0.00520
    0.01689
    0.01789
    0.07639
   -0.00392
   -0.00438
   -0.01918
   -0.06249
    0.01846
    0.01663
    0.01952
    0.05302
    0.03134
    0.02986
   -0.08555
   -0.05536
   -0.03621
   -0.06323
    0.05875
    0.03159
   -0.03673
    0.01959
   -0.03387
   -0.08783
    0.01767
   -0.01821
    0.01352
   -0.08791
    0.01135
    0.03626
    0.03235
   -0.01061
   -0.02331
   -0.02288
   -0.00647
   -0.03781
   -0.04213
    0.05497
   -0.03026
    0.01393
   -0.04890
    0.02054
   -0.01450
    0.09225
   -0.02279
   -0.00542
    0.00317
   -0.03645
   -0.07854
   -0.05712
   -0.05076
    0.04331
    0.04451
    0.07235
    0.01072
    0.00134
    0.00365
    0.05018
    0.02661
   -0.01407
    0.04812
    0.05210
    0.05360
   -0.09587
   -0.01925
    0.00755
   -0.05667
    0.02157
    0.02578
    0.01333
    0.04253
   -0.03579
   -0.00386
    0.03358
    0.04311
    0.01411
   -0.00719
   -0.07635
   -0.03013
    0.01225
   -0.10469
   -0.06411
   -0.00422
    0.02316
    0.07098
    0.01759
    0.00745
    0.07737
   -0.00214
    0.03099
    0.04268
   -0.05967
   -0.04813
    0.02671
   -0.05704
   -0.05853
   -0.00946
    0.03909
    0.03692
   -0.03841
    0.03377
    0.05584
    0.03165
   -0.00002
   -0.01124
    0.00509
    0.00270
   -0.04590
   -0.04277
    0.02772
   -0.02584
   -0.08678
   -0.00833
   -0.03616
    0.05487
   -0.05442
    0.06482
