 444591133735287
       5034
 3600.22121
   -0.98937
    0.04152
   -1.00715
    0.04521

    0.03626
   -0.04081
   -0.04015
    0.02751
   -0.03128
   -0.04301
    0.02355
   -0.04625
    0.04273
   -0.04645
   -0.03589
    0.06308
   -0.01745
   -0.05385
    0.02339
   -0.00447
   -0.01192
    0.00300
   -0.04997
   -0.08093
    0.00615
    0.04074
   -0.01373
   -0.06237
    0.02331
   -0.01108
   -0.00654
   -0.02711
    0.01136
    0.00090
   -0.03025
   -0.05194
   -0.04438
   -0.02934
   -0.00105
    0.02168
   -0.06253
    0.01151
   -0.06079
   -0.02359
    0.05881
    0.05105
   -0.02066
   -0.02833
    0.01682
    0.03767
   -0.04315
    0.03993
    0.06845
    0.01798
    0.03506
    0.01808
   -0.06233
   -0.01965
    0.00457
    0.00207
   -0.04488
   -0.03598
   -0.03655
    0.05462
   -0.05319
    0.05141
    0.04708
   -0.04933
   -0.02757
    0.01741
   -0.03212
    0.00294
    0.04350
    0.03579
    0.04282
    0.02522
    0.04939
    0.07354
   -0.00145
    0.05656
   -0.00891
    0.04491
   -0.02030
    0.00616
    0.01146
    0.05077
   -0.03220
    0.05111
    0.02016
    0.03845
   -0.01396
    0.04977
   -0.03447
   -0.01576
    0.06957
    0.02070
    0.06713
    0.00190
   -0.01185
    0.04548
    0.04009
    0.02278
    0.00512
   -0.01876
   -0.05397
    0.00387
   -0.00202
    0.04972
   -0.02508
    0.05623
    0.03887
   -0.05499
    0.04865
   -0.02171
   -0.03264
   -0.04012
   -0.03984
    0.01842
    0.03620
    0.00820
    0.05505
   -0.04110
   -0.06296
   -0.01147
    0.04031
   -0.02788
    0.03385
    0.00831
   -0.03464
   -0.05316
   -0.06334
    0.02158
   -0.00708
    0.03501
    0.02666
   -0.03062
   -0.05029
   -0.06950
   -0.00001
    0.05287
    0.06968
   -0.04609
   -0.05614
   -0.01607
    0.04537
    0.06096
    0.05821
   -0.02071
   -0.04761
   -0.02479
   -0.00542
   -0.05379
   -0.00989
    0.01468
    0.02271
   -0.02483
    0.02443
    0.05205
    0.02215
    0.00523
    0.05514
   -0.02602
    0.06122
    0.03749
    0.01183
    0.03589
    0.01980
   -0.00960
    0.05873
   -0.02148
    0.05810
   -0.00005
    0.01962
    0.07052
    0.03045
   -0.00938
    0.00302
   -0.02718
   -0.02456
    0.05233
    0.01712
   -0.00488
   -0.06463
   -0.07260
   -0.01606
   -0.04527
   -0.05998
   -0.03698
    0.02767
   -0.04705
   -0.03860
    0.03842
   -0.04334
   -0.06923
    0.00404
   -0.06630
    0.00684
    0.02738
   -0.02390
   -0.06386
    0.01530
   -0.05058
   -0.03296
   -0.00087
    0.02112
   -0.02790
   -0.00808
   -0.04628
    0.02154
   -0.01552
   -0.06115
    0.00290
   -0.00928
   -0.06723
    0.00441
   -0.06530
    0.03028
   -0.02953
   -0.03022
    0.02696
    0.05178
   -0.04143
   -0.00193
   -0.02553
    0.04770
    0.06705
   -0.04207
   -0.03139
   -0.07136
    0.05807
   -0.02216
    0.03345
   -0.03104
    0.00881
    0.02510
    0.01900
   -0.04083
   -0.03963
    0.01608
   -0.02517
    0.07088
    0.03267
    0.03507
   -0.05824
    0.02056
   -0.03435
   -0.01690
   -0.06543
   -0.04997
   -0.04163
    0.02371
    0.05861
   -0.04451
   -0.00881
   -0.06110
    0.01918
    0.02813
   -0.04642
    0.01481
    0.06358
   -0.00337
   -0.00872
   -0.07770
   -0.03554
   -0.04152
   -0.04534
   -0.04996
   -0.02838
   -0.02494
   -0.06512
   -0.00016
   -0.01752
   -0.02621
    0.04813
    0.04250
    0.00210
   -0.05207
    0.04854
   -0.00454
    0.01572
    0.04571
    0.04651
    0.05928
    0.03729
    0.03706
   -0.02954
   -0.05933
   -0.06049
   -0.00406
   -0.00715
   -0.01204
   -0.02170
   -0.01901
    0.00536
    0.03003
    0.05664
   -0.05563
    0.02513
   -0.02749
   -0.07254
   -0.04589
   -0.06432
    0.03169
   -0.00224
    0.04747
   -0.06241
    0.05343
   -0.02360
   -0.00241
    0.03001
   -0.05030
   -0.05356
    0.02179
   -0.01682
    0.00505
   -0.04459
   -0.05770
   -0.02355
    0.06562
   -0.02824
   -0.05452
   -0.05058
    0.04645
    0.04489
    0.01067
   -0.00577
    0.02448
    0.05236
    0.01644
    0.07223
    0.01354
    0.04098
    0.00978
   -0.04298
   -0.06745
   -0.03753
   -0.02104
    0.06420
    0.02163
    0.00105
   -0.03416
   -0.05045
   -0.01788
    0.01736
    0.03593
    0.02071
   -0.04328
   -0.05467
   -0.02206
    0.04800
   -0.04111
    0.06080
    0.05396
    0.01413
    0.03148
    0.01972
   -0.03620
   -0.00599
   -0.04575
    0.04807
    0.01259
    0.01005
    0.06338
   -0.01328
   -0.01212
   -0.05696
    0.06256
    0.04207
    0.06582
    0.06927
    0.06272
   -0.00648
   -0.06900
   -0.01289
    0.03275
   -0.02222
    0.07056
   -0.00153
    0.03021
   -0.01092
   -0.03048
    0.03469
   -0.05716
    0.03715
   -0.05461
   -0.00986
    0.05640
   -0.01611
   -0.00299
    0.01981
    0.03480
   -0.07277
    0.03586
   -0.03751
    0.03945
    0.03800
   -0.02122
    0.05102
   -0.01002
    0.01711
    0.02875
   -0.05590
   -0.07990
   -0.03103
    0.02177
   -0.03693
    0.06094
    0.02619
    0.00462
   -0.05886
   -0.01718
    0.04419
    0.04966
    0.06092
    0.00530
    0.06376
   -0.03875
    0.05945
    0.00547
   -0.06070
   -0.02770
    0.01775
   -0.05526
   -0.05564
    0.06421
    0.05606
    0.02224
    0.03538
    0.00713
    0.03429
   -0.06437
    0.06775
    0.05698
    0.00771
   -0.00589
   -0.05306
   -0.01982
   -0.05877
    0.00039
   -0.06968
    0.05818
   -0.06293
   -0.03991
    0.05152
   -0.00527
    0.02064
    0.03009
    0.02809
    0.06496
    0.04661
   -0.05478
   -0.00480
   -0.00865
   -0.01805
    0.02974
   -0.02094
    0.04618
   -0.06328
   -0.03392
    0.03132
    0.00406
    0.00280
    0.07209
   -0.04044
   -0.02216
   -0.00863
   -0.02608
    0.01650
    0.04322
   -0.04299
   -0.00991
   -0.00928
   -0.04958
    0.03589
   -0.03187
   -0.00597
    0.04040
    0.00050
   -0.02213
   -0.00851
   -0.03604
   -0.00768
    0.05187
   -0.04440
    0.02802
    0.02144
   -0.01488
    0.04856
    0.05740
    0.00711
    0.00966
   -0.02907
   -0.00696
    0.01919
    0.03162
   -0.01584
   -0.03590
    0.01433
    0.00271
    0.02357
    0.06653
    0.02646
   -0.00308
    0.04182
   -0.00009
    0.04169
    0.03861
   -0.05544
    0.05641
   -0.03759
   -0.02656
   -0.01336
   -0.04283
   -0.00096
    0.00596
    0.02114
   -0.04292
   -0.01994
   -0.00469
    0.03798
   -0.04666
    0.06792
    0.04599
   -0.04106
   -0.01626
    0.01229
   -0.02547
   -0.03936
   -0.00780
   -0.06136
    0.01389
   -0.03952
   -0.04186
    0.04271
   -0.04176
   -0.04570
   -0.00016
    0.05299
   -0.02466
    0.04686
    0.02649
   -0.06887
   -0.06095
   -0.04114
    0.03197
    0.05391
   -0.02969
    0.06041
   -0.03726
   -0.03252
    0.02176
   -0.03072
   -0.05717
   -0.03368
    0.01953
   -0.02141
   -0.01311
   -0.00889
   -0.00312
    0.04884
    0.03364
   -0.04954
    0.03856
   -0.06537
    0.06469
    0.02042
   -0.01434
   -0.07375
   -0.03987
   -0.06778
    0.02486
   -0.07915
    0.06153
    0.04182
   -0.05375
   -0.07531
   -0.02609
    0.05338
    0.04645
   -0.05465
    0.04571
    0.01269
   -0.01597
    0.01952
   -0.00065
    0.06134
    0.00724
    0.05730
   -0.05034
    0.03015
    0.05763
   -0.03646
   -0.04038
   -0.01059
    0.03439
    0.05362
    0.04889
    0.06514
   -0.03153
   -0.03608
    0.03162
    0.02224
    0.07834
    0.04927

    0.03689
   -0.04071
   -0.04061
    0.02738
   -0.03143
   -0.04414
    0.02462
   -0.04655
    0.04378
   -0.04721
   -0.03753
    0.06423
   -0.01847
   -0.05437
    0.02477
   -0.00365
   -0.01279
    0.00370
   -0.05133
   -0.08255
    0.00618
    0.04195
   -0.01286
   -0.06300
    0.02299
   -0.01056
   -0.00729
   -0.02794
    0.01228
    0.00104
   -0.03109
   -0.05325
   -0.04413
   -0.03069
   -0.00159
    0.02102
   -0.06414
    0.01103
   -0.06153
   -0.02359
    0.06057
    0.05172
   -0.02156
   -0.02867
    0.01746
    0.03724
   -0.04436
    0.04051
    0.06972
    0.01761
    0.03598
    0.01848
   -0.06377
   -0.02019
    0.00479
    0.00210
   -0.04530
   -0.03559
   -0.03758
    0.05644
   -0.05373
    0.05225
    0.04755
   -0.04979
   -0.02732
    0.01797
   -0.03290
    0.00211
    0.04447
    0.03604
    0.04277
    0.02485
    0.04988
    0.07432
   -0.00092
    0.05730
   -0.00904
    0.04506
   -0.02061
    0.00683
    0.01117
    0.05239
   -0.03357
    0.05181
    0.01986
    0.03910
   -0.01416
    0.05145
   -0.03555
   -0.01553
    0.07167
    0.02093
    0.06783
    0.00083
   -0.01145
    0.04627
    0.03969
    0.02303
    0.00453
   -0.01948
   -0.05469
    0.00459
   -0.00153
    0.05136
   -0.02540
    0.05797
    0.03990
   -0.05691
    0.04927
   -0.02297
   -0.03303
   -0.04012
   -0.04066
    0.01846
    0.03633
    0.00821
    0.05715
   -0.04161
   -0.06378
   -0.01058
    0.04068
   -0.02795
    0.03458
    0.00880
   -0.03515
   -0.05499
   -0.06552
    0.02235
   -0.00654
    0.03479
    0.02694
   -0.03111
   -0.05134
   -0.07092
    0.00007
    0.05406
    0.07138
   -0.04681
   -0.05727
   -0.01646
    0.04560
    0.06202
    0.05891
   -0.02051
   -0.04921
   -0.02520
   -0.00609
   -0.05406
   -0.00932
    0.01507
    0.02324
   -0.02616
    0.02437
    0.05247
    0.02294
    0.00510
    0.05526
   -0.02632
    0.06362
    0.03827
    0.01152
    0.03541
    0.02067
   -0.00995
    0.05954
   -0.02269
    0.05874
    0.00009
    0.02071
    0.07210
    0.03047
   -0.01001
    0.00308
   -0.02822
   -0.02553
    0.05413
    0.01679
   -0.00506
   -0.06537
   -0.07326
   -0.01627
   -0.04661
   -0.06144
   -0.03729
    0.02821
   -0.04767
   -0.03976
    0.03976
   -0.04488
   -0.07114
    0.00468
   -0.06663
    0.00728
    0.02759
   -0.02398
   -0.06578
    0.01491
   -0.05109
   -0.03353
   -0.00040
    0.02212
   -0.02891
   -0.00881
   -0.04715
    0.02232
   -0.01566
   -0.06210
    0.00387
   -0.00965
   -0.06819
    0.00507
   -0.06595
    0.03020
   -0.03076
   -0.03114
    0.02781
    0.05188
   -0.04320
   -0.00313
   -0.02671
    0.04802
    0.06956
   -0.04214
   -0.03264
   -0.07301
    0.05928
   -0.02201
    0.03299
   -0.03173
    0.00868
    0.02504
    0.01908
   -0.04091
   -0.03943
    0.01585
   -0.02550
    0.07265
    0.03391
    0.03641
   -0.05984
    0.02107
   -0.03420
   -0.01806
   -0.06787
   -0.05046
   -0.04206
    0.02447
    0.06047
   -0.04507
   -0.00917
   -0.06163
    0.01968
    0.02878
   -0.04700
    0.01511
    0.06411
   -0.00357
   -0.00941
   -0.07913
   -0.03553
   -0.04310
   -0.04528
   -0.05097
   -0.02916
   -0.02522
   -0.06756
   -0.00081
   -0.01794
   -0.02587
    0.04939
    0.04278
    0.00246
   -0.05239
    0.04973
   -0.00538
    0.01544
    0.04672
    0.04680
    0.05943
    0.03743
    0.03742
   -0.03070
   -0.05988
   -0.06217
   -0.00334
   -0.00660
   -0.01271
   -0.02297
   -0.01938
    0.00584
    0.03141
    0.05700
   -0.05614
    0.02653
   -0.02735
   -0.07322
   -0.04716
   -0.06601
    0.03196
   -0.00269
    0.04828
   -0.06364
    0.05489
   -0.02300
   -0.00340
    0.03050
   -0.05170
   -0.05550
    0.02229
   -0.01734
    0.00543
   -0.04584
   -0.05880
   -0.02432
    0.06742
   -0.02958
   -0.05561
   -0.05158
    0.04781
    0.04572
    0.00973
   -0.00629
    0.02497
    0.05379
    0.01630
    0.07403
    0.01394
    0.04140
    0.00932
   -0.04412
   -0.06831
   -0.03876
   -0.02222
    0.06505
    0.02130
    0.00084
   -0.03550
   -0.05079
   -0.01790
    0.01695
    0.03720
    0.02145
   -0.04370
   -0.05639
   -0.02201
    0.04853
   -0.04262
    0.06220
    0.05428
    0.01427
    0.03190
    0.02071
   -0.03628
   -0.00602
   -0.04603
    0.05002
    0.01216
    0.01083
    0.06414
   -0.01358
   -0.01155
   -0.05888
    0.06484
    0.04299
    0.06795
    0.07135
    0.06492
   -0.00643
   -0.07020
   -0.01292
    0.03419
   -0.02301
    0.07278
   -0.00153
    0.03067
   -0.01100
   -0.03177
    0.03566
   -0.05797
    0.03751
   -0.05599
   -0.00954
    0.05721
   -0.01564
   -0.00217
    0.01937
    0.03459
   -0.07457
    0.03723
   -0.03867
    0.03974
    0.03963
   -0.02165
    0.05172
   -0.01072
    0.01790
    0.02989
   -0.05742
   -0.08252
   -0.03190
    0.02262
   -0.03784
    0.06242
    0.02699
    0.00404
   -0.05953
   -0.01813
    0.04428
    0.05130
    0.06205
    0.00520
    0.06440
   -0.03960
    0.06150
    0.00609
   -0.06245
   -0.02791
    0.01789
   -0.05567
   -0.05616
    0.06566
    0.05636
    0.02184
    0.03494
    0.00772
    0.03492
   -0.06464
    0.06819
    0.05814
    0.00775
   -0.00603
   -0.05406
   -0.02042
   -0.06034
    0.00071
   -0.07055
    0.05945
   -0.06429
   -0.03980
    0.05194
   -0.00460
    0.02074
    0.03032
    0.02897
    0.06633
    0.04744
   -0.05590
   -0.00542
   -0.00968
   -0.01787
    0.03085
   -0.02092
    0.04689
   -0.06528
   -0.03498
    0.03225
    0.00506
    0.00192
    0.07281
   -0.04042
   -0.02304
   -0.00800
   -0.02617
    0.01796
    0.04415
   -0.04437
   -0.01057
   -0.00938
   -0.05027
    0.03737
   -0.03250
   -0.00693
    0.04128
    0.00088
   -0.02244
   -0.00875
   -0.03580
   -0.00851
    0.05330
   -0.04540
    0.02803
    0.02282
   -0.01578
    0.04928
    0.05763
    0.00682
    0.00992
   -0.03016
   -0.00618
    0.02026
    0.03172
   -0.01697
   -0.03677
    0.01372
    0.00209
    0.02321
    0.06730
    0.02677
   -0.00300
    0.04262
   -0.00048
    0.04199
    0.03906
   -0.05639
    0.05852
   -0.03835
   -0.02784
   -0.01340
   -0.04328
   -0.00076
    0.00528
    0.02237
   -0.04331
   -0.02069
   -0.00559
    0.03886
   -0.04741
    0.06865
    0.04729
   -0.04248
   -0.01595
    0.01212
   -0.02520
   -0.03982
   -0.00830
   -0.06274
    0.01467
   -0.04037
   -0.04246
    0.04343
   -0.04274
   -0.04629
   -0.00030
    0.05445
   -0.02439
    0.04753
    0.02749
   -0.06940
   -0.06179
   -0.04287
    0.03191
    0.05453
   -0.03087
    0.06252
   -0.03788
   -0.03208
    0.02254
   -0.03130
   -0.05736
   -0.03379
    0.02025
   -0.02215
   -0.01426
   -0.00797
   -0.00365
    0.05071
    0.03388
   -0.05022
    0.03987
   -0.06709
    0.06698
    0.02035
   -0.01414
   -0.07509
   -0.04031
   -0.06950
    0.02572
   -0.08000
    0.06241
    0.04348
   -0.05386
   -0.07724
   -0.02659
    0.05437
    0.04755
   -0.05514
    0.04565
    0.01241
   -0.01714
    0.02063
    0.00001
    0.06296
    0.00813
    0.05881
   -0.05051
    0.03078
    0.05876
   -0.03634
   -0.04099
   -0.01110
    0.03453
    0.05414
    0.05045
    0.06728
   -0.03194
   -0.03672
    0.03171
    0.02275
    0.07932
    0.04980
