          1          0    0.00000   -0.98594   -0.00672   -0.98594   -0.00672   -3.71177    3.71177    0.00000
          1          1   29.00795   -0.98594   -0.00672   -0.98594   -0.00672   -1.03561   -0.98594    0.00000
          2          0   29.00795   -0.53177   -0.04943   -0.98594   -0.00672   -1.03561   -0.98594   -1.01078
          2          1   85.76673   -0.68638   -0.04203   -0.97592   -0.01294   -1.01357   -0.98594   -1.01078
          2          2  170.59309   -0.76573   -0.03631   -0.99090   -0.01154   -1.00774   -0.99090   -1.01078
          2          3  292.36177   -0.81217   -0.03320   -0.99306   -0.01646   -1.00637   -0.99306   -1.01078
          2          4  437.15089   -0.84425   -0.03048   -1.00113   -0.01382   -1.00540   -1.00113   -1.01078
          2          5  617.83518   -0.86717   -0.02857   -1.00368   -0.01492   -1.00520   -1.00368   -1.01078
          2          6 1024.18951   -0.88431   -0.02698   -1.00355   -0.01421   -1.00512   -1.00368   -1.01078
          2          7 2003.15860   -0.89775   -0.02570   -1.00306   -0.01419   -1.00506   -1.00368   -1.01078
          2          8 3361.31524   -0.90846   -0.02469   -1.00237   -0.01451   -1.00497   -1.00368   -1.01078
          2          9 5555.44069   -0.91719   -0.02384   -1.00421   -0.01442   -1.00485   -1.00421   -1.01078
