 48060664481250056
       5974
 3600.24504
    3.49165
   -1.01263
   -0.00937
   -1.01514
   -0.00001

   -0.00342
   -0.03868
    0.04494
    0.06081
    0.02788
   -0.04581
   -0.01260
    0.07000
   -0.05388
    0.03955
    0.05990
    0.06370
    0.00567
    0.02268
   -0.05307
    0.01593
    0.04633
    0.03004
    0.02627
   -0.02265
    0.01107
   -0.01260
    0.06101
   -0.06130
    0.02089
    0.02494
    0.01224
    0.01264
    0.02047
    0.05137
   -0.06699
    0.02515
    0.00563
   -0.06870
    0.03113
    0.03108
   -0.06354
    0.03702
    0.03725
   -0.00988
   -0.01714
    0.04701
    0.01142
    0.02242
    0.03184
   -0.04255
   -0.00991
   -0.04640
   -0.05204
    0.06415
    0.01007
   -0.00021
    0.00757
    0.05234
   -0.03204
   -0.04682
   -0.00380
   -0.04899
    0.04449
   -0.06284
    0.02292
   -0.06699
   -0.03923
    0.01106
   -0.02270
   -0.03595
    0.02013
    0.06071
   -0.02506
    0.05308
   -0.01632
   -0.00610
   -0.01415
    0.02593
    0.03996
   -0.01541
   -0.05969
    0.05283
    0.02806
    0.06448
    0.00101
   -0.01897
   -0.05386
    0.05951
   -0.03665
   -0.00536
    0.02854
   -0.04832
   -0.00229
    0.01215
   -0.05244
    0.04195
    0.05197
    0.07359
   -0.03939
    0.04957
   -0.00728
    0.02567
    0.04196
    0.01276
   -0.03834
    0.00689
   -0.01011
    0.00734
   -0.05641
    0.02445
    0.05517
    0.01802
   -0.03528
   -0.01069
   -0.03545
   -0.02348
    0.02465
    0.06431
   -0.03525
    0.04586
   -0.01840
    0.05375
   -0.00676
    0.01166
    0.01874
   -0.01205
    0.03345
    0.01250
    0.02171
    0.06058
   -0.06418
    0.04708
    0.03229
    0.04759
    0.04740
   -0.05037
    0.02780
    0.04292
   -0.01568
    0.01591
    0.06220
   -0.05287
   -0.03661
   -0.02064
    0.01546
    0.06249
   -0.04597
   -0.06425
    0.06957
    0.03868
    0.00621
    0.00777
   -0.04753
   -0.02160
   -0.04344
   -0.01423
   -0.03538
    0.06212
   -0.00828
    0.03638
    0.04098
   -0.05593
   -0.03300
   -0.01670
    0.02659
   -0.00493
    0.03653
    0.05645
   -0.04919
    0.06513
   -0.02904
   -0.06060
    0.05700
    0.05719
   -0.02408
    0.00949
    0.05810
    0.04055
    0.04279
    0.06973
    0.06296
   -0.00377
    0.04319
    0.06969
    0.03230
    0.05014
   -0.04357
    0.00607
   -0.01544
    0.05706
    0.03736
    0.03902
   -0.03034
    0.02609
   -0.03766
   -0.01015
    0.01620
   -0.05024
   -0.02384
   -0.07262
   -0.07455
   -0.05726
   -0.04271
   -0.00602
   -0.00120
    0.06607
   -0.00734
   -0.04035
   -0.02285
    0.03106
    0.03981
    0.05871
   -0.06112
   -0.00347
   -0.07103
    0.03881
   -0.02744
    0.01085
    0.03048
   -0.03396
   -0.02892
   -0.05271
   -0.06965
   -0.06504
   -0.01295
    0.06205
   -0.00956
    0.04119
    0.00525
   -0.05934
    0.01219
    0.01391
    0.01115
   -0.03008
    0.04967
    0.04865
    0.00133
    0.03571
    0.03164
    0.00192
    0.03179
   -0.03237
    0.06376
    0.04699
   -0.04498
    0.06087
   -0.05115
    0.04516
   -0.02690
    0.01484
   -0.05334
   -0.03399
   -0.00511
    0.05873
   -0.06316
    0.01178
   -0.03904
    0.04744
    0.04419
   -0.03358
   -0.04630
   -0.04377
    0.02056
   -0.00935
    0.04364
   -0.02301
    0.04165
    0.02689
    0.04907
    0.03243
    0.00597
    0.00552
    0.05492
    0.03914
   -0.03925
   -0.03860
    0.01721
    0.04996
   -0.01465
   -0.00727
    0.04119
   -0.01657
    0.08513
    0.00451
    0.02904
   -0.07230
   -0.03281
   -0.03959
    0.02295
   -0.00215
   -0.00153
    0.05549
    0.05813
   -0.02212
    0.03243
   -0.04242
   -0.05543
    0.02623
    0.04171
   -0.05590
   -0.06360
   -0.04245
    0.00963
    0.04097
    0.04594
   -0.05786
    0.00336
    0.06445
   -0.01223
    0.01881
   -0.00051
    0.08012
   -0.04401
    0.05877
    0.03820
    0.02037
    0.03216
   -0.01422
   -0.06424
   -0.01316
   -0.04817
    0.02025
    0.00423
    0.06476
   -0.05118
    0.05178
    0.01966
    0.05817
   -0.02278
    0.02984
   -0.00452
   -0.02967
   -0.02212
   -0.06059
   -0.00163
   -0.01609
   -0.06216
    0.02847
   -0.02457
   -0.00049
    0.01030
    0.00287
    0.05867
    0.00171
    0.01561
   -0.05864
   -0.01873
   -0.02984
   -0.00628
   -0.01422
    0.05770
   -0.05995
    0.02919
   -0.03949
   -0.03800
    0.01808
    0.06112
    0.02193
   -0.00629
   -0.04728
    0.07012
    0.00889
    0.05215
   -0.07085
    0.04754
   -0.00758
    0.01055
   -0.03129
    0.02073
   -0.05032
   -0.02111
    0.02512
   -0.03374
    0.00858
   -0.02890
   -0.02160
   -0.02361
    0.04121
   -0.07085
    0.04228
   -0.03755
    0.00375
   -0.02408
   -0.03245
    0.06293
    0.05923
   -0.01250
    0.05860
    0.03015
    0.03692
    0.04824
    0.04100
   -0.00587
   -0.05696
   -0.03386
    0.04789
   -0.02826
    0.02805
   -0.05382
   -0.02461
   -0.00097
   -0.05113
    0.05396
   -0.06377
   -0.01003
    0.03788
   -0.01870
    0.02576
    0.06396
    0.04230
   -0.03469
   -0.06054
    0.01743
    0.03172
   -0.05138
    0.03153
    0.02910
   -0.07288
    0.06355
    0.03804
   -0.03525
   -0.02508
    0.00731
    0.01338
    0.04881
    0.04738
   -0.01556
    0.01756
    0.01876
    0.03218
    0.03243
   -0.05657
    0.02891
    0.03552
   -0.01245
    0.02382
   -0.02950
    0.02865
    0.00358
   -0.04319
    0.03113
   -0.05839
    0.02904
   -0.05043
    0.05775
   -0.07460
   -0.02502
    0.02830
   -0.05314
    0.02075
    0.04474
    0.05815
    0.00771
    0.06733
   -0.04717
    0.01055
    0.03379
   -0.06386
    0.04135
   -0.05508
    0.05536
    0.05563
   -0.07028
    0.00624
    0.04557
   -0.05967
   -0.03623
   -0.03236
    0.00622
    0.03464
    0.07069
   -0.03343
   -0.01473
    0.03195
    0.05826
    0.00184
   -0.05886
   -0.03689
   -0.06536
   -0.01243
    0.02217
   -0.05999
   -0.05376
   -0.04143
    0.06611
   -0.02626
    0.05344
   -0.02122
    0.01244
   -0.01393
   -0.00416
   -0.01502
    0.01989
   -0.03392
    0.02375
   -0.03804
   -0.06059
   -0.03991
   -0.00517
    0.00637
    0.05182
   -0.02242
   -0.03366
    0.00164
   -0.03188
   -0.05883
   -0.04331
   -0.04034
    0.05236
   -0.05572
   -0.06194
    0.03881
    0.06309
   -0.02751
    0.03872
    0.00107
   -0.04160
    0.04166
    0.02563
   -0.05184
    0.05385
   -0.04577
   -0.00779
    0.03677
   -0.05216
   -0.04263
   -0.03896
   -0.03770
   -0.04391
    0.02858
   -0.04914
   -0.04584
   -0.01378
    0.00651
   -0.00226
   -0.03581
   -0.00366
   -0.01750
   -0.05150
   -0.06381
   -0.02473
   -0.02968
    0.02869
   -0.06199
   -0.05317
   -0.05902
   -0.00699
   -0.06178
    0.06640
    0.01677
   -0.06077
    0.06149
    0.07222
   -0.02969
   -0.02559
    0.01137
    0.05245
    0.00102
   -0.02242
   -0.05732
   -0.00611
   -0.03850
    0.01758
    0.06241
   -0.04989
    0.05326
    0.03783
   -0.00205
    0.01084
   -0.00643
   -0.02351
    0.06974
    0.04647
   -0.06335
   -0.06610
   -0.06370
   -0.05390
   -0.05450
   -0.06441
    0.04830
   -0.04715
   -0.06933
    0.05935
    0.03470
   -0.01237
   -0.03541
   -0.05910
   -0.02190
   -0.05346
   -0.06174
    0.02956
   -0.04919
    0.02750
    0.02662
    0.00655
   -0.02609
   -0.00505
   -0.00053
    0.01084
   -0.00781
   -0.00992
   -0.06011
    0.05059
   -0.01423

   -0.00301
   -0.03884
    0.04499
    0.06051
    0.02830
   -0.04524
   -0.01251
    0.07049
   -0.05396
    0.03998
    0.06040
    0.06366
    0.00603
    0.02311
   -0.05258
    0.01623
    0.04635
    0.03007
    0.02622
   -0.02326
    0.01071
   -0.01225
    0.06057
   -0.06129
    0.02098
    0.02452
    0.01256
    0.01241
    0.01991
    0.05168
   -0.06733
    0.02587
    0.00599
   -0.06895
    0.03092
    0.03096
   -0.06344
    0.03696
    0.03774
   -0.00977
   -0.01681
    0.04736
    0.01201
    0.02211
    0.03186
   -0.04214
   -0.01005
   -0.04636
   -0.05258
    0.06506
    0.00989
   -0.00052
    0.00837
    0.05269
   -0.03188
   -0.04717
   -0.00387
   -0.04981
    0.04419
   -0.06308
    0.02256
   -0.06693
   -0.03920
    0.01124
   -0.02334
   -0.03653
    0.02071
    0.05991
   -0.02513
    0.05347
   -0.01629
   -0.00588
   -0.01402
    0.02653
    0.03999
   -0.01531
   -0.05970
    0.05276
    0.02832
    0.06469
    0.00104
   -0.01941
   -0.05331
    0.05949
   -0.03635
   -0.00548
    0.02799
   -0.04888
   -0.00272
    0.01227
   -0.05259
    0.04246
    0.05232
    0.07361
   -0.03918
    0.04965
   -0.00819
    0.02557
    0.04223
    0.01318
   -0.03897
    0.00757
   -0.01022
    0.00652
   -0.05615
    0.02415
    0.05611
    0.01831
   -0.03457
   -0.01093
   -0.03617
   -0.02365
    0.02441
    0.06391
   -0.03512
    0.04627
   -0.01763
    0.05399
   -0.00737
    0.01166
    0.01904
   -0.01267
    0.03350
    0.01264
    0.02202
    0.06099
   -0.06412
    0.04682
    0.03236
    0.04782
    0.04789
   -0.05070
    0.02706
    0.04285
   -0.01563
    0.01568
    0.06231
   -0.05227
   -0.03620
   -0.02092
    0.01530
    0.06245
   -0.04619
   -0.06525
    0.07025
    0.03795
    0.00641
    0.00726
   -0.04729
   -0.02215
   -0.04343
   -0.01391
   -0.03557
    0.06227
   -0.00775
    0.03627
    0.04202
   -0.05657
   -0.03273
   -0.01701
    0.02687
   -0.00526
    0.03653
    0.05700
   -0.04880
    0.06525
   -0.02879
   -0.06073
    0.05684
    0.05754
   -0.02411
    0.00973
    0.05856
    0.04056
    0.04264
    0.06928
    0.06286
   -0.00376
    0.04301
    0.07023
    0.03265
    0.05052
   -0.04356
    0.00673
   -0.01589
    0.05735
    0.03815
    0.03885
   -0.03034
    0.02629
   -0.03817
   -0.01044
    0.01576
   -0.05033
   -0.02339
   -0.07234
   -0.07496
   -0.05702
   -0.04313
   -0.00661
   -0.00118
    0.06699
   -0.00760
   -0.04000
   -0.02303
    0.03062
    0.03947
    0.05941
   -0.06128
   -0.00408
   -0.07068
    0.03919
   -0.02708
    0.01049
    0.03070
   -0.03472
   -0.02882
   -0.05269
   -0.06924
   -0.06460
   -0.01311
    0.06176
   -0.00935
    0.04153
    0.00533
   -0.05955
    0.01284
    0.01404
    0.01037
   -0.03005
    0.04922
    0.04934
    0.00100
    0.03600
    0.03204
    0.00210
    0.03171
   -0.03269
    0.06401
    0.04679
   -0.04530
    0.06085
   -0.05213
    0.04548
   -0.02699
    0.01500
   -0.05307
   -0.03415
   -0.00522
    0.05924
   -0.06383
    0.01246
   -0.03925
    0.04726
    0.04466
   -0.03378
   -0.04601
   -0.04393
    0.02062
   -0.00948
    0.04382
   -0.02296
    0.04154
    0.02719
    0.04914
    0.03245
    0.00587
    0.00522
    0.05563
    0.03906
   -0.04001
   -0.03829
    0.01747
    0.05002
   -0.01529
   -0.00782
    0.04132
   -0.01697
    0.08495
    0.00479
    0.02930
   -0.07156
   -0.03338
   -0.03975
    0.02223
   -0.00214
   -0.00103
    0.05570
    0.05892
   -0.02192
    0.03229
   -0.04271
   -0.05561
    0.02693
    0.04198
   -0.05675
   -0.06405
   -0.04185
    0.00993
    0.04111
    0.04642
   -0.05792
    0.00406
    0.06380
   -0.01289
    0.01937
   -0.00027
    0.08035
   -0.04422
    0.05925
    0.03868
    0.02050
    0.03278
   -0.01486
   -0.06521
   -0.01334
   -0.04813
    0.02099
    0.00348
    0.06469
   -0.05160
    0.05128
    0.02000
    0.05776
   -0.02367
    0.02983
   -0.00382
   -0.02920
   -0.02164
   -0.06086
   -0.00158
   -0.01579
   -0.06307
    0.02823
   -0.02490
   -0.00071
    0.00951
    0.00347
    0.05851
    0.00134
    0.01553
   -0.05886
   -0.01862
   -0.02991
   -0.00588
   -0.01444
    0.05805
   -0.05962
    0.02973
   -0.03995
   -0.03780
    0.01867
    0.06067
    0.02177
   -0.00612
   -0.04735
    0.07037
    0.00905
    0.05223
   -0.07091
    0.04720
   -0.00709
    0.01038
   -0.03150
    0.02108
   -0.05051
   -0.02136
    0.02519
   -0.03388
    0.00891
   -0.02866
   -0.02127
   -0.02363
    0.04057
   -0.07100
    0.04234
   -0.03758
    0.00308
   -0.02471
   -0.03241
    0.06294
    0.05929
   -0.01224
    0.05868
    0.03097
    0.03644
    0.04828
    0.04051
   -0.00598
   -0.05734
   -0.03408
    0.04799
   -0.02788
    0.02782
   -0.05360
   -0.02363
   -0.00134
   -0.05155
    0.05370
   -0.06392
   -0.00959
    0.03865
   -0.01892
    0.02602
    0.06466
    0.04226
   -0.03474
   -0.06097
    0.01796
    0.03216
   -0.05115
    0.03160
    0.02954
   -0.07269
    0.06377
    0.03820
   -0.03538
   -0.02534
    0.00746
    0.01409
    0.04894
    0.04788
   -0.01619
    0.01749
    0.01935
    0.03172
    0.03230
   -0.05675
    0.02825
    0.03535
   -0.01285
    0.02348
   -0.02906
    0.02806
    0.00376
   -0.04293
    0.03149
   -0.05886
    0.02852
   -0.05019
    0.05732
   -0.07527
   -0.02523
    0.02848
   -0.05303
    0.02122
    0.04542
    0.05822
    0.00741
    0.06760
   -0.04706
    0.01067
    0.03415
   -0.06379
    0.04145
   -0.05520
    0.05506
    0.05614
   -0.07068
    0.00584
    0.04522
   -0.06026
   -0.03605
   -0.03199
    0.00620
    0.03375
    0.07096
   -0.03358
   -0.01448
    0.03172
    0.05895
    0.00227
   -0.05865
   -0.03703
   -0.06584
   -0.01198
    0.02225
   -0.05983
   -0.05404
   -0.04134
    0.06647
   -0.02700
    0.05380
   -0.02098
    0.01240
   -0.01437
   -0.00412
   -0.01440
    0.02008
   -0.03486
    0.02342
   -0.03800
   -0.06042
   -0.04046
   -0.00494
    0.00639
    0.05228
   -0.02303
   -0.03371
    0.00178
   -0.03145
   -0.05938
   -0.04333
   -0.04020
    0.05175
   -0.05649
   -0.06230
    0.03901
    0.06283
   -0.02789
    0.03829
    0.00181
   -0.04233
    0.04227
    0.02584
   -0.05265
    0.05405
   -0.04556
   -0.00783
    0.03628
   -0.05163
   -0.04223
   -0.03928
   -0.03798
   -0.04430
    0.02817
   -0.04928
   -0.04591
   -0.01405
    0.00642
   -0.00251
   -0.03595
   -0.00400
   -0.01828
   -0.05188
   -0.06435
   -0.02533
   -0.02955
    0.02821
   -0.06255
   -0.05395
   -0.05831
   -0.00683
   -0.06217
    0.06607
    0.01688
   -0.06058
    0.06168
    0.07293
   -0.02995
   -0.02550
    0.01188
    0.05257
    0.00091
   -0.02234
   -0.05788
   -0.00649
   -0.03801
    0.01693
    0.06205
   -0.04900
    0.05323
    0.03798
   -0.00204
    0.01067
   -0.00679
   -0.02394
    0.06919
    0.04670
   -0.06288
   -0.06687
   -0.06458
   -0.05371
   -0.05439
   -0.06450
    0.04853
   -0.04742
   -0.06889
    0.05913
    0.03528
   -0.01203
   -0.03493
   -0.05921
   -0.02196
   -0.05370
   -0.06186
    0.02966
   -0.04944
    0.02730
    0.02665
    0.00658
   -0.02609
   -0.00494
   -0.00013
    0.01148
   -0.00768
   -0.00981
   -0.05998
    0.05136
   -0.01375

   -0.01512
   -0.01578
    0.03913
    0.08799
    0.01078
   -0.08288
   -0.00421
    0.00984
   -0.02253
    0.00765
    0.02182
    0.04526
   -0.04870
   -0.02025
   -0.07305
   -0.01295
    0.03929
   -0.01340
    0.04146
    0.05102
    0.05885
   -0.06164
    0.07414
   -0.03318
    0.01083
    0.03631
   -0.01407
    0.02164
    0.03038
    0.02670
   -0.03883
   -0.03715
   -0.03477
   -0.05404
    0.02312
    0.06134
   -0.06332
    0.04296
   -0.00047
   -0.03194
   -0.02943
    0.03469
   -0.03760
    0.05623
    0.02243
   -0.07179
   -0.02039
   -0.06900
   -0.00296
   -0.00394
    0.04486
   -0.00505
   -0.04026
    0.01153
   -0.06410
   -0.03648
   -0.01460
    0.00417
    0.06053
   -0.00336
    0.05722
   -0.06770
   -0.05389
    0.01825
    0.00819
    0.01943
   -0.01286
    0.06771
   -0.00497
    0.01121
   -0.00065
    0.02338
   -0.02534
    0.01127
    0.06310
   -0.01803
   -0.00615
    0.03829
    0.02686
    0.04203
   -0.00649
    0.01336
   -0.08628
    0.04001
   -0.06320
   -0.00966
    0.04360
    0.00386
    0.01281
    0.00482
   -0.05184
    0.00601
    0.01658
    0.07852
   -0.03745
    0.05779
    0.03572
    0.05008
    0.02755
    0.01073
   -0.03354
   -0.01901
   -0.01149
    0.05714
   -0.08883
    0.03798
    0.00376
    0.00345
   -0.07351
    0.00382
    0.02332
    0.01517
    0.04639
    0.05619
   -0.04626
   -0.03345
   -0.02955
    0.04486
    0.02482
    0.02439
    0.02217
    0.02448
    0.05806
    0.02588
   -0.03904
   -0.00029
   -0.08772
    0.05196
    0.02254
   -0.01176
    0.00427
   -0.01985
    0.04926
    0.06013
   -0.02649
    0.04139
    0.05276
   -0.05798
   -0.03152
    0.00615
    0.04302
    0.07984
   -0.04013
    0.01450
    0.01396
    0.07828
   -0.01310
    0.04388
   -0.07899
    0.01994
   -0.03195
   -0.03038
   -0.02030
    0.05866
   -0.04882
    0.01660
   -0.03081
   -0.01444
   -0.03842
    0.00733
    0.02749
    0.02154
    0.03591
    0.00595
   -0.06226
    0.05009
   -0.06590
   -0.05337
    0.03777
    0.02634
    0.00886
   -0.00895
    0.03810
    0.02101
    0.05452
    0.08157
    0.06673
   -0.01396
    0.05042
    0.03974
    0.00110
    0.00251
   -0.01671
   -0.02931
    0.04182
    0.03233
   -0.00775
    0.06094
   -0.04391
    0.00508
    0.00355
    0.04581
    0.04510
   -0.04382
   -0.06135
   -0.05498
   -0.00757
   -0.02575
    0.01546
    0.03795
   -0.04383
    0.01844
   -0.00576
   -0.07815
   -0.00503
    0.02413
    0.05185
   -0.01865
   -0.04433
    0.02703
   -0.07863
    0.02758
   -0.02150
    0.04247
    0.00116
    0.02600
   -0.05105
   -0.02605
   -0.08540
   -0.08026
    0.02747
    0.04991
   -0.00283
    0.00083
   -0.01136
   -0.03671
   -0.03194
    0.01451
    0.04179
   -0.00449
    0.06686
   -0.02778
    0.00696
    0.00128
   -0.02736
    0.01791
    0.04746
    0.00970
    0.04121
    0.05263
   -0.01503
    0.05697
    0.01385
   -0.00659
    0.01106
   -0.01395
   -0.07994
   -0.03252
    0.01422
   -0.00218
   -0.01952
   -0.03390
   -0.05125
    0.06307
   -0.00264
   -0.03216
   -0.06839
   -0.02169
    0.00483
   -0.00996
    0.02026
    0.00891
    0.03102
    0.00220
    0.04782
    0.05170
    0.00794
    0.02258
    0.01468
    0.03928
   -0.00114
   -0.05285
   -0.01541
    0.02315
    0.02872
    0.01372
    0.02726
    0.01593
    0.10258
   -0.02797
    0.01303
   -0.09823
   -0.00359
   -0.02422
    0.05769
    0.02730
   -0.00447
    0.01351
    0.00583
   -0.02841
    0.02238
   -0.03480
   -0.02619
   -0.01872
    0.04319
    0.01841
   -0.04249
   -0.08149
   -0.00308
    0.01550
   -0.00049
   -0.03196
   -0.03439
    0.07097
    0.04079
   -0.05554
    0.00433
    0.06365
   -0.00505
    0.02623
    0.00839
    0.02364
   -0.01544
    0.01757
   -0.00986
    0.02036
   -0.04251
   -0.02998
    0.03316
    0.08912
   -0.01041
    0.06575
   -0.00509
    0.09155
    0.01870
    0.02700
   -0.02093
   -0.05213
   -0.03429
   -0.03835
   -0.03251
    0.00107
    0.00853
    0.06440
    0.00811
    0.00306
    0.04714
   -0.02522
    0.05137
    0.04955
    0.01112
   -0.03355
   -0.01684
   -0.01061
   -0.04140
    0.00290
    0.02786
   -0.07217
   -0.02897
   -0.01422
   -0.03804
   -0.00600
    0.08615
    0.02416
   -0.00197
   -0.06430
    0.07677
   -0.02193
    0.04947
   -0.04188
    0.07171
   -0.03972
    0.01452
   -0.02019
   -0.04024
   -0.03936
   -0.01793
    0.04173
   -0.02662
   -0.01834
   -0.03690
   -0.02586
   -0.03712
    0.05977
   -0.03632
    0.01923
   -0.01432
    0.03860
    0.02998
    0.01017
    0.06985
    0.02367
   -0.03604
    0.01876
   -0.00363
    0.04335
    0.01800
    0.05701
   -0.01540
   -0.04751
   -0.03079
    0.04771
   -0.05992
    0.04430
   -0.04532
   -0.06318
    0.03475
   -0.01615
    0.06660
   -0.04355
   -0.01572
   -0.05340
    0.01531
    0.01205
    0.00691
    0.08575
    0.00095
   -0.04034
   -0.03069
    0.03025
   -0.05737
    0.05342
   -0.02146
   -0.07597
    0.04368
    0.03734
   -0.01258
    0.00760
   -0.00014
   -0.03738
    0.01757
   -0.01281
    0.02838
    0.02973
   -0.02023
    0.05953
    0.02122
   -0.08844
    0.09454
    0.03640
   -0.00674
    0.05189
   -0.03927
    0.05738
   -0.02844
   -0.04284
   -0.00258
    0.00360
    0.02943
   -0.05146
    0.10424
    0.00086
   -0.02142
   -0.00443
   -0.03906
   -0.02285
   -0.01765
    0.04600
    0.03303
    0.04137
   -0.05016
    0.00236
   -0.01080
   -0.06130
    0.04518
   -0.04225
    0.09039
    0.01501
   -0.06420
    0.02810
    0.08032
   -0.01196
   -0.07218
   -0.04548
    0.02082
    0.07217
    0.05207
   -0.02817
   -0.00789
    0.04443
   -0.00902
   -0.03775
   -0.07853
   -0.04025
   -0.00180
   -0.02236
    0.01484
   -0.08043
   -0.01554
   -0.04494
    0.05009
    0.03482
    0.00006
   -0.03162
    0.00219
    0.03984
   -0.00765
   -0.05584
    0.04559
   -0.00390
    0.02935
   -0.03752
   -0.09092
   -0.02958
   -0.04133
    0.01919
    0.01951
    0.01637
   -0.01512
   -0.00539
   -0.05105
   -0.01246
   -0.01815
   -0.02158
    0.05928
   -0.02073
   -0.04312
    0.01463
    0.07552
    0.01575
    0.07143
   -0.04198
    0.00380
   -0.00946
   -0.00230
   -0.00117
    0.03591
   -0.03570
    0.00618
    0.06908
   -0.06175
   -0.06214
   -0.03721
   -0.01790
   -0.02473
    0.05736
   -0.04091
   -0.00384
    0.02116
    0.03245
    0.03089
   -0.00464
   -0.00607
    0.03281
    0.00967
   -0.05205
    0.01616
   -0.04732
    0.05224
   -0.02355
    0.00493
   -0.08766
   -0.02901
   -0.02875
    0.04328
   -0.01106
   -0.07552
    0.06526
    0.02253
   -0.01576
   -0.01731
   -0.05705
    0.03191
    0.00587
   -0.04054
    0.01895
    0.01486
   -0.09913
    0.05781
    0.08183
   -0.10445
    0.04033
    0.00858
   -0.01744
    0.03302
   -0.01803
    0.00735
    0.08688
    0.04810
   -0.09827
    0.02315
   -0.02613
   -0.04353
   -0.05627
   -0.08060
    0.00084
   -0.04178
   -0.06747
    0.05742
   -0.01375
   -0.03242
   -0.05844
   -0.02264
   -0.02184
   -0.03512
   -0.05722
    0.01854
   -0.04686
    0.05323
    0.01674
    0.02511
   -0.02313
   -0.04240
   -0.00555
   -0.02826
   -0.00148
    0.00256
   -0.05333
   -0.01474
   -0.04252
