          1          0    0.00000   -1.01102    0.04461   -1.01102    0.04461   -3.64712    3.64712    0.00000
          1          1   26.33707   -1.01102    0.04461   -1.01102    0.04461   -1.04495    3.64712    0.00000
          1          2   86.65132   -1.00744    0.02955   -0.99047    0.00084   -1.03236   -0.99047    0.00000
          2          0   86.65132   -0.37732   -0.04115   -0.99047    0.00084   -1.03236   -0.99047   -1.01142
          2          1  172.56056   -0.53790   -0.03653   -1.00595    0.00063   -1.02363   -1.00595   -1.01142
          2          2  289.07906   -0.63363   -0.03177   -1.00849    0.00009   -1.02170   -1.00849   -1.01142
          2          3  432.24251   -0.69828   -0.02767   -1.01274    0.00010   -1.02055   -1.01274   -1.01142
          3          0  432.24251   -0.15975   -0.04982   -1.01274    0.00010   -1.02055   -1.01274   -1.01664
          3          1  592.25346   -0.28450   -0.04808   -1.01394    0.00011   -1.01999   -1.01394   -1.01664
          3          2  929.50371   -0.37773   -0.04563   -1.01825    0.00005   -1.01972   -1.01825   -1.01664
          4          0  929.50371   -0.09127   -0.05014   -1.01825    0.00005   -1.01972   -1.01825   -1.01899
          4          1 1755.25607   -0.19643   -0.04966   -1.01887    0.00001   -1.01969   -1.01887   -1.01899
