          1          0    0.00000   -1.00612    0.01646   -1.00612    0.01646   -3.62568    3.62568    0.00000
          1          1    0.74399   -0.67095   -0.02822   -0.42925   -0.02113   -3.62568   -0.67095    0.00000
          2          0    0.74399   -0.30159   -0.05478   -0.42925   -0.02113   -3.62568   -0.67095   -2.14831
          2        100   70.63773   -0.93843    0.00528   -1.01936    0.02302   -3.62568   -0.67095   -2.14831
          2        200  129.83778   -0.96259    0.01010   -1.01904    0.02301   -3.62568   -0.67095   -2.14831
          2        300  187.17570   -0.97324    0.01228   -1.01936    0.02225   -3.62568   -0.67095   -2.14831
          2        400  260.73976   -0.97959    0.01360   -1.01916    0.02212   -3.62568   -0.67095   -2.14831
          2        500  344.02580   -0.98390    0.01450   -1.01926    0.02218   -3.62568   -0.67095   -2.14831
          2        600  413.60974   -0.98709    0.01517   -1.01944    0.02230   -3.62568   -0.67095   -2.14831
          2        700  501.25158   -0.98957    0.01569   -1.01982    0.02233   -3.62568   -0.67095   -2.14831
          2        800  581.81843   -0.99156    0.01611   -1.01946    0.02240   -3.62568   -0.67095   -2.14831
          2        900  647.66698   -0.99322    0.01646   -1.02001    0.02239   -3.62568   -0.67095   -2.14831
          2       1000  704.55178   -0.99461    0.01676   -1.01952    0.02268   -3.62568   -0.67095   -2.14831
          2       1100  763.37425   -0.99582    0.01701   -1.01979    0.02248   -3.62568   -0.67095   -2.14831
          2       1200  822.17963   -0.99687    0.01723   -1.01980    0.02246   -3.62568   -0.67095   -2.14831
          2       1300  899.42431   -0.99779    0.01743   -1.01994    0.02216   -3.62568   -0.67095   -2.14831
          2       1400  969.40343   -0.99862    0.01760   -1.01964    0.02248   -3.62568   -0.67095   -2.14831
          2       1500 1042.26873   -0.99936    0.01776   -1.01990    0.02237   -3.62568   -0.67095   -2.14831
          2       1600 1113.31253   -1.00003    0.01790   -1.01961    0.02218   -3.62568   -0.67095   -2.14831
          2       1700 1192.41535   -1.00064    0.01803   -1.02026    0.02237   -3.62568   -0.67095   -2.14831
          2       1800 1278.67203   -1.00120    0.01815   -1.01988    0.02226   -3.62568   -0.67095   -2.14831
          2       1900 1339.07664   -1.00171    0.01826   -1.01993    0.02223   -3.62568   -0.67095   -2.14831
          2       2000 1399.14992   -1.00218    0.01836   -1.01998    0.02218   -3.62568   -0.67095   -2.14831
          2       2100 1477.82211   -1.00262    0.01846   -1.02000    0.02241   -3.62568   -0.67095   -2.14831
          2       2200 1579.62526   -1.00303    0.01854   -1.02002    0.02226   -3.62568   -0.67095   -2.14831
          2       2300 1642.18025   -1.00342    0.01862   -1.01996    0.02211   -3.62568   -0.67095   -2.14831
          2       2400 1714.41095   -1.00378    0.01870   -1.01981    0.02221   -3.62568   -0.67095   -2.14831
          2       2500 1778.25591   -1.00411    0.01877   -1.02033    0.02237   -3.62568   -0.67095   -2.14831
          2       2600 1846.93008   -1.00443    0.01884   -1.01995    0.02241   -3.62568   -0.67095   -2.14831
          2       2700 1946.09591   -1.00473    0.01890   -1.02018    0.02221   -3.62568   -0.67095   -2.14831
          2       2800 2013.41742   -1.00501    0.01896   -1.02012    0.02227   -3.62568   -0.67095   -2.14831
          2       2900 2095.00658   -1.00528    0.01902   -1.02007    0.02217   -3.62568   -0.67095   -2.14831
          2       3000 2163.01925   -1.00554    0.01908   -1.02033    0.02237   -3.62568   -0.67095   -2.14831
          2       3100 2241.59089   -1.00578    0.01913   -1.02006    0.02235   -3.62568   -0.67095   -2.14831
          2       3200 2323.16499   -1.00601    0.01918   -1.02016    0.02240   -3.62568   -0.67095   -2.14831
          2       3300 2405.41130   -1.00623    0.01922   -1.02011    0.02237   -3.62568   -0.67095   -2.14831
          2       3400 2493.29761   -1.00644    0.01927   -1.01997    0.02230   -3.62568   -0.67095   -2.14831
          2       3500 2570.54319   -1.00664    0.01931   -1.02018    0.02236   -3.62568   -0.67095   -2.14831
          2       3600 2650.67717   -1.00684    0.01935   -1.02028    0.02222   -3.62568   -0.67095   -2.14831
          2       3700 2753.53350   -1.00702    0.01939   -1.02014    0.02219   -3.62568   -0.67095   -2.14831
          2       3800 2846.49669   -1.00720    0.01943   -1.02016    0.02218   -3.62568   -0.67095   -2.14831
          2       3900 2932.99737   -1.00737    0.01947   -1.02008    0.02221   -3.62568   -0.67095   -2.14831
          2       4000 3012.61782   -1.00754    0.01950   -1.02001    0.02235   -3.62568   -0.67095   -2.14831
          2       4100 3073.63990   -1.00770    0.01954   -1.01994    0.02239   -3.62568   -0.67095   -2.14831
          2       4200 3137.07869   -1.00785    0.01957   -1.02033    0.02223   -3.62568   -0.67095   -2.14831
          2       4300 3210.06772   -1.00800    0.01960   -1.02014    0.02219   -3.62568   -0.67095   -2.14831
          2       4400 3278.54137   -1.00814    0.01963   -1.02023    0.02218   -3.62568   -0.67095   -2.14831
          2       4500 3354.38551   -1.00828    0.01966   -1.01998    0.02220   -3.62568   -0.67095   -2.14831
          2       4600 3434.56189   -1.00841    0.01969   -1.01994    0.02235   -3.62568   -0.67095   -2.14831
          2       4700 3545.23123   -1.00854    0.01972   -1.02028    0.02222   -3.62568   -0.67095   -2.14831
          2       4759 3600.02706   -1.00861    0.01973   -1.02016    0.02219   -3.62568   -0.67095   -2.14831
