          1          0    0.00000   -1.03568   -0.00624   -1.03568   -0.00624   -3.37441    3.37441    0.00000
          1          1    0.02278   -0.70964   -0.02997   -0.50579   -0.03159   -3.37441   -0.70964    0.00000
          2          0    0.02278   -0.30199   -0.04610   -0.50579   -0.03159   -3.37441   -0.70964   -2.04202
          2        100    6.31341   -0.95221   -0.01609   -1.03886   -0.00549   -3.37441   -0.70964   -2.04202
          2        200   12.69448   -0.97777   -0.01413   -1.03918   -0.00561   -3.37441   -0.70964   -2.04202
          2        300   19.06133   -0.98914   -0.01324   -1.03923   -0.00578   -3.37441   -0.70964   -2.04202
          2        400   25.84695   -0.99592   -0.01270   -1.03953   -0.00561   -3.37441   -0.70964   -2.04202
          2        500   32.89797   -1.00056   -0.01232   -1.03959   -0.00593   -3.37441   -0.70964   -2.04202
          2        600   40.41403   -1.00398   -0.01205   -1.03950   -0.00578   -3.37441   -0.70964   -2.04202
          2        700   47.52929   -1.00664   -0.01183   -1.03964   -0.00568   -3.37441   -0.70964   -2.04202
          2        800   54.52135   -1.00879   -0.01166   -1.03968   -0.00591   -3.37441   -0.70964   -2.04202
          2        900   60.59673   -1.01057   -0.01151   -1.03958   -0.00580   -3.37441   -0.70964   -2.04202
          2       1000   67.69461   -1.01207   -0.01139   -1.03970   -0.00570   -3.37441   -0.70964   -2.04202
          2       1100   74.80445   -1.01337   -0.01128   -1.03971   -0.00590   -3.37441   -0.70964   -2.04202
          2       1200   81.19475   -1.01449   -0.01119   -1.03965   -0.00581   -3.37441   -0.70964   -2.04202
          2       1300   87.75163   -1.01549   -0.01110   -1.03973   -0.00572   -3.37441   -0.70964   -2.04202
          2       1400   94.85979   -1.01638   -0.01103   -1.03974   -0.00589   -3.37441   -0.70964   -2.04202
          2       1500  101.30127   -1.01718   -0.01097   -1.03969   -0.00582   -3.37441   -0.70964   -2.04202
          2       1600  107.58690   -1.01790   -0.01091   -1.03975   -0.00574   -3.37441   -0.70964   -2.04202
          2       1700  113.68163   -1.01856   -0.01085   -1.03976   -0.00589   -3.37441   -0.70964   -2.04202
          2       1800  121.09937   -1.01916   -0.01080   -1.03972   -0.00582   -3.37441   -0.70964   -2.04202
          2       1900  127.66916   -1.01971   -0.01075   -1.03977   -0.00575   -3.37441   -0.70964   -2.04202
          2       2000  134.28575   -1.02022   -0.01071   -1.03977   -0.00589   -3.37441   -0.70964   -2.04202
          2       2100  141.06929   -1.02070   -0.01067   -1.03974   -0.00582   -3.37441   -0.70964   -2.04202
          2       2200  148.29277   -1.02114   -0.01063   -1.03978   -0.00575   -3.37441   -0.70964   -2.04202
          2       2300  155.60731   -1.02155   -0.01060   -1.03978   -0.00588   -3.37441   -0.70964   -2.04202
          2       2400  162.38460   -1.02194   -0.01057   -1.03976   -0.00583   -3.37441   -0.70964   -2.04202
          2       2500  168.81382   -1.02230   -0.01054   -1.03979   -0.00576   -3.37441   -0.70964   -2.04202
          2       2600  175.17441   -1.02264   -0.01051   -1.03979   -0.00588   -3.37441   -0.70964   -2.04202
          2       2700  181.74042   -1.02297   -0.01048   -1.03977   -0.00583   -3.37441   -0.70964   -2.04202
          2       2800  188.62674   -1.02327   -0.01046   -1.03980   -0.00577   -3.37441   -0.70964   -2.04202
          2       2900  196.79723   -1.02356   -0.01043   -1.03980   -0.00588   -3.37441   -0.70964   -2.04202
          2       3000  203.61467   -1.02384   -0.01041   -1.03978   -0.00583   -3.37441   -0.70964   -2.04202
          2       3100  210.33147   -1.02410   -0.01039   -1.03981   -0.00577   -3.37441   -0.70964   -2.04202
          2       3200  216.64766   -1.02435   -0.01036   -1.03981   -0.00588   -3.37441   -0.70964   -2.04202
          2       3300  223.29292   -1.02459   -0.01034   -1.03979   -0.00583   -3.37441   -0.70964   -2.04202
          2       3400  229.78900   -1.02481   -0.01033   -1.03982   -0.00577   -3.37441   -0.70964   -2.04202
          2       3500  236.53535   -1.02503   -0.01031   -1.03982   -0.00588   -3.37441   -0.70964   -2.04202
          2       3600  243.28269   -1.02524   -0.01029   -1.03980   -0.00584   -3.37441   -0.70964   -2.04202
          2       3700  249.50408   -1.02544   -0.01027   -1.03982   -0.00578   -3.37441   -0.70964   -2.04202
          2       3800  256.18778   -1.02563   -0.01026   -1.03982   -0.00588   -3.37441   -0.70964   -2.04202
          2       3900  263.39126   -1.02581   -0.01024   -1.03980   -0.00584   -3.37441   -0.70964   -2.04202
          2       4000  271.27805   -1.02599   -0.01023   -1.03983   -0.00578   -3.37441   -0.70964   -2.04202
          2       4100  277.94426   -1.02616   -0.01021   -1.03983   -0.00588   -3.37441   -0.70964   -2.04202
          2       4200  284.20452   -1.02633   -0.01020   -1.03981   -0.00584   -3.37441   -0.70964   -2.04202
          2       4300  290.70377   -1.02649   -0.01018   -1.03983   -0.00578   -3.37441   -0.70964   -2.04202
          2       4400  297.14201   -1.02664   -0.01017   -1.03983   -0.00588   -3.37441   -0.70964   -2.04202
          2       4500  304.26811   -1.02679   -0.01016   -1.03982   -0.00584   -3.37441   -0.70964   -2.04202
          2       4600  310.90875   -1.02693   -0.01015   -1.03984   -0.00579   -3.37441   -0.70964   -2.04202
          2       4700  317.59740   -1.02707   -0.01013   -1.03984   -0.00588   -3.37441   -0.70964   -2.04202
          2       4800  323.70767   -1.02721   -0.01012   -1.03982   -0.00584   -3.37441   -0.70964   -2.04202
          2       4900  329.77494   -1.02734   -0.01011   -1.03984   -0.00579   -3.37441   -0.70964   -2.04202
          2       5000  336.46027   -1.02746   -0.01010   -1.03985   -0.00588   -3.37441   -0.70964   -2.04202
          2       5100  343.11039   -1.02759   -0.01009   -1.03982   -0.00584   -3.37441   -0.70964   -2.04202
          2       5200  349.70774   -1.02771   -0.01008   -1.03985   -0.00580   -3.37441   -0.70964   -2.04202
          2       5300  356.25219   -1.02782   -0.01007   -1.03985   -0.00587   -3.37441   -0.70964   -2.04202
          2       5400  363.15977   -1.02793   -0.01006   -1.03982   -0.00584   -3.37441   -0.70964   -2.04202
          2       5500  369.38376   -1.02804   -0.01005   -1.03985   -0.00580   -3.37441   -0.70964   -2.04202
          2       5600  375.80729   -1.02815   -0.01004   -1.03984   -0.00588   -3.37441   -0.70964   -2.04202
          2       5700  382.09335   -1.02825   -0.01003   -1.03984   -0.00585   -3.37441   -0.70964   -2.04202
          2       5800  388.51435   -1.02836   -0.01002   -1.03985   -0.00581   -3.37441   -0.70964   -2.04202
          2       5900  395.16624   -1.02845   -0.01002   -1.03986   -0.00586   -3.37441   -0.70964   -2.04202
          2       6000  402.20337   -1.02855   -0.01001   -1.03984   -0.00583   -3.37441   -0.70964   -2.04202
          2       6100  408.85588   -1.02864   -0.01000   -1.03985   -0.00580   -3.37441   -0.70964   -2.04202
          2       6200  415.66848   -1.02874   -0.00999   -1.03986   -0.00588   -3.37441   -0.70964   -2.04202
          2       6300  422.03302   -1.02882   -0.00998   -1.03983   -0.00585   -3.37441   -0.70964   -2.04202
          2       6400  428.74606   -1.02891   -0.00998   -1.03987   -0.00580   -3.37441   -0.70964   -2.04202
          2       6500  435.17178   -1.02900   -0.00997   -1.03984   -0.00589   -3.37441   -0.70964   -2.04202
          2       6600  441.65976   -1.02908   -0.00996   -1.03984   -0.00586   -3.37441   -0.70964   -2.04202
          2       6700  449.29899   -1.02916   -0.00996   -1.03986   -0.00581   -3.37441   -0.70964   -2.04202
          2       6800  456.16060   -1.02924   -0.00995   -1.03985   -0.00587   -3.37441   -0.70964   -2.04202
          2       6900  462.62852   -1.02932   -0.00994   -1.03986   -0.00583   -3.37441   -0.70964   -2.04202
          2       7000  469.58071   -1.02939   -0.00994   -1.03985   -0.00581   -3.37441   -0.70964   -2.04202
          2       7100  476.68587   -1.02947   -0.00993   -1.03985   -0.00588   -3.37441   -0.70964   -2.04202
          2       7200  483.21616   -1.02954   -0.00992   -1.03985   -0.00585   -3.37441   -0.70964   -2.04202
          2       7300  489.71778   -1.02961   -0.00992   -1.03987   -0.00582   -3.37441   -0.70964   -2.04202
          2       7400  496.43166   -1.02968   -0.00991   -1.03986   -0.00586   -3.37441   -0.70964   -2.04202
          2       7500  502.89226   -1.02975   -0.00991   -1.03982   -0.00584   -3.37441   -0.70964   -2.04202
          2       7600  509.26831   -1.02982   -0.00990   -1.03986   -0.00581   -3.37441   -0.70964   -2.04202
          2       7700  515.82680   -1.02989   -0.00989   -1.03988   -0.00586   -3.37441   -0.70964   -2.04202
          2       7800  522.95080   -1.02995   -0.00989   -1.03985   -0.00585   -3.37441   -0.70964   -2.04202
          2       7900  530.09064   -1.03001   -0.00988   -1.03989   -0.00581   -3.37441   -0.70964   -2.04202
          2       8000  536.59422   -1.03008   -0.00988   -1.03988   -0.00589   -3.37441   -0.70964   -2.04202
          2       8100  542.72676   -1.03014   -0.00987   -1.03987   -0.00585   -3.37441   -0.70964   -2.04202
          2       8200  549.47309   -1.03020   -0.00987   -1.03988   -0.00581   -3.37441   -0.70964   -2.04202
          2       8300  555.78479   -1.03026   -0.00986   -1.03986   -0.00586   -3.37441   -0.70964   -2.04202
          2       8400  562.02866   -1.03031   -0.00986   -1.03987   -0.00584   -3.37441   -0.70964   -2.04202
          2       8500  568.45167   -1.03037   -0.00985   -1.03988   -0.00582   -3.37441   -0.70964   -2.04202
          2       8600  574.96386   -1.03043   -0.00985   -1.03986   -0.00589   -3.37441   -0.70964   -2.04202
          2       8700  581.70962   -1.03048   -0.00984   -1.03987   -0.00585   -3.37441   -0.70964   -2.04202
          2       8800  588.17882   -1.03053   -0.00984   -1.03988   -0.00582   -3.37441   -0.70964   -2.04202
          2       8900  594.72960   -1.03059   -0.00983   -1.03986   -0.00587   -3.37441   -0.70964   -2.04202
          2       9000  601.56838   -1.03064   -0.00983   -1.03985   -0.00585   -3.37441   -0.70964   -2.04202
          2       9100  608.14663   -1.03069   -0.00983   -1.03986   -0.00581   -3.37441   -0.70964   -2.04202
          2       9200  614.43759   -1.03074   -0.00982   -1.03987   -0.00587   -3.37441   -0.70964   -2.04202
          2       9300  621.10012   -1.03079   -0.00982   -1.03986   -0.00585   -3.37441   -0.70964   -2.04202
          2       9400  627.56838   -1.03084   -0.00981   -1.03988   -0.00583   -3.37441   -0.70964   -2.04202
          2       9500  634.10473   -1.03089   -0.00981   -1.03988   -0.00586   -3.37441   -0.70964   -2.04202
          2       9600  641.91131   -1.03094   -0.00980   -1.03985   -0.00585   -3.37441   -0.70964   -2.04202
          2       9700  648.12019   -1.03098   -0.00980   -1.03988   -0.00581   -3.37441   -0.70964   -2.04202
          2       9800  654.25022   -1.03103   -0.00980   -1.03989   -0.00587   -3.37441   -0.70964   -2.04202
          2       9900  660.43100   -1.03107   -0.00979   -1.03986   -0.00585   -3.37441   -0.70964   -2.04202
          2      10000  666.88886   -1.03112   -0.00979   -1.03990   -0.00583   -3.37441   -0.70964   -2.04202
          2      10100  673.08616   -1.03116   -0.00979   -1.03987   -0.00589   -3.37441   -0.70964   -2.04202
          2      10200  679.68244   -1.03120   -0.00978   -1.03987   -0.00585   -3.37441   -0.70964   -2.04202
          2      10300  686.04856   -1.03125   -0.00978   -1.03989   -0.00581   -3.37441   -0.70964   -2.04202
          2      10400  691.92225   -1.03129   -0.00977   -1.03988   -0.00586   -3.37441   -0.70964   -2.04202
          2      10500  698.84427   -1.03133   -0.00977   -1.03984   -0.00584   -3.37441   -0.70964   -2.04202
          2      10600  705.57509   -1.03137   -0.00977   -1.03988   -0.00582   -3.37441   -0.70964   -2.04202
          2      10700  711.81387   -1.03141   -0.00976   -1.03988   -0.00583   -3.37441   -0.70964   -2.04202
          2      10800  718.54211   -1.03145   -0.00976   -1.03987   -0.00587   -3.37441   -0.70964   -2.04202
          2      10900  724.96412   -1.03149   -0.00976   -1.03988   -0.00584   -3.37441   -0.70964   -2.04202
          2      11000  731.45918   -1.03153   -0.00975   -1.03988   -0.00583   -3.37441   -0.70964   -2.04202
          2      11100  737.92313   -1.03157   -0.00975   -1.03988   -0.00587   -3.37441   -0.70964   -2.04202
          2      11200  744.89772   -1.03160   -0.00975   -1.03988   -0.00584   -3.37441   -0.70964   -2.04202
          2      11300  751.48624   -1.03164   -0.00974   -1.03988   -0.00582   -3.37441   -0.70964   -2.04202
          2      11400  757.57393   -1.03168   -0.00974   -1.03988   -0.00587   -3.37441   -0.70964   -2.04202
          2      11500  764.14287   -1.03171   -0.00974   -1.03987   -0.00584   -3.37441   -0.70964   -2.04202
          2      11600  769.80247   -1.03175   -0.00974   -1.03988   -0.00582   -3.37441   -0.70964   -2.04202
          2      11700  776.31150   -1.03178   -0.00973   -1.03988   -0.00587   -3.37441   -0.70964   -2.04202
          2      11800  782.75336   -1.03182   -0.00973   -1.03987   -0.00584   -3.37441   -0.70964   -2.04202
          2      11900  789.40047   -1.03185   -0.00973   -1.03988   -0.00582   -3.37441   -0.70964   -2.04202
          2      12000  795.60751   -1.03189   -0.00972   -1.03988   -0.00587   -3.37441   -0.70964   -2.04202
          2      12100  802.13273   -1.03192   -0.00972   -1.03987   -0.00584   -3.37441   -0.70964   -2.04202
          2      12200  809.63587   -1.03195   -0.00972   -1.03989   -0.00582   -3.37441   -0.70964   -2.04202
          2      12300  816.02930   -1.03198   -0.00971   -1.03988   -0.00587   -3.37441   -0.70964   -2.04202
          2      12400  822.60453   -1.03202   -0.00971   -1.03987   -0.00584   -3.37441   -0.70964   -2.04202
          2      12500  829.31713   -1.03205   -0.00971   -1.03989   -0.00582   -3.37441   -0.70964   -2.04202
          2      12600  835.86524   -1.03208   -0.00971   -1.03988   -0.00587   -3.37441   -0.70964   -2.04202
          2      12700  842.54719   -1.03211   -0.00970   -1.03987   -0.00584   -3.37441   -0.70964   -2.04202
          2      12800  849.22811   -1.03214   -0.00970   -1.03989   -0.00583   -3.37441   -0.70964   -2.04202
          2      12900  855.83048   -1.03217   -0.00970   -1.03989   -0.00587   -3.37441   -0.70964   -2.04202
          2      13000  862.84762   -1.03220   -0.00970   -1.03988   -0.00584   -3.37441   -0.70964   -2.04202
          2      13100  870.47711   -1.03223   -0.00969   -1.03989   -0.00583   -3.37441   -0.70964   -2.04202
          2      13200  877.58277   -1.03226   -0.00969   -1.03989   -0.00587   -3.37441   -0.70964   -2.04202
          2      13300  884.15079   -1.03229   -0.00969   -1.03988   -0.00584   -3.37441   -0.70964   -2.04202
          2      13400  890.69387   -1.03232   -0.00969   -1.03989   -0.00583   -3.37441   -0.70964   -2.04202
          2      13500  896.80060   -1.03235   -0.00968   -1.03989   -0.00587   -3.37441   -0.70964   -2.04202
          2      13600  902.99294   -1.03237   -0.00968   -1.03988   -0.00584   -3.37441   -0.70964   -2.04202
          2      13700  909.91188   -1.03240   -0.00968   -1.03989   -0.00583   -3.37441   -0.70964   -2.04202
          2      13800  916.30510   -1.03243   -0.00968   -1.03989   -0.00587   -3.37441   -0.70964   -2.04202
          2      13900  922.77593   -1.03246   -0.00967   -1.03988   -0.00584   -3.37441   -0.70964   -2.04202
          2      14000  929.39482   -1.03248   -0.00967   -1.03990   -0.00583   -3.37441   -0.70964   -2.04202
          2      14100  936.17646   -1.03251   -0.00967   -1.03989   -0.00587   -3.37441   -0.70964   -2.04202
          2      14200  942.81479   -1.03254   -0.00967   -1.03988   -0.00584   -3.37441   -0.70964   -2.04202
          2      14300  949.32924   -1.03256   -0.00967   -1.03990   -0.00583   -3.37441   -0.70964   -2.04202
          2      14400  955.77626   -1.03259   -0.00966   -1.03989   -0.00587   -3.37441   -0.70964   -2.04202
          2      14500  961.95128   -1.03261   -0.00966   -1.03988   -0.00585   -3.37441   -0.70964   -2.04202
          2      14600  968.00139   -1.03264   -0.00966   -1.03990   -0.00583   -3.37441   -0.70964   -2.04202
          2      14700  974.66348   -1.03266   -0.00966   -1.03989   -0.00587   -3.37441   -0.70964   -2.04202
          2      14800  981.56624   -1.03269   -0.00965   -1.03988   -0.00585   -3.37441   -0.70964   -2.04202
          2      14900  988.15598   -1.03271   -0.00965   -1.03990   -0.00583   -3.37441   -0.70964   -2.04202
          2      15000  994.49243   -1.03274   -0.00965   -1.03989   -0.00587   -3.37441   -0.70964   -2.04202
          2      15100 1000.82901   -1.03276   -0.00965   -1.03988   -0.00585   -3.37441   -0.70964   -2.04202
          2      15200 1007.98001   -1.03278   -0.00965   -1.03990   -0.00583   -3.37441   -0.70964   -2.04202
          2      15300 1014.55421   -1.03281   -0.00964   -1.03989   -0.00587   -3.37441   -0.70964   -2.04202
          2      15400 1021.69303   -1.03283   -0.00964   -1.03988   -0.00585   -3.37441   -0.70964   -2.04202
          2      15500 1028.64356   -1.03285   -0.00964   -1.03990   -0.00583   -3.37441   -0.70964   -2.04202
          2      15600 1035.04177   -1.03288   -0.00964   -1.03989   -0.00587   -3.37441   -0.70964   -2.04202
          2      15700 1041.63382   -1.03290   -0.00964   -1.03988   -0.00585   -3.37441   -0.70964   -2.04202
          2      15800 1048.31696   -1.03292   -0.00963   -1.03990   -0.00583   -3.37441   -0.70964   -2.04202
          2      15900 1055.06604   -1.03294   -0.00963   -1.03989   -0.00587   -3.37441   -0.70964   -2.04202
          2      16000 1061.32215   -1.03297   -0.00963   -1.03988   -0.00585   -3.37441   -0.70964   -2.04202
          2      16100 1067.16385   -1.03299   -0.00963   -1.03990   -0.00583   -3.37441   -0.70964   -2.04202
          2      16200 1073.09450   -1.03301   -0.00963   -1.03989   -0.00587   -3.37441   -0.70964   -2.04202
          2      16300 1079.54595   -1.03303   -0.00963   -1.03988   -0.00585   -3.37441   -0.70964   -2.04202
          2      16400 1087.31156   -1.03305   -0.00962   -1.03990   -0.00583   -3.37441   -0.70964   -2.04202
          2      16500 1094.61558   -1.03307   -0.00962   -1.03989   -0.00587   -3.37441   -0.70964   -2.04202
          2      16600 1101.85159   -1.03309   -0.00962   -1.03988   -0.00585   -3.37441   -0.70964   -2.04202
          2      16700 1108.27539   -1.03311   -0.00962   -1.03990   -0.00583   -3.37441   -0.70964   -2.04202
          2      16800 1115.00405   -1.03313   -0.00962   -1.03989   -0.00587   -3.37441   -0.70964   -2.04202
          2      16900 1121.96315   -1.03315   -0.00961   -1.03989   -0.00585   -3.37441   -0.70964   -2.04202
          2      17000 1128.72906   -1.03317   -0.00961   -1.03990   -0.00583   -3.37441   -0.70964   -2.04202
          2      17100 1136.31381   -1.03319   -0.00961   -1.03989   -0.00587   -3.37441   -0.70964   -2.04202
          2      17200 1142.63340   -1.03321   -0.00961   -1.03989   -0.00585   -3.37441   -0.70964   -2.04202
          2      17300 1149.00412   -1.03323   -0.00961   -1.03991   -0.00583   -3.37441   -0.70964   -2.04202
          2      17400 1155.28355   -1.03325   -0.00961   -1.03989   -0.00587   -3.37441   -0.70964   -2.04202
          2      17500 1161.80636   -1.03327   -0.00960   -1.03989   -0.00585   -3.37441   -0.70964   -2.04202
          2      17600 1167.91752   -1.03329   -0.00960   -1.03991   -0.00583   -3.37441   -0.70964   -2.04202
          2      17700 1174.37665   -1.03331   -0.00960   -1.03990   -0.00587   -3.37441   -0.70964   -2.04202
          2      17800 1181.06466   -1.03333   -0.00960   -1.03989   -0.00585   -3.37441   -0.70964   -2.04202
          2      17900 1187.20544   -1.03335   -0.00960   -1.03991   -0.00583   -3.37441   -0.70964   -2.04202
          2      18000 1193.52735   -1.03336   -0.00960   -1.03990   -0.00587   -3.37441   -0.70964   -2.04202
          2      18100 1200.00870   -1.03338   -0.00959   -1.03989   -0.00585   -3.37441   -0.70964   -2.04202
          2      18200 1207.33424   -1.03340   -0.00959   -1.03991   -0.00583   -3.37441   -0.70964   -2.04202
          2      18300 1213.83168   -1.03342   -0.00959   -1.03990   -0.00587   -3.37441   -0.70964   -2.04202
          2      18400 1220.10495   -1.03344   -0.00959   -1.03989   -0.00585   -3.37441   -0.70964   -2.04202
          2      18500 1226.92771   -1.03345   -0.00959   -1.03991   -0.00583   -3.37441   -0.70964   -2.04202
          2      18600 1234.12893   -1.03347   -0.00959   -1.03990   -0.00587   -3.37441   -0.70964   -2.04202
          2      18700 1240.70491   -1.03349   -0.00959   -1.03989   -0.00585   -3.37441   -0.70964   -2.04202
          2      18800 1247.37164   -1.03351   -0.00958   -1.03991   -0.00583   -3.37441   -0.70964   -2.04202
          2      18900 1253.85963   -1.03352   -0.00958   -1.03990   -0.00587   -3.37441   -0.70964   -2.04202
          2      19000 1260.21623   -1.03354   -0.00958   -1.03989   -0.00585   -3.37441   -0.70964   -2.04202
          2      19100 1266.70732   -1.03356   -0.00958   -1.03991   -0.00583   -3.37441   -0.70964   -2.04202
          2      19200 1274.07849   -1.03357   -0.00958   -1.03990   -0.00587   -3.37441   -0.70964   -2.04202
          2      19300 1280.61367   -1.03359   -0.00958   -1.03989   -0.00585   -3.37441   -0.70964   -2.04202
          2      19400 1286.80186   -1.03361   -0.00958   -1.03991   -0.00583   -3.37441   -0.70964   -2.04202
          2      19500 1293.09208   -1.03362   -0.00957   -1.03990   -0.00587   -3.37441   -0.70964   -2.04202
          2      19600 1299.68446   -1.03364   -0.00957   -1.03989   -0.00585   -3.37441   -0.70964   -2.04202
          2      19700 1307.48351   -1.03366   -0.00957   -1.03991   -0.00583   -3.37441   -0.70964   -2.04202
          2      19800 1313.97604   -1.03367   -0.00957   -1.03990   -0.00587   -3.37441   -0.70964   -2.04202
          2      19900 1320.89517   -1.03369   -0.00957   -1.03989   -0.00585   -3.37441   -0.70964   -2.04202
          2      20000 1327.39696   -1.03370   -0.00957   -1.03991   -0.00583   -3.37441   -0.70964   -2.04202
          2      20100 1334.06855   -1.03372   -0.00957   -1.03990   -0.00587   -3.37441   -0.70964   -2.04202
          2      20200 1340.85440   -1.03373   -0.00956   -1.03989   -0.00585   -3.37441   -0.70964   -2.04202
          2      20300 1347.81328   -1.03375   -0.00956   -1.03991   -0.00583   -3.37441   -0.70964   -2.04202
          2      20400 1356.02884   -1.03376   -0.00956   -1.03990   -0.00587   -3.37441   -0.70964   -2.04202
          2      20500 1363.28276   -1.03378   -0.00956   -1.03989   -0.00585   -3.37441   -0.70964   -2.04202
          2      20600 1370.32463   -1.03379   -0.00956   -1.03991   -0.00583   -3.37441   -0.70964   -2.04202
          2      20700 1377.83800   -1.03381   -0.00956   -1.03990   -0.00587   -3.37441   -0.70964   -2.04202
          2      20800 1384.66809   -1.03382   -0.00956   -1.03989   -0.00585   -3.37441   -0.70964   -2.04202
          2      20900 1391.67748   -1.03384   -0.00956   -1.03991   -0.00583   -3.37441   -0.70964   -2.04202
          2      21000 1399.08967   -1.03385   -0.00955   -1.03990   -0.00587   -3.37441   -0.70964   -2.04202
          2      21100 1406.86765   -1.03387   -0.00955   -1.03989   -0.00585   -3.37441   -0.70964   -2.04202
          2      21200 1413.23244   -1.03388   -0.00955   -1.03991   -0.00583   -3.37441   -0.70964   -2.04202
          2      21300 1420.76074   -1.03390   -0.00955   -1.03990   -0.00587   -3.37441   -0.70964   -2.04202
          2      21400 1428.26662   -1.03391   -0.00955   -1.03989   -0.00585   -3.37441   -0.70964   -2.04202
          2      21500 1435.90288   -1.03392   -0.00955   -1.03991   -0.00583   -3.37441   -0.70964   -2.04202
          2      21600 1442.55620   -1.03394   -0.00955   -1.03990   -0.00587   -3.37441   -0.70964   -2.04202
          2      21700 1448.86023   -1.03395   -0.00955   -1.03990   -0.00585   -3.37441   -0.70964   -2.04202
          2      21800 1455.41682   -1.03397   -0.00954   -1.03991   -0.00583   -3.37441   -0.70964   -2.04202
          2      21900 1461.55644   -1.03398   -0.00954   -1.03990   -0.00587   -3.37441   -0.70964   -2.04202
          2      22000 1468.73745   -1.03399   -0.00954   -1.03990   -0.00585   -3.37441   -0.70964   -2.04202
          2      22100 1474.90164   -1.03401   -0.00954   -1.03991   -0.00583   -3.37441   -0.70964   -2.04202
          2      22200 1481.16124   -1.03402   -0.00954   -1.03990   -0.00587   -3.37441   -0.70964   -2.04202
          2      22300 1487.84177   -1.03403   -0.00954   -1.03990   -0.00585   -3.37441   -0.70964   -2.04202
          2      22400 1494.61480   -1.03405   -0.00954   -1.03991   -0.00583   -3.37441   -0.70964   -2.04202
          2      22500 1500.97012   -1.03406   -0.00954   -1.03990   -0.00587   -3.37441   -0.70964   -2.04202
          2      22600 1507.43065   -1.03407   -0.00954   -1.03990   -0.00585   -3.37441   -0.70964   -2.04202
          2      22700 1513.81282   -1.03409   -0.00953   -1.03991   -0.00583   -3.37441   -0.70964   -2.04202
          2      22800 1520.79879   -1.03410   -0.00953   -1.03990   -0.00587   -3.37441   -0.70964   -2.04202
          2      22900 1527.85385   -1.03411   -0.00953   -1.03991   -0.00585   -3.37441   -0.70964   -2.04202
          2      23000 1533.95278   -1.03412   -0.00953   -1.03991   -0.00583   -3.37441   -0.70964   -2.04202
          2      23100 1540.36301   -1.03414   -0.00953   -1.03990   -0.00587   -3.37441   -0.70964   -2.04202
          2      23200 1546.70790   -1.03415   -0.00953   -1.03991   -0.00585   -3.37441   -0.70964   -2.04202
          2      23300 1553.14743   -1.03416   -0.00953   -1.03991   -0.00583   -3.37441   -0.70964   -2.04202
          2      23400 1559.40181   -1.03417   -0.00953   -1.03990   -0.00587   -3.37441   -0.70964   -2.04202
          2      23500 1566.31328   -1.03419   -0.00953   -1.03991   -0.00585   -3.37441   -0.70964   -2.04202
          2      23600 1572.75325   -1.03420   -0.00952   -1.03992   -0.00583   -3.37441   -0.70964   -2.04202
          2      23700 1579.16511   -1.03421   -0.00952   -1.03990   -0.00587   -3.37441   -0.70964   -2.04202
          2      23800 1585.05761   -1.03422   -0.00952   -1.03991   -0.00585   -3.37441   -0.70964   -2.04202
          2      23900 1592.40744   -1.03423   -0.00952   -1.03992   -0.00583   -3.37441   -0.70964   -2.04202
          2      24000 1599.63027   -1.03425   -0.00952   -1.03990   -0.00587   -3.37441   -0.70964   -2.04202
          2      24100 1605.95615   -1.03426   -0.00952   -1.03991   -0.00585   -3.37441   -0.70964   -2.04202
          2      24200 1612.21329   -1.03427   -0.00952   -1.03991   -0.00583   -3.37441   -0.70964   -2.04202
          2      24300 1619.85279   -1.03428   -0.00952   -1.03990   -0.00587   -3.37441   -0.70964   -2.04202
          2      24400 1626.46452   -1.03429   -0.00952   -1.03991   -0.00585   -3.37441   -0.70964   -2.04202
          2      24500 1633.03214   -1.03431   -0.00952   -1.03991   -0.00583   -3.37441   -0.70964   -2.04202
          2      24600 1640.14262   -1.03432   -0.00951   -1.03991   -0.00587   -3.37441   -0.70964   -2.04202
          2      24700 1646.19368   -1.03433   -0.00951   -1.03991   -0.00585   -3.37441   -0.70964   -2.04202
          2      24800 1653.83715   -1.03434   -0.00951   -1.03991   -0.00583   -3.37441   -0.70964   -2.04202
          2      24900 1660.16276   -1.03435   -0.00951   -1.03991   -0.00587   -3.37441   -0.70964   -2.04202
          2      25000 1666.76274   -1.03436   -0.00951   -1.03991   -0.00585   -3.37441   -0.70964   -2.04202
          2      25100 1673.43364   -1.03437   -0.00951   -1.03991   -0.00583   -3.37441   -0.70964   -2.04202
          2      25200 1679.67774   -1.03438   -0.00951   -1.03990   -0.00587   -3.37441   -0.70964   -2.04202
          2      25300 1686.07367   -1.03440   -0.00951   -1.03991   -0.00585   -3.37441   -0.70964   -2.04202
          2      25400 1692.78926   -1.03441   -0.00951   -1.03992   -0.00583   -3.37441   -0.70964   -2.04202
          2      25500 1699.91784   -1.03442   -0.00951   -1.03990   -0.00587   -3.37441   -0.70964   -2.04202
          2      25600 1706.34051   -1.03443   -0.00950   -1.03991   -0.00585   -3.37441   -0.70964   -2.04202
          2      25700 1712.97624   -1.03444   -0.00950   -1.03992   -0.00583   -3.37441   -0.70964   -2.04202
          2      25800 1719.56512   -1.03445   -0.00950   -1.03990   -0.00587   -3.37441   -0.70964   -2.04202
          2      25900 1726.18809   -1.03446   -0.00950   -1.03990   -0.00585   -3.37441   -0.70964   -2.04202
          2      26000 1733.07095   -1.03447   -0.00950   -1.03992   -0.00583   -3.37441   -0.70964   -2.04202
          2      26100 1740.12381   -1.03448   -0.00950   -1.03990   -0.00587   -3.37441   -0.70964   -2.04202
          2      26200 1747.36175   -1.03449   -0.00950   -1.03991   -0.00585   -3.37441   -0.70964   -2.04202
          2      26300 1753.68184   -1.03450   -0.00950   -1.03991   -0.00583   -3.37441   -0.70964   -2.04202
          2      26400 1760.00667   -1.03451   -0.00950   -1.03991   -0.00587   -3.37441   -0.70964   -2.04202
          2      26500 1765.90307   -1.03452   -0.00950   -1.03991   -0.00585   -3.37441   -0.70964   -2.04202
          2      26600 1772.43525   -1.03453   -0.00950   -1.03992   -0.00583   -3.37441   -0.70964   -2.04202
          2      26700 1779.15851   -1.03454   -0.00949   -1.03991   -0.00587   -3.37441   -0.70964   -2.04202
          2      26800 1785.36131   -1.03455   -0.00949   -1.03991   -0.00585   -3.37441   -0.70964   -2.04202
          2      26900 1792.07571   -1.03456   -0.00949   -1.03992   -0.00583   -3.37441   -0.70964   -2.04202
          2      27000 1798.24049   -1.03457   -0.00949   -1.03991   -0.00587   -3.37441   -0.70964   -2.04202
          2      27100 1805.16654   -1.03458   -0.00949   -1.03991   -0.00585   -3.37441   -0.70964   -2.04202
          2      27200 1811.69289   -1.03459   -0.00949   -1.03992   -0.00584   -3.37441   -0.70964   -2.04202
          2      27300 1818.22065   -1.03460   -0.00949   -1.03991   -0.00587   -3.37441   -0.70964   -2.04202
          2      27400 1824.96661   -1.03461   -0.00949   -1.03991   -0.00585   -3.37441   -0.70964   -2.04202
          2      27500 1831.03392   -1.03462   -0.00949   -1.03992   -0.00583   -3.37441   -0.70964   -2.04202
          2      27600 1838.13792   -1.03463   -0.00949   -1.03991   -0.00587   -3.37441   -0.70964   -2.04202
          2      27700 1844.90994   -1.03464   -0.00949   -1.03992   -0.00585   -3.37441   -0.70964   -2.04202
          2      27800 1851.38547   -1.03465   -0.00949   -1.03992   -0.00584   -3.37441   -0.70964   -2.04202
          2      27900 1858.65713   -1.03466   -0.00948   -1.03991   -0.00587   -3.37441   -0.70964   -2.04202
          2      28000 1865.20198   -1.03467   -0.00948   -1.03991   -0.00585   -3.37441   -0.70964   -2.04202
          2      28100 1871.13101   -1.03468   -0.00948   -1.03991   -0.00584   -3.37441   -0.70964   -2.04202
          2      28200 1877.34872   -1.03469   -0.00948   -1.03991   -0.00587   -3.37441   -0.70964   -2.04202
          2      28300 1883.67901   -1.03470   -0.00948   -1.03990   -0.00585   -3.37441   -0.70964   -2.04202
          2      28400 1890.57888   -1.03471   -0.00948   -1.03992   -0.00585   -3.37441   -0.70964   -2.04202
          2      28500 1897.89757   -1.03472   -0.00948   -1.03991   -0.00587   -3.37441   -0.70964   -2.04202
          2      28600 1903.90388   -1.03473   -0.00948   -1.03989   -0.00586   -3.37441   -0.70964   -2.04202
          2      28700 1910.49018   -1.03473   -0.00948   -1.03992   -0.00585   -3.37441   -0.70964   -2.04202
          2      28800 1917.55882   -1.03474   -0.00948   -1.03991   -0.00587   -3.37441   -0.70964   -2.04202
          2      28900 1923.74542   -1.03475   -0.00948   -1.03990   -0.00585   -3.37441   -0.70964   -2.04202
          2      29000 1930.48286   -1.03476   -0.00948   -1.03991   -0.00585   -3.37441   -0.70964   -2.04202
          2      29100 1937.04863   -1.03477   -0.00948   -1.03991   -0.00587   -3.37441   -0.70964   -2.04202
          2      29200 1943.59693   -1.03478   -0.00947   -1.03990   -0.00585   -3.37441   -0.70964   -2.04202
          2      29300 1949.92387   -1.03479   -0.00947   -1.03991   -0.00585   -3.37441   -0.70964   -2.04202
          2      29400 1956.87783   -1.03480   -0.00947   -1.03991   -0.00587   -3.37441   -0.70964   -2.04202
          2      29500 1963.77301   -1.03481   -0.00947   -1.03991   -0.00585   -3.37441   -0.70964   -2.04202
          2      29600 1970.20133   -1.03481   -0.00947   -1.03992   -0.00586   -3.37441   -0.70964   -2.04202
          2      29700 1976.93293   -1.03482   -0.00947   -1.03991   -0.00587   -3.37441   -0.70964   -2.04202
          2      29800 1983.42588   -1.03483   -0.00947   -1.03990   -0.00585   -3.37441   -0.70964   -2.04202
          2      29900 1990.36088   -1.03484   -0.00947   -1.03992   -0.00586   -3.37441   -0.70964   -2.04202
          2      30000 1997.20473   -1.03485   -0.00947   -1.03992   -0.00585   -3.37441   -0.70964   -2.04202
          2      30100 2003.54189   -1.03486   -0.00947   -1.03991   -0.00583   -3.37441   -0.70964   -2.04202
          2      30200 2010.03390   -1.03487   -0.00947   -1.03992   -0.00586   -3.37441   -0.70964   -2.04202
          2      30300 2016.39653   -1.03487   -0.00947   -1.03991   -0.00588   -3.37441   -0.70964   -2.04202
          2      30400 2022.47398   -1.03488   -0.00947   -1.03992   -0.00588   -3.37441   -0.70964   -2.04202
          2      30500 2028.99013   -1.03489   -0.00946   -1.03990   -0.00584   -3.37441   -0.70964   -2.04202
          2      30600 2036.10108   -1.03490   -0.00946   -1.03990   -0.00588   -3.37441   -0.70964   -2.04202
          2      30700 2042.51639   -1.03491   -0.00946   -1.03989   -0.00584   -3.37441   -0.70964   -2.04202
          2      30800 2048.84278   -1.03492   -0.00946   -1.03992   -0.00587   -3.37441   -0.70964   -2.04202
          2      30900 2055.14065   -1.03492   -0.00946   -1.03992   -0.00586   -3.37441   -0.70964   -2.04202
          2      31000 2062.35254   -1.03493   -0.00946   -1.03992   -0.00586   -3.37441   -0.70964   -2.04202
          2      31100 2068.75438   -1.03494   -0.00946   -1.03992   -0.00585   -3.37441   -0.70964   -2.04202
          2      31200 2075.19520   -1.03495   -0.00946   -1.03991   -0.00587   -3.37441   -0.70964   -2.04202
          2      31300 2081.62663   -1.03496   -0.00946   -1.03990   -0.00585   -3.37441   -0.70964   -2.04202
          2      31400 2088.62598   -1.03496   -0.00946   -1.03992   -0.00584   -3.37441   -0.70964   -2.04202
          2      31500 2095.58476   -1.03497   -0.00946   -1.03992   -0.00584   -3.37441   -0.70964   -2.04202
          2      31600 2102.06670   -1.03498   -0.00946   -1.03993   -0.00584   -3.37441   -0.70964   -2.04202
          2      31700 2109.20518   -1.03499   -0.00946   -1.03991   -0.00588   -3.37441   -0.70964   -2.04202
          2      31800 2115.41659   -1.03500   -0.00946   -1.03991   -0.00585   -3.37441   -0.70964   -2.04202
          2      31900 2122.46468   -1.03500   -0.00945   -1.03992   -0.00588   -3.37441   -0.70964   -2.04202
          2      32000 2128.87250   -1.03501   -0.00945   -1.03992   -0.00586   -3.37441   -0.70964   -2.04202
          2      32100 2135.94020   -1.03502   -0.00945   -1.03991   -0.00586   -3.37441   -0.70964   -2.04202
          2      32200 2143.33930   -1.03503   -0.00945   -1.03991   -0.00584   -3.37441   -0.70964   -2.04202
          2      32300 2149.84981   -1.03503   -0.00945   -1.03992   -0.00586   -3.37441   -0.70964   -2.04202
          2      32400 2156.44556   -1.03504   -0.00945   -1.03991   -0.00586   -3.37441   -0.70964   -2.04202
          2      32500 2162.78170   -1.03505   -0.00945   -1.03991   -0.00585   -3.37441   -0.70964   -2.04202
          2      32600 2169.24572   -1.03506   -0.00945   -1.03992   -0.00586   -3.37441   -0.70964   -2.04202
          2      32700 2175.48142   -1.03506   -0.00945   -1.03991   -0.00586   -3.37441   -0.70964   -2.04202
          2      32800 2182.30293   -1.03507   -0.00945   -1.03991   -0.00585   -3.37441   -0.70964   -2.04202
          2      32900 2188.55401   -1.03508   -0.00945   -1.03992   -0.00586   -3.37441   -0.70964   -2.04202
          2      33000 2195.24848   -1.03509   -0.00945   -1.03991   -0.00586   -3.37441   -0.70964   -2.04202
          2      33100 2202.02938   -1.03509   -0.00945   -1.03991   -0.00585   -3.37441   -0.70964   -2.04202
          2      33200 2208.80713   -1.03510   -0.00945   -1.03992   -0.00586   -3.37441   -0.70964   -2.04202
          2      33300 2215.13789   -1.03511   -0.00945   -1.03991   -0.00586   -3.37441   -0.70964   -2.04202
          2      33400 2221.75179   -1.03512   -0.00945   -1.03991   -0.00585   -3.37441   -0.70964   -2.04202
          2      33500 2228.44141   -1.03512   -0.00944   -1.03992   -0.00586   -3.37441   -0.70964   -2.04202
          2      33600 2235.26575   -1.03513   -0.00944   -1.03991   -0.00586   -3.37441   -0.70964   -2.04202
          2      33700 2241.55403   -1.03514   -0.00944   -1.03991   -0.00585   -3.37441   -0.70964   -2.04202
          2      33800 2247.85782   -1.03514   -0.00944   -1.03992   -0.00587   -3.37441   -0.70964   -2.04202
          2      33900 2254.18609   -1.03515   -0.00944   -1.03991   -0.00586   -3.37441   -0.70964   -2.04202
          2      34000 2260.62148   -1.03516   -0.00944   -1.03991   -0.00585   -3.37441   -0.70964   -2.04202
          2      34100 2267.11428   -1.03517   -0.00944   -1.03992   -0.00587   -3.37441   -0.70964   -2.04202
          2      34200 2273.67881   -1.03517   -0.00944   -1.03991   -0.00586   -3.37441   -0.70964   -2.04202
          2      34300 2280.38994   -1.03518   -0.00944   -1.03991   -0.00585   -3.37441   -0.70964   -2.04202
          2      34400 2287.07619   -1.03519   -0.00944   -1.03992   -0.00587   -3.37441   -0.70964   -2.04202
          2      34500 2293.67923   -1.03519   -0.00944   -1.03991   -0.00586   -3.37441   -0.70964   -2.04202
          2      34600 2300.62379   -1.03520   -0.00944   -1.03991   -0.00585   -3.37441   -0.70964   -2.04202
          2      34700 2307.32108   -1.03521   -0.00944   -1.03992   -0.00587   -3.37441   -0.70964   -2.04202
          2      34800 2313.71376   -1.03521   -0.00944   -1.03991   -0.00586   -3.37441   -0.70964   -2.04202
          2      34900 2320.31089   -1.03522   -0.00944   -1.03991   -0.00585   -3.37441   -0.70964   -2.04202
          2      35000 2326.88050   -1.03523   -0.00944   -1.03992   -0.00587   -3.37441   -0.70964   -2.04202
          2      35100 2332.96192   -1.03523   -0.00943   -1.03991   -0.00586   -3.37441   -0.70964   -2.04202
          2      35200 2339.65308   -1.03524   -0.00943   -1.03991   -0.00585   -3.37441   -0.70964   -2.04202
          2      35300 2346.47779   -1.03525   -0.00943   -1.03992   -0.00587   -3.37441   -0.70964   -2.04202
          2      35400 2352.46437   -1.03525   -0.00943   -1.03991   -0.00586   -3.37441   -0.70964   -2.04202
          2      35500 2358.74245   -1.03526   -0.00943   -1.03991   -0.00585   -3.37441   -0.70964   -2.04202
          2      35600 2364.77514   -1.03527   -0.00943   -1.03992   -0.00587   -3.37441   -0.70964   -2.04202
          2      35700 2371.00138   -1.03527   -0.00943   -1.03991   -0.00586   -3.37441   -0.70964   -2.04202
          2      35800 2377.58876   -1.03528   -0.00943   -1.03991   -0.00585   -3.37441   -0.70964   -2.04202
          2      35900 2384.20265   -1.03529   -0.00943   -1.03992   -0.00587   -3.37441   -0.70964   -2.04202
          2      36000 2391.58470   -1.03529   -0.00943   -1.03991   -0.00586   -3.37441   -0.70964   -2.04202
          2      36100 2398.86494   -1.03530   -0.00943   -1.03991   -0.00585   -3.37441   -0.70964   -2.04202
          2      36200 2405.26491   -1.03531   -0.00943   -1.03992   -0.00587   -3.37441   -0.70964   -2.04202
          2      36300 2411.56588   -1.03531   -0.00943   -1.03991   -0.00586   -3.37441   -0.70964   -2.04202
          2      36400 2418.06961   -1.03532   -0.00943   -1.03991   -0.00585   -3.37441   -0.70964   -2.04202
          2      36500 2425.00687   -1.03533   -0.00943   -1.03992   -0.00587   -3.37441   -0.70964   -2.04202
          2      36600 2431.10312   -1.03533   -0.00943   -1.03991   -0.00586   -3.37441   -0.70964   -2.04202
          2      36700 2437.33251   -1.03534   -0.00943   -1.03991   -0.00585   -3.37441   -0.70964   -2.04202
          2      36800 2444.90191   -1.03534   -0.00943   -1.03992   -0.00587   -3.37441   -0.70964   -2.04202
          2      36900 2452.35350   -1.03535   -0.00942   -1.03991   -0.00586   -3.37441   -0.70964   -2.04202
          2      37000 2459.47595   -1.03536   -0.00942   -1.03991   -0.00585   -3.37441   -0.70964   -2.04202
          2      37100 2466.43602   -1.03536   -0.00942   -1.03992   -0.00587   -3.37441   -0.70964   -2.04202
          2      37200 2472.80731   -1.03537   -0.00942   -1.03991   -0.00586   -3.37441   -0.70964   -2.04202
          2      37300 2479.21466   -1.03538   -0.00942   -1.03991   -0.00585   -3.37441   -0.70964   -2.04202
          2      37400 2486.79744   -1.03538   -0.00942   -1.03992   -0.00587   -3.37441   -0.70964   -2.04202
          2      37500 2493.01516   -1.03539   -0.00942   -1.03991   -0.00586   -3.37441   -0.70964   -2.04202
          2      37600 2499.52681   -1.03539   -0.00942   -1.03991   -0.00585   -3.37441   -0.70964   -2.04202
          2      37700 2506.37312   -1.03540   -0.00942   -1.03992   -0.00587   -3.37441   -0.70964   -2.04202
          2      37800 2512.95498   -1.03541   -0.00942   -1.03991   -0.00586   -3.37441   -0.70964   -2.04202
          2      37900 2519.14923   -1.03541   -0.00942   -1.03991   -0.00585   -3.37441   -0.70964   -2.04202
          2      38000 2525.54382   -1.03542   -0.00942   -1.03992   -0.00587   -3.37441   -0.70964   -2.04202
          2      38100 2532.30773   -1.03542   -0.00942   -1.03991   -0.00586   -3.37441   -0.70964   -2.04202
          2      38200 2539.23763   -1.03543   -0.00942   -1.03991   -0.00585   -3.37441   -0.70964   -2.04202
          2      38300 2545.47650   -1.03544   -0.00942   -1.03992   -0.00587   -3.37441   -0.70964   -2.04202
          2      38400 2552.01408   -1.03544   -0.00942   -1.03991   -0.00586   -3.37441   -0.70964   -2.04202
          2      38500 2559.06728   -1.03545   -0.00942   -1.03991   -0.00585   -3.37441   -0.70964   -2.04202
          2      38600 2565.47984   -1.03545   -0.00942   -1.03992   -0.00587   -3.37441   -0.70964   -2.04202
          2      38700 2571.63024   -1.03546   -0.00942   -1.03991   -0.00586   -3.37441   -0.70964   -2.04202
          2      38800 2578.41453   -1.03546   -0.00941   -1.03991   -0.00585   -3.37441   -0.70964   -2.04202
          2      38900 2584.54608   -1.03547   -0.00941   -1.03992   -0.00587   -3.37441   -0.70964   -2.04202
          2      39000 2591.21971   -1.03548   -0.00941   -1.03991   -0.00586   -3.37441   -0.70964   -2.04202
          2      39100 2597.98597   -1.03548   -0.00941   -1.03991   -0.00585   -3.37441   -0.70964   -2.04202
          2      39200 2605.68373   -1.03549   -0.00941   -1.03992   -0.00587   -3.37441   -0.70964   -2.04202
          2      39300 2612.25762   -1.03549   -0.00941   -1.03991   -0.00586   -3.37441   -0.70964   -2.04202
          2      39400 2618.65592   -1.03550   -0.00941   -1.03991   -0.00585   -3.37441   -0.70964   -2.04202
          2      39500 2625.33920   -1.03550   -0.00941   -1.03992   -0.00587   -3.37441   -0.70964   -2.04202
          2      39600 2631.64165   -1.03551   -0.00941   -1.03991   -0.00586   -3.37441   -0.70964   -2.04202
          2      39700 2637.99142   -1.03552   -0.00941   -1.03991   -0.00585   -3.37441   -0.70964   -2.04202
          2      39800 2644.18738   -1.03552   -0.00941   -1.03992   -0.00587   -3.37441   -0.70964   -2.04202
          2      39900 2650.78645   -1.03553   -0.00941   -1.03991   -0.00586   -3.37441   -0.70964   -2.04202
          2      40000 2657.00296   -1.03553   -0.00941   -1.03991   -0.00585   -3.37441   -0.70964   -2.04202
          2      40100 2664.02804   -1.03554   -0.00941   -1.03992   -0.00587   -3.37441   -0.70964   -2.04202
          2      40200 2670.82323   -1.03554   -0.00941   -1.03992   -0.00586   -3.37441   -0.70964   -2.04202
          2      40300 2677.79519   -1.03555   -0.00941   -1.03991   -0.00585   -3.37441   -0.70964   -2.04202
          2      40400 2683.96816   -1.03555   -0.00941   -1.03992   -0.00587   -3.37441   -0.70964   -2.04202
          2      40500 2690.27933   -1.03556   -0.00941   -1.03992   -0.00586   -3.37441   -0.70964   -2.04202
          2      40600 2696.32902   -1.03556   -0.00941   -1.03991   -0.00585   -3.37441   -0.70964   -2.04202
          2      40700 2702.70257   -1.03557   -0.00941   -1.03992   -0.00587   -3.37441   -0.70964   -2.04202
          2      40800 2709.46294   -1.03558   -0.00941   -1.03992   -0.00586   -3.37441   -0.70964   -2.04202
          2      40900 2715.65182   -1.03558   -0.00940   -1.03991   -0.00585   -3.37441   -0.70964   -2.04202
          2      41000 2721.89512   -1.03559   -0.00940   -1.03992   -0.00587   -3.37441   -0.70964   -2.04202
          2      41100 2728.33792   -1.03559   -0.00940   -1.03992   -0.00586   -3.37441   -0.70964   -2.04202
          2      41200 2734.46751   -1.03560   -0.00940   -1.03991   -0.00585   -3.37441   -0.70964   -2.04202
          2      41300 2740.57718   -1.03560   -0.00940   -1.03992   -0.00587   -3.37441   -0.70964   -2.04202
          2      41400 2746.78643   -1.03561   -0.00940   -1.03992   -0.00586   -3.37441   -0.70964   -2.04202
          2      41500 2753.35156   -1.03561   -0.00940   -1.03991   -0.00585   -3.37441   -0.70964   -2.04202
          2      41600 2759.86695   -1.03562   -0.00940   -1.03992   -0.00587   -3.37441   -0.70964   -2.04202
          2      41700 2765.96007   -1.03562   -0.00940   -1.03992   -0.00586   -3.37441   -0.70964   -2.04202
          2      41800 2771.50140   -1.03563   -0.00940   -1.03991   -0.00585   -3.37441   -0.70964   -2.04202
          2      41900 2777.80961   -1.03563   -0.00940   -1.03992   -0.00587   -3.37441   -0.70964   -2.04202
          2      42000 2783.83189   -1.03564   -0.00940   -1.03992   -0.00586   -3.37441   -0.70964   -2.04202
          2      42100 2790.08169   -1.03564   -0.00940   -1.03991   -0.00585   -3.37441   -0.70964   -2.04202
          2      42200 2796.24060   -1.03565   -0.00940   -1.03992   -0.00587   -3.37441   -0.70964   -2.04202
          2      42300 2802.58456   -1.03565   -0.00940   -1.03992   -0.00586   -3.37441   -0.70964   -2.04202
          2      42400 2808.96816   -1.03566   -0.00940   -1.03992   -0.00585   -3.37441   -0.70964   -2.04202
          2      42500 2815.25215   -1.03566   -0.00940   -1.03993   -0.00587   -3.37441   -0.70964   -2.04202
          2      42600 2821.26966   -1.03567   -0.00940   -1.03992   -0.00586   -3.37441   -0.70964   -2.04202
          2      42700 2828.23265   -1.03567   -0.00940   -1.03992   -0.00585   -3.37441   -0.70964   -2.04202
          2      42800 2835.67344   -1.03568   -0.00940   -1.03993   -0.00587   -3.37441   -0.70964   -2.04202
          2      42900 2841.96444   -1.03568   -0.00940   -1.03992   -0.00586   -3.37441   -0.70964   -2.04202
          2      43000 2848.57195   -1.03569   -0.00940   -1.03992   -0.00585   -3.37441   -0.70964   -2.04202
          2      43100 2855.24578   -1.03569   -0.00940   -1.03993   -0.00587   -3.37441   -0.70964   -2.04202
          2      43200 2861.43332   -1.03570   -0.00939   -1.03992   -0.00586   -3.37441   -0.70964   -2.04202
          2      43300 2867.22997   -1.03570   -0.00939   -1.03992   -0.00585   -3.37441   -0.70964   -2.04202
          2      43400 2873.56619   -1.03571   -0.00939   -1.03993   -0.00587   -3.37441   -0.70964   -2.04202
          2      43500 2879.87643   -1.03571   -0.00939   -1.03992   -0.00586   -3.37441   -0.70964   -2.04202
          2      43600 2886.20623   -1.03572   -0.00939   -1.03992   -0.00585   -3.37441   -0.70964   -2.04202
          2      43700 2892.21513   -1.03572   -0.00939   -1.03993   -0.00587   -3.37441   -0.70964   -2.04202
          2      43800 2899.62014   -1.03573   -0.00939   -1.03992   -0.00586   -3.37441   -0.70964   -2.04202
          2      43900 2905.66659   -1.03573   -0.00939   -1.03992   -0.00585   -3.37441   -0.70964   -2.04202
          2      44000 2912.34086   -1.03574   -0.00939   -1.03993   -0.00587   -3.37441   -0.70964   -2.04202
          2      44100 2919.26574   -1.03574   -0.00939   -1.03992   -0.00586   -3.37441   -0.70964   -2.04202
          2      44200 2925.45846   -1.03575   -0.00939   -1.03992   -0.00585   -3.37441   -0.70964   -2.04202
          2      44300 2931.66974   -1.03575   -0.00939   -1.03993   -0.00587   -3.37441   -0.70964   -2.04202
          2      44400 2938.36952   -1.03576   -0.00939   -1.03992   -0.00586   -3.37441   -0.70964   -2.04202
          2      44500 2944.95920   -1.03576   -0.00939   -1.03992   -0.00585   -3.37441   -0.70964   -2.04202
          2      44600 2951.21866   -1.03577   -0.00939   -1.03993   -0.00587   -3.37441   -0.70964   -2.04202
          2      44700 2957.06881   -1.03577   -0.00939   -1.03992   -0.00586   -3.37441   -0.70964   -2.04202
          2      44800 2963.42669   -1.03578   -0.00939   -1.03992   -0.00585   -3.37441   -0.70964   -2.04202
          2      44900 2970.37481   -1.03578   -0.00939   -1.03993   -0.00587   -3.37441   -0.70964   -2.04202
          2      45000 2976.98832   -1.03578   -0.00939   -1.03992   -0.00586   -3.37441   -0.70964   -2.04202
          2      45100 2983.38283   -1.03579   -0.00939   -1.03992   -0.00585   -3.37441   -0.70964   -2.04202
          2      45200 2989.78600   -1.03579   -0.00939   -1.03993   -0.00587   -3.37441   -0.70964   -2.04202
          2      45300 2996.80197   -1.03580   -0.00939   -1.03992   -0.00586   -3.37441   -0.70964   -2.04202
          2      45400 3003.14366   -1.03580   -0.00939   -1.03992   -0.00585   -3.37441   -0.70964   -2.04202
          2      45500 3009.99480   -1.03581   -0.00939   -1.03993   -0.00587   -3.37441   -0.70964   -2.04202
          2      45600 3016.00096   -1.03581   -0.00938   -1.03992   -0.00586   -3.37441   -0.70964   -2.04202
          2      45700 3022.44425   -1.03582   -0.00938   -1.03992   -0.00585   -3.37441   -0.70964   -2.04202
          2      45800 3028.88865   -1.03582   -0.00938   -1.03993   -0.00587   -3.37441   -0.70964   -2.04202
          2      45900 3035.52895   -1.03583   -0.00938   -1.03992   -0.00586   -3.37441   -0.70964   -2.04202
          2      46000 3041.85270   -1.03583   -0.00938   -1.03992   -0.00585   -3.37441   -0.70964   -2.04202
          2      46100 3048.02177   -1.03583   -0.00938   -1.03993   -0.00587   -3.37441   -0.70964   -2.04202
          2      46200 3055.17132   -1.03584   -0.00938   -1.03992   -0.00586   -3.37441   -0.70964   -2.04202
          2      46300 3062.03283   -1.03584   -0.00938   -1.03992   -0.00585   -3.37441   -0.70964   -2.04202
          2      46400 3068.60016   -1.03585   -0.00938   -1.03993   -0.00587   -3.37441   -0.70964   -2.04202
          2      46500 3075.09678   -1.03585   -0.00938   -1.03992   -0.00586   -3.37441   -0.70964   -2.04202
          2      46600 3081.67444   -1.03586   -0.00938   -1.03992   -0.00585   -3.37441   -0.70964   -2.04202
          2      46700 3087.94309   -1.03586   -0.00938   -1.03993   -0.00587   -3.37441   -0.70964   -2.04202
          2      46800 3094.52689   -1.03587   -0.00938   -1.03992   -0.00586   -3.37441   -0.70964   -2.04202
          2      46900 3100.53451   -1.03587   -0.00938   -1.03992   -0.00585   -3.37441   -0.70964   -2.04202
          2      47000 3107.40236   -1.03587   -0.00938   -1.03993   -0.00587   -3.37441   -0.70964   -2.04202
          2      47100 3113.67353   -1.03588   -0.00938   -1.03992   -0.00586   -3.37441   -0.70964   -2.04202
          2      47200 3120.09845   -1.03588   -0.00938   -1.03992   -0.00585   -3.37441   -0.70964   -2.04202
          2      47300 3126.68211   -1.03589   -0.00938   -1.03993   -0.00587   -3.37441   -0.70964   -2.04202
          2      47400 3132.75583   -1.03589   -0.00938   -1.03992   -0.00586   -3.37441   -0.70964   -2.04202
          2      47500 3138.60516   -1.03590   -0.00938   -1.03992   -0.00585   -3.37441   -0.70964   -2.04202
          2      47600 3144.78601   -1.03590   -0.00938   -1.03993   -0.00587   -3.37441   -0.70964   -2.04202
          2      47700 3151.16819   -1.03590   -0.00938   -1.03992   -0.00586   -3.37441   -0.70964   -2.04202
          2      47800 3157.22599   -1.03591   -0.00938   -1.03992   -0.00585   -3.37441   -0.70964   -2.04202
          2      47900 3163.51077   -1.03591   -0.00938   -1.03993   -0.00587   -3.37441   -0.70964   -2.04202
          2      48000 3169.91010   -1.03592   -0.00938   -1.03992   -0.00586   -3.37441   -0.70964   -2.04202
          2      48100 3176.19514   -1.03592   -0.00938   -1.03992   -0.00585   -3.37441   -0.70964   -2.04202
          2      48200 3183.00422   -1.03593   -0.00938   -1.03993   -0.00587   -3.37441   -0.70964   -2.04202
          2      48300 3189.33158   -1.03593   -0.00937   -1.03992   -0.00586   -3.37441   -0.70964   -2.04202
          2      48400 3195.59320   -1.03593   -0.00937   -1.03992   -0.00585   -3.37441   -0.70964   -2.04202
          2      48500 3201.71176   -1.03594   -0.00937   -1.03993   -0.00587   -3.37441   -0.70964   -2.04202
          2      48600 3208.06744   -1.03594   -0.00937   -1.03992   -0.00586   -3.37441   -0.70964   -2.04202
          2      48700 3214.48118   -1.03595   -0.00937   -1.03992   -0.00585   -3.37441   -0.70964   -2.04202
          2      48800 3220.73196   -1.03595   -0.00937   -1.03993   -0.00587   -3.37441   -0.70964   -2.04202
          2      48900 3226.80728   -1.03595   -0.00937   -1.03992   -0.00586   -3.37441   -0.70964   -2.04202
          2      49000 3232.97722   -1.03596   -0.00937   -1.03992   -0.00585   -3.37441   -0.70964   -2.04202
          2      49100 3239.34418   -1.03596   -0.00937   -1.03993   -0.00587   -3.37441   -0.70964   -2.04202
          2      49200 3245.89266   -1.03597   -0.00937   -1.03992   -0.00586   -3.37441   -0.70964   -2.04202
          2      49300 3252.42366   -1.03597   -0.00937   -1.03992   -0.00585   -3.37441   -0.70964   -2.04202
          2      49400 3259.12830   -1.03597   -0.00937   -1.03993   -0.00587   -3.37441   -0.70964   -2.04202
          2      49500 3265.52639   -1.03598   -0.00937   -1.03992   -0.00586   -3.37441   -0.70964   -2.04202
          2      49600 3271.50283   -1.03598   -0.00937   -1.03992   -0.00585   -3.37441   -0.70964   -2.04202
          2      49700 3278.00048   -1.03599   -0.00937   -1.03993   -0.00587   -3.37441   -0.70964   -2.04202
          2      49800 3284.18332   -1.03599   -0.00937   -1.03992   -0.00586   -3.37441   -0.70964   -2.04202
          2      49900 3290.53147   -1.03599   -0.00937   -1.03992   -0.00585   -3.37441   -0.70964   -2.04202
          2      50000 3297.33706   -1.03600   -0.00937   -1.03993   -0.00587   -3.37441   -0.70964   -2.04202
          2      50100 3303.65685   -1.03600   -0.00937   -1.03992   -0.00586   -3.37441   -0.70964   -2.04202
          2      50200 3309.81332   -1.03601   -0.00937   -1.03992   -0.00585   -3.37441   -0.70964   -2.04202
          2      50300 3316.43754   -1.03601   -0.00937   -1.03993   -0.00587   -3.37441   -0.70964   -2.04202
          2      50400 3322.67650   -1.03601   -0.00937   -1.03992   -0.00586   -3.37441   -0.70964   -2.04202
          2      50500 3329.00139   -1.03602   -0.00937   -1.03992   -0.00585   -3.37441   -0.70964   -2.04202
          2      50600 3335.44559   -1.03602   -0.00937   -1.03993   -0.00587   -3.37441   -0.70964   -2.04202
          2      50700 3342.00584   -1.03603   -0.00937   -1.03992   -0.00586   -3.37441   -0.70964   -2.04202
          2      50800 3348.68258   -1.03603   -0.00937   -1.03992   -0.00585   -3.37441   -0.70964   -2.04202
          2      50900 3354.91079   -1.03603   -0.00937   -1.03993   -0.00587   -3.37441   -0.70964   -2.04202
          2      51000 3360.89244   -1.03604   -0.00937   -1.03992   -0.00586   -3.37441   -0.70964   -2.04202
          2      51100 3366.67323   -1.03604   -0.00936   -1.03992   -0.00585   -3.37441   -0.70964   -2.04202
          2      51200 3373.05547   -1.03605   -0.00936   -1.03993   -0.00587   -3.37441   -0.70964   -2.04202
          2      51300 3379.60038   -1.03605   -0.00936   -1.03992   -0.00586   -3.37441   -0.70964   -2.04202
          2      51400 3385.54241   -1.03605   -0.00936   -1.03992   -0.00585   -3.37441   -0.70964   -2.04202
          2      51500 3391.81592   -1.03606   -0.00936   -1.03993   -0.00587   -3.37441   -0.70964   -2.04202
          2      51600 3398.27594   -1.03606   -0.00936   -1.03992   -0.00586   -3.37441   -0.70964   -2.04202
          2      51700 3405.08578   -1.03606   -0.00936   -1.03992   -0.00585   -3.37441   -0.70964   -2.04202
          2      51800 3411.40082   -1.03607   -0.00936   -1.03993   -0.00587   -3.37441   -0.70964   -2.04202
          2      51900 3417.79448   -1.03607   -0.00936   -1.03992   -0.00586   -3.37441   -0.70964   -2.04202
          2      52000 3423.78374   -1.03608   -0.00936   -1.03992   -0.00585   -3.37441   -0.70964   -2.04202
          2      52100 3430.30342   -1.03608   -0.00936   -1.03993   -0.00587   -3.37441   -0.70964   -2.04202
          2      52200 3436.98448   -1.03608   -0.00936   -1.03992   -0.00586   -3.37441   -0.70964   -2.04202
          2      52300 3444.18394   -1.03609   -0.00936   -1.03992   -0.00585   -3.37441   -0.70964   -2.04202
          2      52400 3451.72877   -1.03609   -0.00936   -1.03993   -0.00587   -3.37441   -0.70964   -2.04202
          2      52500 3458.47391   -1.03609   -0.00936   -1.03992   -0.00586   -3.37441   -0.70964   -2.04202
          2      52600 3465.45922   -1.03610   -0.00936   -1.03992   -0.00585   -3.37441   -0.70964   -2.04202
          2      52700 3472.41688   -1.03610   -0.00936   -1.03993   -0.00587   -3.37441   -0.70964   -2.04202
          2      52800 3479.38137   -1.03610   -0.00936   -1.03992   -0.00586   -3.37441   -0.70964   -2.04202
          2      52900 3485.57149   -1.03611   -0.00936   -1.03992   -0.00585   -3.37441   -0.70964   -2.04202
          2      53000 3491.84460   -1.03611   -0.00936   -1.03993   -0.00587   -3.37441   -0.70964   -2.04202
          2      53100 3497.96474   -1.03612   -0.00936   -1.03992   -0.00586   -3.37441   -0.70964   -2.04202
          2      53200 3504.27620   -1.03612   -0.00936   -1.03992   -0.00585   -3.37441   -0.70964   -2.04202
          2      53300 3510.74784   -1.03612   -0.00936   -1.03993   -0.00587   -3.37441   -0.70964   -2.04202
          2      53400 3516.69325   -1.03613   -0.00936   -1.03992   -0.00586   -3.37441   -0.70964   -2.04202
          2      53500 3523.36197   -1.03613   -0.00936   -1.03992   -0.00585   -3.37441   -0.70964   -2.04202
          2      53600 3530.11379   -1.03613   -0.00936   -1.03993   -0.00587   -3.37441   -0.70964   -2.04202
          2      53700 3536.65750   -1.03614   -0.00936   -1.03992   -0.00586   -3.37441   -0.70964   -2.04202
          2      53800 3542.55923   -1.03614   -0.00936   -1.03992   -0.00585   -3.37441   -0.70964   -2.04202
          2      53900 3549.60778   -1.03614   -0.00936   -1.03993   -0.00587   -3.37441   -0.70964   -2.04202
          2      54000 3557.23335   -1.03615   -0.00936   -1.03992   -0.00586   -3.37441   -0.70964   -2.04202
          2      54100 3563.88860   -1.03615   -0.00936   -1.03992   -0.00585   -3.37441   -0.70964   -2.04202
          2      54200 3570.84980   -1.03615   -0.00936   -1.03993   -0.00587   -3.37441   -0.70964   -2.04202
          2      54300 3578.10415   -1.03616   -0.00935   -1.03992   -0.00586   -3.37441   -0.70964   -2.04202
          2      54400 3584.57503   -1.03616   -0.00935   -1.03992   -0.00585   -3.37441   -0.70964   -2.04202
          2      54500 3591.12388   -1.03617   -0.00935   -1.03993   -0.00587   -3.37441   -0.70964   -2.04202
          2      54600 3598.16145   -1.03617   -0.00935   -1.03992   -0.00586   -3.37441   -0.70964   -2.04202
          2      54628 3600.06388   -1.03617   -0.00935   -1.03992   -0.00585   -3.37441   -0.70964   -2.04202
