          1          0    0.00000   -0.26067    0.50844   -0.26067    0.50844   -4.13721    4.13721    0.00000
          1         39    1.71162   -0.10887   -0.02626   -0.03619   -0.02059   -4.13721   -0.03619    0.00000
          2          0    1.71162   -0.05747   -0.05263   -0.03619   -0.02059   -4.13721   -0.03619   -2.08670
          2        100    6.72170   -0.57692    0.67590   -0.72581    1.31315   -4.13721   -0.03619   -2.08670
          2        200   10.87295   -0.63220    0.83905   -0.74724    1.30812   -4.13721   -0.03619   -2.08670
          2        300   15.25372   -0.65697    0.91965   -0.74163    1.32059   -4.13721   -0.03619   -2.08670
          2        400   19.65241   -0.67173    0.96993   -0.75417    1.31802   -4.13721   -0.03619   -2.08670
          2        500   24.72018   -0.68179    1.00511   -0.75258    1.31467   -4.13721   -0.03619   -2.08670
          2        600   33.37553   -0.68910    1.03141   -0.75171    1.32071   -4.13721   -0.03619   -2.08670
          2        700   42.07758   -0.69474    1.05211   -0.75901    1.31737   -4.13721   -0.03619   -2.08670
          2        800   50.47099   -0.69927    1.06894   -0.74923    1.31556   -4.13721   -0.03619   -2.08670
          2        900   59.22566   -0.70302    1.08295   -0.75868    1.31830   -4.13721   -0.03619   -2.08670
          2       1000   67.15083   -0.70618    1.09488   -0.76103    1.32000   -4.13721   -0.03619   -2.08670
          2       1100   74.80181   -0.70889    1.10517   -0.75443    1.32192   -4.13721   -0.03619   -2.08670
          2       1200   82.37057   -0.71125    1.11420   -0.75542    1.31811   -4.13721   -0.03619   -2.08670
          2       1300   90.27113   -0.71332    1.12218   -0.75770    1.32148   -4.13721   -0.03619   -2.08670
          2       1400   98.36229   -0.71517    1.12932   -0.75643    1.31867   -4.13721   -0.03619   -2.08670
          2       1500  106.08168   -0.71682    1.13573   -0.75423    1.32293   -4.13721   -0.03619   -2.08670
          2       1600  114.10163   -0.71832    1.14156   -0.75913    1.32151   -4.13721   -0.03619   -2.08670
          2       1700  121.25354   -0.71968    1.14687   -0.75994    1.32004   -4.13721   -0.03619   -2.08670
          2       1800  128.39026   -0.72093    1.15174   -0.75662    1.31939   -4.13721   -0.03619   -2.08670
          2       1900  135.84728   -0.72208    1.15623   -0.75700    1.31975   -4.13721   -0.03619   -2.08670
          2       2000  143.45337   -0.72314    1.16038   -0.75984    1.32055   -4.13721   -0.03619   -2.08670
          2       2100  151.20207   -0.72412    1.16424   -0.76216    1.32127   -4.13721   -0.03619   -2.08670
          2       2200  159.54010   -0.72504    1.16784   -0.75963    1.32209   -4.13721   -0.03619   -2.08670
          2       2300  167.35302   -0.72589    1.17120   -0.75761    1.32283   -4.13721   -0.03619   -2.08670
          2       2400  174.94787   -0.72669    1.17435   -0.75601    1.32345   -4.13721   -0.03619   -2.08670
          2       2500  182.70215   -0.72744    1.17732   -0.75400    1.31953   -4.13721   -0.03619   -2.08670
          2       2600  191.49011   -0.72814    1.18011   -0.75761    1.32037   -4.13721   -0.03619   -2.08670
          2       2700  199.17288   -0.72880    1.18275   -0.76037    1.32110   -4.13721   -0.03619   -2.08670
          2       2800  207.33066   -0.72943    1.18525   -0.76202    1.32171   -4.13721   -0.03619   -2.08670
          2       2900  215.41333   -0.73002    1.18762   -0.75989    1.32241   -4.13721   -0.03619   -2.08670
          2       3000  223.33858   -0.73058    1.18987   -0.75814    1.32304   -4.13721   -0.03619   -2.08670
          2       3100  231.62671   -0.73111    1.19201   -0.75669    1.32358   -4.13721   -0.03619   -2.08670
          2       3200  239.30275   -0.73162    1.19406   -0.75516    1.32013   -4.13721   -0.03619   -2.08670
          2       3300  247.03482   -0.73210    1.19601   -0.75826    1.32084   -4.13721   -0.03619   -2.08670
          2       3400  255.45187   -0.73257    1.19787   -0.76072    1.32147   -4.13721   -0.03619   -2.08670
          2       3500  262.92617   -0.73301    1.19965   -0.76192    1.32202   -4.13721   -0.03619   -2.08670
          2       3600  270.70987   -0.73343    1.20136   -0.76007    1.32263   -4.13721   -0.03619   -2.08670
          2       3700  278.44521   -0.73383    1.20301   -0.75850    1.32319   -4.13721   -0.03619   -2.08670
          2       3800  285.91619   -0.73422    1.20458   -0.75717    1.32368   -4.13721   -0.03619   -2.08670
          2       3900  293.13377   -0.73459    1.20610   -0.75599    1.32056   -4.13721   -0.03619   -2.08670
          2       4000  301.00373   -0.73495    1.20756   -0.75874    1.32118   -4.13721   -0.03619   -2.08670
          2       4100  309.34431   -0.73529    1.20897   -0.76098    1.32175   -4.13721   -0.03619   -2.08670
          2       4200  317.23222   -0.73562    1.21033   -0.76186    1.32224   -4.13721   -0.03619   -2.08670
          2       4300  325.41979   -0.73594    1.21164   -0.76020    1.32279   -4.13721   -0.03619   -2.08670
          2       4400  333.35903   -0.73625    1.21290   -0.75876    1.32330   -4.13721   -0.03619   -2.08670
          2       4500  341.08359   -0.73655    1.21412   -0.75753    1.32375   -4.13721   -0.03619   -2.08670
          2       4600  349.17095   -0.73683    1.21531   -0.75661    1.32088   -4.13721   -0.03619   -2.08670
          2       4700  357.30189   -0.73711    1.21645   -0.75911    1.32145   -4.13721   -0.03619   -2.08670
          2       4800  365.74687   -0.73738    1.21757   -0.76117    1.32196   -4.13721   -0.03619   -2.08670
          2       4900  372.64818   -0.73764    1.21864   -0.76181    1.32241   -4.13721   -0.03619   -2.08670
          2       5000  380.72267   -0.73789    1.21969   -0.76029    1.32292   -4.13721   -0.03619   -2.08670
          2       5100  388.70212   -0.73814    1.22070   -0.75897    1.32339   -4.13721   -0.03619   -2.08670
          2       5200  396.23722   -0.73838    1.22168   -0.75781    1.32381   -4.13721   -0.03619   -2.08670
          2       5300  403.97912   -0.73861    1.22264   -0.75711    1.32114   -4.13721   -0.03619   -2.08670
          2       5400  411.64060   -0.73883    1.22357   -0.75941    1.32166   -4.13721   -0.03619   -2.08670
          2       5500  419.44438   -0.73905    1.22448   -0.76133    1.32213   -4.13721   -0.03619   -2.08670
          2       5600  427.38169   -0.73926    1.22536   -0.76178    1.32255   -4.13721   -0.03619   -2.08670
          2       5700  435.72969   -0.73947    1.22622   -0.76037    1.32302   -4.13721   -0.03619   -2.08670
          2       5800  444.04786   -0.73967    1.22705   -0.75913    1.32346   -4.13721   -0.03619   -2.08670
          2       5900  452.30019   -0.73986    1.22787   -0.75804    1.32385   -4.13721   -0.03619   -2.08670
          2       6000  461.97575   -0.74005    1.22866   -0.75751    1.32135   -4.13721   -0.03619   -2.08670
          2       6100  470.94939   -0.74024    1.22944   -0.75965    1.32183   -4.13721   -0.03619   -2.08670
          2       6200  479.85099   -0.74042    1.23019   -0.76146    1.32227   -4.13721   -0.03619   -2.08670
          2       6300  488.58179   -0.74059    1.23093   -0.76175    1.32267   -4.13721   -0.03619   -2.08670
          2       6400  496.68933   -0.74077    1.23165   -0.76044    1.32311   -4.13721   -0.03619   -2.08670
          2       6500  505.10633   -0.74093    1.23236   -0.75927    1.32352   -4.13721   -0.03619   -2.08670
          2       6600  513.76100   -0.74110    1.23304   -0.75823    1.32389   -4.13721   -0.03619   -2.08670
          2       6700  521.68840   -0.74126    1.23372   -0.75785    1.32152   -4.13721   -0.03619   -2.08670
          2       6800  529.60254   -0.74141    1.23438   -0.75986    1.32198   -4.13721   -0.03619   -2.08670
          2       6900  537.69173   -0.74157    1.23502   -0.76157    1.32239   -4.13721   -0.03619   -2.08670
          2       7000  545.81060   -0.74172    1.23565   -0.76173    1.32277   -4.13721   -0.03619   -2.08670
          2       7100  554.40862   -0.74186    1.23627   -0.76049    1.32318   -4.13721   -0.03619   -2.08670
          2       7200  562.33323   -0.74201    1.23687   -0.75938    1.32357   -4.13721   -0.03619   -2.08670
          2       7300  570.37297   -0.74215    1.23746   -0.75839    1.32393   -4.13721   -0.03619   -2.08670
          2       7400  577.99048   -0.74228    1.23804   -0.75814    1.32167   -4.13721   -0.03619   -2.08670
          2       7500  585.65698   -0.74242    1.23861   -0.76003    1.32210   -4.13721   -0.03619   -2.08670
          2       7600  593.43010   -0.74255    1.23917   -0.76166    1.32249   -4.13721   -0.03619   -2.08670
          2       7678  600.04215   -0.74265    1.23960   -0.75847    1.32394   -4.13721   -0.03619   -2.08670
