          0          0    0.00000   -1.03750   -0.01726   -1.03750   -0.01726
          1          0    0.36735   -1.03750   -0.01726   -1.03750   -0.01726
          1        100   11.18598   -1.04037   -0.01792   -1.04116   -0.01804
          1        200   22.57667   -1.04080   -0.01797   -1.04148   -0.01799
          1        300   34.06013   -1.04099   -0.01799   -1.04134   -0.01813
          1        400   45.61339   -1.04109   -0.01800   -1.04142   -0.01810
          1        500   57.84890   -1.04117   -0.01801   -1.04136   -0.01806
          1        600   71.58909   -1.04123   -0.01802   -1.04141   -0.01805
          1        700   84.33416   -1.04127   -0.01802   -1.04159   -0.01803
          1        800   97.51555   -1.04130   -0.01802   -1.04140   -0.01795
          1        900  109.39643   -1.04133   -0.01803   -1.04150   -0.01799
          1       1000  121.44836   -1.04136   -0.01803   -1.04158   -0.01806
          1       1100  134.47518   -1.04138   -0.01803   -1.04152   -0.01808
          1       1200  146.73298   -1.04140   -0.01803   -1.04168   -0.01806
          1       1300  158.95245   -1.04141   -0.01803   -1.04156   -0.01809
          1       1400  171.43104   -1.04143   -0.01804   -1.04159   -0.01801
          1       1500  183.11188   -1.04144   -0.01804   -1.04165   -0.01812
          1       1600  195.73220   -1.04145   -0.01804   -1.04164   -0.01809
          1       1700  208.94937   -1.04146   -0.01804   -1.04159   -0.01807
          1       1800  221.16419   -1.04147   -0.01804   -1.04161   -0.01805
          1       1900  234.28135   -1.04148   -0.01804   -1.04160   -0.01801
          1       2000  246.13629   -1.04149   -0.01804   -1.04161   -0.01810
          1       2100  258.41584   -1.04150   -0.01804   -1.04161   -0.01806
          1       2200  270.77428   -1.04150   -0.01804   -1.04166   -0.01803
          1       2300  283.31018   -1.04151   -0.01804   -1.04160   -0.01805
          1       2400  295.93210   -1.04152   -0.01804   -1.04160   -0.01811
          1       2500  308.17638   -1.04152   -0.01804   -1.04165   -0.01803
          1       2600  320.50138   -1.04153   -0.01804   -1.04166   -0.01806
          1       2700  332.98198   -1.04153   -0.01804   -1.04168   -0.01806
          1       2800  344.76788   -1.04154   -0.01804   -1.04165   -0.01811
          1       2900  356.95748   -1.04154   -0.01804   -1.04164   -0.01804
          1       3000  368.88699   -1.04155   -0.01804   -1.04167   -0.01806
          1       3100  381.53458   -1.04155   -0.01804   -1.04170   -0.01807
          1       3200  394.15266   -1.04155   -0.01804   -1.04168   -0.01804
          1       3300  406.63134   -1.04156   -0.01804   -1.04166   -0.01810
          1       3400  419.10418   -1.04156   -0.01804   -1.04166   -0.01807
          1       3500  431.39370   -1.04157   -0.01804   -1.04171   -0.01809
          1       3600  443.12321   -1.04157   -0.01804   -1.04169   -0.01805
          1       3700  455.43505   -1.04157   -0.01805   -1.04170   -0.01809
          1       3800  467.67710   -1.04157   -0.01805   -1.04167   -0.01804
          1       3900  479.76824   -1.04158   -0.01805   -1.04168   -0.01809
          1       4000  492.46263   -1.04158   -0.01805   -1.04168   -0.01807
          1       4100  504.63605   -1.04158   -0.01805   -1.04167   -0.01799
          1       4200  517.21845   -1.04159   -0.01805   -1.04167   -0.01812
          1       4300  529.37394   -1.04159   -0.01805   -1.04168   -0.01807
          1       4400  541.41794   -1.04159   -0.01805   -1.04170   -0.01802
          1       4500  553.62340   -1.04159   -0.01805   -1.04171   -0.01809
          1       4600  566.29279   -1.04160   -0.01805   -1.04170   -0.01805
          1       4700  578.63225   -1.04160   -0.01805   -1.04170   -0.01803
          1       4800  590.75033   -1.04160   -0.01805   -1.04167   -0.01808
          1       4900  603.49133   -1.04160   -0.01805   -1.04170   -0.01805
          1       5000  616.58967   -1.04160   -0.01805   -1.04163   -0.01806
          1       5100  629.27768   -1.04161   -0.01805   -1.04172   -0.01804
          1       5200  641.06354   -1.04161   -0.01805   -1.04171   -0.01813
          1       5300  652.63100   -1.04161   -0.01805   -1.04166   -0.01804
          1       5400  664.67902   -1.04161   -0.01805   -1.04170   -0.01807
          1       5500  677.55301   -1.04161   -0.01805   -1.04169   -0.01802
          1       5600  690.54111   -1.04162   -0.01805   -1.04167   -0.01808
          1       5700  702.91945   -1.04162   -0.01805   -1.04170   -0.01807
          1       5800  715.99083   -1.04162   -0.01805   -1.04172   -0.01804
          1       5900  728.66113   -1.04162   -0.01805   -1.04173   -0.01806
          1       6000  741.10796   -1.04162   -0.01805   -1.04170   -0.01805
          1       6100  753.81129   -1.04162   -0.01805   -1.04171   -0.01805
          1       6200  766.57716   -1.04162   -0.01805   -1.04172   -0.01802
          1       6300  778.66645   -1.04163   -0.01805   -1.04168   -0.01803
          1       6400  791.12113   -1.04163   -0.01805   -1.04165   -0.01802
          1       6500  803.13660   -1.04163   -0.01805   -1.04168   -0.01809
          1       6600  815.41929   -1.04163   -0.01805   -1.04172   -0.01802
          1       6700  827.32345   -1.04163   -0.01805   -1.04172   -0.01806
          1       6800  839.87631   -1.04163   -0.01805   -1.04168   -0.01809
          1       6900  852.33331   -1.04163   -0.01805   -1.04172   -0.01804
          1       7000  864.34091   -1.04164   -0.01805   -1.04172   -0.01804
          1       7100  876.19930   -1.04164   -0.01805   -1.04171   -0.01803
          1       7200  888.53081   -1.04164   -0.01805   -1.04169   -0.01807
          1       7300  900.72524   -1.04164   -0.01805   -1.04171   -0.01806
          1       7400  913.48319   -1.04164   -0.01805   -1.04169   -0.01802
          1       7500  926.90023   -1.04164   -0.01805   -1.04173   -0.01805
          1       7600  939.14491   -1.04164   -0.01805   -1.04174   -0.01806
          1       7700  951.56081   -1.04164   -0.01805   -1.04171   -0.01806
          1       7800  963.52950   -1.04164   -0.01805   -1.04169   -0.01804
          1       7900  975.31407   -1.04165   -0.01805   -1.04172   -0.01804
          1       8000  988.08384   -1.04165   -0.01805   -1.04172   -0.01805
          1       8100  999.85601   -1.04165   -0.01805   -1.04172   -0.01809
          1       8200 1011.82183   -1.04165   -0.01805   -1.04171   -0.01805
          1       8300 1023.81807   -1.04165   -0.01805   -1.04175   -0.01806
          1       8400 1035.93206   -1.04165   -0.01805   -1.04170   -0.01805
          1       8500 1048.27340   -1.04165   -0.01805   -1.04172   -0.01805
          1       8600 1060.81015   -1.04165   -0.01805   -1.04173   -0.01805
          1       8700 1073.06792   -1.04165   -0.01805   -1.04173   -0.01805
          1       8800 1085.22667   -1.04165   -0.01805   -1.04174   -0.01804
          1       8900 1097.18500   -1.04165   -0.01805   -1.04174   -0.01804
          1       9000 1110.69570   -1.04166   -0.01805   -1.04173   -0.01804
          1       9100 1122.41491   -1.04166   -0.01805   -1.04172   -0.01807
          1       9200 1133.75732   -1.04166   -0.01805   -1.04170   -0.01804
          1       9300 1146.63565   -1.04166   -0.01805   -1.04173   -0.01807
          1       9400 1159.48986   -1.04166   -0.01805   -1.04172   -0.01809
          1       9500 1171.76806   -1.04166   -0.01805   -1.04173   -0.01806
          1       9600 1183.88022   -1.04166   -0.01805   -1.04173   -0.01807
          1       9700 1196.30764   -1.04166   -0.01805   -1.04172   -0.01805
          1       9800 1208.61313   -1.04166   -0.01805   -1.04174   -0.01804
          1       9900 1220.02864   -1.04166   -0.01805   -1.04173   -0.01807
          1      10000 1232.10879   -1.04166   -0.01805   -1.04172   -0.01804
          1      10100 1243.81276   -1.04166   -0.01805   -1.04172   -0.01806
          1      10200 1255.42501   -1.04166   -0.01805   -1.04175   -0.01806
          1      10300 1268.03846   -1.04167   -0.01805   -1.04171   -0.01809
          1      10400 1280.18926   -1.04167   -0.01805   -1.04174   -0.01807
          1      10500 1291.92385   -1.04167   -0.01805   -1.04172   -0.01804
          1      10600 1303.90521   -1.04167   -0.01805   -1.04174   -0.01805
          1      10700 1315.64288   -1.04167   -0.01805   -1.04172   -0.01809
          1      10800 1327.75079   -1.04167   -0.01805   -1.04171   -0.01807
          1      10900 1339.83236   -1.04167   -0.01805   -1.04169   -0.01807
          1      11000 1351.86040   -1.04167   -0.01805   -1.04174   -0.01805
          1      11100 1363.60848   -1.04167   -0.01805   -1.04175   -0.01806
          1      11200 1376.02550   -1.04167   -0.01805   -1.04173   -0.01803
          1      11300 1388.52180   -1.04167   -0.01805   -1.04177   -0.01805
          1      11400 1400.54923   -1.04167   -0.01805   -1.04175   -0.01806
          1      11500 1412.49335   -1.04167   -0.01805   -1.04174   -0.01805
          1      11600 1424.95284   -1.04167   -0.01805   -1.04177   -0.01804
          1      11700 1437.23864   -1.04167   -0.01805   -1.04174   -0.01804
          1      11800 1449.79439   -1.04167   -0.01805   -1.04176   -0.01807
          1      11900 1461.39033   -1.04167   -0.01805   -1.04172   -0.01807
          1      12000 1473.16279   -1.04168   -0.01805   -1.04177   -0.01804
          1      12100 1485.24002   -1.04168   -0.01805   -1.04174   -0.01805
          1      12200 1497.17916   -1.04168   -0.01805   -1.04176   -0.01805
          1      12300 1509.79986   -1.04168   -0.01805   -1.04175   -0.01804
          1      12400 1522.63540   -1.04168   -0.01805   -1.04173   -0.01807
          1      12500 1534.63070   -1.04168   -0.01805   -1.04174   -0.01807
          1      12600 1546.86975   -1.04168   -0.01805   -1.04174   -0.01805
          1      12700 1559.21410   -1.04168   -0.01805   -1.04176   -0.01807
          1      12800 1571.48470   -1.04168   -0.01805   -1.04176   -0.01808
          1      12900 1583.67260   -1.04168   -0.01805   -1.04173   -0.01804
          1      13000 1595.80694   -1.04168   -0.01805   -1.04174   -0.01805
          1      13100 1607.91053   -1.04168   -0.01805   -1.04174   -0.01805
          1      13200 1619.85201   -1.04168   -0.01805   -1.04172   -0.01806
          1      13300 1631.63184   -1.04168   -0.01805   -1.04174   -0.01803
          1      13400 1643.36121   -1.04168   -0.01805   -1.04172   -0.01803
          1      13500 1655.92151   -1.04168   -0.01805   -1.04175   -0.01806
          1      13600 1669.09977   -1.04168   -0.01805   -1.04175   -0.01805
          1      13700 1681.81625   -1.04168   -0.01805   -1.04175   -0.01806
          1      13800 1694.70576   -1.04168   -0.01805   -1.04177   -0.01806
          1      13900 1707.29208   -1.04168   -0.01805   -1.04173   -0.01802
          1      14000 1719.54020   -1.04168   -0.01805   -1.04176   -0.01805
          1      14100 1732.11108   -1.04169   -0.01805   -1.04176   -0.01805
          1      14200 1744.79953   -1.04169   -0.01805   -1.04174   -0.01803
          1      14300 1758.10384   -1.04169   -0.01805   -1.04174   -0.01806
          1      14400 1770.65888   -1.04169   -0.01805   -1.04174   -0.01808
          1      14500 1783.63547   -1.04169   -0.01805   -1.04174   -0.01803
          1      14600 1795.89610   -1.04169   -0.01805   -1.04172   -0.01808
          1      14700 1808.63108   -1.04169   -0.01805   -1.04174   -0.01808
          1      14800 1820.98124   -1.04169   -0.01805   -1.04177   -0.01806
          1      14900 1833.73078   -1.04169   -0.01805   -1.04177   -0.01803
          1      15000 1846.34049   -1.04169   -0.01805   -1.04174   -0.01804
          1      15100 1859.15323   -1.04169   -0.01805   -1.04175   -0.01807
          1      15200 1871.21633   -1.04169   -0.01805   -1.04174   -0.01806
          1      15300 1883.47770   -1.04169   -0.01805   -1.04174   -0.01807
          1      15400 1895.52589   -1.04169   -0.01805   -1.04175   -0.01806
          1      15500 1909.18320   -1.04169   -0.01805   -1.04175   -0.01805
          1      15600 1921.64252   -1.04169   -0.01805   -1.04173   -0.01805
          1      15700 1934.06798   -1.04169   -0.01805   -1.04176   -0.01804
          1      15800 1946.00944   -1.04169   -0.01805   -1.04175   -0.01806
          1      15900 1957.81635   -1.04169   -0.01805   -1.04173   -0.01803
          1      16000 1969.37852   -1.04169   -0.01805   -1.04175   -0.01806
          1      16100 1981.91361   -1.04169   -0.01805   -1.04175   -0.01807
          1      16200 1995.44982   -1.04169   -0.01805   -1.04174   -0.01807
          1      16300 2007.75613   -1.04169   -0.01805   -1.04177   -0.01807
          1      16400 2020.41490   -1.04169   -0.01805   -1.04173   -0.01809
          1      16500 2032.54195   -1.04169   -0.01805   -1.04175   -0.01807
          1      16600 2045.34555   -1.04169   -0.01805   -1.04175   -0.01807
          1      16700 2057.66641   -1.04170   -0.01805   -1.04174   -0.01806
          1      16800 2070.17815   -1.04170   -0.01805   -1.04172   -0.01805
          1      16900 2082.37552   -1.04170   -0.01805   -1.04173   -0.01806
          1      17000 2095.00915   -1.04170   -0.01805   -1.04175   -0.01809
          1      17100 2106.78079   -1.04170   -0.01805   -1.04174   -0.01805
          1      17200 2118.96831   -1.04170   -0.01805   -1.04175   -0.01804
          1      17300 2131.36585   -1.04170   -0.01805   -1.04176   -0.01803
          1      17400 2143.64828   -1.04170   -0.01805   -1.04176   -0.01806
          1      17500 2155.92441   -1.04170   -0.01805   -1.04174   -0.01804
          1      17600 2169.04560   -1.04170   -0.01805   -1.04175   -0.01806
          1      17700 2181.41168   -1.04170   -0.01805   -1.04175   -0.01806
          1      17800 2193.37376   -1.04170   -0.01805   -1.04173   -0.01804
          1      17900 2206.85542   -1.04170   -0.01805   -1.04175   -0.01806
          1      18000 2219.82504   -1.04170   -0.01805   -1.04176   -0.01806
          1      18100 2232.25612   -1.04170   -0.01805   -1.04173   -0.01805
          1      18200 2245.16037   -1.04170   -0.01805   -1.04176   -0.01806
          1      18300 2258.80902   -1.04170   -0.01805   -1.04176   -0.01803
          1      18400 2270.16339   -1.04170   -0.01805   -1.04176   -0.01805
          1      18500 2282.66678   -1.04170   -0.01805   -1.04177   -0.01802
          1      18600 2294.77371   -1.04170   -0.01805   -1.04176   -0.01805
          1      18700 2307.20937   -1.04170   -0.01805   -1.04174   -0.01804
          1      18800 2319.28126   -1.04170   -0.01805   -1.04177   -0.01804
          1      18900 2331.56600   -1.04170   -0.01805   -1.04177   -0.01806
          1      19000 2344.47817   -1.04170   -0.01805   -1.04175   -0.01806
          1      19100 2356.79372   -1.04170   -0.01805   -1.04175   -0.01806
          1      19200 2368.72514   -1.04170   -0.01805   -1.04172   -0.01807
          1      19300 2381.00290   -1.04170   -0.01805   -1.04176   -0.01809
          1      19400 2393.07559   -1.04170   -0.01805   -1.04174   -0.01806
          1      19500 2404.95793   -1.04170   -0.01805   -1.04176   -0.01806
          1      19600 2417.05329   -1.04170   -0.01805   -1.04176   -0.01804
          1      19700 2429.86050   -1.04170   -0.01805   -1.04176   -0.01807
          1      19800 2441.88788   -1.04170   -0.01805   -1.04174   -0.01806
          1      19900 2453.63350   -1.04170   -0.01805   -1.04174   -0.01805
          1      20000 2466.34137   -1.04170   -0.01805   -1.04175   -0.01803
          1      20100 2478.13231   -1.04170   -0.01805   -1.04177   -0.01806
          1      20200 2490.22835   -1.04171   -0.01805   -1.04174   -0.01804
          1      20300 2501.91795   -1.04171   -0.01805   -1.04175   -0.01807
          1      20400 2513.71484   -1.04171   -0.01805   -1.04177   -0.01807
          1      20500 2526.01029   -1.04171   -0.01805   -1.04176   -0.01805
          1      20600 2538.73357   -1.04171   -0.01805   -1.04174   -0.01804
          1      20700 2550.80470   -1.04171   -0.01805   -1.04174   -0.01806
          1      20800 2562.85007   -1.04171   -0.01805   -1.04174   -0.01805
          1      20900 2575.44495   -1.04171   -0.01805   -1.04175   -0.01808
          1      21000 2588.39740   -1.04171   -0.01805   -1.04176   -0.01805
          1      21100 2600.92743   -1.04171   -0.01805   -1.04173   -0.01806
          1      21200 2613.78837   -1.04171   -0.01805   -1.04175   -0.01805
          1      21300 2625.63471   -1.04171   -0.01805   -1.04175   -0.01806
          1      21400 2639.39633   -1.04171   -0.01805   -1.04176   -0.01804
          1      21500 2651.17155   -1.04171   -0.01805   -1.04177   -0.01805
          1      21600 2663.92578   -1.04171   -0.01805   -1.04176   -0.01804
          1      21700 2676.03711   -1.04171   -0.01805   -1.04175   -0.01805
          1      21800 2688.69010   -1.04171   -0.01805   -1.04177   -0.01806
          1      21900 2701.62866   -1.04171   -0.01805   -1.04176   -0.01805
          1      22000 2714.21231   -1.04171   -0.01805   -1.04176   -0.01806
          1      22100 2726.31295   -1.04171   -0.01805   -1.04176   -0.01805
          1      22200 2738.26156   -1.04171   -0.01805   -1.04176   -0.01804
          1      22300 2749.63271   -1.04171   -0.01805   -1.04176   -0.01806
          1      22400 2761.92603   -1.04171   -0.01805   -1.04176   -0.01802
          1      22500 2774.17050   -1.04171   -0.01805   -1.04176   -0.01806
          1      22600 2787.02139   -1.04171   -0.01805   -1.04176   -0.01806
          1      22700 2799.24789   -1.04171   -0.01805   -1.04177   -0.01804
          1      22800 2811.57282   -1.04171   -0.01805   -1.04176   -0.01804
          1      22900 2824.70328   -1.04171   -0.01805   -1.04177   -0.01805
          1      23000 2836.81937   -1.04171   -0.01805   -1.04175   -0.01806
          1      23100 2848.74970   -1.04171   -0.01805   -1.04175   -0.01806
          1      23200 2860.58759   -1.04171   -0.01805   -1.04177   -0.01805
          1      23300 2873.00356   -1.04171   -0.01805   -1.04176   -0.01805
          1      23400 2884.79430   -1.04171   -0.01805   -1.04174   -0.01806
          1      23500 2897.06918   -1.04171   -0.01805   -1.04175   -0.01805
          1      23600 2909.48430   -1.04171   -0.01805   -1.04175   -0.01805
          1      23700 2921.45262   -1.04171   -0.01805   -1.04176   -0.01807
          1      23800 2933.72059   -1.04171   -0.01805   -1.04175   -0.01805
          1      23900 2945.28842   -1.04171   -0.01805   -1.04177   -0.01806
          1      24000 2957.26388   -1.04171   -0.01805   -1.04176   -0.01805
          1      24100 2969.36415   -1.04171   -0.01805   -1.04175   -0.01804
          1      24200 2981.52303   -1.04171   -0.01805   -1.04177   -0.01805
          1      24300 2993.89927   -1.04171   -0.01805   -1.04175   -0.01807
          1      24400 3005.88315   -1.04171   -0.01805   -1.04175   -0.01805
          1      24500 3018.19683   -1.04171   -0.01805   -1.04177   -0.01805
          1      24600 3030.76838   -1.04171   -0.01805   -1.04176   -0.01806
          1      24700 3043.24396   -1.04171   -0.01805   -1.04177   -0.01804
          1      24800 3055.93208   -1.04171   -0.01805   -1.04177   -0.01805
          1      24900 3068.30472   -1.04172   -0.01805   -1.04176   -0.01804
          1      25000 3080.53274   -1.04172   -0.01805   -1.04178   -0.01805
          1      25100 3093.04545   -1.04172   -0.01805   -1.04176   -0.01805
          1      25200 3105.52157   -1.04172   -0.01805   -1.04174   -0.01804
          1      25300 3117.32124   -1.04172   -0.01805   -1.04176   -0.01804
          1      25400 3129.86501   -1.04172   -0.01805   -1.04175   -0.01805
          1      25500 3142.53938   -1.04172   -0.01805   -1.04174   -0.01805
          1      25600 3155.02890   -1.04172   -0.01805   -1.04176   -0.01805
          1      25700 3166.92307   -1.04172   -0.01805   -1.04175   -0.01806
          1      25800 3179.38773   -1.04172   -0.01805   -1.04177   -0.01806
          1      25900 3191.67857   -1.04172   -0.01805   -1.04175   -0.01803
          1      26000 3204.49375   -1.04172   -0.01805   -1.04176   -0.01806
          1      26100 3217.07767   -1.04172   -0.01805   -1.04177   -0.01806
          1      26200 3229.05531   -1.04172   -0.01805   -1.04174   -0.01805
          1      26300 3241.06104   -1.04172   -0.01805   -1.04176   -0.01804
          1      26400 3253.08975   -1.04172   -0.01805   -1.04175   -0.01806
          1      26500 3265.16031   -1.04172   -0.01805   -1.04174   -0.01807
          1      26600 3277.28790   -1.04172   -0.01805   -1.04176   -0.01804
          1      26700 3289.18795   -1.04172   -0.01805   -1.04177   -0.01806
          1      26800 3301.62380   -1.04172   -0.01805   -1.04176   -0.01805
          1      26900 3313.79299   -1.04172   -0.01805   -1.04176   -0.01805
          1      27000 3325.87130   -1.04172   -0.01805   -1.04177   -0.01805
          1      27100 3337.72621   -1.04172   -0.01805   -1.04175   -0.01806
          1      27200 3350.02350   -1.04172   -0.01805   -1.04176   -0.01805
          1      27300 3361.84076   -1.04172   -0.01805   -1.04176   -0.01806
          1      27400 3373.83263   -1.04172   -0.01805   -1.04178   -0.01805
          1      27500 3385.99938   -1.04172   -0.01805   -1.04177   -0.01807
          1      27600 3397.65348   -1.04172   -0.01805   -1.04176   -0.01805
          1      27700 3409.74915   -1.04172   -0.01805   -1.04177   -0.01804
          1      27800 3422.07749   -1.04172   -0.01805   -1.04177   -0.01804
          1      27900 3434.34324   -1.04172   -0.01805   -1.04178   -0.01806
          1      28000 3447.25158   -1.04172   -0.01805   -1.04175   -0.01807
          1      28100 3460.45382   -1.04172   -0.01805   -1.04177   -0.01806
          1      28200 3473.14136   -1.04172   -0.01805   -1.04175   -0.01804
          1      28300 3485.71496   -1.04172   -0.01805   -1.04176   -0.01804
          1      28400 3497.78354   -1.04172   -0.01805   -1.04177   -0.01804
          1      28500 3510.63687   -1.04172   -0.01805   -1.04177   -0.01807
          1      28600 3522.43126   -1.04172   -0.01805   -1.04175   -0.01805
          1      28700 3534.49445   -1.04172   -0.01805   -1.04177   -0.01806
          1      28800 3546.68310   -1.04172   -0.01805   -1.04175   -0.01807
          1      28900 3558.74958   -1.04172   -0.01805   -1.04176   -0.01805
          1      29000 3570.99569   -1.04172   -0.01805   -1.04177   -0.01806
          1      29100 3583.03045   -1.04172   -0.01805   -1.04176   -0.01803
          1      29200 3594.81672   -1.04172   -0.01805   -1.04178   -0.01805
          1      29251 3600.03050   -1.04172   -0.01805   -1.04177   -0.01805
