 449742968223153
       4305
 3600.22815
   -0.99898
    0.08925
   -1.01941
    0.09613

   -0.01678
    0.00831
   -0.07092
   -0.05105
    0.05375
    0.05489
   -0.00811
    0.02308
    0.00274
    0.05737
    0.03980
    0.05140
    0.03752
   -0.03241
   -0.04243
    0.03563
    0.02838
   -0.03919
    0.01006
   -0.03630
    0.00881
    0.00637
    0.06961
    0.00152
    0.03871
   -0.00959
    0.02876
    0.01295
    0.01557
    0.01175
   -0.03274
   -0.01223
   -0.03649
    0.02600
   -0.00845
   -0.07167
    0.04190
    0.03948
   -0.04718
    0.02311
   -0.00805
    0.04073
   -0.02426
   -0.05376
    0.03673
   -0.05198
   -0.00803
   -0.01834
    0.02375
   -0.03206
    0.01574
    0.06176
    0.05410
    0.06586
    0.00275
    0.04284
    0.03122
    0.05701
   -0.02911
   -0.05222
   -0.06026
    0.01966
   -0.07023
    0.05804
   -0.05602
    0.06255
    0.01259
   -0.06022
   -0.04552
   -0.04293
   -0.04534
   -0.04794
    0.06709
   -0.03626
   -0.03576
   -0.01835
    0.06689
   -0.01585
   -0.01393
    0.02488
   -0.05302
    0.04326
    0.06417
   -0.03182
    0.04089
    0.01840
   -0.04726
    0.06269
   -0.02747
    0.04508
   -0.02623
   -0.04691
    0.06587
   -0.00271
    0.06530
   -0.04174
    0.04568
    0.00134
   -0.02379
   -0.01057
    0.01901
    0.02855
   -0.02668
   -0.03727
    0.02979
    0.06793
    0.02723
    0.03570
   -0.05815
   -0.06129
   -0.02823
    0.05718
   -0.06287
    0.02936
    0.03881
    0.03437
    0.03587
   -0.02320
    0.01624
    0.05292
    0.03128
    0.01491
    0.02748
    0.03081
    0.03002
    0.00044
   -0.01179
   -0.06753
    0.00116
    0.04793
   -0.05604
    0.05876
    0.01641
   -0.03190
    0.01076
    0.05555
   -0.06788
    0.00840
    0.03360
   -0.06841
    0.02268
    0.03072
    0.00288
    0.05014
    0.05953
    0.05116
    0.04178
   -0.00665
    0.03323
    0.02844
   -0.04169
   -0.04781
   -0.03723
   -0.03090
    0.06686
    0.05820
    0.00007
   -0.00356
   -0.02543
    0.01448
   -0.02634
   -0.04406
    0.01930
    0.04732
   -0.01785
   -0.01863
   -0.02079
   -0.00474
    0.02385
   -0.05525
    0.01058
   -0.04544
   -0.03967
   -0.01043
    0.04085
    0.06715
    0.01979
    0.03402
   -0.02784
   -0.04512
    0.03067
   -0.02599
    0.01449
    0.05932
   -0.00217
    0.05688
   -0.04149
   -0.04455
   -0.02478
   -0.02010
   -0.02260
    0.01672
   -0.05427
   -0.07874
   -0.04788
    0.05562
    0.03549
   -0.05096
   -0.05465
   -0.04632
   -0.00052
   -0.00531
   -0.06399
    0.03746
    0.00120
   -0.03272
   -0.06041
   -0.03722
   -0.04285
    0.02132
    0.03465
   -0.02256
    0.04465
    0.05153
    0.02779
   -0.03134
   -0.00929
   -0.02903
   -0.04165
   -0.03688
    0.03280
   -0.05089
    0.03806
    0.01440
   -0.06060
    0.05619
    0.02092
    0.00043
    0.05277
    0.00393
   -0.00721
    0.06138
    0.05207
   -0.03892
   -0.01898
   -0.03072
    0.04450
    0.06053
    0.00473
   -0.00634
    0.04979
    0.02231
   -0.03223
    0.01422
    0.03417
   -0.03923
    0.03589
   -0.06282
   -0.04469
   -0.02788
    0.04093
    0.03317
   -0.05277
   -0.03605
    0.06136
    0.02615
   -0.02743
   -0.03609
   -0.04667
    0.06093
    0.05506
   -0.03112
    0.05442
    0.02973
   -0.04536
    0.01058
    0.01192
   -0.02445
    0.01346
    0.03656
    0.00912
    0.05247
   -0.02361
    0.06438
   -0.02923
    0.01074
    0.02838
    0.05804
    0.02531
    0.05017
   -0.06282
    0.00594
    0.04438
   -0.04858
    0.01764
   -0.04249
    0.02579
   -0.00974
   -0.01036
   -0.05140
    0.06681
   -0.03928
    0.05548
    0.04150
   -0.03294
    0.04095
    0.01814
    0.03023
    0.05649
    0.06625
    0.03303
   -0.01725
   -0.04810
    0.06116
    0.04476
    0.02894
    0.03187
    0.04554
    0.04077
    0.03072
   -0.03502
   -0.00853
   -0.05332
    0.02016
   -0.01443
    0.06185
   -0.00976
    0.00086
    0.01755
   -0.05626
   -0.02233
    0.04195
    0.00239
    0.03884
    0.01549
    0.03954
   -0.00864
    0.03040
   -0.05424
   -0.00461
   -0.04641
    0.06737
    0.02454
    0.02834
    0.00299
   -0.05936
    0.01345
   -0.02527
   -0.01351
   -0.04148
    0.01572
    0.05874
    0.05423
   -0.05487
   -0.02142
    0.00601
    0.03706
    0.02058
    0.05913
    0.04892
   -0.00709
    0.06742
    0.06094
   -0.00176
   -0.03666
   -0.02822
   -0.01304
   -0.06071
    0.04025
    0.05120
    0.02256
    0.05361
    0.05766
    0.01534
    0.03040
   -0.02899
    0.01692
    0.00906
   -0.06271
   -0.06194
    0.05040
    0.02824
   -0.05116
   -0.02180
    0.06955
    0.07335
   -0.02017
    0.03430
   -0.07024
   -0.01518
    0.00185
    0.00221
    0.00639
    0.03442
    0.04563
   -0.03823
   -0.02370
    0.00199
    0.02342
   -0.02618
    0.06312
   -0.02998
   -0.06004
   -0.05874
    0.00357
   -0.02448
   -0.04736
   -0.02616
    0.05095
    0.00868
   -0.05071
   -0.03872
    0.06815
   -0.02061
    0.02398
   -0.05901
   -0.06428
   -0.05888
   -0.01023
   -0.02958
    0.01320
   -0.00073
    0.03593
   -0.03137
   -0.00561
    0.00151
   -0.04905
    0.00479
   -0.00906
   -0.05926
   -0.00134
   -0.00044
   -0.00982
   -0.00811
    0.05041
    0.05163
    0.00798
   -0.03381
    0.01305
    0.06289
    0.04089
   -0.03791
    0.04801
    0.03361
   -0.05127
   -0.05980
    0.03552
    0.03203
   -0.03213
   -0.03481
    0.04585
    0.04157
   -0.03281
   -0.03760
   -0.00198
   -0.06048
    0.00668
    0.03496
   -0.04449
    0.04618
    0.00266
    0.05461
    0.00144
   -0.03340
   -0.04244
    0.06398
   -0.01676
    0.03937
    0.06175
   -0.03041
   -0.04400
   -0.06065
   -0.02769
    0.07333
   -0.04777
    0.05099
   -0.00407
   -0.05731
    0.03640
    0.00576
    0.05966
   -0.02964
    0.04067
   -0.02435
   -0.01725
   -0.07353
    0.02159
    0.02731
    0.04127
   -0.01577
   -0.01066
   -0.02206
   -0.02804
    0.02646
    0.06446
    0.04665
    0.02645
   -0.04719
   -0.05045
   -0.05729
    0.00023
   -0.04742
    0.01782
   -0.03086
    0.03791
    0.01004
    0.00480
   -0.05897
   -0.05992
   -0.03242
   -0.02175
    0.01875
   -0.05177
    0.01420
   -0.02307
   -0.03366
   -0.06860
    0.03224
   -0.03642
    0.03250
    0.02560
    0.06534
    0.04319
   -0.01904
   -0.00278
    0.02129
   -0.04477
   -0.04484
   -0.04600
   -0.03693
    0.03639
   -0.05548
   -0.02208
   -0.05690
    0.01696
    0.05292
   -0.05043
   -0.02698
    0.04002
    0.03868
    0.00543
   -0.00639
    0.03212
    0.03304
   -0.03384
   -0.05178
    0.06665
    0.03474
    0.06470
    0.03017
   -0.03608
   -0.03789
    0.03886
   -0.00374
   -0.04815
   -0.05079
    0.04177
    0.05942
    0.00333
   -0.04136
   -0.05469
   -0.05719
    0.00002
    0.05964
   -0.03170
    0.03794
    0.02712
   -0.00536
    0.00739
    0.06287
    0.02013
   -0.06961
   -0.05483
    0.06886
    0.02285
   -0.00156
    0.03806
    0.00754
   -0.04577
   -0.03802
   -0.05190
   -0.02948
   -0.01555
    0.06078
    0.05967
    0.05693
   -0.02048
   -0.04672
    0.01392
    0.02720
   -0.05218
   -0.05864
    0.05315
   -0.00816
    0.05141
   -0.06793
    0.02631
    0.01253
   -0.06426
    0.03492
   -0.04539
   -0.04488
    0.03805
    0.00007
    0.04348
    0.03071
   -0.02476
    0.03356
   -0.03313
    0.03288

   -0.01818
    0.00806
   -0.07283
   -0.05182
    0.05492
    0.05548
   -0.00762
    0.02358
    0.00217
    0.05861
    0.04104
    0.05190
    0.03890
   -0.03242
   -0.04327
    0.03741
    0.02886
   -0.04065
    0.01096
   -0.03817
    0.00909
    0.00667
    0.07189
    0.00153
    0.04038
   -0.00970
    0.02885
    0.01341
    0.01609
    0.01061
   -0.03275
   -0.01371
   -0.03649
    0.02677
   -0.00820
   -0.07253
    0.04334
    0.04104
   -0.04845
    0.02292
   -0.00854
    0.04028
   -0.02393
   -0.05383
    0.03834
   -0.05190
   -0.00734
   -0.01988
    0.02487
   -0.03211
    0.01662
    0.06308
    0.05558
    0.06750
    0.00274
    0.04350
    0.03227
    0.05817
   -0.02884
   -0.05336
   -0.06207
    0.01953
   -0.07131
    0.05915
   -0.05615
    0.06386
    0.01309
   -0.06128
   -0.04579
   -0.04451
   -0.04619
   -0.04901
    0.06894
   -0.03662
   -0.03640
   -0.01842
    0.06925
   -0.01595
   -0.01519
    0.02521
   -0.05419
    0.04526
    0.06455
   -0.03266
    0.04244
    0.01796
   -0.04857
    0.06398
   -0.02703
    0.04652
   -0.02705
   -0.04684
    0.06708
   -0.00179
    0.06712
   -0.04291
    0.04562
    0.00005
   -0.02516
   -0.01086
    0.01907
    0.02936
   -0.02638
   -0.03813
    0.03042
    0.07018
    0.02821
    0.03704
   -0.05910
   -0.06249
   -0.02932
    0.05872
   -0.06547
    0.02936
    0.04069
    0.03485
    0.03662
   -0.02358
    0.01649
    0.05336
    0.03303
    0.01429
    0.02890
    0.03093
    0.03081
   -0.00030
   -0.01196
   -0.06864
    0.00084
    0.04878
   -0.05743
    0.05998
    0.01618
   -0.03330
    0.01103
    0.05707
   -0.06974
    0.00948
    0.03419
   -0.07040
    0.02368
    0.03159
    0.00355
    0.05197
    0.06066
    0.05290
    0.04333
   -0.00681
    0.03395
    0.02878
   -0.04343
   -0.04785
   -0.03777
   -0.03215
    0.06816
    0.05850
    0.00063
   -0.00290
   -0.02603
    0.01547
   -0.02783
   -0.04476
    0.01961
    0.04840
   -0.01826
   -0.01939
   -0.02092
   -0.00453
    0.02319
   -0.05583
    0.01069
   -0.04513
   -0.04066
   -0.01141
    0.04015
    0.06741
    0.02083
    0.03378
   -0.02833
   -0.04543
    0.03176
   -0.02534
    0.01508
    0.06122
   -0.00122
    0.05718
   -0.04292
   -0.04518
   -0.02538
   -0.01960
   -0.02252
    0.01637
   -0.05611
   -0.08003
   -0.04913
    0.05625
    0.03637
   -0.05230
   -0.05597
   -0.04775
    0.00017
   -0.00606
   -0.06588
    0.03725
    0.00190
   -0.03374
   -0.06246
   -0.03924
   -0.04290
    0.02082
    0.03629
   -0.02257
    0.04514
    0.05251
    0.02896
   -0.03304
   -0.00977
   -0.02993
   -0.04166
   -0.03697
    0.03380
   -0.05177
    0.03843
    0.01392
   -0.06156
    0.05718
    0.02113
   -0.00009
    0.05481
    0.00442
   -0.00666
    0.06293
    0.05354
   -0.04076
   -0.02035
   -0.03034
    0.04520
    0.06231
    0.00607
   -0.00557
    0.05147
    0.02258
   -0.03348
    0.01520
    0.03437
   -0.04081
    0.03631
   -0.06361
   -0.04569
   -0.02784
    0.04265
    0.03307
   -0.05348
   -0.03731
    0.06261
    0.02785
   -0.02761
   -0.03749
   -0.04754
    0.06257
    0.05632
   -0.03161
    0.05554
    0.02967
   -0.04640
    0.01047
    0.01199
   -0.02602
    0.01414
    0.03792
    0.00994
    0.05440
   -0.02296
    0.06512
   -0.03026
    0.01174
    0.02993
    0.05935
    0.02592
    0.05011
   -0.06466
    0.00636
    0.04474
   -0.05037
    0.01877
   -0.04326
    0.02666
   -0.00991
   -0.01154
   -0.05208
    0.06745
   -0.04045
    0.05680
    0.04228
   -0.03333
    0.04226
    0.01933
    0.02980
    0.05758
    0.06819
    0.03469
   -0.01761
   -0.04844
    0.06219
    0.04523
    0.02995
    0.03167
    0.04749
    0.04215
    0.03032
   -0.03485
   -0.00802
   -0.05545
    0.02074
   -0.01562
    0.06382
   -0.01097
    0.00068
    0.01753
   -0.05715
   -0.02328
    0.04281
    0.00331
    0.04029
    0.01644
    0.04114
   -0.00878
    0.03095
   -0.05473
   -0.00474
   -0.04735
    0.06919
    0.02473
    0.02904
    0.00324
   -0.05962
    0.01357
   -0.02512
   -0.01470
   -0.04242
    0.01621
    0.06104
    0.05456
   -0.05610
   -0.02160
    0.00664
    0.03748
    0.02203
    0.06035
    0.04998
   -0.00633
    0.06878
    0.06156
   -0.00103
   -0.03815
   -0.02891
   -0.01325
   -0.06178
    0.04071
    0.05314
    0.02233
    0.05431
    0.05953
    0.01518
    0.03106
   -0.02882
    0.01789
    0.00971
   -0.06411
   -0.06280
    0.05181
    0.02829
   -0.05182
   -0.02267
    0.07144
    0.07553
   -0.02134
    0.03563
   -0.07198
   -0.01490
    0.00195
    0.00296
    0.00678
    0.03620
    0.04598
   -0.03989
   -0.02440
    0.00224
    0.02324
   -0.02644
    0.06358
   -0.03030
   -0.06161
   -0.05988
    0.00327
   -0.02520
   -0.04752
   -0.02754
    0.05288
    0.00934
   -0.05151
   -0.03961
    0.06870
   -0.02022
    0.02367
   -0.05969
   -0.06516
   -0.05961
   -0.01145
   -0.03092
    0.01315
    0.00041
    0.03740
   -0.03200
   -0.00577
    0.00217
   -0.05085
    0.00422
   -0.00922
   -0.06025
   -0.00063
   -0.00115
   -0.00929
   -0.00724
    0.05222
    0.05216
    0.00900
   -0.03552
    0.01344
    0.06418
    0.04070
   -0.03844
    0.04915
    0.03374
   -0.05339
   -0.06130
    0.03573
    0.03363
   -0.03212
   -0.03678
    0.04791
    0.04283
   -0.03287
   -0.03826
   -0.00248
   -0.06145
    0.00788
    0.03500
   -0.04595
    0.04661
    0.00419
    0.05491
    0.00276
   -0.03446
   -0.04275
    0.06473
   -0.01821
    0.04042
    0.06282
   -0.03161
   -0.04582
   -0.06129
   -0.02741
    0.07429
   -0.04913
    0.05154
   -0.00317
   -0.05772
    0.03823
    0.00464
    0.06183
   -0.03051
    0.04224
   -0.02540
   -0.01785
   -0.07427
    0.02227
    0.02830
    0.04210
   -0.01699
   -0.01127
   -0.02322
   -0.02750
    0.02702
    0.06614
    0.04731
    0.02674
   -0.04861
   -0.05084
   -0.05871
    0.00025
   -0.04803
    0.01777
   -0.03075
    0.03872
    0.00932
    0.00499
   -0.05970
   -0.06169
   -0.03360
   -0.02120
    0.01914
   -0.05343
    0.01461
   -0.02374
   -0.03367
   -0.07056
    0.03297
   -0.03704
    0.03402
    0.02677
    0.06711
    0.04451
   -0.01987
   -0.00180
    0.02098
   -0.04546
   -0.04515
   -0.04727
   -0.03785
    0.03600
   -0.05611
   -0.02234
   -0.05754
    0.01756
    0.05326
   -0.05226
   -0.02737
    0.04194
    0.03860
    0.00535
   -0.00627
    0.03226
    0.03391
   -0.03574
   -0.05258
    0.06850
    0.03572
    0.06644
    0.03145
   -0.03617
   -0.03869
    0.04024
   -0.00376
   -0.04900
   -0.05156
    0.04284
    0.06136
    0.00393
   -0.04110
   -0.05644
   -0.05750
   -0.00024
    0.06031
   -0.03277
    0.03818
    0.02845
   -0.00633
    0.00856
    0.06425
    0.01993
   -0.07000
   -0.05641
    0.07101
    0.02374
   -0.00274
    0.03879
    0.00837
   -0.04607
   -0.03807
   -0.05226
   -0.03091
   -0.01516
    0.06301
    0.06167
    0.05806
   -0.02148
   -0.04859
    0.01393
    0.02661
   -0.05394
   -0.06012
    0.05555
   -0.00833
    0.05330
   -0.06947
    0.02724
    0.01255
   -0.06517
    0.03610
   -0.04682
   -0.04650
    0.03926
   -0.00049
    0.04507
    0.03153
   -0.02585
    0.03528
   -0.03368
    0.03259
