          1          0    0.00000   -0.99372    0.08357   -0.99372    0.08357   -3.63837    3.63837    0.00000
          1          2    2.01379   -0.55615   -0.01979   -0.19904    0.03714   -3.63837   -0.55615    0.00000
          2          0    2.01379   -0.19636   -0.05173   -0.19904    0.03714   -3.63837   -0.55615   -2.09726
          2        100   85.29313   -0.89227    0.05412   -1.01185    0.08204   -3.63837   -0.55615   -2.09726
          2        200  150.89402   -0.92742    0.06159   -1.01377    0.08163   -3.63837   -0.55615   -2.09726
          2        300  226.33533   -0.94316    0.06505   -1.01415    0.08116   -3.63837   -0.55615   -2.09726
          2        400  291.84477   -0.95260    0.06716   -1.01342    0.08157   -3.63837   -0.55615   -2.09726
          2        500  351.22772   -0.95906    0.06862   -1.01374    0.08176   -3.63837   -0.55615   -2.09726
          2        600  417.80133   -0.96384    0.06970   -1.01409    0.08166   -3.63837   -0.55615   -2.09726
          2        700  506.41582   -0.96757    0.07054   -1.01414    0.08120   -3.63837   -0.55615   -2.09726
          2        800  577.12718   -0.97057    0.07123   -1.01418    0.08171   -3.63837   -0.55615   -2.09726
          2        900  637.40217   -0.97307    0.07180   -1.01379    0.08145   -3.63837   -0.55615   -2.09726
          2       1000  696.45485   -0.97518    0.07228   -1.01395    0.08140   -3.63837   -0.55615   -2.09726
          2       1100  777.49117   -0.97700    0.07269   -1.01423    0.08153   -3.63837   -0.55615   -2.09726
          2       1200  847.94547   -0.97859    0.07305   -1.01410    0.08130   -3.63837   -0.55615   -2.09726
          2       1300  922.30341   -0.97999    0.07338   -1.01378    0.08134   -3.63837   -0.55615   -2.09726
          2       1400  985.68410   -0.98124    0.07366   -1.01404    0.08151   -3.63837   -0.55615   -2.09726
          2       1500 1050.45210   -0.98236    0.07392   -1.01437    0.08142   -3.63837   -0.55615   -2.09726
          2       1600 1111.29797   -0.98338    0.07415   -1.01438    0.08142   -3.63837   -0.55615   -2.09726
          2       1700 1171.15294   -0.98430    0.07436   -1.01383    0.08113   -3.63837   -0.55615   -2.09726
          2       1800 1253.51501   -0.98515    0.07456   -1.01412    0.08166   -3.63837   -0.55615   -2.09726
          2       1900 1336.06754   -0.98593    0.07474   -1.01404    0.08135   -3.63837   -0.55615   -2.09726
          2       2000 1402.30045   -0.98665    0.07491   -1.01410    0.08141   -3.63837   -0.55615   -2.09726
          2       2100 1461.09035   -0.98732    0.07506   -1.01409    0.08141   -3.63837   -0.55615   -2.09726
          2       2200 1518.52579   -0.98795    0.07520   -1.01414    0.08141   -3.63837   -0.55615   -2.09726
          2       2300 1577.47352   -0.98853    0.07534   -1.01436    0.08147   -3.63837   -0.55615   -2.09726
          2       2400 1635.69278   -0.98908    0.07546   -1.01398    0.08149   -3.63837   -0.55615   -2.09726
          2       2500 1700.13763   -0.98959    0.07558   -1.01424    0.08128   -3.63837   -0.55615   -2.09726
          2       2600 1803.36530   -0.99007    0.07569   -1.01429    0.08131   -3.63837   -0.55615   -2.09726
          2       2700 1890.66729   -0.99053    0.07580   -1.01397    0.08136   -3.63837   -0.55615   -2.09726
          2       2800 1986.21828   -0.99096    0.07590   -1.01385    0.08152   -3.63837   -0.55615   -2.09726
          2       2900 2073.95770   -0.99137    0.07599   -1.01434    0.08155   -3.63837   -0.55615   -2.09726
          2       3000 2138.82581   -0.99176    0.07608   -1.01441    0.08134   -3.63837   -0.55615   -2.09726
          2       3100 2205.34490   -0.99213    0.07617   -1.01432    0.08140   -3.63837   -0.55615   -2.09726
          2       3200 2289.55284   -0.99248    0.07625   -1.01438    0.08157   -3.63837   -0.55615   -2.09726
          2       3300 2350.93593   -0.99282    0.07633   -1.01453    0.08142   -3.63837   -0.55615   -2.09726
          2       3400 2418.43721   -0.99314    0.07640   -1.01429    0.08143   -3.63837   -0.55615   -2.09726
          2       3500 2520.06759   -0.99345    0.07647   -1.01410    0.08144   -3.63837   -0.55615   -2.09726
          2       3600 2616.13538   -0.99374    0.07654   -1.01418    0.08144   -3.63837   -0.55615   -2.09726
          2       3700 2702.21963   -0.99403    0.07661   -1.01429    0.08148   -3.63837   -0.55615   -2.09726
          2       3800 2798.89397   -0.99430    0.07667   -1.01432    0.08140   -3.63837   -0.55615   -2.09726
          2       3900 2893.73482   -0.99456    0.07673   -1.01453    0.08154   -3.63837   -0.55615   -2.09726
          2       4000 2988.37873   -0.99481    0.07679   -1.01432    0.08132   -3.63837   -0.55615   -2.09726
          2       4100 3062.37082   -0.99505    0.07684   -1.01436    0.08129   -3.63837   -0.55615   -2.09726
          2       4200 3151.54786   -0.99529    0.07690   -1.01445    0.08143   -3.63837   -0.55615   -2.09726
          2       4300 3245.35773   -0.99551    0.07695   -1.01420    0.08127   -3.63837   -0.55615   -2.09726
          2       4400 3313.95419   -0.99573    0.07700   -1.01430    0.08135   -3.63837   -0.55615   -2.09726
          2       4500 3396.85828   -0.99594    0.07705   -1.01429    0.08136   -3.63837   -0.55615   -2.09726
          2       4600 3471.54376   -0.99614    0.07709   -1.01433    0.08143   -3.63837   -0.55615   -2.09726
          2       4700 3531.14558   -0.99634    0.07714   -1.01425    0.08148   -3.63837   -0.55615   -2.09726
          2       4800 3597.51771   -0.99653    0.07718   -1.01430    0.08148   -3.63837   -0.55615   -2.09726
          2       4804 3600.52925   -0.99654    0.07719   -1.01445    0.08157   -3.63837   -0.55615   -2.09726
