          0          0    0.00000   -1.03757   -0.01036   -1.03757   -0.01036
          1          0    0.25728   -1.03757   -0.01036   -1.03757   -0.01036
          1        100    6.19241   -1.03933   -0.01164   -1.04012   -0.01114
          1        200   12.08278   -1.03987   -0.01162   -1.04053   -0.01156
          1        300   18.50314   -1.04011   -0.01160   -1.04075   -0.01152
          1        400   24.20490   -1.04025   -0.01159   -1.04085   -0.01165
          1        500   29.68206   -1.04035   -0.01158   -1.04083   -0.01139
          1        600   35.63185   -1.04042   -0.01158   -1.04076   -0.01156
          1        700   41.20169   -1.04048   -0.01158   -1.04087   -0.01165
          1        800   46.84815   -1.04052   -0.01157   -1.04086   -0.01140
          1        900   52.95255   -1.04056   -0.01157   -1.04092   -0.01160
          1       1000   58.41582   -1.04059   -0.01157   -1.04088   -0.01159
          1       1100   64.53696   -1.04062   -0.01156   -1.04094   -0.01147
          1       1200   70.38093   -1.04065   -0.01156   -1.04102   -0.01155
          1       1300   76.02334   -1.04067   -0.01156   -1.04090   -0.01144
          1       1400   81.81779   -1.04069   -0.01156   -1.04097   -0.01141
          1       1500   87.63284   -1.04070   -0.01156   -1.04097   -0.01156
          1       1600   92.78467   -1.04072   -0.01156   -1.04094   -0.01156
          1       1700   98.51717   -1.04074   -0.01156   -1.04099   -0.01147
          1       1800  104.04068   -1.04075   -0.01155   -1.04106   -0.01151
          1       1900  109.63953   -1.04076   -0.01155   -1.04102   -0.01152
          1       2000  115.40783   -1.04077   -0.01155   -1.04105   -0.01147
          1       2100  121.12259   -1.04078   -0.01155   -1.04102   -0.01151
          1       2200  126.79222   -1.04079   -0.01155   -1.04108   -0.01157
          1       2300  132.30760   -1.04080   -0.01155   -1.04107   -0.01154
          1       2400  137.90785   -1.04081   -0.01155   -1.04114   -0.01146
          1       2500  143.60126   -1.04082   -0.01155   -1.04114   -0.01149
          1       2600  149.25076   -1.04083   -0.01155   -1.04116   -0.01157
          1       2700  155.08318   -1.04083   -0.01155   -1.04106   -0.01155
          1       2800  160.45628   -1.04084   -0.01155   -1.04112   -0.01148
          1       2900  165.95540   -1.04085   -0.01155   -1.04108   -0.01156
          1       3000  171.39432   -1.04085   -0.01154   -1.04101   -0.01151
          1       3100  176.94486   -1.04086   -0.01154   -1.04109   -0.01146
          1       3200  182.73030   -1.04086   -0.01154   -1.04108   -0.01154
          1       3300  188.33029   -1.04087   -0.01154   -1.04111   -0.01158
          1       3400  194.08633   -1.04088   -0.01154   -1.04109   -0.01145
          1       3500  199.64785   -1.04088   -0.01154   -1.04113   -0.01148
          1       3600  205.32473   -1.04088   -0.01154   -1.04112   -0.01155
          1       3700  210.63094   -1.04089   -0.01154   -1.04108   -0.01148
          1       3800  216.39731   -1.04089   -0.01154   -1.04110   -0.01147
          1       3900  222.39812   -1.04090   -0.01154   -1.04109   -0.01149
          1       4000  228.19441   -1.04090   -0.01154   -1.04110   -0.01154
          1       4100  234.06377   -1.04091   -0.01154   -1.04108   -0.01148
          1       4200  240.87715   -1.04091   -0.01154   -1.04109   -0.01157
          1       4300  247.43323   -1.04091   -0.01154   -1.04117   -0.01147
          1       4400  253.70724   -1.04092   -0.01154   -1.04115   -0.01152
          1       4500  259.50653   -1.04092   -0.01154   -1.04113   -0.01155
          1       4600  266.01953   -1.04092   -0.01154   -1.04115   -0.01148
          1       4700  271.56355   -1.04093   -0.01154   -1.04113   -0.01147
          1       4800  277.29891   -1.04093   -0.01154   -1.04116   -0.01147
          1       4900  282.77419   -1.04093   -0.01154   -1.04115   -0.01154
          1       5000  288.40674   -1.04094   -0.01154   -1.04113   -0.01150
          1       5100  293.90193   -1.04094   -0.01154   -1.04106   -0.01150
          1       5200  299.36993   -1.04094   -0.01154   -1.04110   -0.01147
          1       5300  305.23976   -1.04094   -0.01154   -1.04112   -0.01154
          1       5400  311.26057   -1.04095   -0.01154   -1.04112   -0.01149
          1       5500  316.57217   -1.04095   -0.01154   -1.04111   -0.01149
          1       5600  322.31680   -1.04095   -0.01153   -1.04110   -0.01147
          1       5700  328.32634   -1.04095   -0.01153   -1.04115   -0.01149
          1       5800  334.59471   -1.04096   -0.01153   -1.04112   -0.01153
          1       5900  340.41354   -1.04096   -0.01153   -1.04114   -0.01146
          1       6000  346.42265   -1.04096   -0.01153   -1.04113   -0.01154
          1       6100  353.54404   -1.04096   -0.01153   -1.04112   -0.01146
          1       6200  359.31312   -1.04096   -0.01153   -1.04114   -0.01152
          1       6300  365.16560   -1.04097   -0.01153   -1.04114   -0.01146
          1       6400  371.21544   -1.04097   -0.01153   -1.04112   -0.01154
          1       6500  377.01421   -1.04097   -0.01153   -1.04117   -0.01153
          1       6600  382.60919   -1.04097   -0.01153   -1.04106   -0.01150
          1       6700  388.74611   -1.04097   -0.01153   -1.04112   -0.01148
          1       6800  394.44952   -1.04098   -0.01153   -1.04110   -0.01153
          1       6900  399.97045   -1.04098   -0.01153   -1.04117   -0.01155
          1       7000  405.83557   -1.04098   -0.01153   -1.04112   -0.01157
          1       7100  411.11394   -1.04098   -0.01153   -1.04113   -0.01151
          1       7200  416.84030   -1.04098   -0.01153   -1.04114   -0.01148
          1       7300  422.64347   -1.04099   -0.01153   -1.04115   -0.01153
          1       7400  428.55461   -1.04099   -0.01153   -1.04112   -0.01151
          1       7500  434.05049   -1.04099   -0.01153   -1.04113   -0.01150
          1       7600  439.84215   -1.04099   -0.01153   -1.04114   -0.01149
          1       7700  445.57410   -1.04099   -0.01153   -1.04114   -0.01149
          1       7800  451.28410   -1.04099   -0.01153   -1.04112   -0.01150
          1       7900  457.54270   -1.04099   -0.01153   -1.04113   -0.01148
          1       8000  463.15198   -1.04100   -0.01153   -1.04113   -0.01151
          1       8100  468.73365   -1.04100   -0.01153   -1.04117   -0.01152
          1       8200  474.42874   -1.04100   -0.01153   -1.04114   -0.01152
          1       8300  480.05395   -1.04100   -0.01153   -1.04116   -0.01153
          1       8400  486.92963   -1.04100   -0.01153   -1.04117   -0.01148
          1       8500  492.88066   -1.04100   -0.01153   -1.04112   -0.01153
          1       8600  498.72540   -1.04100   -0.01153   -1.04115   -0.01151
          1       8700  504.40276   -1.04101   -0.01153   -1.04115   -0.01154
          1       8800  510.41342   -1.04101   -0.01153   -1.04118   -0.01147
          1       8900  516.30349   -1.04101   -0.01153   -1.04114   -0.01150
          1       9000  521.96422   -1.04101   -0.01153   -1.04116   -0.01154
          1       9100  527.66551   -1.04101   -0.01153   -1.04111   -0.01152
          1       9200  533.33610   -1.04101   -0.01153   -1.04116   -0.01149
          1       9300  539.65825   -1.04101   -0.01153   -1.04116   -0.01147
          1       9400  545.46000   -1.04101   -0.01153   -1.04115   -0.01152
          1       9500  551.87280   -1.04101   -0.01153   -1.04117   -0.01150
          1       9600  557.61259   -1.04102   -0.01153   -1.04115   -0.01147
          1       9700  563.36165   -1.04102   -0.01153   -1.04112   -0.01150
          1       9800  568.91226   -1.04102   -0.01153   -1.04117   -0.01153
          1       9900  574.56025   -1.04102   -0.01153   -1.04113   -0.01147
          1      10000  580.37798   -1.04102   -0.01153   -1.04113   -0.01152
          1      10100  585.88154   -1.04102   -0.01153   -1.04115   -0.01150
          1      10200  592.02585   -1.04102   -0.01153   -1.04117   -0.01154
          1      10300  597.71701   -1.04102   -0.01153   -1.04116   -0.01149
          1      10400  603.24941   -1.04102   -0.01153   -1.04116   -0.01148
          1      10500  608.89411   -1.04103   -0.01153   -1.04110   -0.01150
          1      10600  614.60830   -1.04103   -0.01153   -1.04116   -0.01150
          1      10700  620.42224   -1.04103   -0.01153   -1.04119   -0.01148
          1      10800  626.05190   -1.04103   -0.01153   -1.04115   -0.01151
          1      10900  631.92151   -1.04103   -0.01153   -1.04117   -0.01147
          1      11000  637.34549   -1.04103   -0.01153   -1.04118   -0.01149
          1      11100  643.08021   -1.04103   -0.01153   -1.04118   -0.01152
          1      11200  648.65587   -1.04103   -0.01153   -1.04116   -0.01152
          1      11300  654.17674   -1.04103   -0.01153   -1.04120   -0.01147
          1      11400  660.39876   -1.04103   -0.01153   -1.04118   -0.01149
          1      11500  665.82445   -1.04103   -0.01153   -1.04115   -0.01150
          1      11600  671.41279   -1.04104   -0.01153   -1.04117   -0.01152
          1      11700  676.82592   -1.04104   -0.01153   -1.04120   -0.01148
          1      11800  682.48859   -1.04104   -0.01153   -1.04117   -0.01150
          1      11900  688.05324   -1.04104   -0.01153   -1.04120   -0.01152
          1      12000  693.56538   -1.04104   -0.01153   -1.04120   -0.01148
          1      12100  699.17617   -1.04104   -0.01153   -1.04116   -0.01151
          1      12200  704.55962   -1.04104   -0.01152   -1.04116   -0.01150
          1      12300  710.03974   -1.04104   -0.01152   -1.04119   -0.01149
          1      12400  716.02985   -1.04104   -0.01152   -1.04119   -0.01152
          1      12500  721.22066   -1.04104   -0.01152   -1.04116   -0.01150
          1      12600  726.67274   -1.04104   -0.01152   -1.04118   -0.01149
          1      12700  732.43006   -1.04104   -0.01152   -1.04115   -0.01149
          1      12800  738.29364   -1.04104   -0.01152   -1.04119   -0.01152
          1      12900  743.80813   -1.04105   -0.01152   -1.04116   -0.01149
          1      13000  749.08538   -1.04105   -0.01152   -1.04115   -0.01150
          1      13100  755.01906   -1.04105   -0.01152   -1.04118   -0.01149
          1      13200  760.40322   -1.04105   -0.01152   -1.04116   -0.01153
          1      13300  766.05841   -1.04105   -0.01152   -1.04118   -0.01148
          1      13400  771.46191   -1.04105   -0.01152   -1.04115   -0.01149
          1      13500  777.16879   -1.04105   -0.01152   -1.04113   -0.01151
          1      13600  782.74917   -1.04105   -0.01152   -1.04115   -0.01154
          1      13700  788.29920   -1.04105   -0.01152   -1.04116   -0.01150
          1      13800  794.46695   -1.04105   -0.01152   -1.04116   -0.01150
          1      13900  800.11882   -1.04105   -0.01152   -1.04120   -0.01151
          1      14000  805.27297   -1.04105   -0.01152   -1.04117   -0.01152
          1      14100  811.30608   -1.04105   -0.01152   -1.04115   -0.01149
          1      14200  816.89984   -1.04105   -0.01152   -1.04117   -0.01152
          1      14300  822.25058   -1.04105   -0.01152   -1.04116   -0.01151
          1      14400  828.01228   -1.04106   -0.01152   -1.04118   -0.01150
          1      14500  833.42109   -1.04106   -0.01152   -1.04118   -0.01149
          1      14600  838.76616   -1.04106   -0.01152   -1.04120   -0.01151
          1      14700  844.55027   -1.04106   -0.01152   -1.04117   -0.01149
          1      14800  849.91239   -1.04106   -0.01152   -1.04120   -0.01149
          1      14900  855.18460   -1.04106   -0.01152   -1.04115   -0.01153
          1      15000  860.71086   -1.04106   -0.01152   -1.04117   -0.01149
          1      15100  866.24006   -1.04106   -0.01152   -1.04116   -0.01150
          1      15200  871.80086   -1.04106   -0.01152   -1.04116   -0.01148
          1      15300  877.21819   -1.04106   -0.01152   -1.04113   -0.01149
          1      15400  882.55778   -1.04106   -0.01152   -1.04118   -0.01151
          1      15500  888.58274   -1.04106   -0.01152   -1.04117   -0.01150
          1      15600  894.28410   -1.04106   -0.01152   -1.04118   -0.01151
          1      15700  900.06879   -1.04106   -0.01152   -1.04119   -0.01148
          1      15800  905.73529   -1.04106   -0.01152   -1.04116   -0.01150
          1      15900  911.29453   -1.04106   -0.01152   -1.04117   -0.01148
          1      16000  917.47939   -1.04106   -0.01152   -1.04117   -0.01151
          1      16100  923.24204   -1.04106   -0.01152   -1.04117   -0.01152
          1      16200  928.79305   -1.04107   -0.01152   -1.04119   -0.01149
          1      16300  934.68560   -1.04107   -0.01152   -1.04117   -0.01148
          1      16400  940.17972   -1.04107   -0.01152   -1.04114   -0.01150
          1      16500  946.71642   -1.04107   -0.01152   -1.04115   -0.01151
          1      16600  952.34402   -1.04107   -0.01152   -1.04117   -0.01150
          1      16700  958.02205   -1.04107   -0.01152   -1.04117   -0.01153
          1      16800  963.58165   -1.04107   -0.01152   -1.04114   -0.01150
          1      16900  969.25029   -1.04107   -0.01152   -1.04118   -0.01149
          1      17000  974.91322   -1.04107   -0.01152   -1.04117   -0.01154
          1      17100  980.48807   -1.04107   -0.01152   -1.04115   -0.01149
          1      17200  986.06076   -1.04107   -0.01152   -1.04118   -0.01149
          1      17300  991.87173   -1.04107   -0.01152   -1.04116   -0.01150
          1      17400  997.36661   -1.04107   -0.01152   -1.04121   -0.01148
          1      17500 1002.94483   -1.04107   -0.01152   -1.04118   -0.01148
          1      17600 1008.54879   -1.04107   -0.01152   -1.04116   -0.01151
          1      17700 1014.51237   -1.04107   -0.01152   -1.04117   -0.01152
          1      17800 1019.90815   -1.04107   -0.01152   -1.04117   -0.01151
          1      17900 1025.05100   -1.04107   -0.01152   -1.04120   -0.01151
          1      18000 1030.98278   -1.04107   -0.01152   -1.04118   -0.01151
          1      18100 1036.66162   -1.04107   -0.01152   -1.04118   -0.01150
          1      18200 1042.01989   -1.04107   -0.01152   -1.04119   -0.01149
          1      18300 1047.73500   -1.04107   -0.01152   -1.04117   -0.01151
          1      18400 1053.15934   -1.04108   -0.01152   -1.04118   -0.01151
          1      18500 1058.56641   -1.04108   -0.01152   -1.04117   -0.01149
          1      18600 1064.85180   -1.04108   -0.01152   -1.04115   -0.01148
          1      18700 1070.32409   -1.04108   -0.01152   -1.04119   -0.01149
          1      18800 1075.83824   -1.04108   -0.01152   -1.04116   -0.01150
          1      18900 1081.32127   -1.04108   -0.01152   -1.04118   -0.01148
          1      19000 1087.09414   -1.04108   -0.01152   -1.04114   -0.01151
          1      19100 1092.86546   -1.04108   -0.01152   -1.04120   -0.01149
          1      19200 1098.84550   -1.04108   -0.01152   -1.04117   -0.01148
          1      19300 1104.39310   -1.04108   -0.01152   -1.04119   -0.01151
          1      19400 1110.11525   -1.04108   -0.01152   -1.04115   -0.01152
          1      19500 1115.79129   -1.04108   -0.01152   -1.04116   -0.01148
          1      19600 1121.48886   -1.04108   -0.01152   -1.04118   -0.01148
          1      19700 1126.87071   -1.04108   -0.01152   -1.04116   -0.01150
          1      19800 1131.81779   -1.04108   -0.01152   -1.04116   -0.01150
          1      19900 1136.97301   -1.04108   -0.01152   -1.04116   -0.01148
          1      20000 1142.49891   -1.04108   -0.01152   -1.04115   -0.01150
          1      20100 1148.05626   -1.04108   -0.01152   -1.04119   -0.01148
          1      20200 1153.53843   -1.04108   -0.01152   -1.04115   -0.01151
          1      20300 1158.99641   -1.04108   -0.01152   -1.04119   -0.01150
          1      20400 1164.87071   -1.04108   -0.01152   -1.04118   -0.01149
          1      20500 1170.98603   -1.04108   -0.01152   -1.04118   -0.01151
          1      20600 1176.56554   -1.04108   -0.01152   -1.04120   -0.01150
          1      20700 1182.10021   -1.04108   -0.01152   -1.04121   -0.01150
          1      20800 1188.76329   -1.04108   -0.01152   -1.04117   -0.01147
          1      20900 1194.09146   -1.04109   -0.01152   -1.04113   -0.01149
          1      21000 1200.12038   -1.04109   -0.01152   -1.04115   -0.01153
          1      21100 1205.49734   -1.04109   -0.01152   -1.04118   -0.01148
          1      21200 1212.16680   -1.04109   -0.01152   -1.04117   -0.01151
          1      21300 1218.05675   -1.04109   -0.01152   -1.04118   -0.01152
          1      21400 1224.24850   -1.04109   -0.01152   -1.04117   -0.01150
          1      21500 1229.64152   -1.04109   -0.01152   -1.04119   -0.01148
          1      21600 1235.83000   -1.04109   -0.01152   -1.04115   -0.01152
          1      21700 1241.49951   -1.04109   -0.01152   -1.04116   -0.01148
          1      21800 1247.38464   -1.04109   -0.01152   -1.04118   -0.01151
          1      21900 1253.00734   -1.04109   -0.01152   -1.04116   -0.01151
          1      22000 1258.45706   -1.04109   -0.01152   -1.04120   -0.01147
          1      22100 1264.04714   -1.04109   -0.01152   -1.04120   -0.01150
          1      22200 1270.30950   -1.04109   -0.01152   -1.04120   -0.01147
          1      22300 1276.19468   -1.04109   -0.01152   -1.04118   -0.01150
          1      22400 1282.21018   -1.04109   -0.01152   -1.04118   -0.01152
          1      22500 1287.73370   -1.04109   -0.01152   -1.04120   -0.01148
          1      22600 1293.20293   -1.04109   -0.01152   -1.04119   -0.01149
          1      22700 1298.71749   -1.04109   -0.01152   -1.04118   -0.01150
          1      22800 1304.42481   -1.04109   -0.01152   -1.04118   -0.01149
          1      22900 1309.84819   -1.04109   -0.01152   -1.04121   -0.01150
          1      23000 1315.41127   -1.04109   -0.01152   -1.04117   -0.01148
          1      23100 1321.21351   -1.04109   -0.01152   -1.04120   -0.01148
          1      23200 1326.99121   -1.04109   -0.01152   -1.04118   -0.01151
          1      23300 1332.28965   -1.04109   -0.01152   -1.04117   -0.01148
          1      23400 1337.85169   -1.04109   -0.01152   -1.04118   -0.01152
          1      23500 1343.19997   -1.04109   -0.01152   -1.04119   -0.01151
          1      23600 1348.75212   -1.04109   -0.01152   -1.04120   -0.01149
          1      23700 1354.16025   -1.04109   -0.01152   -1.04120   -0.01151
          1      23800 1359.89156   -1.04109   -0.01152   -1.04118   -0.01148
          1      23900 1366.73797   -1.04109   -0.01152   -1.04117   -0.01150
          1      24000 1372.24096   -1.04109   -0.01152   -1.04120   -0.01151
          1      24100 1378.02187   -1.04110   -0.01152   -1.04116   -0.01152
          1      24200 1383.70334   -1.04110   -0.01152   -1.04119   -0.01147
          1      24300 1389.19324   -1.04110   -0.01152   -1.04118   -0.01149
          1      24400 1395.42213   -1.04110   -0.01152   -1.04121   -0.01151
          1      24500 1400.92547   -1.04110   -0.01152   -1.04119   -0.01149
          1      24600 1406.35360   -1.04110   -0.01152   -1.04118   -0.01152
          1      24700 1411.60472   -1.04110   -0.01152   -1.04117   -0.01149
          1      24800 1417.90931   -1.04110   -0.01152   -1.04120   -0.01149
          1      24900 1423.47773   -1.04110   -0.01152   -1.04120   -0.01147
          1      25000 1429.19128   -1.04110   -0.01152   -1.04116   -0.01151
          1      25100 1435.01603   -1.04110   -0.01152   -1.04118   -0.01151
          1      25200 1440.70299   -1.04110   -0.01152   -1.04120   -0.01150
          1      25300 1446.56642   -1.04110   -0.01152   -1.04119   -0.01148
          1      25400 1452.02990   -1.04110   -0.01152   -1.04119   -0.01152
          1      25500 1457.58130   -1.04110   -0.01152   -1.04118   -0.01151
          1      25600 1463.64946   -1.04110   -0.01152   -1.04120   -0.01149
          1      25700 1470.15275   -1.04110   -0.01152   -1.04119   -0.01151
          1      25800 1475.80399   -1.04110   -0.01152   -1.04118   -0.01147
          1      25900 1481.32114   -1.04110   -0.01152   -1.04119   -0.01149
          1      26000 1486.93383   -1.04110   -0.01152   -1.04119   -0.01151
          1      26100 1492.69601   -1.04110   -0.01152   -1.04121   -0.01150
          1      26200 1498.74459   -1.04110   -0.01152   -1.04120   -0.01150
          1      26300 1504.36097   -1.04110   -0.01152   -1.04121   -0.01149
          1      26400 1510.28741   -1.04110   -0.01152   -1.04119   -0.01149
          1      26500 1515.72788   -1.04110   -0.01152   -1.04120   -0.01150
          1      26600 1521.11187   -1.04110   -0.01152   -1.04118   -0.01153
          1      26700 1526.68790   -1.04110   -0.01152   -1.04120   -0.01148
          1      26800 1532.12008   -1.04110   -0.01152   -1.04119   -0.01151
          1      26900 1537.97950   -1.04110   -0.01152   -1.04119   -0.01150
          1      27000 1543.25116   -1.04110   -0.01152   -1.04119   -0.01149
          1      27100 1549.16300   -1.04110   -0.01152   -1.04118   -0.01152
          1      27200 1555.40518   -1.04110   -0.01152   -1.04116   -0.01151
          1      27300 1560.85733   -1.04110   -0.01152   -1.04119   -0.01149
          1      27400 1566.65955   -1.04110   -0.01152   -1.04120   -0.01147
          1      27500 1572.31959   -1.04110   -0.01152   -1.04121   -0.01149
          1      27600 1577.84776   -1.04110   -0.01152   -1.04117   -0.01149
          1      27700 1584.24833   -1.04110   -0.01152   -1.04118   -0.01151
          1      27800 1589.56618   -1.04110   -0.01152   -1.04121   -0.01150
          1      27900 1595.20672   -1.04110   -0.01152   -1.04119   -0.01148
          1      28000 1600.91073   -1.04111   -0.01152   -1.04120   -0.01150
          1      28100 1606.33002   -1.04111   -0.01152   -1.04119   -0.01152
          1      28200 1611.69635   -1.04111   -0.01152   -1.04118   -0.01149
          1      28300 1617.30234   -1.04111   -0.01152   -1.04119   -0.01148
          1      28400 1622.69589   -1.04111   -0.01152   -1.04118   -0.01151
          1      28500 1628.52887   -1.04111   -0.01152   -1.04119   -0.01150
          1      28600 1634.22952   -1.04111   -0.01152   -1.04120   -0.01149
          1      28700 1639.77953   -1.04111   -0.01152   -1.04118   -0.01150
          1      28800 1645.09552   -1.04111   -0.01152   -1.04118   -0.01151
          1      28900 1650.18120   -1.04111   -0.01152   -1.04119   -0.01152
          1      29000 1655.69825   -1.04111   -0.01152   -1.04117   -0.01147
          1      29100 1661.28684   -1.04111   -0.01152   -1.04119   -0.01152
          1      29200 1666.55427   -1.04111   -0.01152   -1.04119   -0.01151
          1      29300 1672.20830   -1.04111   -0.01152   -1.04118   -0.01149
          1      29400 1677.69276   -1.04111   -0.01152   -1.04121   -0.01150
          1      29500 1683.14315   -1.04111   -0.01152   -1.04118   -0.01150
          1      29600 1688.57128   -1.04111   -0.01152   -1.04120   -0.01150
          1      29700 1693.79552   -1.04111   -0.01152   -1.04118   -0.01152
          1      29800 1699.22076   -1.04111   -0.01152   -1.04119   -0.01150
          1      29900 1704.83080   -1.04111   -0.01152   -1.04121   -0.01151
          1      30000 1710.34906   -1.04111   -0.01152   -1.04118   -0.01148
          1      30100 1716.10674   -1.04111   -0.01152   -1.04118   -0.01148
          1      30200 1721.66065   -1.04111   -0.01152   -1.04119   -0.01151
          1      30300 1727.45555   -1.04111   -0.01152   -1.04119   -0.01150
          1      30400 1733.36080   -1.04111   -0.01152   -1.04120   -0.01150
          1      30500 1739.09484   -1.04111   -0.01152   -1.04120   -0.01151
          1      30600 1745.26411   -1.04111   -0.01152   -1.04121   -0.01150
          1      30700 1751.08441   -1.04111   -0.01152   -1.04120   -0.01150
          1      30800 1756.26973   -1.04111   -0.01152   -1.04121   -0.01150
          1      30900 1761.44714   -1.04111   -0.01152   -1.04119   -0.01151
          1      31000 1767.01832   -1.04111   -0.01152   -1.04119   -0.01151
          1      31100 1772.85557   -1.04111   -0.01152   -1.04119   -0.01148
          1      31200 1778.13549   -1.04111   -0.01152   -1.04117   -0.01150
          1      31300 1783.66346   -1.04111   -0.01152   -1.04118   -0.01148
          1      31400 1788.90877   -1.04111   -0.01152   -1.04121   -0.01150
          1      31500 1794.21435   -1.04111   -0.01152   -1.04118   -0.01152
          1      31600 1799.46193   -1.04111   -0.01152   -1.04119   -0.01150
          1      31700 1804.66735   -1.04111   -0.01152   -1.04120   -0.01151
          1      31800 1809.69715   -1.04111   -0.01152   -1.04119   -0.01150
          1      31900 1815.15007   -1.04111   -0.01152   -1.04119   -0.01148
          1      32000 1820.39764   -1.04111   -0.01152   -1.04118   -0.01150
          1      32100 1825.75572   -1.04111   -0.01152   -1.04120   -0.01152
          1      32200 1830.99112   -1.04111   -0.01152   -1.04119   -0.01148
          1      32300 1836.06960   -1.04111   -0.01152   -1.04120   -0.01149
          1      32400 1841.49698   -1.04111   -0.01152   -1.04120   -0.01149
          1      32500 1846.87240   -1.04111   -0.01152   -1.04118   -0.01151
          1      32600 1852.52242   -1.04111   -0.01152   -1.04118   -0.01151
          1      32700 1858.08053   -1.04111   -0.01152   -1.04119   -0.01149
          1      32800 1864.75009   -1.04111   -0.01152   -1.04121   -0.01148
          1      32900 1870.29437   -1.04112   -0.01152   -1.04119   -0.01149
          1      33000 1875.71641   -1.04112   -0.01152   -1.04119   -0.01149
          1      33100 1881.31625   -1.04112   -0.01152   -1.04121   -0.01150
          1      33200 1887.33998   -1.04112   -0.01152   -1.04120   -0.01148
          1      33300 1892.60751   -1.04112   -0.01152   -1.04120   -0.01149
          1      33400 1898.41616   -1.04112   -0.01152   -1.04118   -0.01150
          1      33500 1903.67460   -1.04112   -0.01152   -1.04121   -0.01151
          1      33600 1909.36361   -1.04112   -0.01152   -1.04119   -0.01150
          1      33700 1915.34732   -1.04112   -0.01152   -1.04121   -0.01151
          1      33800 1920.60457   -1.04112   -0.01152   -1.04122   -0.01149
          1      33900 1926.45937   -1.04112   -0.01152   -1.04121   -0.01150
          1      34000 1931.98313   -1.04112   -0.01152   -1.04118   -0.01149
          1      34100 1937.51894   -1.04112   -0.01151   -1.04118   -0.01150
          1      34200 1943.35451   -1.04112   -0.01151   -1.04120   -0.01152
          1      34300 1949.05417   -1.04112   -0.01151   -1.04118   -0.01152
          1      34400 1955.02881   -1.04112   -0.01151   -1.04119   -0.01150
          1      34500 1960.44251   -1.04112   -0.01151   -1.04120   -0.01151
          1      34600 1966.14512   -1.04112   -0.01151   -1.04120   -0.01150
          1      34700 1971.43981   -1.04112   -0.01151   -1.04118   -0.01148
          1      34800 1977.38388   -1.04112   -0.01151   -1.04119   -0.01150
          1      34900 1983.24874   -1.04112   -0.01151   -1.04120   -0.01150
          1      35000 1988.78112   -1.04112   -0.01151   -1.04120   -0.01148
          1      35100 1994.19799   -1.04112   -0.01151   -1.04120   -0.01151
          1      35200 1999.75576   -1.04112   -0.01151   -1.04118   -0.01152
          1      35300 2006.16254   -1.04112   -0.01151   -1.04120   -0.01148
          1      35400 2012.07514   -1.04112   -0.01151   -1.04120   -0.01148
          1      35500 2017.75103   -1.04112   -0.01151   -1.04119   -0.01150
          1      35600 2023.28943   -1.04112   -0.01151   -1.04119   -0.01152
          1      35700 2028.65686   -1.04112   -0.01151   -1.04117   -0.01148
          1      35800 2034.72633   -1.04112   -0.01151   -1.04119   -0.01148
          1      35900 2040.30071   -1.04112   -0.01151   -1.04120   -0.01148
          1      36000 2046.10057   -1.04112   -0.01151   -1.04118   -0.01149
          1      36100 2051.81896   -1.04112   -0.01151   -1.04120   -0.01150
          1      36200 2058.01628   -1.04112   -0.01151   -1.04121   -0.01149
          1      36300 2064.72345   -1.04112   -0.01151   -1.04121   -0.01151
          1      36400 2071.52954   -1.04112   -0.01151   -1.04119   -0.01150
          1      36500 2077.22976   -1.04112   -0.01151   -1.04120   -0.01150
          1      36600 2083.13312   -1.04112   -0.01151   -1.04120   -0.01148
          1      36700 2088.44551   -1.04112   -0.01151   -1.04121   -0.01151
          1      36800 2094.21367   -1.04112   -0.01151   -1.04118   -0.01150
          1      36900 2099.90487   -1.04112   -0.01151   -1.04121   -0.01150
          1      37000 2105.27053   -1.04112   -0.01151   -1.04119   -0.01150
          1      37100 2110.90834   -1.04112   -0.01151   -1.04120   -0.01149
          1      37200 2116.24098   -1.04112   -0.01151   -1.04119   -0.01150
          1      37300 2121.53520   -1.04112   -0.01151   -1.04119   -0.01148
          1      37400 2127.79451   -1.04112   -0.01151   -1.04119   -0.01150
          1      37500 2133.26499   -1.04112   -0.01151   -1.04120   -0.01150
          1      37600 2138.53683   -1.04112   -0.01151   -1.04120   -0.01152
          1      37700 2143.98658   -1.04112   -0.01151   -1.04121   -0.01149
          1      37800 2149.64093   -1.04112   -0.01151   -1.04120   -0.01151
          1      37900 2155.68401   -1.04112   -0.01151   -1.04121   -0.01148
          1      38000 2161.49283   -1.04112   -0.01151   -1.04120   -0.01151
          1      38100 2167.26744   -1.04112   -0.01151   -1.04121   -0.01151
          1      38200 2172.96765   -1.04112   -0.01151   -1.04120   -0.01151
          1      38300 2178.41900   -1.04112   -0.01151   -1.04118   -0.01149
          1      38400 2183.69786   -1.04112   -0.01151   -1.04121   -0.01150
          1      38500 2189.45070   -1.04112   -0.01151   -1.04119   -0.01152
          1      38600 2195.24054   -1.04112   -0.01151   -1.04119   -0.01151
          1      38700 2200.95931   -1.04112   -0.01151   -1.04119   -0.01150
          1      38800 2206.55788   -1.04112   -0.01151   -1.04120   -0.01151
          1      38900 2212.40643   -1.04112   -0.01151   -1.04119   -0.01150
          1      39000 2218.01241   -1.04112   -0.01151   -1.04120   -0.01149
          1      39100 2223.62037   -1.04113   -0.01151   -1.04121   -0.01151
          1      39200 2229.02422   -1.04113   -0.01151   -1.04120   -0.01151
          1      39300 2234.43533   -1.04113   -0.01151   -1.04120   -0.01149
          1      39400 2239.94070   -1.04113   -0.01151   -1.04118   -0.01150
          1      39500 2245.57070   -1.04113   -0.01151   -1.04122   -0.01149
          1      39600 2251.22494   -1.04113   -0.01151   -1.04120   -0.01151
          1      39700 2256.64606   -1.04113   -0.01151   -1.04120   -0.01152
          1      39800 2262.14140   -1.04113   -0.01151   -1.04119   -0.01148
          1      39900 2267.55887   -1.04113   -0.01151   -1.04120   -0.01148
          1      40000 2272.69632   -1.04113   -0.01151   -1.04120   -0.01152
          1      40100 2278.05372   -1.04113   -0.01151   -1.04121   -0.01151
          1      40200 2283.43628   -1.04113   -0.01151   -1.04121   -0.01150
          1      40300 2289.44787   -1.04113   -0.01151   -1.04117   -0.01149
          1      40400 2295.18539   -1.04113   -0.01151   -1.04120   -0.01151
          1      40500 2301.13815   -1.04113   -0.01151   -1.04120   -0.01148
          1      40600 2307.47341   -1.04113   -0.01151   -1.04119   -0.01151
          1      40700 2313.05525   -1.04113   -0.01151   -1.04119   -0.01150
          1      40800 2318.51122   -1.04113   -0.01151   -1.04119   -0.01151
          1      40900 2323.53960   -1.04113   -0.01151   -1.04121   -0.01148
          1      41000 2328.90762   -1.04113   -0.01151   -1.04120   -0.01150
          1      41100 2334.83765   -1.04113   -0.01151   -1.04120   -0.01148
          1      41200 2340.17429   -1.04113   -0.01151   -1.04121   -0.01148
          1      41300 2345.76769   -1.04113   -0.01151   -1.04120   -0.01150
          1      41400 2351.31743   -1.04113   -0.01151   -1.04120   -0.01151
          1      41500 2356.96671   -1.04113   -0.01151   -1.04118   -0.01152
          1      41600 2362.49607   -1.04113   -0.01151   -1.04122   -0.01148
          1      41700 2368.03080   -1.04113   -0.01151   -1.04121   -0.01149
          1      41800 2373.47808   -1.04113   -0.01151   -1.04120   -0.01151
          1      41900 2379.06519   -1.04113   -0.01151   -1.04122   -0.01151
          1      42000 2384.73400   -1.04113   -0.01151   -1.04120   -0.01151
          1      42100 2390.87184   -1.04113   -0.01151   -1.04122   -0.01150
          1      42200 2397.03116   -1.04113   -0.01151   -1.04120   -0.01152
          1      42300 2402.87111   -1.04113   -0.01151   -1.04120   -0.01149
          1      42400 2409.07914   -1.04113   -0.01151   -1.04120   -0.01150
          1      42500 2414.76212   -1.04113   -0.01151   -1.04120   -0.01150
          1      42600 2420.31789   -1.04113   -0.01151   -1.04120   -0.01149
          1      42700 2426.15400   -1.04113   -0.01151   -1.04120   -0.01149
          1      42800 2432.20608   -1.04113   -0.01151   -1.04120   -0.01150
          1      42900 2437.89469   -1.04113   -0.01151   -1.04121   -0.01150
          1      43000 2443.62929   -1.04113   -0.01151   -1.04120   -0.01150
          1      43100 2449.42557   -1.04113   -0.01151   -1.04120   -0.01151
          1      43200 2455.27773   -1.04113   -0.01151   -1.04120   -0.01149
          1      43300 2461.01236   -1.04113   -0.01151   -1.04120   -0.01150
          1      43400 2466.77470   -1.04113   -0.01151   -1.04120   -0.01149
          1      43500 2472.21803   -1.04113   -0.01151   -1.04120   -0.01151
          1      43600 2477.61560   -1.04113   -0.01151   -1.04121   -0.01151
          1      43700 2483.35945   -1.04113   -0.01151   -1.04120   -0.01151
          1      43800 2489.23960   -1.04113   -0.01151   -1.04119   -0.01149
          1      43900 2494.72700   -1.04113   -0.01151   -1.04121   -0.01149
          1      44000 2501.09599   -1.04113   -0.01151   -1.04121   -0.01151
          1      44100 2507.22039   -1.04113   -0.01151   -1.04119   -0.01149
          1      44200 2512.95740   -1.04113   -0.01151   -1.04119   -0.01150
          1      44300 2518.48838   -1.04113   -0.01151   -1.04121   -0.01152
          1      44400 2524.29115   -1.04113   -0.01151   -1.04120   -0.01150
          1      44500 2529.85557   -1.04113   -0.01151   -1.04119   -0.01150
          1      44600 2535.59484   -1.04113   -0.01151   -1.04121   -0.01148
          1      44700 2541.03333   -1.04113   -0.01151   -1.04119   -0.01150
          1      44800 2546.50919   -1.04113   -0.01151   -1.04118   -0.01150
          1      44900 2551.84632   -1.04113   -0.01151   -1.04119   -0.01150
          1      45000 2556.94574   -1.04113   -0.01151   -1.04119   -0.01150
          1      45100 2562.43353   -1.04113   -0.01151   -1.04120   -0.01151
          1      45200 2568.08548   -1.04113   -0.01151   -1.04120   -0.01150
          1      45300 2573.72186   -1.04113   -0.01151   -1.04120   -0.01151
          1      45400 2579.49408   -1.04113   -0.01151   -1.04118   -0.01149
          1      45500 2585.43854   -1.04113   -0.01151   -1.04122   -0.01149
          1      45600 2591.14103   -1.04113   -0.01151   -1.04121   -0.01150
          1      45700 2597.68024   -1.04113   -0.01151   -1.04121   -0.01151
          1      45800 2602.86637   -1.04113   -0.01151   -1.04120   -0.01148
          1      45900 2608.52318   -1.04113   -0.01151   -1.04121   -0.01149
          1      46000 2614.00514   -1.04113   -0.01151   -1.04120   -0.01151
          1      46100 2619.64731   -1.04113   -0.01151   -1.04122   -0.01150
          1      46200 2624.90763   -1.04113   -0.01151   -1.04120   -0.01149
          1      46300 2630.71684   -1.04113   -0.01151   -1.04121   -0.01149
          1      46400 2636.98505   -1.04113   -0.01151   -1.04121   -0.01149
          1      46500 2642.92817   -1.04113   -0.01151   -1.04120   -0.01148
          1      46600 2648.96289   -1.04113   -0.01151   -1.04119   -0.01150
          1      46700 2654.73865   -1.04113   -0.01151   -1.04119   -0.01149
          1      46800 2660.30034   -1.04113   -0.01151   -1.04120   -0.01149
          1      46900 2665.96215   -1.04113   -0.01151   -1.04121   -0.01151
          1      47000 2671.49822   -1.04113   -0.01151   -1.04122   -0.01151
          1      47100 2677.54919   -1.04113   -0.01151   -1.04120   -0.01149
          1      47200 2683.24032   -1.04114   -0.01151   -1.04119   -0.01150
          1      47300 2688.86789   -1.04114   -0.01151   -1.04121   -0.01149
          1      47400 2694.29651   -1.04114   -0.01151   -1.04120   -0.01148
          1      47500 2699.84423   -1.04114   -0.01151   -1.04120   -0.01150
          1      47600 2705.65223   -1.04114   -0.01151   -1.04120   -0.01151
          1      47700 2711.12594   -1.04114   -0.01151   -1.04122   -0.01148
          1      47800 2716.98602   -1.04114   -0.01151   -1.04118   -0.01149
          1      47900 2722.29149   -1.04114   -0.01151   -1.04119   -0.01150
          1      48000 2727.46975   -1.04114   -0.01151   -1.04119   -0.01151
          1      48100 2732.63781   -1.04114   -0.01151   -1.04121   -0.01151
          1      48200 2737.73602   -1.04114   -0.01151   -1.04122   -0.01148
          1      48300 2743.14278   -1.04114   -0.01151   -1.04121   -0.01151
          1      48400 2748.75963   -1.04114   -0.01151   -1.04119   -0.01151
          1      48500 2754.79007   -1.04114   -0.01151   -1.04122   -0.01149
          1      48600 2760.17800   -1.04114   -0.01151   -1.04119   -0.01149
          1      48700 2765.94159   -1.04114   -0.01151   -1.04122   -0.01150
          1      48800 2773.07681   -1.04114   -0.01151   -1.04122   -0.01149
          1      48900 2778.47558   -1.04114   -0.01151   -1.04120   -0.01150
          1      49000 2785.07689   -1.04114   -0.01151   -1.04121   -0.01151
          1      49100 2790.48235   -1.04114   -0.01151   -1.04120   -0.01147
          1      49200 2795.48610   -1.04114   -0.01151   -1.04122   -0.01151
          1      49300 2801.18062   -1.04114   -0.01151   -1.04120   -0.01152
          1      49400 2806.76255   -1.04114   -0.01151   -1.04119   -0.01148
          1      49500 2812.50820   -1.04114   -0.01151   -1.04121   -0.01150
          1      49600 2818.09864   -1.04114   -0.01151   -1.04119   -0.01148
          1      49700 2824.74094   -1.04114   -0.01151   -1.04121   -0.01151
          1      49800 2830.15225   -1.04114   -0.01151   -1.04119   -0.01147
          1      49900 2835.68163   -1.04114   -0.01151   -1.04120   -0.01151
          1      50000 2841.23576   -1.04114   -0.01151   -1.04122   -0.01149
          1      50100 2847.15497   -1.04114   -0.01151   -1.04120   -0.01149
          1      50200 2852.22732   -1.04114   -0.01151   -1.04121   -0.01152
          1      50300 2857.75721   -1.04114   -0.01151   -1.04121   -0.01151
          1      50400 2862.98270   -1.04114   -0.01151   -1.04120   -0.01149
          1      50500 2869.45903   -1.04114   -0.01151   -1.04120   -0.01150
          1      50600 2875.43182   -1.04114   -0.01151   -1.04120   -0.01149
          1      50700 2880.82907   -1.04114   -0.01151   -1.04119   -0.01149
          1      50800 2887.01357   -1.04114   -0.01151   -1.04119   -0.01149
          1      50900 2893.15278   -1.04114   -0.01151   -1.04121   -0.01150
          1      51000 2898.46815   -1.04114   -0.01151   -1.04121   -0.01149
          1      51100 2903.74971   -1.04114   -0.01151   -1.04120   -0.01151
          1      51200 2909.24067   -1.04114   -0.01151   -1.04119   -0.01151
          1      51300 2914.94782   -1.04114   -0.01151   -1.04120   -0.01150
          1      51400 2921.33699   -1.04114   -0.01151   -1.04121   -0.01149
          1      51500 2926.74181   -1.04114   -0.01151   -1.04120   -0.01151
          1      51600 2932.68426   -1.04114   -0.01151   -1.04121   -0.01149
          1      51700 2938.20883   -1.04114   -0.01151   -1.04121   -0.01151
          1      51800 2943.83509   -1.04114   -0.01151   -1.04120   -0.01149
          1      51900 2949.71909   -1.04114   -0.01151   -1.04120   -0.01149
          1      52000 2955.56920   -1.04114   -0.01151   -1.04121   -0.01150
          1      52100 2960.90986   -1.04114   -0.01151   -1.04120   -0.01151
          1      52200 2966.37792   -1.04114   -0.01151   -1.04121   -0.01149
          1      52300 2972.14806   -1.04114   -0.01151   -1.04122   -0.01149
          1      52400 2977.71166   -1.04114   -0.01151   -1.04120   -0.01149
          1      52500 2983.13300   -1.04114   -0.01151   -1.04121   -0.01149
          1      52600 2988.72594   -1.04114   -0.01151   -1.04120   -0.01150
          1      52700 2994.19820   -1.04114   -0.01151   -1.04121   -0.01150
          1      52800 2999.89656   -1.04114   -0.01151   -1.04120   -0.01151
          1      52900 3005.48135   -1.04114   -0.01151   -1.04121   -0.01148
          1      53000 3011.82279   -1.04114   -0.01151   -1.04121   -0.01151
          1      53100 3017.51406   -1.04114   -0.01151   -1.04121   -0.01149
          1      53200 3022.81711   -1.04114   -0.01151   -1.04120   -0.01150
          1      53300 3028.49856   -1.04114   -0.01151   -1.04122   -0.01150
          1      53400 3034.38352   -1.04114   -0.01151   -1.04121   -0.01149
          1      53500 3039.94695   -1.04114   -0.01151   -1.04121   -0.01149
          1      53600 3045.41476   -1.04114   -0.01151   -1.04120   -0.01150
          1      53700 3050.75448   -1.04114   -0.01151   -1.04121   -0.01151
          1      53800 3055.94978   -1.04114   -0.01151   -1.04121   -0.01149
          1      53900 3061.64244   -1.04114   -0.01151   -1.04120   -0.01150
          1      54000 3067.61407   -1.04114   -0.01151   -1.04121   -0.01149
          1      54100 3072.86976   -1.04114   -0.01151   -1.04120   -0.01149
          1      54200 3078.54484   -1.04114   -0.01151   -1.04120   -0.01149
          1      54300 3084.08975   -1.04114   -0.01151   -1.04122   -0.01149
          1      54400 3089.82897   -1.04114   -0.01151   -1.04121   -0.01149
          1      54500 3095.93738   -1.04114   -0.01151   -1.04120   -0.01151
          1      54600 3101.74501   -1.04114   -0.01151   -1.04121   -0.01148
          1      54700 3107.96888   -1.04114   -0.01151   -1.04121   -0.01149
          1      54800 3113.25274   -1.04114   -0.01151   -1.04119   -0.01150
          1      54900 3119.12201   -1.04114   -0.01151   -1.04121   -0.01150
          1      55000 3124.65579   -1.04114   -0.01151   -1.04120   -0.01151
          1      55100 3130.12516   -1.04114   -0.01151   -1.04121   -0.01149
          1      55200 3136.12871   -1.04114   -0.01151   -1.04119   -0.01149
          1      55300 3142.12186   -1.04114   -0.01151   -1.04121   -0.01151
          1      55400 3148.51045   -1.04114   -0.01151   -1.04120   -0.01148
          1      55500 3154.46485   -1.04114   -0.01151   -1.04121   -0.01149
          1      55600 3160.18538   -1.04114   -0.01151   -1.04121   -0.01151
          1      55700 3165.97149   -1.04114   -0.01151   -1.04121   -0.01152
          1      55800 3171.43779   -1.04114   -0.01151   -1.04121   -0.01148
          1      55900 3177.30158   -1.04114   -0.01151   -1.04120   -0.01150
          1      56000 3184.05892   -1.04114   -0.01151   -1.04122   -0.01151
          1      56100 3190.16253   -1.04114   -0.01151   -1.04120   -0.01149
          1      56200 3195.82063   -1.04114   -0.01151   -1.04121   -0.01151
          1      56300 3201.20734   -1.04114   -0.01151   -1.04121   -0.01150
          1      56400 3206.70385   -1.04114   -0.01151   -1.04122   -0.01149
          1      56500 3212.54145   -1.04114   -0.01151   -1.04122   -0.01150
          1      56600 3218.17791   -1.04114   -0.01151   -1.04121   -0.01151
          1      56700 3225.28932   -1.04114   -0.01151   -1.04120   -0.01149
          1      56800 3231.80101   -1.04114   -0.01151   -1.04122   -0.01150
          1      56900 3239.49151   -1.04114   -0.01151   -1.04121   -0.01150
          1      57000 3245.96900   -1.04114   -0.01151   -1.04120   -0.01150
          1      57100 3252.18088   -1.04114   -0.01151   -1.04121   -0.01150
          1      57200 3257.53447   -1.04114   -0.01151   -1.04120   -0.01149
          1      57300 3262.89519   -1.04114   -0.01151   -1.04122   -0.01149
          1      57400 3268.51087   -1.04114   -0.01151   -1.04121   -0.01149
          1      57500 3274.13102   -1.04114   -0.01151   -1.04121   -0.01151
          1      57600 3279.89015   -1.04114   -0.01151   -1.04122   -0.01149
          1      57700 3285.26975   -1.04114   -0.01151   -1.04119   -0.01150
          1      57800 3290.55284   -1.04114   -0.01151   -1.04121   -0.01150
          1      57900 3296.21557   -1.04114   -0.01151   -1.04121   -0.01150
          1      58000 3301.49067   -1.04114   -0.01151   -1.04120   -0.01149
          1      58100 3306.57113   -1.04115   -0.01151   -1.04121   -0.01152
          1      58200 3312.20208   -1.04115   -0.01151   -1.04121   -0.01150
          1      58300 3317.41411   -1.04115   -0.01151   -1.04121   -0.01149
          1      58400 3322.99703   -1.04115   -0.01151   -1.04121   -0.01150
          1      58500 3329.12029   -1.04115   -0.01151   -1.04122   -0.01150
          1      58600 3334.55526   -1.04115   -0.01151   -1.04122   -0.01149
          1      58700 3339.90536   -1.04115   -0.01151   -1.04121   -0.01149
          1      58800 3345.53931   -1.04115   -0.01151   -1.04120   -0.01150
          1      58900 3350.94187   -1.04115   -0.01151   -1.04120   -0.01149
          1      59000 3356.74479   -1.04115   -0.01151   -1.04121   -0.01150
          1      59100 3362.24367   -1.04115   -0.01151   -1.04121   -0.01148
          1      59200 3367.81572   -1.04115   -0.01151   -1.04120   -0.01149
          1      59300 3373.58296   -1.04115   -0.01151   -1.04120   -0.01150
          1      59400 3380.37783   -1.04115   -0.01151   -1.04121   -0.01150
          1      59500 3386.36331   -1.04115   -0.01151   -1.04120   -0.01149
          1      59600 3392.62056   -1.04115   -0.01151   -1.04122   -0.01149
          1      59700 3398.56505   -1.04115   -0.01151   -1.04121   -0.01148
          1      59800 3404.67183   -1.04115   -0.01151   -1.04121   -0.01151
          1      59900 3410.33053   -1.04115   -0.01151   -1.04121   -0.01151
          1      60000 3416.19542   -1.04115   -0.01151   -1.04120   -0.01148
          1      60100 3422.76860   -1.04115   -0.01151   -1.04120   -0.01149
          1      60200 3429.21026   -1.04115   -0.01151   -1.04122   -0.01151
          1      60300 3434.91794   -1.04115   -0.01151   -1.04121   -0.01148
          1      60400 3440.78708   -1.04115   -0.01151   -1.04122   -0.01148
          1      60500 3445.84559   -1.04115   -0.01151   -1.04121   -0.01151
          1      60600 3451.38151   -1.04115   -0.01151   -1.04118   -0.01151
          1      60700 3456.91061   -1.04115   -0.01151   -1.04121   -0.01150
          1      60800 3462.67561   -1.04115   -0.01151   -1.04121   -0.01150
          1      60900 3468.21785   -1.04115   -0.01151   -1.04121   -0.01150
          1      61000 3474.09394   -1.04115   -0.01151   -1.04121   -0.01150
          1      61100 3479.61992   -1.04115   -0.01151   -1.04121   -0.01151
          1      61200 3485.08620   -1.04115   -0.01151   -1.04121   -0.01149
          1      61300 3491.00022   -1.04115   -0.01151   -1.04121   -0.01150
          1      61400 3496.78140   -1.04115   -0.01151   -1.04122   -0.01150
          1      61500 3502.70784   -1.04115   -0.01151   -1.04121   -0.01150
          1      61600 3508.30826   -1.04115   -0.01151   -1.04120   -0.01148
          1      61700 3514.01936   -1.04115   -0.01151   -1.04121   -0.01150
          1      61800 3519.53699   -1.04115   -0.01151   -1.04121   -0.01151
          1      61900 3525.12994   -1.04115   -0.01151   -1.04120   -0.01149
          1      62000 3531.15723   -1.04115   -0.01151   -1.04122   -0.01151
          1      62100 3537.13050   -1.04115   -0.01151   -1.04121   -0.01150
          1      62200 3543.17038   -1.04115   -0.01151   -1.04121   -0.01151
          1      62300 3548.43304   -1.04115   -0.01151   -1.04122   -0.01150
          1      62400 3554.18774   -1.04115   -0.01151   -1.04120   -0.01151
          1      62500 3559.84933   -1.04115   -0.01151   -1.04121   -0.01150
          1      62600 3565.70338   -1.04115   -0.01151   -1.04121   -0.01150
          1      62700 3571.20758   -1.04115   -0.01151   -1.04121   -0.01149
          1      62800 3576.73192   -1.04115   -0.01151   -1.04123   -0.01150
          1      62900 3581.88416   -1.04115   -0.01151   -1.04121   -0.01149
          1      63000 3586.82749   -1.04115   -0.01151   -1.04119   -0.01149
          1      63100 3591.53905   -1.04115   -0.01151   -1.04120   -0.01149
          1      63200 3595.89560   -1.04115   -0.01151   -1.04122   -0.01150
          1      63300 3600.01941   -1.04115   -0.01151   -1.04121   -0.01149
