          1          0    0.00000   -1.00389    0.07310   -1.00389    0.07310   -3.67847    3.67847    0.00000
          1          2    3.32330   -0.50327   -0.00872   -0.15904    0.01170   -3.67847   -0.50327    0.00000
          2          0    3.32330   -0.18386   -0.04761   -0.15904    0.01170   -3.67847   -0.50327   -2.09087
          2        100   74.24324   -0.88735    0.05350   -1.01814    0.09689   -3.67847   -0.50327   -2.09087
          2        200  176.35985   -0.92534    0.06533   -1.01871    0.09670   -3.67847   -0.50327   -2.09087
          2        300  278.05980   -0.94237    0.07073   -1.01767    0.09736   -3.67847   -0.50327   -2.09087
          2        400  381.02218   -0.95259    0.07401   -1.01895    0.09607   -3.67847   -0.50327   -2.09087
          2        500  445.95403   -0.95958    0.07626   -1.01883    0.09703   -3.67847   -0.50327   -2.09087
          2        600  521.38474   -0.96475    0.07795   -1.01896    0.09574   -3.67847   -0.50327   -2.09087
          2        700  585.51268   -0.96878    0.07926   -1.01924    0.09619   -3.67847   -0.50327   -2.09087
          2        800  643.29983   -0.97203    0.08032   -1.01923    0.09608   -3.67847   -0.50327   -2.09087
          2        900  713.06591   -0.97472    0.08121   -1.01921    0.09644   -3.67847   -0.50327   -2.09087
          2       1000  817.09301   -0.97700    0.08197   -1.01873    0.09627   -3.67847   -0.50327   -2.09087
          2       1100  922.06433   -0.97897    0.08261   -1.01885    0.09609   -3.67847   -0.50327   -2.09087
          2       1200 1022.28565   -0.98068    0.08318   -1.01919    0.09633   -3.67847   -0.50327   -2.09087
          2       1300 1116.06644   -0.98220    0.08368   -1.01888    0.09599   -3.67847   -0.50327   -2.09087
          2       1400 1218.91879   -0.98355    0.08412   -1.01925    0.09638   -3.67847   -0.50327   -2.09087
          2       1500 1308.10995   -0.98477    0.08453   -1.01885    0.09593   -3.67847   -0.50327   -2.09087
          2       1600 1384.22377   -0.98586    0.08489   -1.01922    0.09616   -3.67847   -0.50327   -2.09087
          2       1700 1442.57055   -0.98687    0.08522   -1.01905    0.09612   -3.67847   -0.50327   -2.09087
          2       1800 1504.46855   -0.98778    0.08552   -1.01913    0.09585   -3.67847   -0.50327   -2.09087
          2       1900 1577.07407   -0.98863    0.08580   -1.01924    0.09587   -3.67847   -0.50327   -2.09087
          2       2000 1651.47146   -0.98940    0.08606   -1.01910    0.09615   -3.67847   -0.50327   -2.09087
          2       2100 1714.08541   -0.99013    0.08630   -1.01915    0.09620   -3.67847   -0.50327   -2.09087
          2       2200 1777.67799   -0.99080    0.08653   -1.01925    0.09612   -3.67847   -0.50327   -2.09087
          2       2300 1863.32404   -0.99143    0.08673   -1.01919    0.09643   -3.67847   -0.50327   -2.09087
          2       2400 1930.70541   -0.99202    0.08693   -1.01908    0.09640   -3.67847   -0.50327   -2.09087
          2       2500 2017.48779   -0.99258    0.08711   -1.01936    0.09617   -3.67847   -0.50327   -2.09087
          2       2600 2120.61086   -0.99310    0.08729   -1.01937    0.09623   -3.67847   -0.50327   -2.09087
          2       2700 2192.17882   -0.99359    0.08745   -1.01931    0.09600   -3.67847   -0.50327   -2.09087
          2       2800 2269.31860   -0.99406    0.08761   -1.01929    0.09637   -3.67847   -0.50327   -2.09087
          2       2900 2333.96707   -0.99450    0.08775   -1.01911    0.09642   -3.67847   -0.50327   -2.09087
          2       3000 2425.31909   -0.99492    0.08789   -1.01944    0.09639   -3.67847   -0.50327   -2.09087
          2       3100 2523.81310   -0.99532    0.08803   -1.01931    0.09631   -3.67847   -0.50327   -2.09087
          2       3200 2638.88380   -0.99570    0.08815   -1.01941    0.09636   -3.67847   -0.50327   -2.09087
          2       3300 2709.59819   -0.99606    0.08828   -1.01934    0.09617   -3.67847   -0.50327   -2.09087
          2       3400 2789.84869   -0.99641    0.08839   -1.01944    0.09606   -3.67847   -0.50327   -2.09087
          2       3500 2899.52249   -0.99674    0.08850   -1.01932    0.09591   -3.67847   -0.50327   -2.09087
          2       3600 2988.80768   -0.99706    0.08861   -1.01936    0.09625   -3.67847   -0.50327   -2.09087
          2       3700 3053.68448   -0.99737    0.08871   -1.01932    0.09607   -3.67847   -0.50327   -2.09087
          2       3800 3118.61550   -0.99766    0.08881   -1.01942    0.09619   -3.67847   -0.50327   -2.09087
          2       3900 3234.75959   -0.99794    0.08890   -1.01928    0.09596   -3.67847   -0.50327   -2.09087
          2       4000 3307.53016   -0.99821    0.08899   -1.01926    0.09627   -3.67847   -0.50327   -2.09087
          2       4100 3426.61382   -0.99848    0.08908   -1.01950    0.09622   -3.67847   -0.50327   -2.09087
          2       4200 3512.63607   -0.99873    0.08916   -1.01944    0.09617   -3.67847   -0.50327   -2.09087
          2       4300 3598.11311   -0.99897    0.08925   -1.01933    0.09624   -3.67847   -0.50327   -2.09087
          2       4303 3600.22815   -0.99898    0.08925   -1.01941    0.09613   -3.67847   -0.50327   -2.09087
