          1          0    0.00000   -1.03776    0.00284   -1.03776    0.00284   -3.39062    3.39062    0.00000
          1          1    0.05123   -0.70673   -0.02283   -0.50138   -0.00970   -3.39062   -0.50138    0.00000
          2          0    0.05123   -0.29982   -0.04390   -0.50138   -0.00970   -3.39062   -0.50138   -1.94600
          2        100   15.33030   -0.94880   -0.01277   -1.03840    0.00335   -3.39062   -1.03231   -1.94600
          2        200   31.28327   -0.97589   -0.01082   -1.03954    0.00377   -3.39062   -1.03231   -1.94600
          2        300   47.46241   -0.98793   -0.00993   -1.03936    0.00343   -3.39062   -1.03231   -1.94600
          2        400   63.79848   -0.99510   -0.00939   -1.04044    0.00346   -3.39062   -1.03231   -1.94600
          2        500   78.74603   -0.99999   -0.00903   -1.04005    0.00334   -3.39062   -1.03231   -1.94600
          2        600   93.76859   -1.00359   -0.00876   -1.04039    0.00367   -3.39062   -1.03231   -1.94600
          2        700  109.03476   -1.00639   -0.00854   -1.04034    0.00340   -3.39062   -1.03231   -1.94600
          2        800  124.52794   -1.00865   -0.00837   -1.04047    0.00347   -3.39062   -1.03231   -1.94600
          2        900  140.32128   -1.01052   -0.00823   -1.04069    0.00350   -3.39062   -1.03231   -1.94600
          2       1000  155.92226   -1.01210   -0.00811   -1.04073    0.00341   -3.39062   -1.03231   -1.94600
          2       1100  171.66868   -1.01346   -0.00800   -1.04067    0.00344   -3.39062   -1.03231   -1.94600
          2       1200  187.65513   -1.01465   -0.00791   -1.04043    0.00342   -3.39062   -1.03231   -1.94600
          2       1300  203.44761   -1.01570   -0.00783   -1.04075    0.00357   -3.39062   -1.03231   -1.94600
          2       1400  218.85622   -1.01663   -0.00776   -1.04041    0.00350   -3.39062   -1.03231   -1.94600
          2       1500  233.69475   -1.01747   -0.00770   -1.04070    0.00321   -3.39062   -1.03231   -1.94600
          2       1600  250.65571   -1.01823   -0.00764   -1.04050    0.00348   -3.39062   -1.03231   -1.94600
          2       1700  266.26301   -1.01893   -0.00759   -1.04085    0.00342   -3.39062   -1.03231   -1.94600
          2       1800  281.55016   -1.01956   -0.00754   -1.04079    0.00346   -3.39062   -1.03231   -1.94600
          2       1900  297.43666   -1.02014   -0.00749   -1.04072    0.00341   -3.39062   -1.03231   -1.94600
          2       2000  313.76445   -1.02068   -0.00745   -1.04082    0.00348   -3.39062   -1.03231   -1.94600
          2       2100  328.69995   -1.02118   -0.00741   -1.04095    0.00354   -3.39062   -1.03231   -1.94600
          2       2200  344.18838   -1.02164   -0.00738   -1.04102    0.00348   -3.39062   -1.03231   -1.94600
          2       2300  359.34073   -1.02207   -0.00735   -1.04072    0.00334   -3.39062   -1.03231   -1.94600
          2       2400  376.17334   -1.02248   -0.00731   -1.04099    0.00336   -3.39062   -1.03231   -1.94600
          2       2500  392.67797   -1.02286   -0.00728   -1.04090    0.00348   -3.39062   -1.03231   -1.94600
          2       2600  407.98657   -1.02322   -0.00726   -1.04107    0.00341   -3.39062   -1.03231   -1.94600
          2       2700  424.39270   -1.02356   -0.00723   -1.04083    0.00346   -3.39062   -1.03231   -1.94600
          2       2800  439.67926   -1.02388   -0.00721   -1.04097    0.00340   -3.39062   -1.03231   -1.94600
          2       2900  454.65132   -1.02419   -0.00718   -1.04104    0.00336   -3.39062   -1.03231   -1.94600
          2       3000  469.72920   -1.02448   -0.00716   -1.04099    0.00344   -3.39062   -1.03231   -1.94600
          2       3100  485.46392   -1.02475   -0.00714   -1.04101    0.00339   -3.39062   -1.03231   -1.94600
          2       3200  501.05297   -1.02501   -0.00712   -1.04084    0.00344   -3.39062   -1.03231   -1.94600
          2       3300  516.65012   -1.02526   -0.00710   -1.04098    0.00343   -3.39062   -1.03231   -1.94600
          2       3400  532.92469   -1.02550   -0.00708   -1.04102    0.00345   -3.39062   -1.03231   -1.94600
          2       3500  548.66823   -1.02573   -0.00706   -1.04119    0.00345   -3.39062   -1.03231   -1.94600
          2       3600  564.41767   -1.02595   -0.00705   -1.04085    0.00339   -3.39062   -1.03231   -1.94600
          2       3700  580.67971   -1.02616   -0.00703   -1.04098    0.00352   -3.39062   -1.03231   -1.94600
          2       3800  595.58889   -1.02636   -0.00702   -1.04109    0.00344   -3.39062   -1.03231   -1.94600
          2       3900  610.02523   -1.02655   -0.00700   -1.04095    0.00343   -3.39062   -1.03231   -1.94600
          2       4000  625.74754   -1.02674   -0.00699   -1.04118    0.00351   -3.39062   -1.03231   -1.94600
          2       4100  642.92778   -1.02692   -0.00697   -1.04096    0.00347   -3.39062   -1.03231   -1.94600
          2       4200  659.33509   -1.02709   -0.00696   -1.04108    0.00343   -3.39062   -1.03231   -1.94600
          2       4300  674.79614   -1.02726   -0.00695   -1.04084    0.00342   -3.39062   -1.03231   -1.94600
          2       4400  689.87130   -1.02742   -0.00694   -1.04099    0.00342   -3.39062   -1.03231   -1.94600
          2       4500  705.41665   -1.02758   -0.00692   -1.04107    0.00345   -3.39062   -1.03231   -1.94600
          2       4600  720.58796   -1.02773   -0.00691   -1.04112    0.00341   -3.39062   -1.03231   -1.94600
          2       4700  735.67315   -1.02787   -0.00690   -1.04092    0.00339   -3.39062   -1.03231   -1.94600
          2       4800  751.54974   -1.02802   -0.00689   -1.04108    0.00346   -3.39062   -1.03231   -1.94600
          2       4900  766.81753   -1.02815   -0.00688   -1.04107    0.00343   -3.39062   -1.03231   -1.94600
          2       5000  781.67398   -1.02829   -0.00687   -1.04104    0.00349   -3.39062   -1.03231   -1.94600
          2       5100  797.92426   -1.02841   -0.00686   -1.04117    0.00346   -3.39062   -1.03231   -1.94600
          2       5200  813.30357   -1.02854   -0.00685   -1.04112    0.00342   -3.39062   -1.03231   -1.94600
          2       5300  828.48236   -1.02866   -0.00684   -1.04107    0.00345   -3.39062   -1.03231   -1.94600
          2       5400  844.01160   -1.02878   -0.00683   -1.04106    0.00346   -3.39062   -1.03231   -1.94600
          2       5500  859.42883   -1.02889   -0.00682   -1.04100    0.00344   -3.39062   -1.03231   -1.94600
          2       5600  875.69268   -1.02901   -0.00681   -1.04107    0.00346   -3.39062   -1.03231   -1.94600
          2       5700  891.88407   -1.02912   -0.00681   -1.04118    0.00344   -3.39062   -1.03231   -1.94600
          2       5800  907.32316   -1.02922   -0.00680   -1.04121    0.00347   -3.39062   -1.03231   -1.94600
          2       5900  922.06108   -1.02933   -0.00679   -1.04108    0.00345   -3.39062   -1.03231   -1.94600
          2       6000  937.72353   -1.02943   -0.00678   -1.04110    0.00346   -3.39062   -1.03231   -1.94600
          2       6100  953.01917   -1.02952   -0.00677   -1.04106    0.00345   -3.39062   -1.03231   -1.94600
          2       6200  968.88092   -1.02962   -0.00677   -1.04103    0.00343   -3.39062   -1.03231   -1.94600
          2       6300  984.98618   -1.02971   -0.00676   -1.04111    0.00342   -3.39062   -1.03231   -1.94600
          2       6400 1000.23641   -1.02981   -0.00675   -1.04110    0.00341   -3.39062   -1.03231   -1.94600
          2       6500 1015.88193   -1.02990   -0.00675   -1.04108    0.00345   -3.39062   -1.03231   -1.94600
          2       6600 1032.02261   -1.02998   -0.00674   -1.04103    0.00335   -3.39062   -1.03231   -1.94600
          2       6700 1047.79726   -1.03007   -0.00673   -1.04111    0.00340   -3.39062   -1.03231   -1.94600
          2       6800 1063.58572   -1.03015   -0.00673   -1.04107    0.00343   -3.39062   -1.03231   -1.94600
          2       6900 1079.21874   -1.03023   -0.00672   -1.04112    0.00343   -3.39062   -1.03231   -1.94600
          2       7000 1094.73694   -1.03031   -0.00671   -1.04103    0.00343   -3.39062   -1.03231   -1.94600
          2       7100 1111.12027   -1.03039   -0.00671   -1.04111    0.00338   -3.39062   -1.03231   -1.94600
          2       7200 1127.24278   -1.03047   -0.00670   -1.04110    0.00344   -3.39062   -1.03231   -1.94600
          2       7300 1142.81542   -1.03054   -0.00670   -1.04112    0.00350   -3.39062   -1.03231   -1.94600
          2       7400 1158.48404   -1.03062   -0.00669   -1.04116    0.00349   -3.39062   -1.03231   -1.94600
          2       7500 1174.53296   -1.03069   -0.00668   -1.04118    0.00345   -3.39062   -1.03231   -1.94600
          2       7600 1190.86577   -1.03076   -0.00668   -1.04113    0.00343   -3.39062   -1.03231   -1.94600
          2       7700 1206.57885   -1.03083   -0.00667   -1.04118    0.00343   -3.39062   -1.03231   -1.94600
          2       7800 1222.03671   -1.03090   -0.00667   -1.04118    0.00342   -3.39062   -1.03231   -1.94600
          2       7900 1237.69375   -1.03096   -0.00666   -1.04109    0.00345   -3.39062   -1.03231   -1.94600
          2       8000 1252.27077   -1.03103   -0.00666   -1.04104    0.00341   -3.39062   -1.03231   -1.94600
          2       8100 1267.33741   -1.03109   -0.00665   -1.04117    0.00345   -3.39062   -1.03231   -1.94600
          2       8200 1283.25942   -1.03116   -0.00665   -1.04116    0.00344   -3.39062   -1.03231   -1.94600
          2       8300 1299.48968   -1.03122   -0.00664   -1.04111    0.00343   -3.39062   -1.03231   -1.94600
          2       8400 1314.37309   -1.03128   -0.00664   -1.04114    0.00346   -3.39062   -1.03231   -1.94600
          2       8500 1329.97955   -1.03134   -0.00663   -1.04128    0.00345   -3.39062   -1.03231   -1.94600
          2       8600 1345.03766   -1.03140   -0.00663   -1.04102    0.00340   -3.39062   -1.03231   -1.94600
          2       8700 1359.69033   -1.03145   -0.00663   -1.04123    0.00345   -3.39062   -1.03231   -1.94600
          2       8800 1375.53657   -1.03151   -0.00662   -1.04120    0.00343   -3.39062   -1.03231   -1.94600
          2       8900 1390.83011   -1.03157   -0.00662   -1.04111    0.00347   -3.39062   -1.03231   -1.94600
          2       9000 1406.01218   -1.03162   -0.00661   -1.04115    0.00340   -3.39062   -1.03231   -1.94600
          2       9100 1420.36820   -1.03167   -0.00661   -1.04115    0.00348   -3.39062   -1.03231   -1.94600
          2       9200 1435.46978   -1.03173   -0.00660   -1.04111    0.00341   -3.39062   -1.03231   -1.94600
          2       9300 1450.89811   -1.03178   -0.00660   -1.04117    0.00348   -3.39062   -1.03231   -1.94600
          2       9400 1467.79620   -1.03183   -0.00660   -1.04109    0.00349   -3.39062   -1.03231   -1.94600
          2       9500 1482.72550   -1.03188   -0.00659   -1.04117    0.00343   -3.39062   -1.03231   -1.94600
          2       9600 1497.12837   -1.03193   -0.00659   -1.04117    0.00341   -3.39062   -1.03231   -1.94600
          2       9700 1513.04270   -1.03198   -0.00658   -1.04112    0.00343   -3.39062   -1.03231   -1.94600
          2       9800 1528.80739   -1.03203   -0.00653   -1.04104    0.00347   -3.39062   -1.03231   -1.94600
          2       9900 1544.59784   -1.03208   -0.00648   -1.04118    0.00344   -3.39062   -1.03231   -1.94600
          2      10000 1559.40577   -1.03212   -0.00643   -1.04116    0.00343   -3.39062   -1.03231   -1.94600
          2      10100 1574.73684   -1.03217   -0.00638   -1.04118    0.00342   -3.39062   -1.03231   -1.94600
          2      10200 1589.93294   -1.03221   -0.00633   -1.04121    0.00346   -3.39062   -1.03231   -1.94600
          2      10300 1605.38121   -1.03226   -0.00628   -1.04118    0.00343   -3.39062   -1.03231   -1.94600
          2      10400 1620.84925   -1.03230   -0.00624   -1.04114    0.00347   -3.39062   -1.03231   -1.94600
          2      10500 1635.41723   -1.03235   -0.00619   -1.04111    0.00342   -3.39062   -1.03231   -1.94600
          2      10600 1651.69695   -1.03239   -0.00615   -1.04121    0.00340   -3.39062   -1.03231   -1.94600
          2      10700 1666.93286   -1.03243   -0.00610   -1.04108    0.00347   -3.39062   -1.03231   -1.94600
          2      10800 1681.93218   -1.03247   -0.00606   -1.04125    0.00343   -3.39062   -1.03231   -1.94600
          2      10900 1698.22310   -1.03251   -0.00601   -1.04110    0.00341   -3.39062   -1.03231   -1.94600
          2      11000 1714.11037   -1.03255   -0.00597   -1.04116    0.00346   -3.39062   -1.03231   -1.94600
          2      11100 1730.36123   -1.03259   -0.00593   -1.04113    0.00348   -3.39062   -1.03231   -1.94600
          2      11200 1746.80553   -1.03263   -0.00589   -1.04116    0.00344   -3.39062   -1.03231   -1.94600
          2      11300 1762.65194   -1.03267   -0.00584   -1.04120    0.00343   -3.39062   -1.03231   -1.94600
          2      11400 1778.78709   -1.03271   -0.00580   -1.04116    0.00342   -3.39062   -1.03231   -1.94600
          2      11500 1794.78373   -1.03275   -0.00576   -1.04130    0.00347   -3.39062   -1.03231   -1.94600
          2      11600 1810.93833   -1.03278   -0.00572   -1.04119    0.00344   -3.39062   -1.03231   -1.94600
          2      11700 1827.12297   -1.03282   -0.00568   -1.04110    0.00343   -3.39062   -1.03231   -1.94600
          2      11800 1843.79374   -1.03286   -0.00565   -1.04109    0.00345   -3.39062   -1.03231   -1.94600
          2      11900 1860.21986   -1.03289   -0.00561   -1.04115    0.00348   -3.39062   -1.03231   -1.94600
          2      12000 1875.18433   -1.03293   -0.00557   -1.04118    0.00342   -3.39062   -1.03231   -1.94600
          2      12100 1890.14397   -1.03296   -0.00553   -1.04121    0.00340   -3.39062   -1.03231   -1.94600
          2      12200 1904.92730   -1.03300   -0.00549   -1.04116    0.00344   -3.39062   -1.03231   -1.94600
          2      12300 1920.49911   -1.03303   -0.00546   -1.04121    0.00344   -3.39062   -1.03231   -1.94600
          2      12400 1935.46580   -1.03307   -0.00542   -1.04119    0.00346   -3.39062   -1.03231   -1.94600
          2      12500 1950.93457   -1.03310   -0.00539   -1.04123    0.00347   -3.39062   -1.03231   -1.94600
          2      12600 1965.99997   -1.03313   -0.00535   -1.04116    0.00346   -3.39062   -1.03231   -1.94600
          2      12700 1981.37383   -1.03317   -0.00532   -1.04115    0.00345   -3.39062   -1.03231   -1.94600
          2      12800 1997.54964   -1.03320   -0.00528   -1.04118    0.00344   -3.39062   -1.03231   -1.94600
          2      12900 2012.15733   -1.03323   -0.00525   -1.04115    0.00346   -3.39062   -1.03231   -1.94600
          2      13000 2026.61820   -1.03326   -0.00522   -1.04119    0.00345   -3.39062   -1.03231   -1.94600
          2      13100 2041.65128   -1.03329   -0.00518   -1.04121    0.00342   -3.39062   -1.03231   -1.94600
          2      13200 2057.31171   -1.03332   -0.00515   -1.04119    0.00344   -3.39062   -1.03231   -1.94600
          2      13300 2072.36536   -1.03335   -0.00512   -1.04112    0.00344   -3.39062   -1.03231   -1.94600
          2      13400 2088.27272   -1.03338   -0.00508   -1.04128    0.00344   -3.39062   -1.03231   -1.94600
          2      13500 2104.57931   -1.03341   -0.00505   -1.04121    0.00343   -3.39062   -1.03231   -1.94600
          2      13600 2119.52874   -1.03344   -0.00502   -1.04116    0.00346   -3.39062   -1.03231   -1.94600
          2      13700 2134.95165   -1.03347   -0.00499   -1.04117    0.00337   -3.39062   -1.03231   -1.94600
          2      13800 2150.63335   -1.03350   -0.00496   -1.04116    0.00346   -3.39062   -1.03231   -1.94600
          2      13900 2165.83364   -1.03353   -0.00493   -1.04124    0.00345   -3.39062   -1.03231   -1.94600
          2      14000 2180.14066   -1.03356   -0.00490   -1.04122    0.00347   -3.39062   -1.03231   -1.94600
          2      14100 2194.76168   -1.03358   -0.00487   -1.04123    0.00343   -3.39062   -1.03231   -1.94600
          2      14200 2209.96183   -1.03361   -0.00484   -1.04122    0.00343   -3.39062   -1.03231   -1.94600
          2      14300 2225.40434   -1.03364   -0.00481   -1.04118    0.00348   -3.39062   -1.03231   -1.94600
          2      14400 2241.35798   -1.03367   -0.00478   -1.04117    0.00346   -3.39062   -1.03231   -1.94600
          2      14500 2257.51830   -1.03369   -0.00475   -1.04115    0.00348   -3.39062   -1.03231   -1.94600
          2      14600 2273.61197   -1.03372   -0.00473   -1.04128    0.00345   -3.39062   -1.03231   -1.94600
          2      14700 2289.03679   -1.03375   -0.00470   -1.04117    0.00342   -3.39062   -1.03231   -1.94600
          2      14800 2304.14686   -1.03377   -0.00467   -1.04118    0.00345   -3.39062   -1.03231   -1.94600
          2      14900 2319.74047   -1.03380   -0.00464   -1.04119    0.00347   -3.39062   -1.03231   -1.94600
          2      15000 2335.96694   -1.03382   -0.00462   -1.04119    0.00348   -3.39062   -1.03231   -1.94600
          2      15100 2351.46612   -1.03385   -0.00459   -1.04126    0.00346   -3.39062   -1.03231   -1.94600
          2      15200 2366.51739   -1.03387   -0.00456   -1.04117    0.00344   -3.39062   -1.03231   -1.94600
          2      15300 2382.34695   -1.03390   -0.00454   -1.04120    0.00345   -3.39062   -1.03231   -1.94600
          2      15400 2397.98978   -1.03392   -0.00451   -1.04121    0.00343   -3.39062   -1.03231   -1.94600
          2      15500 2413.59361   -1.03395   -0.00449   -1.04124    0.00344   -3.39062   -1.03231   -1.94600
          2      15600 2429.04486   -1.03397   -0.00446   -1.04128    0.00345   -3.39062   -1.03231   -1.94600
          2      15700 2443.80535   -1.03399   -0.00444   -1.04120    0.00345   -3.39062   -1.03231   -1.94600
          2      15800 2459.35277   -1.03402   -0.00441   -1.04127    0.00345   -3.39062   -1.03231   -1.94600
          2      15900 2474.76266   -1.03404   -0.00439   -1.04121    0.00347   -3.39062   -1.03231   -1.94600
          2      16000 2489.74451   -1.03406   -0.00436   -1.04124    0.00343   -3.39062   -1.03231   -1.94600
          2      16100 2505.43586   -1.03409   -0.00434   -1.04126    0.00343   -3.39062   -1.03231   -1.94600
          2      16200 2520.46732   -1.03411   -0.00431   -1.04115    0.00342   -3.39062   -1.03231   -1.94600
          2      16300 2535.49134   -1.03413   -0.00429   -1.04123    0.00348   -3.39062   -1.03231   -1.94600
          2      16400 2551.18366   -1.03415   -0.00427   -1.04118    0.00345   -3.39062   -1.03231   -1.94600
          2      16500 2566.40527   -1.03417   -0.00424   -1.04116    0.00344   -3.39062   -1.03231   -1.94600
          2      16600 2581.94128   -1.03420   -0.00422   -1.04116    0.00345   -3.39062   -1.03231   -1.94600
          2      16700 2597.13780   -1.03422   -0.00420   -1.04123    0.00346   -3.39062   -1.03231   -1.94600
          2      16800 2612.32814   -1.03424   -0.00417   -1.04117    0.00341   -3.39062   -1.03231   -1.94600
          2      16900 2626.76672   -1.03426   -0.00415   -1.04129    0.00346   -3.39062   -1.03231   -1.94600
          2      17000 2641.64300   -1.03428   -0.00413   -1.04120    0.00344   -3.39062   -1.03231   -1.94600
          2      17100 2656.98670   -1.03430   -0.00411   -1.04122    0.00343   -3.39062   -1.03231   -1.94600
          2      17200 2671.98973   -1.03432   -0.00408   -1.04124    0.00345   -3.39062   -1.03231   -1.94600
          2      17300 2687.73250   -1.03434   -0.00406   -1.04126    0.00344   -3.39062   -1.03231   -1.94600
          2      17400 2703.49647   -1.03436   -0.00404   -1.04126    0.00344   -3.39062   -1.03231   -1.94600
          2      17500 2718.69301   -1.03438   -0.00402   -1.04111    0.00345   -3.39062   -1.03231   -1.94600
          2      17600 2734.00354   -1.03440   -0.00400   -1.04116    0.00344   -3.39062   -1.03231   -1.94600
          2      17700 2749.25370   -1.03442   -0.00398   -1.04118    0.00344   -3.39062   -1.03231   -1.94600
          2      17800 2765.09303   -1.03444   -0.00396   -1.04124    0.00346   -3.39062   -1.03231   -1.94600
          2      17900 2780.75313   -1.03446   -0.00393   -1.04112    0.00345   -3.39062   -1.03231   -1.94600
          2      18000 2796.21921   -1.03448   -0.00391   -1.04123    0.00344   -3.39062   -1.03231   -1.94600
          2      18100 2811.66426   -1.03450   -0.00389   -1.04116    0.00343   -3.39062   -1.03231   -1.94600
          2      18200 2826.28424   -1.03452   -0.00387   -1.04118    0.00347   -3.39062   -1.03231   -1.94600
          2      18300 2841.53640   -1.03454   -0.00385   -1.04128    0.00346   -3.39062   -1.03231   -1.94600
          2      18400 2857.11395   -1.03456   -0.00383   -1.04116    0.00347   -3.39062   -1.03231   -1.94600
          2      18500 2872.79778   -1.03458   -0.00381   -1.04129    0.00343   -3.39062   -1.03231   -1.94600
          2      18600 2888.20585   -1.03459   -0.00379   -1.04125    0.00346   -3.39062   -1.03231   -1.94600
          2      18700 2903.71473   -1.03461   -0.00378   -1.04117    0.00344   -3.39062   -1.03231   -1.94600
          2      18800 2919.12685   -1.03463   -0.00376   -1.04121    0.00342   -3.39062   -1.03231   -1.94600
          2      18900 2933.73517   -1.03465   -0.00374   -1.04118    0.00341   -3.39062   -1.03231   -1.94600
          2      19000 2949.22063   -1.03467   -0.00372   -1.04120    0.00343   -3.39062   -1.03231   -1.94600
          2      19100 2964.47091   -1.03468   -0.00370   -1.04119    0.00346   -3.39062   -1.03231   -1.94600
          2      19200 2979.45500   -1.03470   -0.00368   -1.04129    0.00346   -3.39062   -1.03231   -1.94600
          2      19300 2995.22246   -1.03472   -0.00366   -1.04125    0.00342   -3.39062   -1.03231   -1.94600
          2      19400 3011.66282   -1.03474   -0.00364   -1.04123    0.00341   -3.39062   -1.03231   -1.94600
          2      19500 3026.21434   -1.03475   -0.00363   -1.04126    0.00346   -3.39062   -1.03231   -1.94600
          2      19600 3041.58447   -1.03477   -0.00361   -1.04120    0.00343   -3.39062   -1.03231   -1.94600
          2      19700 3056.74032   -1.03479   -0.00359   -1.04125    0.00345   -3.39062   -1.03231   -1.94600
          2      19800 3072.98410   -1.03480   -0.00357   -1.04126    0.00342   -3.39062   -1.03231   -1.94600
          2      19900 3089.37651   -1.03482   -0.00355   -1.04119    0.00345   -3.39062   -1.03231   -1.94600
          2      20000 3104.38851   -1.03484   -0.00354   -1.04120    0.00347   -3.39062   -1.03231   -1.94600
          2      20100 3118.95454   -1.03485   -0.00352   -1.04117    0.00345   -3.39062   -1.03231   -1.94600
          2      20200 3134.40581   -1.03487   -0.00350   -1.04120    0.00348   -3.39062   -1.03231   -1.94600
          2      20300 3150.08066   -1.03488   -0.00348   -1.04121    0.00344   -3.39062   -1.03231   -1.94600
          2      20400 3166.26637   -1.03490   -0.00347   -1.04127    0.00346   -3.39062   -1.03231   -1.94600
          2      20500 3182.22884   -1.03492   -0.00345   -1.04121    0.00345   -3.39062   -1.03231   -1.94600
          2      20600 3198.17805   -1.03493   -0.00343   -1.04125    0.00345   -3.39062   -1.03231   -1.94600
          2      20700 3213.77214   -1.03495   -0.00342   -1.04124    0.00347   -3.39062   -1.03231   -1.94600
          2      20800 3228.61631   -1.03496   -0.00340   -1.04129    0.00346   -3.39062   -1.03231   -1.94600
          2      20900 3243.33131   -1.03498   -0.00338   -1.04118    0.00344   -3.39062   -1.03231   -1.94600
          2      21000 3258.50198   -1.03499   -0.00337   -1.04129    0.00346   -3.39062   -1.03231   -1.94600
          2      21100 3273.36746   -1.03501   -0.00335   -1.04124    0.00343   -3.39062   -1.03231   -1.94600
          2      21200 3288.48986   -1.03502   -0.00334   -1.04121    0.00347   -3.39062   -1.03231   -1.94600
          2      21300 3303.77607   -1.03504   -0.00332   -1.04125    0.00346   -3.39062   -1.03231   -1.94600
          2      21400 3318.53360   -1.03505   -0.00330   -1.04126    0.00345   -3.39062   -1.03231   -1.94600
          2      21500 3333.73366   -1.03507   -0.00329   -1.04119    0.00343   -3.39062   -1.03231   -1.94600
          2      21600 3349.34404   -1.03508   -0.00327   -1.04131    0.00345   -3.39062   -1.03231   -1.94600
          2      21700 3364.36839   -1.03510   -0.00326   -1.04118    0.00342   -3.39062   -1.03231   -1.94600
          2      21800 3379.70608   -1.03511   -0.00324   -1.04124    0.00345   -3.39062   -1.03231   -1.94600
          2      21900 3395.11752   -1.03513   -0.00323   -1.04126    0.00347   -3.39062   -1.03231   -1.94600
          2      22000 3409.92508   -1.03514   -0.00321   -1.04120    0.00346   -3.39062   -1.03231   -1.94600
          2      22100 3425.18358   -1.03516   -0.00320   -1.04119    0.00345   -3.39062   -1.03231   -1.94600
          2      22200 3440.93701   -1.03517   -0.00318   -1.04126    0.00341   -3.39062   -1.03231   -1.94600
          2      22300 3456.37531   -1.03518   -0.00317   -1.04126    0.00348   -3.39062   -1.03231   -1.94600
          2      22400 3471.16298   -1.03520   -0.00315   -1.04126    0.00343   -3.39062   -1.03231   -1.94600
          2      22500 3486.56045   -1.03521   -0.00314   -1.04132    0.00346   -3.39062   -1.03231   -1.94600
          2      22600 3501.90227   -1.03522   -0.00312   -1.04120    0.00343   -3.39062   -1.03231   -1.94600
          2      22700 3516.82583   -1.03524   -0.00311   -1.04126    0.00343   -3.39062   -1.03231   -1.94600
          2      22800 3532.48208   -1.03525   -0.00309   -1.04127    0.00345   -3.39062   -1.03231   -1.94600
          2      22900 3548.00666   -1.03527   -0.00308   -1.04119    0.00347   -3.39062   -1.03231   -1.94600
          2      23000 3563.00828   -1.03528   -0.00306   -1.04129    0.00345   -3.39062   -1.03231   -1.94600
          2      23100 3578.54552   -1.03529   -0.00305   -1.04126    0.00344   -3.39062   -1.03231   -1.94600
          2      23200 3593.48445   -1.03531   -0.00304   -1.04125    0.00347   -3.39062   -1.03231   -1.94600
          2      23241 3600.19290   -1.03531   -0.00303   -1.04123    0.00342   -3.39062   -1.03231   -1.94600
