   10000000
          8
 2106.90076
   -0.98410
    0.05210
   -1.00407
   -0.00000

    0.07046
   -0.02314
   -0.05799
    0.02923
   -0.02711
   -0.03740
   -0.03173
   -0.01738
   -0.02333
   -0.05498
    0.02263
    0.01839
    0.03940
    0.03634
   -0.05725
    0.07150
    0.04458
    0.03039
    0.05737
   -0.03311
   -0.04829
   -0.00030
    0.01704
    0.02418
   -0.00405
    0.03919
   -0.00644
   -0.01757
   -0.01715
   -0.02031
    0.01797
   -0.05520
   -0.02702
    0.01642
    0.03301
   -0.03286
   -0.01233
   -0.01134
    0.02950
    0.01188
    0.00618
    0.05859
    0.03437
    0.01546
   -0.06697
   -0.04033
    0.05082
   -0.06027
   -0.02498
    0.02456
    0.01959
   -0.00119
    0.06397
    0.00398
   -0.01458
    0.02458
    0.03681
    0.02297
   -0.02830
   -0.00317
   -0.06592
    0.03771
    0.03216
   -0.04962
   -0.04805
   -0.06797
   -0.04445
    0.05988
    0.02695
   -0.04765
   -0.02351
   -0.05737
   -0.02244
    0.05031
    0.02112
    0.05949
   -0.05924
    0.01630
   -0.06787
   -0.03488
   -0.03857
   -0.03697
    0.01740
   -0.06612
    0.07277
    0.05934
   -0.00113
    0.02483
    0.05521
    0.01387
    0.06400
   -0.06192
    0.05049
    0.01313
   -0.05090
   -0.02390
    0.00847
    0.02067
    0.01791
   -0.05587
   -0.04432
    0.05135
   -0.04828
   -0.00465
    0.01933
    0.05206
    0.05078
    0.02003
    0.01746
    0.03958
    0.01953
   -0.04099
   -0.01178
   -0.04066
    0.02020
   -0.04122
    0.05584
   -0.06467
   -0.03664
    0.00460
   -0.02862
   -0.05938
   -0.03291
    0.03503
   -0.06775
    0.01702
   -0.03454
    0.03113
   -0.06144
    0.00479
   -0.03067
    0.02186
   -0.02993
   -0.01501
    0.03057
    0.04561
    0.06689
    0.05101
    0.05272
   -0.04100
    0.06607
   -0.05536
    0.05623
   -0.04221
    0.02124
    0.02098
   -0.02031
    0.01321
   -0.03701
   -0.03086
   -0.04418
    0.05765
   -0.02890
    0.00679
   -0.01033
   -0.04683
    0.05206
   -0.06597
    0.03564
   -0.00840
    0.06013
    0.02635
   -0.01814
    0.01966
   -0.05743
    0.05050
   -0.01942
    0.04975
    0.06026
   -0.06538
    0.04801
   -0.04093
   -0.01066
   -0.01940
   -0.00713
    0.03131
    0.06949
   -0.04765
    0.02430
   -0.04269
   -0.05515
   -0.03731
   -0.04255
    0.00585
    0.04794
   -0.03936
    0.03389
    0.01774
    0.02313
   -0.01551
   -0.01910
   -0.01557
    0.08169
   -0.02009
   -0.03195
    0.02532
    0.02685
    0.04860
    0.05193
   -0.06338
    0.05172
    0.06588
   -0.02964
    0.06275
   -0.01362
   -0.01230
    0.04635
    0.03664
    0.05714
   -0.02993
   -0.07180
    0.05721
    0.03752
    0.00255
    0.07141
   -0.03883
    0.03898
    0.00403
   -0.05957
    0.03178
   -0.05541
   -0.07092
   -0.05971
   -0.05465
    0.05480
    0.03401
   -0.02937
   -0.01336
    0.03177
    0.04290
    0.02415
    0.07252
   -0.03601
   -0.04557
    0.03925
   -0.02883
   -0.00164
   -0.04114
    0.04103
    0.03844
    0.01098
   -0.03147
    0.02219
    0.04113
   -0.00991
    0.01757
   -0.03382
   -0.00568
   -0.06012
    0.05387
   -0.00296
    0.06837
    0.01392
    0.05444
   -0.00112
    0.05614
   -0.06349
   -0.03955
   -0.04928
   -0.03141
    0.00507
   -0.01043
   -0.02342
   -0.01453
    0.03187
    0.02909
   -0.00451
    0.00067
    0.03408
   -0.01545
   -0.03866
    0.00041
   -0.04397
   -0.07965
   -0.01115
    0.03365
   -0.04329
   -0.01246
    0.04497
    0.06235
    0.06214
    0.05536
   -0.01413
   -0.01230
    0.04031
   -0.00877
    0.02963
    0.03637
   -0.05555
   -0.04366
    0.05940
    0.01687
    0.06463
   -0.00409
    0.05190
   -0.00965
   -0.02708
    0.04176
    0.06346
    0.01064
    0.05056
   -0.05975
    0.00904
   -0.00551
    0.00311
    0.04500
   -0.02893
   -0.02131
    0.01699
    0.05381
   -0.03297
    0.07146
   -0.03069
   -0.01940
   -0.00312
    0.01390
   -0.05199
   -0.05566
   -0.05883
   -0.02664
   -0.00001
    0.00255
   -0.02586
    0.01771
    0.01913
   -0.01574
    0.06008
    0.03716
   -0.04536
    0.06560
    0.05638
    0.05882
   -0.02967
   -0.06364
   -0.04496
    0.06265
    0.05879
    0.01398
    0.01436
    0.03788
   -0.04777
    0.03370
   -0.02310
    0.00596
    0.03955
    0.05415
   -0.00451
   -0.05596
    0.00230
    0.00551
   -0.01185
    0.00594
   -0.06165
   -0.02316
    0.05514
   -0.06906
    0.03790
   -0.03949
    0.04983
   -0.05779
   -0.00444
   -0.00928
    0.05323
   -0.03649
   -0.07506
   -0.05571
   -0.03114
    0.00864
    0.06170
   -0.04674
   -0.04330
   -0.00796
   -0.01745
   -0.02202
    0.01419
   -0.05086
   -0.05726
    0.00349
   -0.07099
   -0.05266
    0.04478
    0.01752
    0.06813
    0.02756
   -0.06790
   -0.05356
   -0.06897
    0.01902
   -0.05764
   -0.03858
    0.03279
   -0.00783
   -0.00222
   -0.06233
   -0.03538
    0.05873
    0.03210
   -0.03606
    0.02934
   -0.01219
   -0.03005
   -0.03173
    0.01565
   -0.03438
   -0.05554
   -0.04910
    0.00934
   -0.05200
    0.03163
   -0.03111
    0.01388
    0.06912
   -0.06320
   -0.05053
   -0.02814
   -0.04293
    0.00299
   -0.04352
   -0.01852
    0.05813
   -0.04120
   -0.02707
   -0.03681
   -0.01984
    0.04077
    0.00851
    0.01308
   -0.02047
    0.01372
    0.05652
   -0.06708
    0.04509
   -0.02933
   -0.04325
    0.00207
    0.06603
    0.00784
   -0.03936
    0.05776
   -0.02686
   -0.04306
   -0.03012
   -0.02196
    0.00099
   -0.00138
    0.04930
    0.02155
    0.01621
    0.05096
   -0.05453
   -0.07427
    0.07114
   -0.02821
   -0.03342
   -0.00578
   -0.01932
   -0.06723
   -0.06377
   -0.04296
    0.02478
   -0.02829
   -0.06107
    0.05851
    0.07564
   -0.00044
   -0.01906
    0.04406
   -0.00678
    0.01890
    0.01735
    0.07155
    0.02050
    0.00445
   -0.02957
   -0.04332
   -0.03247
    0.02668
   -0.02428
    0.06225
   -0.03130
   -0.07903
   -0.06616
    0.00975
    0.03603
   -0.00592
   -0.03685
    0.06450
   -0.05383
    0.01767
   -0.02867
   -0.02287
    0.05003
    0.03822
   -0.03282
   -0.04813
    0.03858
   -0.04734
    0.03034
   -0.05298
   -0.07641
    0.02394
   -0.03806
   -0.02529
   -0.03129
    0.02819
    0.06209
   -0.03065
    0.05394
    0.03900
   -0.04545
    0.03091
   -0.04038
    0.01504
    0.03406
   -0.02524
   -0.04687
    0.01651
    0.02571
    0.06312
   -0.00628
    0.04955
   -0.02986
    0.00290
    0.00376
   -0.05085
    0.03358
    0.00924
    0.03149
    0.02671
    0.05880
    0.03768
    0.06021
    0.00808
    0.04392
   -0.05468
   -0.02545
    0.02369
   -0.04499
   -0.06217
    0.01190
   -0.06745
    0.00810
   -0.00244
    0.03383
    0.06431
    0.05331
   -0.04888
    0.05337
   -0.04794
    0.04798
    0.01066
   -0.01468
    0.02040
    0.05070
   -0.02636
   -0.06645
   -0.05214
    0.01100
    0.02032
    0.03268
   -0.05352
    0.01814
    0.08107
    0.05786
   -0.03083
   -0.05536
   -0.03405
   -0.02380
   -0.07843
    0.00789
    0.06608
    0.01678
    0.01614
   -0.03566
   -0.06678
    0.03933
    0.04177
   -0.02452
    0.05389
    0.04658
   -0.05945
   -0.01268
    0.03695
   -0.01843
    0.02453
   -0.04716
    0.03383
   -0.01620
   -0.01460
    0.01904
    0.06094
    0.00421
   -0.03864
    0.02303
    0.00064
   -0.01958
   -0.01054
   -0.06157
    0.02751
   -0.01643

    0.07491
   -0.02196
   -0.05306
    0.02624
   -0.03407
   -0.02909
   -0.02198
   -0.01164
   -0.02332
   -0.07130
    0.01495
    0.02352
    0.04264
    0.03262
   -0.05058
    0.06939
    0.04289
    0.02305
    0.06109
   -0.03340
   -0.05199
    0.00054
    0.01448
    0.02467
   -0.00238
    0.03311
   -0.01091
   -0.01768
   -0.01753
   -0.01010
    0.02075
   -0.05548
   -0.02477
    0.01714
    0.03382
   -0.02885
   -0.00682
   -0.01716
    0.03189
    0.00552
    0.00465
    0.05861
    0.03162
    0.01944
   -0.06931
   -0.04355
    0.03661
   -0.05663
   -0.02274
    0.01975
    0.02612
    0.00314
    0.07793
    0.00755
   -0.01752
    0.01945
    0.03523
    0.02652
   -0.03266
   -0.00896
   -0.06207
    0.03378
    0.03410
   -0.05493
   -0.04029
   -0.07347
   -0.05172
    0.06282
    0.03281
   -0.04568
   -0.01921
   -0.06007
   -0.02089
    0.04568
    0.02067
    0.04936
   -0.05024
    0.01062
   -0.06026
   -0.03199
   -0.04404
   -0.03086
    0.01266
   -0.06408
    0.06999
    0.06170
    0.00212
    0.03448
    0.05420
    0.00759
    0.05891
   -0.05600
    0.04453
    0.02199
   -0.05158
   -0.02047
    0.00559
    0.01901
    0.01611
   -0.05095
   -0.05399
    0.05359
   -0.04252
   -0.00087
    0.01946
    0.06160
    0.04694
    0.02210
    0.00948
    0.04245
    0.01560
   -0.03256
   -0.01661
   -0.03608
    0.02231
   -0.05299
    0.05411
   -0.07293
   -0.03243
    0.00088
   -0.03961
   -0.05528
   -0.03056
    0.03800
   -0.07241
    0.01430
   -0.04440
    0.03397
   -0.05442
    0.00359
   -0.02438
    0.01127
   -0.03234
   -0.01396
    0.03434
    0.04249
    0.06250
    0.04843
    0.05476
   -0.04536
    0.06677
   -0.05403
    0.05473
   -0.03680
    0.01040
    0.02167
   -0.01661
    0.01645
   -0.04133
   -0.02350
   -0.04249
    0.05916
   -0.02545
    0.00686
   -0.01383
   -0.03851
    0.05426
   -0.06948
    0.02931
   -0.01277
    0.05720
    0.03332
   -0.01996
    0.01247
   -0.05789
    0.04854
   -0.01611
    0.05075
    0.05582
   -0.06806
    0.05103
   -0.05135
   -0.01806
   -0.02119
   -0.00360
    0.03778
    0.06467
   -0.05708
    0.02232
   -0.04860
   -0.05151
   -0.03985
   -0.03575
    0.00722
    0.04448
   -0.03450
    0.03823
    0.01999
    0.01748
   -0.01270
   -0.01897
   -0.01674
    0.08179
   -0.02151
   -0.04138
    0.02750
    0.01921
    0.04163
    0.04456
   -0.04992
    0.04576
    0.06498
   -0.03579
    0.07158
   -0.01253
   -0.00916
    0.04151
    0.03708
    0.06161
   -0.02657
   -0.08084
    0.05169
    0.03607
   -0.00279
    0.06867
   -0.04241
    0.03813
    0.00771
   -0.05582
    0.03351
   -0.04745
   -0.08042
   -0.05299
   -0.05445
    0.05891
    0.02868
   -0.02716
   -0.00858
    0.03225
    0.04282
    0.02548
    0.06398
   -0.03464
   -0.04317
    0.03337
   -0.02412
   -0.00153
   -0.05164
    0.03897
    0.03538
    0.00641
   -0.02985
    0.02736
    0.03761
   -0.00523
    0.01599
   -0.03161
   -0.01147
   -0.05598
    0.05474
   -0.00049
    0.05958
    0.01542
    0.06359
    0.00008
    0.05925
   -0.06849
   -0.04494
   -0.04621
   -0.02896
   -0.00302
   -0.00346
   -0.01760
   -0.01621
    0.03124
    0.02042
   -0.00210
   -0.00213
    0.03636
   -0.01070
   -0.04109
   -0.00585
   -0.04588
   -0.07712
   -0.01445
    0.02960
   -0.03763
   -0.01313
    0.03774
    0.05154
    0.06707
    0.05558
   -0.01181
   -0.02033
    0.03576
   -0.02346
    0.02582
    0.02679
   -0.05991
   -0.03885
    0.06143
    0.02676
    0.06334
   -0.00329
    0.05597
   -0.00795
   -0.02461
    0.04455
    0.05769
    0.01588
    0.05398
   -0.06144
    0.01298
   -0.00392
   -0.00044
    0.03831
   -0.02418
   -0.01637
    0.02272
    0.05633
   -0.03448
    0.06885
   -0.02546
   -0.01943
    0.00302
    0.01613
   -0.05042
   -0.05671
   -0.04790
   -0.02635
    0.00500
   -0.00297
   -0.01913
    0.02046
    0.01186
   -0.01423
    0.06406
    0.03745
   -0.05154
    0.06707
    0.05652
    0.06858
   -0.03421
   -0.06435
   -0.04297
    0.06705
    0.05708
    0.01499
    0.01517
    0.03729
   -0.04358
    0.03075
   -0.01686
    0.00930
    0.03305
    0.05306
   -0.01033
   -0.06191
    0.00936
    0.00227
   -0.00834
   -0.00390
   -0.06395
   -0.02278
    0.05638
   -0.08057
    0.04014
   -0.03569
    0.04720
   -0.05860
   -0.00528
   -0.01567
    0.05235
   -0.02805
   -0.07642
   -0.04733
   -0.03538
    0.00877
    0.05622
   -0.04092
   -0.04113
   -0.00812
   -0.01559
   -0.02579
    0.01016
   -0.04821
   -0.06036
    0.00474
   -0.08196
   -0.05308
    0.04675
    0.03009
    0.06675
    0.03086
   -0.06526
   -0.04987
   -0.06994
    0.02664
   -0.05595
   -0.03529
    0.03384
   -0.00871
   -0.00830
   -0.05779
   -0.03562
    0.05974
    0.03104
   -0.03564
    0.02360
   -0.01430
   -0.02577
   -0.02206
    0.00957
   -0.02630
   -0.05193
   -0.05301
    0.01269
   -0.05100
    0.03291
   -0.02498
    0.01976
    0.07836
   -0.06753
   -0.05479
   -0.02476
   -0.03750
   -0.00144
   -0.03978
   -0.02667
    0.05474
   -0.03208
   -0.03022
   -0.04998
   -0.01505
    0.03937
    0.00917
    0.01853
   -0.02283
    0.00748
    0.05581
   -0.06148
    0.05144
   -0.03406
   -0.04571
    0.00198
    0.06914
    0.00847
   -0.03120
    0.05120
   -0.02629
   -0.04370
   -0.03224
   -0.02921
    0.00099
   -0.00349
    0.04689
    0.01303
    0.02506
    0.04624
   -0.05413
   -0.07297
    0.06954
   -0.02705
   -0.02389
   -0.01025
   -0.01597
   -0.07970
   -0.06754
   -0.04148
    0.02011
   -0.03171
   -0.05194
    0.05921
    0.07607
    0.00306
   -0.01679
    0.04165
    0.00044
    0.01554
    0.02084
    0.07806
    0.02651
    0.00805
   -0.02060
   -0.03128
   -0.03471
    0.02707
   -0.02162
    0.06177
   -0.03031
   -0.07624
   -0.06164
   -0.00366
    0.03074
    0.00201
   -0.04440
    0.05955
   -0.05345
    0.01355
   -0.02134
   -0.03124
    0.05151
    0.03781
   -0.03068
   -0.04492
    0.04131
   -0.04882
    0.03069
   -0.05111
   -0.07960
    0.02372
   -0.04819
   -0.03465
   -0.02884
    0.03014
    0.06726
   -0.03069
    0.05257
    0.03960
   -0.04599
    0.03791
   -0.03952
    0.01820
    0.02921
   -0.02080
   -0.04738
    0.02550
    0.02225
    0.05707
   -0.01198
    0.04694
   -0.03625
   -0.00374
    0.00099
   -0.04865
    0.03962
    0.01171
    0.02787
    0.02306
    0.05613
    0.04673
    0.06739
    0.01061
    0.04586
   -0.04785
   -0.02556
    0.02789
   -0.05836
   -0.05700
    0.02466
   -0.06436
    0.01143
   -0.00371
    0.03780
    0.06158
    0.05091
   -0.05580
    0.05752
   -0.04979
    0.04950
    0.00764
   -0.01486
    0.01791
    0.04908
   -0.02962
   -0.06335
   -0.04920
    0.01424
    0.02152
    0.02823
   -0.05182
    0.02343
    0.08714
    0.05734
   -0.04212
   -0.05477
   -0.03401
   -0.01375
   -0.08246
    0.00935
    0.06535
    0.02014
    0.01369
   -0.03494
   -0.06044
    0.03726
    0.03529
   -0.02524
    0.05782
    0.05276
   -0.06202
   -0.02526
    0.04449
   -0.00943
    0.01235
   -0.04722
    0.04475
   -0.01233
   -0.01176
    0.01854
    0.06195
    0.00170
   -0.04236
    0.03071
    0.00108
   -0.01431
   -0.01080
   -0.06180
    0.02462
   -0.01761
