          1          0    0.00000   -0.14199    0.15167   -0.14199    0.15167   -4.56297    4.56297    0.00000
          1         41    2.99081    0.01299   -0.00571   -0.10337   -0.00683   -4.56297   -0.10337    0.00000
          2          0    2.99081   -0.04721   -0.04919   -0.10337   -0.00683   -4.56297   -0.10337   -2.33317
          2        100    9.82093   -0.53247    0.66114   -0.67666    1.55581   -4.56297   -0.10337   -2.33317
          2        200   16.73505   -0.59447    0.86629   -0.71958    1.44830   -4.56297   -0.10337   -2.33317
          2        300   23.25974   -0.61983    0.96628   -0.70173    1.50939   -4.56297   -0.10337   -2.33317
          2        400   29.56750   -0.63464    1.02842   -0.69280    1.40461   -4.56297   -0.10337   -2.33317
          2        500   35.86514   -0.64458    1.07146   -0.70872    1.43148   -4.56297   -0.10337   -2.33317
          2        600   42.33693   -0.65176    1.10379   -0.71781    1.44774   -4.56297   -0.10337   -2.33317
          2        700   48.89908   -0.65724    1.12925   -0.71883    1.45854   -4.56297   -0.10337   -2.33317
          2        800   55.22871   -0.66161    1.14993   -0.71310    1.47882   -4.56297   -0.10337   -2.33317
          2        900   62.08665   -0.66518    1.16722   -0.70923    1.49140   -4.56297   -0.10337   -2.33317
          2       1000   68.70790   -0.66820    1.18188   -0.71982    1.45204   -4.56297   -0.10337   -2.33317
          2       1100   75.12447   -0.67079    1.19448   -0.71415    1.44214   -4.56297   -0.10337   -2.33317
          2       1200   81.52757   -0.67304    1.20550   -0.71285    1.43991   -4.56297   -0.10337   -2.33317
          2       1300   88.28339   -0.67502    1.21520   -0.71894    1.45952   -4.56297   -0.10337   -2.33317
          2       1400   94.85205   -0.67678    1.22385   -0.71157    1.48512   -4.56297   -0.10337   -2.33317
          2       1500  101.23065   -0.67836    1.23167   -0.71375    1.44181   -4.56297   -0.10337   -2.33317
          2       1600  107.46520   -0.67977    1.23875   -0.71876    1.46042   -4.56297   -0.10337   -2.33317
          2       1700  113.66170   -0.68105    1.24521   -0.71217    1.48342   -4.56297   -0.10337   -2.33317
          2       1800  120.47680   -0.68222    1.25114   -0.71479    1.44378   -4.56297   -0.10337   -2.33317
          2       1900  127.00401   -0.68328    1.25661   -0.71863    1.46108   -4.56297   -0.10337   -2.33317
          2       2000  134.26667   -0.68427    1.26165   -0.71146    1.48595   -4.56297   -0.10337   -2.33317
          2       2100  140.88521   -0.68518    1.26634   -0.71978    1.45659   -4.56297   -0.10337   -2.33317
          2       2200  147.51986   -0.68604    1.27070   -0.71127    1.43817   -4.56297   -0.10337   -2.33317
          2       2300  154.03680   -0.68683    1.27475   -0.71405    1.47756   -4.56297   -0.10337   -2.33317
          2       2400  160.64091   -0.68758    1.27856   -0.71685    1.46782   -4.56297   -0.10337   -2.33317
          2       2500  167.08061   -0.68827    1.28214   -0.71982    1.45669   -4.56297   -0.10337   -2.33317
          2       2600  173.94469   -0.68893    1.28551   -0.71758    1.44917   -4.56297   -0.10337   -2.33317
          2       2700  180.73380   -0.68955    1.28870   -0.71252    1.44052   -4.56297   -0.10337   -2.33317
          2       2800  187.47250   -0.69013    1.29171   -0.71273    1.48225   -4.56297   -0.10337   -2.33317
          2       2900  194.04168   -0.69068    1.29457   -0.71502    1.47448   -4.56297   -0.10337   -2.33317
          2       3000  200.53917   -0.69120    1.29729   -0.71750    1.46561   -4.56297   -0.10337   -2.33317
          2       3100  207.43235   -0.69169    1.29989   -0.72015    1.45547   -4.56297   -0.10337   -2.33317
          2       3200  214.33108   -0.69216    1.30236   -0.71699    1.44822   -4.56297   -0.10337   -2.33317
          2       3300  221.04656   -0.69261    1.30471   -0.71619    1.44685   -4.56297   -0.10337   -2.33317
          2       3400  228.06784   -0.69304    1.30695   -0.71618    1.44689   -4.56297   -0.10337   -2.33317
          2       3500  234.83961   -0.69345    1.30910   -0.71627    1.44707   -4.56297   -0.10337   -2.33317
          2       3600  241.58786   -0.69385    1.31115   -0.71829    1.45070   -4.56297   -0.10337   -2.33317
          2       3700  248.03874   -0.69422    1.31312   -0.72041    1.45464   -4.56297   -0.10337   -2.33317
          2       3800  254.90076   -0.69459    1.31502   -0.71968    1.45765   -4.56297   -0.10337   -2.33317
          2       3900  261.66075   -0.69493    1.31684   -0.71803    1.46389   -4.56297   -0.10337   -2.33317
          2       4000  268.35904   -0.69527    1.31859   -0.71741    1.46629   -4.56297   -0.10337   -2.33317
          2       4100  274.88331   -0.69559    1.32028   -0.71599    1.47142   -4.56297   -0.10337   -2.33317
          2       4200  281.29153   -0.69589    1.32192   -0.71545    1.47337   -4.56297   -0.10337   -2.33317
          2       4300  288.27367   -0.69619    1.32349   -0.71422    1.47763   -4.56297   -0.10337   -2.33317
          2       4400  294.54619   -0.69648    1.32502   -0.71267    1.44106   -4.56297   -0.10337   -2.33317
          2       4500  301.72449   -0.69676    1.32648   -0.71658    1.44779   -4.56297   -0.10337   -2.33317
          2       4600  308.11987   -0.69703    1.32790   -0.72017    1.45412   -4.56297   -0.10337   -2.33317
          2       4700  314.56647   -0.69728    1.32928   -0.71913    1.46002   -4.56297   -0.10337   -2.33317
          2       4800  321.53958   -0.69754    1.33061   -0.71643    1.46997   -4.56297   -0.10337   -2.33317
          2       4900  327.67116   -0.69778    1.33190   -0.71257    1.44098   -4.56297   -0.10337   -2.33317
          2       5000  334.62236   -0.69802    1.33315   -0.71800    1.45039   -4.56297   -0.10337   -2.33317
          2       5100  341.26843   -0.69824    1.33436   -0.71914    1.46003   -4.56297   -0.10337   -2.33317
          2       5200  347.73481   -0.69847    1.33554   -0.71641    1.47011   -4.56297   -0.10337   -2.33317
          2       5300  355.04976   -0.69868    1.33669   -0.71351    1.44267   -4.56297   -0.10337   -2.33317
          2       5400  361.98986   -0.69889    1.33780   -0.71910    1.45239   -4.56297   -0.10337   -2.33317
          2       5500  368.70332   -0.69910    1.33888   -0.71843    1.46266   -4.56297   -0.10337   -2.33317
          2       5600  376.00689   -0.69929    1.33994   -0.71631    1.47053   -4.56297   -0.10337   -2.33317
          2       5700  382.48802   -0.69949    1.34097   -0.71459    1.44460   -4.56297   -0.10337   -2.33317
          2       5800  389.02708   -0.69967    1.34197   -0.72035    1.45519   -4.56297   -0.10337   -2.33317
          2       5900  395.63602   -0.69985    1.34294   -0.71743    1.46655   -4.56297   -0.10337   -2.33317
          2       6000  402.05148   -0.70003    1.34389   -0.71361    1.44288   -4.56297   -0.10337   -2.33317
          2       6100  408.09778   -0.70021    1.34481   -0.72033    1.45531   -4.56297   -0.10337   -2.33317
          2       6200  414.58372   -0.70038    1.34571   -0.71683    1.46871   -4.56297   -0.10337   -2.33317
          2       6300  421.62085   -0.70054    1.34660   -0.71699    1.44873   -4.56297   -0.10337   -2.33317
          2       6400  428.16327   -0.70070    1.34746   -0.71923    1.45983   -4.56297   -0.10337   -2.33317
          2       6500  434.84624   -0.70086    1.34830   -0.71596    1.47194   -4.56297   -0.10337   -2.33317
          2       6600  441.54949   -0.70101    1.34912   -0.71859    1.45161   -4.56297   -0.10337   -2.33317
          2       6700  448.44592   -0.70116    1.34992   -0.71821    1.46368   -4.56297   -0.10337   -2.33317
          2       6800  455.43453   -0.70131    1.35071   -0.71414    1.44387   -4.56297   -0.10337   -2.33317
          2       6900  462.34105   -0.70145    1.35148   -0.72027    1.45565   -4.56297   -0.10337   -2.33317
          2       7000  469.02536   -0.70159    1.35223   -0.71699    1.46820   -4.56297   -0.10337   -2.33317
          2       7100  475.46841   -0.70173    1.35297   -0.71754    1.44975   -4.56297   -0.10337   -2.33317
          2       7200  481.88824   -0.70187    1.35369   -0.71847    1.46274   -4.56297   -0.10337   -2.33317
          2       7300  488.91573   -0.70200    1.35439   -0.71481    1.44512   -4.56297   -0.10337   -2.33317
          2       7400  495.72529   -0.70213    1.35508   -0.71930    1.45964   -4.56297   -0.10337   -2.33317
          2       7500  502.39963   -0.70225    1.35576   -0.71395    1.44360   -4.56297   -0.10337   -2.33317
          2       7600  509.01588   -0.70238    1.35642   -0.72010    1.45640   -4.56297   -0.10337   -2.33317
          2       7700  515.22362   -0.70250    1.35707   -0.71630    1.47083   -4.56297   -0.10337   -2.33317
          2       7800  521.76944   -0.70262    1.35771   -0.72042    1.45509   -4.56297   -0.10337   -2.33317
          2       7900  528.20958   -0.70273    1.35834   -0.71703    1.46813   -4.56297   -0.10337   -2.33317
          2       8000  535.06635   -0.70285    1.35895   -0.71892    1.45230   -4.56297   -0.10337   -2.33317
          2       8100  541.79602   -0.70296    1.35955   -0.71736    1.46694   -4.56297   -0.10337   -2.33317
          2       8200  548.80601   -0.70307    1.36015   -0.71786    1.45040   -4.56297   -0.10337   -2.33317
          2       8300  555.39311   -0.70318    1.36073   -0.71813    1.46414   -4.56297   -0.10337   -2.33317
          2       8400  561.82442   -0.70328    1.36130   -0.71771    1.45014   -4.56297   -0.10337   -2.33317
          2       8500  568.19386   -0.70339    1.36186   -0.71788    1.46511   -4.56297   -0.10337   -2.33317
          2       8600  574.96650   -0.70349    1.36241   -0.71820    1.45104   -4.56297   -0.10337   -2.33317
          2       8700  581.19556   -0.70359    1.36295   -0.71745    1.46664   -4.56297   -0.10337   -2.33317
          2       8800  587.86714   -0.70369    1.36348   -0.71904    1.45255   -4.56297   -0.10337   -2.33317
          2       8900  594.47447   -0.70379    1.36400   -0.71732    1.46716   -4.56297   -0.10337   -2.33317
          2       8988  600.01720   -0.70387    1.36446   -0.71784    1.45041   -4.56297   -0.10337   -2.33317
