          0          0    0.00000   -0.23271    0.09760   -0.23271    0.09760
          0          3    0.07800    0.25288    1.34756    0.25288    1.34756
          0          7    0.16175    0.25288    1.34756    0.37555    0.10800
          0         13    0.24197    0.25288    1.34756    0.27397    0.03588
          0         25    0.38769    0.25288    1.34756    0.27952    0.09691
          0         49    0.99776    0.25288    1.34755    0.21312   -0.01683
          1          0    1.40500    0.21312   -0.01683    0.21312   -0.01683
          1        100    2.42137   -0.14978    0.02066   -0.17307   -0.00600
          1        200    3.33788   -0.17979    0.01296   -0.18781   -0.00334
          1        300    4.28929   -0.19112    0.01059   -0.17460   -0.02268
          1        400    5.27772   -0.19615    0.00854   -0.18818   -0.01268
          1        500    6.52736   -0.19904    0.00704   -0.19726   -0.00314
          1        600    7.86215   -0.20104    0.00597   -0.19032   -0.01340
          1        700    8.83030   -0.20247    0.00519   -0.19764   -0.00640
          1        800    9.96603   -0.20365    0.00465   -0.19689   -0.00590
          1        900   11.22361   -0.20463    0.00429   -0.20192   -0.00255
          1       1000   12.16163   -0.20535    0.00394   -0.20196   -0.00297
          1       1100   12.98461   -0.20591    0.00361   -0.19543   -0.01091
          1       1200   13.83839   -0.20642    0.00338   -0.19783   -0.00847
          1       1300   15.08051   -0.20682    0.00315   -0.19897   -0.00772
          1       1400   16.05546   -0.20716    0.00295   -0.20264   -0.00284
          1       1500   17.51688   -0.20747    0.00279   -0.20270   -0.00409
          1       1600   18.68490   -0.20772    0.00262   -0.20107   -0.00609
          1       1700   19.69898   -0.20794    0.00248   -0.20533   -0.00035
          1       1800   20.67242   -0.20814    0.00236   -0.20100   -0.00622
          1       1900   21.84985   -0.20832    0.00225   -0.20443   -0.00212
          1       2000   22.78266   -0.20849    0.00215   -0.20433   -0.00313
          1       2100   24.13080   -0.20863    0.00205   -0.20469   -0.00225
          1       2200   25.36558   -0.20875    0.00195   -0.20449   -0.00269
          1       2300   26.88417   -0.20887    0.00188   -0.20400   -0.00344
          1       2400   27.86613   -0.20897    0.00180   -0.20447   -0.00350
          1       2500   28.95533   -0.20906    0.00171   -0.20489   -0.00225
          1       2600   30.05281   -0.20915    0.00165   -0.20318   -0.00489
          1       2700   30.97802   -0.20922    0.00158   -0.20539   -0.00204
          1       2800   32.17924   -0.20929    0.00152   -0.20329   -0.00503
          1       2900   33.25303   -0.20936    0.00146   -0.20469   -0.00366
          1       3000   34.41863   -0.20942    0.00141   -0.20375   -0.00472
          1       3100   35.49957   -0.20948    0.00136   -0.20482   -0.00368
          1       3200   36.70895   -0.20954    0.00132   -0.20403   -0.00454
          1       3300   37.73681   -0.20960    0.00128   -0.20510   -0.00348
          1       3400   38.93631   -0.20965    0.00124   -0.20442   -0.00424
          1       3500   40.07914   -0.20970    0.00120   -0.20514   -0.00356
          1       3600   41.14039   -0.20974    0.00117   -0.20487   -0.00388
          1       3700   42.26324   -0.20979    0.00113   -0.20514   -0.00365
          1       3800   43.41823   -0.20983    0.00110   -0.20523   -0.00359
          1       3900   44.69269   -0.20987    0.00108   -0.20534   -0.00352
          1       4000   45.91985   -0.20991    0.00105   -0.20545   -0.00344
          1       4100   47.15648   -0.20995    0.00103   -0.20555   -0.00337
          1       4200   48.09614   -0.20998    0.00100   -0.20564   -0.00331
          1       4300   49.08296   -0.21002    0.00098   -0.20574   -0.00324
          1       4400   50.30088   -0.21005    0.00096   -0.20582   -0.00318
          1       4500   51.21347   -0.21008    0.00094   -0.20591   -0.00312
          1       4600   52.37943   -0.21011    0.00092   -0.20599   -0.00307
          1       4700   53.54269   -0.21014    0.00090   -0.20607   -0.00301
          1       4800   55.01148   -0.21017    0.00089   -0.20614   -0.00296
          1       4900   56.22544   -0.21020    0.00087   -0.20621   -0.00291
          1       5000   57.44048   -0.21022    0.00085   -0.20628   -0.00287
          1       5100   58.49358   -0.21025    0.00084   -0.20635   -0.00282
          1       5200   59.44204   -0.21027    0.00082   -0.20641   -0.00278
          1       5300   60.43577   -0.21029    0.00081   -0.20647   -0.00274
          1       5400   61.59973   -0.21032    0.00080   -0.20653   -0.00270
          1       5500   62.76276   -0.21034    0.00078   -0.20659   -0.00266
          1       5600   63.96967   -0.21036    0.00077   -0.20665   -0.00262
          1       5700   64.96218   -0.21038    0.00076   -0.20670   -0.00259
          1       5800   66.27021   -0.21040    0.00075   -0.20675   -0.00255
          1       5900   67.35548   -0.21042    0.00074   -0.20680   -0.00252
          1       6000   68.25099   -0.21043    0.00073   -0.20685   -0.00249
          1       6100   69.24551   -0.21045    0.00072   -0.20689   -0.00246
          1       6200   70.24915   -0.21047    0.00071   -0.20694   -0.00243
          1       6300   71.16566   -0.21048    0.00070   -0.20698   -0.00240
          1       6400   72.05702   -0.21050    0.00069   -0.20702   -0.00237
          1       6500   72.93201   -0.21051    0.00068   -0.20706   -0.00234
          1       6600   74.20148   -0.21053    0.00067   -0.20710   -0.00232
          1       6700   75.40703   -0.21054    0.00066   -0.20714   -0.00229
          1       6800   76.43441   -0.21055    0.00065   -0.20718   -0.00227
          1       6900   77.60443   -0.21057    0.00064   -0.20721   -0.00224
          1       7000   78.86557   -0.21058    0.00064   -0.20725   -0.00222
          1       7100   80.19363   -0.21059    0.00063   -0.20728   -0.00220
          1       7200   81.42026   -0.21060    0.00062   -0.20731   -0.00218
          1       7300   82.45201   -0.21061    0.00061   -0.20735   -0.00216
          1       7400   83.72963   -0.21063    0.00060   -0.20738   -0.00214
          1       7500   84.91293   -0.21064    0.00060   -0.20741   -0.00212
          1       7600   86.11539   -0.21065    0.00059   -0.20743   -0.00210
          1       7700   87.03915   -0.21066    0.00058   -0.20746   -0.00208
          1       7800   87.96831   -0.21067    0.00058   -0.20749   -0.00207
          1       7900   89.03114   -0.21067    0.00057   -0.20752   -0.00205
          1       8000   90.09826   -0.21068    0.00056   -0.20754   -0.00203
          1       8100   91.19103   -0.21069    0.00056   -0.20757   -0.00202
          1       8200   92.12228   -0.21070    0.00055   -0.20759   -0.00200
          1       8300   93.38230   -0.21071    0.00054   -0.20762   -0.00198
          1       8400   94.32529   -0.21072    0.00054   -0.20764   -0.00197
          1       8500   95.29212   -0.21072    0.00055   -0.20766   -0.00196
          1       8600   96.28366   -0.21073    0.00056   -0.20769   -0.00194
          1       8700   97.45990   -0.21074    0.00057   -0.20771   -0.00193
          1       8800   98.40975   -0.21074    0.00057   -0.20773   -0.00191
          1       8900   99.38369   -0.21075    0.00058   -0.20775   -0.00190
          1       9000  100.40877   -0.21076    0.00059   -0.20777   -0.00189
          1       9100  101.52652   -0.21076    0.00060   -0.20779   -0.00188
          1       9200  102.48360   -0.21077    0.00061   -0.20781   -0.00187
          1       9300  103.40408   -0.21077    0.00061   -0.20783   -0.00185
          1       9400  104.70101   -0.21078    0.00062   -0.20785   -0.00184
          1       9500  105.75909   -0.21079    0.00063   -0.20786   -0.00183
          1       9600  106.76340   -0.21079    0.00063   -0.20788   -0.00182
          1       9700  107.78658   -0.21079    0.00064   -0.20790   -0.00181
          1       9800  108.70657   -0.21080    0.00065   -0.20791   -0.00180
          1       9900  109.86552   -0.21080    0.00065   -0.20793   -0.00179
          1      10000  111.08237   -0.21081    0.00066   -0.20795   -0.00178
          1      10100  112.26815   -0.21081    0.00066   -0.20796   -0.00177
          1      10200  113.70857   -0.21082    0.00067   -0.20798   -0.00176
          1      10300  115.15461   -0.21082    0.00067   -0.20799   -0.00175
          1      10400  115.92317   -0.21082    0.00068   -0.20801   -0.00174
          1      10500  116.81954   -0.21083    0.00069   -0.20802   -0.00173
          1      10600  118.09504   -0.21083    0.00069   -0.20804   -0.00173
          1      10700  119.09884   -0.21083    0.00069   -0.20805   -0.00172
          1      10800  119.96940   -0.21084    0.00070   -0.20806   -0.00171
          1      10900  121.07734   -0.21084    0.00070   -0.20808   -0.00170
          1      11000  122.34519   -0.21084    0.00071   -0.20809   -0.00169
          1      11100  123.46885   -0.21085    0.00071   -0.20810   -0.00169
          1      11200  124.58020   -0.21085    0.00072   -0.20811   -0.00168
          1      11300  125.46508   -0.21085    0.00072   -0.20813   -0.00167
          1      11400  126.46246   -0.21085    0.00072   -0.20814   -0.00166
          1      11500  127.44976   -0.21086    0.00073   -0.20815   -0.00166
          1      11600  128.43798   -0.21086    0.00073   -0.20816   -0.00165
          1      11700  129.45545   -0.21086    0.00074   -0.20817   -0.00164
          1      11800  130.56576   -0.21086    0.00074   -0.20818   -0.00164
          1      11900  131.81530   -0.21086    0.00074   -0.20819   -0.00163
          1      12000  132.94689   -0.21087    0.00074   -0.20821   -0.00162
          1      12100  133.98224   -0.21087    0.00075   -0.20822   -0.00162
          1      12200  135.24115   -0.21087    0.00075   -0.20823   -0.00161
          1      12300  136.28159   -0.21087    0.00075   -0.20824   -0.00160
          1      12400  137.35395   -0.21087    0.00076   -0.20825   -0.00160
          1      12500  138.35986   -0.21087    0.00076   -0.20825   -0.00159
          1      12600  139.62839   -0.21087    0.00076   -0.20826   -0.00159
          1      12700  140.62832   -0.21088    0.00076   -0.20827   -0.00158
          1      12800  141.70913   -0.21088    0.00077   -0.20828   -0.00157
          1      12900  142.90124   -0.21088    0.00077   -0.20829   -0.00157
          1      13000  143.78726   -0.21088    0.00077   -0.20830   -0.00156
          1      13100  144.95541   -0.21088    0.00077   -0.20831   -0.00156
          1      13200  145.81994   -0.21088    0.00078   -0.20832   -0.00155
          1      13300  146.64950   -0.21088    0.00078   -0.20833   -0.00155
          1      13400  147.84495   -0.21088    0.00078   -0.20833   -0.00154
          1      13500  148.62839   -0.21088    0.00078   -0.20834   -0.00153
          1      13600  149.86375   -0.21088    0.00078   -0.20835   -0.00153
          1      13700  150.91269   -0.21088    0.00078   -0.20836   -0.00152
          1      13800  152.11023   -0.21088    0.00079   -0.20837   -0.00152
          1      13900  153.24084   -0.21088    0.00079   -0.20838   -0.00151
          1      14000  154.27737   -0.21088    0.00079   -0.20838   -0.00150
          1      14100  155.71284   -0.21088    0.00079   -0.20839   -0.00150
          1      14200  156.72376   -0.21088    0.00079   -0.20840   -0.00149
          1      14300  157.80902   -0.21088    0.00079   -0.20841   -0.00148
          1      14400  158.68934   -0.21088    0.00079   -0.20842   -0.00148
          1      14500  159.69040   -0.21088    0.00079   -0.20842   -0.00147
          1      14600  160.67983   -0.21088    0.00080   -0.20843   -0.00146
          1      14700  161.76451   -0.21088    0.00080   -0.20844   -0.00145
          1      14800  162.69100   -0.21088    0.00080   -0.20845   -0.00144
          1      14900  163.75559   -0.21088    0.00080   -0.20846   -0.00143
          1      15000  164.77708   -0.21088    0.00080   -0.20847   -0.00142
          1      15100  166.02328   -0.21088    0.00080   -0.20848   -0.00141
          1      15200  166.98586   -0.21088    0.00080   -0.20850   -0.00139
          1      15300  168.18293   -0.21088    0.00080   -0.20851   -0.00136
          1      15400  169.27374   -0.21087    0.00080   -0.20853   -0.00134
          1      15500  170.42284   -0.21087    0.00080   -0.20854   -0.00134
          1      15600  171.52881   -0.21087    0.00080   -0.20854   -0.00134
          1      15700  172.50865   -0.21087    0.00080   -0.20855   -0.00133
          1      15800  173.53370   -0.21087    0.00080   -0.20855   -0.00133
          1      15900  174.76610   -0.21087    0.00080   -0.20856   -0.00133
          1      16000  176.12245   -0.21087    0.00080   -0.20857   -0.00133
          1      16100  177.30365   -0.21086    0.00080   -0.20857   -0.00133
          1      16200  178.33040   -0.21086    0.00080   -0.20858   -0.00133
          1      16300  179.24124   -0.21086    0.00080   -0.20858   -0.00132
          1      16400  180.39284   -0.21086    0.00080   -0.20859   -0.00132
          1      16500  181.60816   -0.21086    0.00080   -0.20860   -0.00132
          1      16600  182.81457   -0.21086    0.00080   -0.20860   -0.00132
          1      16700  184.02169   -0.21086    0.00080   -0.20861   -0.00131
          1      16800  185.12613   -0.21086    0.00080   -0.20862   -0.00131
          1      16900  186.24884   -0.21085    0.00080   -0.20862   -0.00131
          1      17000  187.23379   -0.21085    0.00079   -0.20863   -0.00131
          1      17100  188.25624   -0.21085    0.00079   -0.20863   -0.00130
          1      17200  189.39044   -0.21085    0.00079   -0.20864   -0.00130
          1      17300  190.28661   -0.21085    0.00079   -0.20865   -0.00130
          1      17400  191.54750   -0.21085    0.00079   -0.20865   -0.00129
          1      17500  192.57966   -0.21085    0.00079   -0.20866   -0.00129
          1      17600  193.57434   -0.21085    0.00079   -0.20867   -0.00129
          1      17700  194.73949   -0.21085    0.00079   -0.20867   -0.00128
          1      17800  196.01074   -0.21084    0.00079   -0.20868   -0.00128
          1      17900  197.18883   -0.21084    0.00079   -0.20869   -0.00128
          1      18000  198.20840   -0.21084    0.00079   -0.20869   -0.00127
          1      18100  199.17263   -0.21084    0.00079   -0.20870   -0.00127
          1      18200  200.40983   -0.21084    0.00079   -0.20871   -0.00127
          1      18300  201.47110   -0.21084    0.00079   -0.20871   -0.00126
          1      18400  202.37486   -0.21084    0.00079   -0.20872   -0.00126
          1      18500  203.43227   -0.21084    0.00079   -0.20873   -0.00126
          1      18600  204.62674   -0.21084    0.00079   -0.20873   -0.00125
          1      18700  205.85513   -0.21084    0.00079   -0.20874   -0.00125
          1      18800  207.04234   -0.21083    0.00079   -0.20875   -0.00124
          1      18900  208.23846   -0.21083    0.00079   -0.20875   -0.00124
          1      19000  209.22361   -0.21083    0.00079   -0.20876   -0.00124
          1      19100  210.34150   -0.21083    0.00079   -0.20877   -0.00123
          1      19200  211.29745   -0.21083    0.00079   -0.20877   -0.00123
          1      19300  212.36387   -0.21083    0.00079   -0.20878   -0.00122
          1      19400  213.31526   -0.21083    0.00079   -0.20879   -0.00122
          1      19500  214.32178   -0.21083    0.00079   -0.20879   -0.00122
          1      19600  215.35909   -0.21083    0.00079   -0.20880   -0.00121
          1      19700  216.27508   -0.21083    0.00079   -0.20881   -0.00121
          1      19800  217.45734   -0.21083    0.00079   -0.20882   -0.00120
          1      19900  218.40227   -0.21083    0.00079   -0.20882   -0.00120
          1      20000  219.23397   -0.21082    0.00079   -0.20883   -0.00119
          1      20100  220.45460   -0.21082    0.00079   -0.20884   -0.00119
          1      20200  221.63838   -0.21082    0.00079   -0.20884   -0.00119
          1      20300  222.70385   -0.21082    0.00079   -0.20885   -0.00118
          1      20400  224.00866   -0.21082    0.00079   -0.20886   -0.00118
          1      20500  225.16942   -0.21082    0.00079   -0.20886   -0.00117
          1      20600  226.36168   -0.21082    0.00079   -0.20887   -0.00117
          1      20700  227.50526   -0.21082    0.00079   -0.20888   -0.00116
          1      20800  228.61437   -0.21082    0.00079   -0.20888   -0.00116
          1      20900  229.64705   -0.21082    0.00078   -0.20889   -0.00116
          1      21000  230.89265   -0.21082    0.00078   -0.20890   -0.00115
          1      21100  232.10171   -0.21082    0.00078   -0.20890   -0.00115
          1      21200  233.12220   -0.21082    0.00078   -0.20891   -0.00114
          1      21300  234.10764   -0.21082    0.00078   -0.20892   -0.00114
          1      21400  235.32714   -0.21082    0.00078   -0.20892   -0.00113
          1      21500  236.38042   -0.21081    0.00078   -0.20893   -0.00113
          1      21600  237.64342   -0.21081    0.00078   -0.20894   -0.00112
          1      21700  238.75154   -0.21081    0.00078   -0.20894   -0.00112
          1      21800  239.91105   -0.21081    0.00078   -0.20895   -0.00112
          1      21900  241.01982   -0.21081    0.00078   -0.20896   -0.00111
          1      22000  242.30715   -0.21081    0.00078   -0.20896   -0.00111
          1      22100  243.56288   -0.21081    0.00078   -0.20897   -0.00110
          1      22200  244.57360   -0.21081    0.00078   -0.20898   -0.00110
          1      22300  245.59557   -0.21081    0.00078   -0.20898   -0.00109
          1      22400  246.65988   -0.21081    0.00078   -0.20899   -0.00109
          1      22500  247.94720   -0.21081    0.00078   -0.20900   -0.00108
          1      22600  248.96724   -0.21081    0.00078   -0.20900   -0.00108
          1      22700  250.13690   -0.21081    0.00078   -0.20901   -0.00107
          1      22800  251.24376   -0.21081    0.00078   -0.20902   -0.00107
          1      22900  252.25145   -0.21081    0.00078   -0.20902   -0.00106
          1      23000  253.34175   -0.21081    0.00078   -0.20903   -0.00106
          1      23100  254.59633   -0.21081    0.00078   -0.20904   -0.00106
          1      23200  255.75672   -0.21081    0.00078   -0.20904   -0.00105
          1      23300  257.11345   -0.21081    0.00078   -0.20905   -0.00105
          1      23400  258.10393   -0.21081    0.00078   -0.20906   -0.00104
          1      23500  259.05412   -0.21081    0.00078   -0.20906   -0.00104
          1      23600  260.22265   -0.21081    0.00078   -0.20907   -0.00103
          1      23700  261.79972   -0.21081    0.00078   -0.20908   -0.00103
          1      23800  263.26008   -0.21081    0.00078   -0.20908   -0.00102
          1      23900  264.41431   -0.21081    0.00078   -0.20909   -0.00102
          1      24000  265.60986   -0.21080    0.00078   -0.20909   -0.00101
          1      24100  266.64552   -0.21080    0.00078   -0.20910   -0.00101
          1      24200  267.85956   -0.21080    0.00078   -0.20911   -0.00101
          1      24300  268.92769   -0.21080    0.00078   -0.20911   -0.00100
          1      24400  269.80276   -0.21080    0.00078   -0.20912   -0.00100
          1      24500  270.87640   -0.21080    0.00077   -0.20913   -0.00099
          1      24600  271.87130   -0.21080    0.00077   -0.20913   -0.00099
          1      24700  273.08613   -0.21080    0.00077   -0.20914   -0.00098
          1      24800  274.21354   -0.21080    0.00077   -0.20914   -0.00098
          1      24900  274.95864   -0.21080    0.00077   -0.20915   -0.00097
          1      25000  276.33162   -0.21080    0.00077   -0.20916   -0.00097
          1      25100  277.45559   -0.21080    0.00077   -0.20916   -0.00097
          1      25200  278.59273   -0.21080    0.00077   -0.20917   -0.00096
          1      25300  279.78203   -0.21080    0.00077   -0.20917   -0.00096
          1      25400  281.19001   -0.21080    0.00077   -0.20918   -0.00095
          1      25500  282.34407   -0.21080    0.00077   -0.20919   -0.00095
          1      25600  283.41416   -0.21080    0.00077   -0.20919   -0.00094
          1      25700  284.66176   -0.21080    0.00077   -0.20920   -0.00094
          1      25800  285.78266   -0.21080    0.00077   -0.20920   -0.00093
          1      25900  287.03628   -0.21080    0.00077   -0.20921   -0.00093
          1      26000  287.91778   -0.21080    0.00077   -0.20922   -0.00093
          1      26100  288.93479   -0.21080    0.00077   -0.20922   -0.00092
          1      26200  289.98707   -0.21080    0.00077   -0.20923   -0.00092
          1      26300  291.05938   -0.21080    0.00077   -0.20923   -0.00091
          1      26400  292.28516   -0.21080    0.00077   -0.20924   -0.00091
          1      26500  293.34584   -0.21080    0.00077   -0.20925   -0.00090
          1      26600  294.55180   -0.21080    0.00077   -0.20925   -0.00090
          1      26700  295.73807   -0.21080    0.00077   -0.20926   -0.00090
          1      26800  296.96416   -0.21080    0.00077   -0.20926   -0.00089
          1      26900  298.13072   -0.21080    0.00077   -0.20927   -0.00089
          1      27000  299.29856   -0.21080    0.00077   -0.20927   -0.00088
          1      27100  300.47827   -0.21080    0.00077   -0.20928   -0.00088
          1      27200  301.38289   -0.21080    0.00077   -0.20929   -0.00087
          1      27300  302.38737   -0.21080    0.00077   -0.20929   -0.00087
          1      27400  303.53041   -0.21080    0.00077   -0.20930   -0.00087
          1      27500  304.66163   -0.21080    0.00077   -0.20930   -0.00086
          1      27600  305.71583   -0.21080    0.00077   -0.20931   -0.00086
          1      27700  306.62718   -0.21080    0.00077   -0.20931   -0.00085
          1      27800  307.85576   -0.21080    0.00077   -0.20932   -0.00085
          1      27900  309.17071   -0.21080    0.00077   -0.20933   -0.00084
          1      28000  310.32160   -0.21080    0.00076   -0.20933   -0.00084
          1      28100  311.48940   -0.21080    0.00076   -0.20934   -0.00084
          1      28200  312.71710   -0.21080    0.00076   -0.20934   -0.00083
          1      28300  313.85876   -0.21080    0.00076   -0.20935   -0.00083
          1      28400  315.21132   -0.21080    0.00076   -0.20935   -0.00082
          1      28500  316.39194   -0.21080    0.00076   -0.20936   -0.00082
          1      28600  317.50125   -0.21080    0.00076   -0.20936   -0.00081
          1      28700  318.59738   -0.21080    0.00076   -0.20937   -0.00081
          1      28800  319.63487   -0.21080    0.00076   -0.20937   -0.00081
          1      28900  320.84384   -0.21080    0.00076   -0.20938   -0.00080
          1      29000  321.97033   -0.21080    0.00076   -0.20938   -0.00080
          1      29100  323.17037   -0.21080    0.00076   -0.20939   -0.00079
          1      29200  324.23658   -0.21080    0.00076   -0.20940   -0.00079
          1      29300  325.20264   -0.21080    0.00076   -0.20940   -0.00079
          1      29400  326.19425   -0.21080    0.00076   -0.20941   -0.00078
          1      29500  327.20047   -0.21080    0.00076   -0.20941   -0.00078
          1      29600  328.40382   -0.21080    0.00076   -0.20942   -0.00077
          1      29700  329.75784   -0.21080    0.00076   -0.20942   -0.00077
          1      29800  330.90689   -0.21080    0.00076   -0.20943   -0.00077
          1      29900  331.87045   -0.21081    0.00076   -0.20943   -0.00076
          1      30000  333.00947   -0.21081    0.00076   -0.20944   -0.00076
          1      30100  334.06276   -0.21081    0.00076   -0.20944   -0.00075
          1      30200  335.41234   -0.21081    0.00076   -0.20945   -0.00075
          1      30300  336.53842   -0.21081    0.00076   -0.20945   -0.00075
          1      30400  337.66777   -0.21081    0.00076   -0.20946   -0.00074
          1      30500  338.75690   -0.21081    0.00076   -0.20946   -0.00074
          1      30600  339.83229   -0.21081    0.00076   -0.20947   -0.00073
          1      30700  340.95999   -0.21081    0.00076   -0.20947   -0.00073
          1      30800  342.11046   -0.21081    0.00076   -0.20948   -0.00073
          1      30900  343.00901   -0.21081    0.00076   -0.20948   -0.00072
          1      31000  343.98271   -0.21081    0.00076   -0.20949   -0.00072
          1      31100  345.09315   -0.21081    0.00076   -0.20949   -0.00072
          1      31200  346.10979   -0.21081    0.00076   -0.20950   -0.00071
          1      31300  347.17681   -0.21081    0.00076   -0.20950   -0.00071
          1      31400  348.00434   -0.21081    0.00076   -0.20951   -0.00070
          1      31500  349.19746   -0.21081    0.00076   -0.20951   -0.00070
          1      31600  350.39139   -0.21081    0.00075   -0.20952   -0.00070
          1      31700  351.66536   -0.21081    0.00075   -0.20952   -0.00069
          1      31800  352.51724   -0.21081    0.00075   -0.20953   -0.00069
          1      31900  353.68155   -0.21081    0.00075   -0.20953   -0.00068
          1      32000  354.56075   -0.21081    0.00075   -0.20954   -0.00068
          1      32100  355.85740   -0.21081    0.00075   -0.20954   -0.00068
          1      32200  356.87922   -0.21081    0.00075   -0.20955   -0.00067
          1      32300  357.93713   -0.21081    0.00075   -0.20955   -0.00067
          1      32400  358.89226   -0.21081    0.00075   -0.20955   -0.00067
          1      32500  360.15256   -0.21081    0.00075   -0.20956   -0.00066
          1      32600  361.24676   -0.21081    0.00075   -0.20956   -0.00066
          1      32700  362.01398   -0.21081    0.00075   -0.20957   -0.00065
          1      32800  363.20117   -0.21081    0.00075   -0.20957   -0.00065
          1      32900  364.42047   -0.21081    0.00075   -0.20958   -0.00065
          1      33000  365.50511   -0.21081    0.00075   -0.20958   -0.00064
          1      33100  366.68233   -0.21081    0.00075   -0.20959   -0.00064
          1      33200  367.79618   -0.21081    0.00075   -0.20959   -0.00064
          1      33300  369.14768   -0.21081    0.00075   -0.20960   -0.00063
          1      33400  370.06120   -0.21082    0.00075   -0.20960   -0.00063
          1      33500  371.09110   -0.21082    0.00075   -0.20961   -0.00063
          1      33600  372.00931   -0.21082    0.00075   -0.20961   -0.00062
          1      33700  373.01525   -0.21082    0.00075   -0.20961   -0.00062
          1      33800  374.06886   -0.21082    0.00075   -0.20962   -0.00061
          1      33900  375.09732   -0.21082    0.00075   -0.20962   -0.00061
          1      34000  376.28557   -0.21082    0.00075   -0.20963   -0.00061
          1      34100  377.25794   -0.21082    0.00075   -0.20963   -0.00060
          1      34200  378.28456   -0.21082    0.00075   -0.20964   -0.00060
          1      34300  379.10987   -0.21082    0.00075   -0.20964   -0.00060
          1      34400  380.32883   -0.21082    0.00075   -0.20965   -0.00059
          1      34500  381.56680   -0.21082    0.00075   -0.20965   -0.00059
          1      34600  382.53412   -0.21082    0.00075   -0.20965   -0.00059
          1      34700  383.73672   -0.21082    0.00075   -0.20966   -0.00058
          1      34800  384.73213   -0.21082    0.00075   -0.20966   -0.00058
          1      34900  385.73713   -0.21082    0.00075   -0.20967   -0.00058
          1      35000  386.85313   -0.21082    0.00075   -0.20967   -0.00057
          1      35100  387.68976   -0.21082    0.00075   -0.20968   -0.00057
          1      35200  388.77162   -0.21082    0.00074   -0.20968   -0.00057
          1      35300  390.17263   -0.21082    0.00074   -0.20968   -0.00056
          1      35400  391.42479   -0.21082    0.00074   -0.20969   -0.00056
          1      35500  392.70159   -0.21082    0.00074   -0.20969   -0.00056
          1      35600  393.87832   -0.21082    0.00074   -0.20970   -0.00055
          1      35700  394.79551   -0.21082    0.00074   -0.20970   -0.00055
          1      35800  395.82734   -0.21082    0.00074   -0.20971   -0.00055
          1      35900  396.95225   -0.21082    0.00074   -0.20971   -0.00054
          1      36000  398.08412   -0.21083    0.00074   -0.20971   -0.00054
          1      36100  398.97688   -0.21083    0.00074   -0.20972   -0.00054
          1      36200  400.35670   -0.21083    0.00074   -0.20972   -0.00053
          1      36300  401.27444   -0.21083    0.00074   -0.20973   -0.00053
          1      36400  402.57039   -0.21083    0.00074   -0.20973   -0.00053
          1      36500  403.74387   -0.21083    0.00074   -0.20973   -0.00052
          1      36600  404.69735   -0.21083    0.00074   -0.20974   -0.00052
          1      36700  405.64717   -0.21083    0.00074   -0.20974   -0.00052
          1      36800  407.05328   -0.21083    0.00074   -0.20975   -0.00051
          1      36900  408.30338   -0.21083    0.00074   -0.20975   -0.00051
          1      37000  409.52089   -0.21083    0.00074   -0.20975   -0.00051
          1      37100  410.70799   -0.21083    0.00074   -0.20976   -0.00050
          1      37200  411.92265   -0.21083    0.00074   -0.20976   -0.00050
          1      37300  413.04465   -0.21083    0.00074   -0.20977   -0.00050
          1      37400  414.34861   -0.21083    0.00074   -0.20977   -0.00049
          1      37500  415.32291   -0.21083    0.00074   -0.20977   -0.00049
          1      37600  416.32608   -0.21083    0.00074   -0.20978   -0.00049
          1      37700  417.46218   -0.21083    0.00074   -0.20978   -0.00048
          1      37800  418.69898   -0.21083    0.00074   -0.20979   -0.00048
          1      37900  419.69384   -0.21083    0.00074   -0.20979   -0.00048
          1      38000  421.01151   -0.21083    0.00074   -0.20979   -0.00047
          1      38100  422.33464   -0.21083    0.00074   -0.20980   -0.00047
          1      38200  423.56060   -0.21084    0.00074   -0.20980   -0.00047
          1      38300  424.90082   -0.21084    0.00074   -0.20981   -0.00046
          1      38400  426.04408   -0.21084    0.00074   -0.20981   -0.00046
          1      38500  427.16369   -0.21084    0.00074   -0.20981   -0.00046
          1      38600  428.09595   -0.21084    0.00074   -0.20982   -0.00045
          1      38700  429.31919   -0.21084    0.00074   -0.20982   -0.00045
          1      38800  430.50613   -0.21084    0.00074   -0.20983   -0.00045
          1      38900  431.62862   -0.21084    0.00074   -0.20983   -0.00044
          1      39000  432.54597   -0.21084    0.00073   -0.20983   -0.00044
          1      39100  433.34874   -0.21084    0.00073   -0.20984   -0.00044
          1      39200  434.20785   -0.21084    0.00073   -0.20984   -0.00044
          1      39300  435.49155   -0.21084    0.00073   -0.20984   -0.00043
          1      39400  436.47856   -0.21084    0.00073   -0.20985   -0.00043
          1      39500  437.87354   -0.21084    0.00073   -0.20985   -0.00043
          1      39600  438.96131   -0.21084    0.00073   -0.20986   -0.00042
          1      39700  440.19585   -0.21084    0.00073   -0.20986   -0.00042
          1      39800  441.48327   -0.21084    0.00073   -0.20986   -0.00042
          1      39900  442.75555   -0.21084    0.00073   -0.20987   -0.00041
          1      40000  443.84625   -0.21084    0.00073   -0.20987   -0.00041
          1      40100  444.97241   -0.21084    0.00073   -0.20987   -0.00041
          1      40200  446.26542   -0.21085    0.00073   -0.20988   -0.00040
          1      40300  447.30860   -0.21085    0.00073   -0.20988   -0.00040
          1      40400  448.65060   -0.21085    0.00073   -0.20988   -0.00040
          1      40500  449.71509   -0.21085    0.00073   -0.20989   -0.00040
          1      40600  450.83795   -0.21085    0.00073   -0.20989   -0.00039
          1      40700  451.92329   -0.21085    0.00073   -0.20989   -0.00039
          1      40800  453.17600   -0.21085    0.00073   -0.20990   -0.00039
          1      40900  454.19056   -0.21085    0.00073   -0.20990   -0.00038
          1      41000  455.60311   -0.21085    0.00073   -0.20991   -0.00038
          1      41100  456.70017   -0.21085    0.00073   -0.20991   -0.00038
          1      41200  457.89189   -0.21085    0.00073   -0.20991   -0.00037
          1      41300  459.01991   -0.21085    0.00073   -0.20992   -0.00037
          1      41400  460.33217   -0.21085    0.00073   -0.20992   -0.00037
          1      41500  461.49035   -0.21085    0.00073   -0.20992   -0.00037
          1      41600  462.71459   -0.21085    0.00073   -0.20993   -0.00036
          1      41700  464.17216   -0.21085    0.00073   -0.20993   -0.00036
          1      41800  465.51343   -0.21085    0.00073   -0.20993   -0.00036
          1      41900  466.68852   -0.21085    0.00073   -0.20994   -0.00035
          1      42000  468.00653   -0.21085    0.00073   -0.20994   -0.00035
          1      42100  468.91713   -0.21086    0.00073   -0.20994   -0.00035
          1      42200  469.89496   -0.21086    0.00073   -0.20995   -0.00035
          1      42300  470.95665   -0.21086    0.00073   -0.20995   -0.00034
          1      42400  472.05719   -0.21086    0.00073   -0.20995   -0.00034
          1      42500  473.29600   -0.21086    0.00073   -0.20996   -0.00034
          1      42600  474.38590   -0.21086    0.00073   -0.20996   -0.00033
          1      42700  475.41415   -0.21086    0.00073   -0.20996   -0.00033
          1      42800  476.47056   -0.21086    0.00073   -0.20997   -0.00033
          1      42900  477.54483   -0.21086    0.00073   -0.20997   -0.00032
          1      43000  478.72016   -0.21086    0.00072   -0.20997   -0.00032
          1      43100  479.90724   -0.21086    0.00072   -0.20998   -0.00032
          1      43200  480.92603   -0.21086    0.00072   -0.20998   -0.00032
          1      43300  482.01821   -0.21086    0.00072   -0.20998   -0.00031
          1      43400  483.12848   -0.21086    0.00072   -0.20999   -0.00031
          1      43500  484.35562   -0.21086    0.00072   -0.20999   -0.00031
          1      43600  485.57629   -0.21086    0.00072   -0.20999   -0.00030
          1      43700  486.58808   -0.21086    0.00072   -0.21000   -0.00030
          1      43800  487.74498   -0.21086    0.00072   -0.21000   -0.00030
          1      43900  488.82669   -0.21087    0.00072   -0.21000   -0.00030
          1      44000  489.93883   -0.21087    0.00072   -0.21001   -0.00029
          1      44100  491.16602   -0.21087    0.00072   -0.21001   -0.00029
          1      44200  492.10679   -0.21087    0.00072   -0.21001   -0.00029
          1      44300  493.27779   -0.21087    0.00072   -0.21002   -0.00029
          1      44400  494.26258   -0.21087    0.00072   -0.21002   -0.00028
          1      44500  495.35282   -0.21087    0.00072   -0.21002   -0.00028
          1      44600  496.77631   -0.21087    0.00072   -0.21003   -0.00028
          1      44700  497.99638   -0.21087    0.00072   -0.21003   -0.00027
          1      44800  499.01219   -0.21087    0.00072   -0.21003   -0.00027
          1      44900  500.24302   -0.21087    0.00072   -0.21003   -0.00027
          1      45000  500.93680   -0.21087    0.00072   -0.21004   -0.00027
          1      45100  502.08394   -0.21087    0.00072   -0.21004   -0.00026
          1      45200  503.39127   -0.21087    0.00072   -0.21004   -0.00026
          1      45300  504.33779   -0.21087    0.00072   -0.21005   -0.00026
          1      45400  505.24811   -0.21087    0.00072   -0.21005   -0.00026
          1      45500  506.35193   -0.21087    0.00072   -0.21005   -0.00025
          1      45600  507.42339   -0.21087    0.00072   -0.21005   -0.00025
          1      45700  508.68435   -0.21088    0.00072   -0.21006   -0.00025
          1      45800  509.99904   -0.21088    0.00072   -0.21006   -0.00025
          1      45900  511.09145   -0.21088    0.00072   -0.21006   -0.00025
          1      46000  512.30929   -0.21088    0.00072   -0.21006   -0.00025
          1      46100  513.69492   -0.21088    0.00072   -0.21006   -0.00024
          1      46200  514.87213   -0.21088    0.00072   -0.21006   -0.00024
          1      46300  516.03894   -0.21088    0.00072   -0.21007   -0.00024
          1      46400  517.15599   -0.21088    0.00072   -0.21007   -0.00024
          1      46500  518.28829   -0.21088    0.00072   -0.21007   -0.00024
          1      46600  519.25531   -0.21088    0.00072   -0.21007   -0.00024
          1      46700  520.71068   -0.21088    0.00072   -0.21007   -0.00024
          1      46800  521.83886   -0.21088    0.00072   -0.21007   -0.00024
          1      46900  523.20664   -0.21088    0.00072   -0.21007   -0.00024
          1      47000  524.49198   -0.21088    0.00072   -0.21008   -0.00024
          1      47100  525.69044   -0.21088    0.00072   -0.21008   -0.00024
          1      47200  526.82862   -0.21088    0.00072   -0.21008   -0.00024
          1      47300  527.76136   -0.21088    0.00071   -0.21008   -0.00023
          1      47400  528.74213   -0.21088    0.00071   -0.21008   -0.00023
          1      47500  529.66957   -0.21088    0.00071   -0.21008   -0.00023
          1      47600  530.70294   -0.21089    0.00071   -0.21008   -0.00023
          1      47700  531.85166   -0.21089    0.00071   -0.21008   -0.00023
          1      47800  532.76277   -0.21089    0.00071   -0.21008   -0.00023
          1      47900  533.93406   -0.21089    0.00071   -0.21009   -0.00023
          1      48000  534.97297   -0.21089    0.00071   -0.21009   -0.00023
          1      48100  536.07330   -0.21089    0.00071   -0.21009   -0.00023
          1      48200  537.15994   -0.21089    0.00071   -0.21009   -0.00023
          1      48300  538.46405   -0.21089    0.00071   -0.21009   -0.00023
          1      48400  539.50711   -0.21089    0.00071   -0.21009   -0.00023
          1      48500  540.59263   -0.21089    0.00071   -0.21009   -0.00023
          1      48600  541.56683   -0.21089    0.00071   -0.21009   -0.00023
          1      48700  542.57738   -0.21089    0.00071   -0.21009   -0.00023
          1      48800  543.70784   -0.21089    0.00071   -0.21010   -0.00023
          1      48900  544.99270   -0.21089    0.00071   -0.21010   -0.00023
          1      49000  546.12739   -0.21089    0.00071   -0.21010   -0.00023
          1      49100  547.27671   -0.21089    0.00071   -0.21010   -0.00023
          1      49200  548.35365   -0.21089    0.00071   -0.21010   -0.00023
          1      49300  549.46927   -0.21089    0.00071   -0.21010   -0.00023
          1      49400  550.57140   -0.21089    0.00071   -0.21010   -0.00023
          1      49500  551.82307   -0.21090    0.00071   -0.21010   -0.00023
          1      49600  552.95834   -0.21090    0.00071   -0.21010   -0.00023
          1      49700  554.03537   -0.21090    0.00071   -0.21011   -0.00023
          1      49800  554.96523   -0.21090    0.00071   -0.21011   -0.00023
          1      49900  555.89261   -0.21090    0.00071   -0.21011   -0.00023
          1      50000  557.08304   -0.21090    0.00071   -0.21011   -0.00022
          1      50100  558.27812   -0.21090    0.00071   -0.21011   -0.00022
          1      50200  559.57181   -0.21090    0.00071   -0.21011   -0.00022
          1      50300  560.54729   -0.21090    0.00071   -0.21011   -0.00022
          1      50400  561.74917   -0.21090    0.00071   -0.21011   -0.00022
          1      50500  562.78929   -0.21090    0.00071   -0.21011   -0.00022
          1      50600  563.78245   -0.21090    0.00071   -0.21011   -0.00022
          1      50700  565.03491   -0.21090    0.00071   -0.21012   -0.00022
          1      50800  565.98689   -0.21090    0.00071   -0.21012   -0.00022
          1      50900  567.12695   -0.21090    0.00071   -0.21012   -0.00022
          1      51000  568.02540   -0.21090    0.00071   -0.21012   -0.00022
          1      51100  569.04221   -0.21090    0.00071   -0.21012   -0.00022
          1      51200  570.26895   -0.21090    0.00071   -0.21012   -0.00022
          1      51300  571.25503   -0.21090    0.00071   -0.21012   -0.00022
          1      51400  572.44329   -0.21090    0.00071   -0.21012   -0.00022
          1      51500  573.63623   -0.21090    0.00071   -0.21012   -0.00022
          1      51600  574.84230   -0.21091    0.00071   -0.21012   -0.00022
          1      51700  576.01466   -0.21091    0.00071   -0.21013   -0.00022
          1      51800  576.93324   -0.21091    0.00071   -0.21013   -0.00022
          1      51900  578.20110   -0.21091    0.00071   -0.21013   -0.00022
          1      52000  579.31475   -0.21091    0.00071   -0.21013   -0.00022
          1      52100  580.70642   -0.21091    0.00071   -0.21013   -0.00022
          1      52200  581.86713   -0.21091    0.00071   -0.21013   -0.00022
          1      52300  582.80344   -0.21091    0.00071   -0.21013   -0.00022
          1      52400  584.09716   -0.21091    0.00071   -0.21013   -0.00022
          1      52500  585.30717   -0.21091    0.00071   -0.21013   -0.00022
          1      52600  586.29625   -0.21091    0.00071   -0.21013   -0.00022
          1      52700  587.33951   -0.21091    0.00071   -0.21014   -0.00022
          1      52800  588.34343   -0.21091    0.00070   -0.21014   -0.00022
          1      52900  589.62003   -0.21091    0.00070   -0.21014   -0.00022
          1      53000  590.51914   -0.21091    0.00070   -0.21014   -0.00022
          1      53100  591.29302   -0.21091    0.00070   -0.21014   -0.00021
          1      53200  592.14582   -0.21091    0.00070   -0.21014   -0.00021
          1      53300  592.98000   -0.21091    0.00070   -0.21014   -0.00021
          1      53400  593.75077   -0.21091    0.00070   -0.21014   -0.00021
          1      53500  594.76271   -0.21091    0.00070   -0.21014   -0.00021
          1      53600  595.59072   -0.21091    0.00070   -0.21014   -0.00021
          1      53700  596.38478   -0.21091    0.00070   -0.21014   -0.00021
          1      53800  597.15458   -0.21092    0.00070   -0.21015   -0.00021
          1      53900  598.00401   -0.21092    0.00070   -0.21015   -0.00021
          1      54000  598.86416   -0.21092    0.00070   -0.21015   -0.00021
          1      54100  599.71519   -0.21092    0.00070   -0.21015   -0.00021
          1      54135  600.00113   -0.21092    0.00070   -0.21147    0.00166
