          0          0    0.00000   -1.03143   -0.03617   -1.03143   -0.03617
          1          0    0.56338   -1.03143   -0.03617   -1.03143   -0.03617
          1        100   12.59498   -1.03625   -0.03614   -1.03749   -0.03595
          1        200   25.30931   -1.03695   -0.03610   -1.03781   -0.03617
          1        300   38.26532   -1.03725   -0.03608   -1.03819   -0.03611
          1        400   50.76673   -1.03744   -0.03607   -1.03816   -0.03608
          1        500   63.47675   -1.03756   -0.03606   -1.03809   -0.03604
          1        600   76.48200   -1.03765   -0.03606   -1.03815   -0.03612
          1        700   90.20657   -1.03773   -0.03605   -1.03830   -0.03593
          1        800  102.80360   -1.03778   -0.03605   -1.03839   -0.03617
          1        900  115.58741   -1.03783   -0.03605   -1.03837   -0.03597
          1       1000  128.32599   -1.03787   -0.03605   -1.03845   -0.03605
          1       1100  141.57508   -1.03791   -0.03605   -1.03837   -0.03615
          1       1200  154.54423   -1.03794   -0.03605   -1.03830   -0.03611
          1       1300  167.56369   -1.03796   -0.03604   -1.03831   -0.03612
          1       1400  180.25497   -1.03799   -0.03604   -1.03838   -0.03604
          1       1500  193.16026   -1.03801   -0.03604   -1.03857   -0.03603
          1       1600  206.57689   -1.03803   -0.03604   -1.03835   -0.03612
          1       1700  219.17523   -1.03805   -0.03604   -1.03843   -0.03603
          1       1800  233.84250   -1.03806   -0.03604   -1.03848   -0.03599
          1       1900  246.88417   -1.03808   -0.03604   -1.03849   -0.03601
          1       2000  260.07998   -1.03809   -0.03604   -1.03847   -0.03600
          1       2100  273.26386   -1.03811   -0.03604   -1.03835   -0.03614
          1       2200  285.89006   -1.03812   -0.03604   -1.03853   -0.03602
          1       2300  298.11986   -1.03813   -0.03604   -1.03846   -0.03601
          1       2400  310.64425   -1.03814   -0.03604   -1.03840   -0.03610
          1       2500  323.86879   -1.03815   -0.03604   -1.03846   -0.03597
          1       2600  336.67426   -1.03816   -0.03604   -1.03843   -0.03597
          1       2700  349.04051   -1.03817   -0.03604   -1.03843   -0.03596
          1       2800  361.57678   -1.03818   -0.03604   -1.03847   -0.03604
          1       2900  374.78699   -1.03819   -0.03604   -1.03846   -0.03602
          1       3000  387.19589   -1.03819   -0.03604   -1.03850   -0.03598
          1       3100  400.02104   -1.03820   -0.03604   -1.03841   -0.03604
          1       3200  412.62494   -1.03821   -0.03604   -1.03849   -0.03606
          1       3300  426.00253   -1.03821   -0.03604   -1.03850   -0.03602
          1       3400  438.80344   -1.03822   -0.03604   -1.03850   -0.03607
          1       3500  451.69921   -1.03823   -0.03604   -1.03848   -0.03604
          1       3600  464.53299   -1.03823   -0.03604   -1.03857   -0.03607
          1       3700  476.73311   -1.03824   -0.03604   -1.03855   -0.03604
          1       3800  490.13493   -1.03824   -0.03604   -1.03846   -0.03603
          1       3900  503.15516   -1.03825   -0.03604   -1.03851   -0.03605
          1       4000  516.54142   -1.03825   -0.03604   -1.03851   -0.03603
          1       4100  529.70436   -1.03826   -0.03604   -1.03851   -0.03606
          1       4200  541.64750   -1.03826   -0.03604   -1.03849   -0.03602
          1       4300  554.40075   -1.03827   -0.03604   -1.03854   -0.03605
          1       4400  567.18169   -1.03827   -0.03604   -1.03855   -0.03600
          1       4500  580.95537   -1.03827   -0.03604   -1.03852   -0.03605
          1       4600  594.25896   -1.03828   -0.03604   -1.03847   -0.03609
          1       4700  607.54900   -1.03828   -0.03604   -1.03857   -0.03608
          1       4800  620.97179   -1.03829   -0.03604   -1.03850   -0.03605
          1       4900  634.62113   -1.03829   -0.03604   -1.03849   -0.03606
          1       5000  649.69343   -1.03829   -0.03604   -1.03854   -0.03599
          1       5100  664.77635   -1.03830   -0.03604   -1.03848   -0.03601
          1       5200  679.66881   -1.03830   -0.03604   -1.03852   -0.03607
          1       5300  694.82990   -1.03830   -0.03604   -1.03851   -0.03610
          1       5400  709.97080   -1.03831   -0.03604   -1.03847   -0.03605
          1       5500  724.73589   -1.03831   -0.03604   -1.03854   -0.03604
          1       5600  737.92053   -1.03831   -0.03604   -1.03853   -0.03608
          1       5700  751.03082   -1.03832   -0.03604   -1.03844   -0.03609
          1       5800  764.05636   -1.03832   -0.03604   -1.03852   -0.03607
          1       5900  777.07231   -1.03832   -0.03604   -1.03853   -0.03605
          1       6000  789.94349   -1.03832   -0.03604   -1.03852   -0.03604
          1       6100  803.65744   -1.03833   -0.03604   -1.03856   -0.03604
          1       6200  816.66186   -1.03833   -0.03604   -1.03850   -0.03608
          1       6300  830.06087   -1.03833   -0.03604   -1.03850   -0.03609
          1       6400  844.60583   -1.03833   -0.03604   -1.03850   -0.03607
          1       6500  857.45222   -1.03834   -0.03604   -1.03852   -0.03599
          1       6600  871.70830   -1.03834   -0.03604   -1.03857   -0.03605
          1       6700  884.89382   -1.03834   -0.03604   -1.03856   -0.03604
          1       6800  897.61676   -1.03834   -0.03604   -1.03852   -0.03598
          1       6900  910.69526   -1.03835   -0.03604   -1.03857   -0.03601
          1       7000  923.85473   -1.03835   -0.03604   -1.03855   -0.03602
          1       7100  937.99986   -1.03835   -0.03604   -1.03857   -0.03601
          1       7200  951.21354   -1.03835   -0.03604   -1.03853   -0.03605
          1       7300  965.07005   -1.03835   -0.03604   -1.03852   -0.03600
          1       7400  978.75201   -1.03836   -0.03604   -1.03855   -0.03602
          1       7500  991.13294   -1.03836   -0.03604   -1.03856   -0.03604
          1       7600 1004.74264   -1.03836   -0.03604   -1.03860   -0.03602
          1       7700 1017.25671   -1.03836   -0.03604   -1.03856   -0.03603
          1       7800 1030.48728   -1.03836   -0.03604   -1.03855   -0.03600
          1       7900 1043.78416   -1.03836   -0.03604   -1.03856   -0.03604
          1       8000 1056.14729   -1.03837   -0.03604   -1.03853   -0.03604
          1       8100 1069.97347   -1.03837   -0.03604   -1.03853   -0.03600
          1       8200 1083.55604   -1.03837   -0.03604   -1.03856   -0.03600
          1       8300 1096.73704   -1.03837   -0.03604   -1.03856   -0.03604
          1       8400 1110.07271   -1.03837   -0.03604   -1.03860   -0.03602
          1       8500 1123.81684   -1.03837   -0.03604   -1.03851   -0.03606
          1       8600 1138.28863   -1.03838   -0.03604   -1.03856   -0.03608
          1       8700 1151.97700   -1.03838   -0.03604   -1.03854   -0.03608
          1       8800 1166.60318   -1.03838   -0.03604   -1.03854   -0.03605
          1       8900 1180.42020   -1.03838   -0.03604   -1.03856   -0.03604
          1       9000 1194.79094   -1.03838   -0.03604   -1.03851   -0.03600
          1       9100 1209.56113   -1.03838   -0.03604   -1.03859   -0.03603
          1       9200 1224.45762   -1.03838   -0.03604   -1.03855   -0.03603
          1       9300 1238.05367   -1.03839   -0.03604   -1.03857   -0.03608
          1       9400 1252.50810   -1.03839   -0.03604   -1.03855   -0.03607
          1       9500 1266.01979   -1.03839   -0.03604   -1.03858   -0.03604
          1       9600 1278.34313   -1.03839   -0.03604   -1.03857   -0.03607
          1       9700 1291.05303   -1.03839   -0.03604   -1.03859   -0.03604
          1       9800 1303.85871   -1.03839   -0.03604   -1.03860   -0.03601
          1       9900 1318.43963   -1.03839   -0.03604   -1.03857   -0.03600
          1      10000 1333.46451   -1.03840   -0.03604   -1.03855   -0.03603
          1      10100 1346.53688   -1.03840   -0.03604   -1.03856   -0.03604
          1      10200 1361.57092   -1.03840   -0.03604   -1.03858   -0.03603
          1      10300 1376.19804   -1.03840   -0.03604   -1.03855   -0.03603
          1      10400 1391.18262   -1.03840   -0.03604   -1.03853   -0.03602
          1      10500 1405.73855   -1.03840   -0.03604   -1.03854   -0.03607
          1      10600 1420.56220   -1.03840   -0.03604   -1.03859   -0.03602
          1      10700 1434.66502   -1.03840   -0.03604   -1.03859   -0.03599
          1      10800 1448.20245   -1.03840   -0.03604   -1.03856   -0.03602
          1      10900 1460.44158   -1.03841   -0.03604   -1.03857   -0.03604
          1      11000 1474.83773   -1.03841   -0.03604   -1.03857   -0.03604
          1      11100 1487.75122   -1.03841   -0.03604   -1.03860   -0.03605
          1      11200 1500.60887   -1.03841   -0.03604   -1.03858   -0.03604
          1      11300 1514.27897   -1.03841   -0.03604   -1.03858   -0.03602
          1      11400 1527.94982   -1.03841   -0.03604   -1.03857   -0.03604
          1      11500 1542.16688   -1.03841   -0.03604   -1.03858   -0.03605
          1      11600 1557.74373   -1.03841   -0.03604   -1.03855   -0.03607
          1      11700 1571.16890   -1.03841   -0.03604   -1.03859   -0.03605
          1      11800 1585.20508   -1.03842   -0.03604   -1.03855   -0.03598
          1      11900 1598.52834   -1.03842   -0.03604   -1.03855   -0.03607
          1      12000 1611.60088   -1.03842   -0.03604   -1.03855   -0.03600
          1      12100 1625.29462   -1.03842   -0.03604   -1.03857   -0.03605
          1      12200 1639.03594   -1.03842   -0.03604   -1.03861   -0.03604
          1      12300 1651.88747   -1.03842   -0.03604   -1.03857   -0.03606
          1      12400 1664.58091   -1.03842   -0.03604   -1.03862   -0.03604
          1      12500 1677.84852   -1.03842   -0.03604   -1.03857   -0.03602
          1      12600 1690.47573   -1.03842   -0.03604   -1.03856   -0.03601
          1      12700 1702.44997   -1.03842   -0.03604   -1.03856   -0.03605
          1      12800 1714.88763   -1.03842   -0.03604   -1.03857   -0.03606
          1      12900 1728.35896   -1.03843   -0.03604   -1.03857   -0.03602
          1      13000 1742.07978   -1.03843   -0.03604   -1.03859   -0.03603
          1      13100 1755.68228   -1.03843   -0.03604   -1.03856   -0.03604
          1      13200 1770.16606   -1.03843   -0.03604   -1.03859   -0.03602
          1      13300 1782.63719   -1.03843   -0.03604   -1.03857   -0.03607
          1      13400 1796.23812   -1.03843   -0.03604   -1.03856   -0.03608
          1      13500 1808.49462   -1.03843   -0.03604   -1.03855   -0.03604
          1      13600 1821.25286   -1.03843   -0.03604   -1.03856   -0.03605
          1      13700 1834.67802   -1.03843   -0.03604   -1.03855   -0.03603
          1      13800 1848.56137   -1.03843   -0.03604   -1.03853   -0.03606
          1      13900 1861.07796   -1.03843   -0.03604   -1.03857   -0.03605
          1      14000 1874.12462   -1.03843   -0.03604   -1.03858   -0.03603
          1      14100 1887.96483   -1.03843   -0.03604   -1.03859   -0.03605
          1      14200 1901.93903   -1.03844   -0.03604   -1.03857   -0.03601
          1      14300 1915.50305   -1.03844   -0.03604   -1.03858   -0.03606
          1      14400 1929.44671   -1.03844   -0.03604   -1.03858   -0.03606
          1      14500 1942.03716   -1.03844   -0.03604   -1.03857   -0.03606
          1      14600 1955.23692   -1.03844   -0.03604   -1.03859   -0.03606
          1      14700 1968.93871   -1.03844   -0.03604   -1.03860   -0.03606
          1      14800 1981.75752   -1.03844   -0.03604   -1.03858   -0.03602
          1      14900 1994.23113   -1.03844   -0.03604   -1.03861   -0.03604
          1      15000 2008.08378   -1.03844   -0.03604   -1.03858   -0.03604
          1      15100 2021.52315   -1.03844   -0.03604   -1.03857   -0.03604
          1      15200 2033.79632   -1.03844   -0.03604   -1.03857   -0.03604
          1      15300 2046.86827   -1.03844   -0.03604   -1.03854   -0.03601
          1      15400 2059.65827   -1.03844   -0.03604   -1.03856   -0.03602
          1      15500 2072.30025   -1.03844   -0.03604   -1.03859   -0.03604
          1      15600 2085.05354   -1.03845   -0.03604   -1.03859   -0.03603
          1      15700 2098.43456   -1.03845   -0.03604   -1.03858   -0.03605
          1      15800 2111.43356   -1.03845   -0.03604   -1.03860   -0.03600
          1      15900 2123.82547   -1.03845   -0.03604   -1.03858   -0.03604
          1      16000 2137.35854   -1.03845   -0.03604   -1.03858   -0.03603
          1      16100 2149.97258   -1.03845   -0.03604   -1.03857   -0.03602
          1      16200 2163.39539   -1.03845   -0.03604   -1.03854   -0.03604
          1      16300 2176.27223   -1.03845   -0.03604   -1.03859   -0.03603
          1      16400 2189.17841   -1.03845   -0.03604   -1.03859   -0.03605
          1      16500 2203.30660   -1.03845   -0.03604   -1.03860   -0.03605
          1      16600 2216.40535   -1.03845   -0.03604   -1.03858   -0.03602
          1      16700 2230.16892   -1.03845   -0.03604   -1.03856   -0.03606
          1      16800 2242.27271   -1.03845   -0.03604   -1.03858   -0.03605
          1      16900 2255.39778   -1.03845   -0.03604   -1.03857   -0.03601
          1      17000 2268.50703   -1.03845   -0.03604   -1.03859   -0.03605
          1      17100 2280.54428   -1.03845   -0.03604   -1.03858   -0.03601
          1      17200 2293.08261   -1.03845   -0.03604   -1.03858   -0.03604
          1      17300 2305.28173   -1.03846   -0.03604   -1.03859   -0.03605
          1      17400 2319.02945   -1.03846   -0.03604   -1.03859   -0.03605
          1      17500 2332.11667   -1.03846   -0.03604   -1.03858   -0.03603
          1      17600 2345.20815   -1.03846   -0.03604   -1.03858   -0.03604
          1      17700 2358.05587   -1.03846   -0.03604   -1.03858   -0.03606
          1      17800 2370.80853   -1.03846   -0.03604   -1.03856   -0.03607
          1      17900 2382.84694   -1.03846   -0.03604   -1.03859   -0.03605
          1      18000 2395.55732   -1.03846   -0.03604   -1.03860   -0.03603
          1      18100 2408.17172   -1.03846   -0.03604   -1.03860   -0.03607
          1      18200 2421.72262   -1.03846   -0.03604   -1.03860   -0.03604
          1      18300 2435.12207   -1.03846   -0.03604   -1.03862   -0.03603
          1      18400 2447.51941   -1.03846   -0.03604   -1.03860   -0.03602
          1      18500 2460.70227   -1.03846   -0.03604   -1.03858   -0.03603
          1      18600 2473.20435   -1.03846   -0.03604   -1.03860   -0.03603
          1      18700 2485.39472   -1.03846   -0.03604   -1.03858   -0.03603
          1      18800 2499.71792   -1.03846   -0.03604   -1.03859   -0.03604
          1      18900 2513.74118   -1.03846   -0.03604   -1.03857   -0.03605
          1      19000 2527.93767   -1.03846   -0.03604   -1.03858   -0.03603
          1      19100 2542.39427   -1.03846   -0.03604   -1.03862   -0.03602
          1      19200 2555.11567   -1.03847   -0.03604   -1.03857   -0.03604
          1      19300 2568.27260   -1.03847   -0.03604   -1.03859   -0.03605
          1      19400 2580.61640   -1.03847   -0.03604   -1.03856   -0.03604
          1      19500 2593.01639   -1.03847   -0.03604   -1.03859   -0.03605
          1      19600 2605.31967   -1.03847   -0.03604   -1.03857   -0.03607
          1      19700 2618.06519   -1.03847   -0.03604   -1.03858   -0.03604
          1      19800 2632.07327   -1.03847   -0.03604   -1.03861   -0.03603
          1      19900 2644.80384   -1.03847   -0.03604   -1.03856   -0.03604
          1      20000 2657.93031   -1.03847   -0.03604   -1.03856   -0.03604
          1      20100 2670.47244   -1.03847   -0.03604   -1.03862   -0.03605
          1      20200 2682.57941   -1.03847   -0.03604   -1.03857   -0.03607
          1      20300 2695.92293   -1.03847   -0.03604   -1.03860   -0.03604
          1      20400 2708.93011   -1.03847   -0.03604   -1.03858   -0.03605
          1      20500 2722.13801   -1.03847   -0.03604   -1.03858   -0.03602
          1      20600 2736.18018   -1.03847   -0.03604   -1.03856   -0.03604
          1      20700 2748.99733   -1.03847   -0.03604   -1.03858   -0.03606
          1      20800 2762.27015   -1.03847   -0.03604   -1.03859   -0.03604
          1      20900 2775.79642   -1.03847   -0.03604   -1.03860   -0.03603
          1      21000 2789.02553   -1.03847   -0.03604   -1.03857   -0.03605
          1      21100 2802.29488   -1.03847   -0.03604   -1.03859   -0.03604
          1      21200 2816.75538   -1.03847   -0.03604   -1.03860   -0.03606
          1      21300 2829.65808   -1.03847   -0.03604   -1.03859   -0.03604
          1      21400 2843.07791   -1.03847   -0.03604   -1.03860   -0.03605
          1      21500 2858.07645   -1.03848   -0.03604   -1.03860   -0.03605
          1      21600 2870.60787   -1.03848   -0.03604   -1.03859   -0.03604
          1      21700 2883.61747   -1.03848   -0.03604   -1.03861   -0.03603
          1      21800 2896.95829   -1.03848   -0.03604   -1.03861   -0.03605
          1      21900 2910.64143   -1.03848   -0.03604   -1.03862   -0.03604
          1      22000 2924.20075   -1.03848   -0.03604   -1.03861   -0.03604
          1      22100 2938.18920   -1.03848   -0.03604   -1.03860   -0.03605
          1      22200 2952.12472   -1.03848   -0.03604   -1.03860   -0.03605
          1      22300 2965.78738   -1.03848   -0.03604   -1.03860   -0.03603
          1      22400 2980.30206   -1.03848   -0.03604   -1.03860   -0.03604
          1      22500 2993.72100   -1.03848   -0.03604   -1.03858   -0.03605
          1      22600 3006.26134   -1.03848   -0.03604   -1.03861   -0.03600
          1      22700 3020.56993   -1.03848   -0.03604   -1.03858   -0.03606
          1      22800 3033.48646   -1.03848   -0.03604   -1.03860   -0.03603
          1      22900 3046.71977   -1.03848   -0.03604   -1.03859   -0.03600
          1      23000 3059.06545   -1.03848   -0.03604   -1.03860   -0.03605
          1      23100 3072.08316   -1.03848   -0.03604   -1.03860   -0.03605
          1      23200 3084.99919   -1.03848   -0.03604   -1.03863   -0.03603
          1      23300 3097.51217   -1.03848   -0.03604   -1.03860   -0.03603
          1      23400 3110.01282   -1.03848   -0.03604   -1.03858   -0.03603
          1      23500 3122.58799   -1.03848   -0.03604   -1.03861   -0.03605
          1      23600 3134.64376   -1.03848   -0.03604   -1.03860   -0.03604
          1      23700 3147.34690   -1.03848   -0.03604   -1.03859   -0.03604
          1      23800 3159.51347   -1.03848   -0.03604   -1.03857   -0.03606
          1      23900 3171.45116   -1.03848   -0.03604   -1.03860   -0.03604
          1      24000 3184.42348   -1.03848   -0.03604   -1.03857   -0.03604
          1      24100 3197.89307   -1.03848   -0.03604   -1.03857   -0.03607
          1      24200 3211.44426   -1.03849   -0.03604   -1.03857   -0.03604
          1      24300 3225.58568   -1.03849   -0.03604   -1.03863   -0.03606
          1      24400 3239.46762   -1.03849   -0.03604   -1.03860   -0.03606
          1      24500 3253.39365   -1.03849   -0.03604   -1.03861   -0.03605
          1      24600 3266.92147   -1.03849   -0.03604   -1.03859   -0.03606
          1      24700 3280.23303   -1.03849   -0.03604   -1.03860   -0.03606
          1      24800 3293.52610   -1.03849   -0.03604   -1.03860   -0.03604
          1      24900 3306.39513   -1.03849   -0.03604   -1.03862   -0.03605
          1      25000 3318.66262   -1.03849   -0.03604   -1.03862   -0.03604
          1      25100 3332.37946   -1.03849   -0.03604   -1.03857   -0.03606
          1      25200 3345.69352   -1.03849   -0.03604   -1.03859   -0.03607
          1      25300 3357.50039   -1.03849   -0.03604   -1.03860   -0.03602
          1      25400 3369.70964   -1.03849   -0.03604   -1.03864   -0.03604
          1      25500 3381.95383   -1.03849   -0.03604   -1.03859   -0.03602
          1      25600 3393.93078   -1.03849   -0.03604   -1.03860   -0.03604
          1      25700 3405.90645   -1.03849   -0.03604   -1.03862   -0.03603
          1      25800 3418.66617   -1.03849   -0.03604   -1.03861   -0.03606
          1      25900 3431.21810   -1.03849   -0.03604   -1.03860   -0.03605
          1      26000 3444.25956   -1.03849   -0.03604   -1.03859   -0.03603
          1      26100 3457.87084   -1.03849   -0.03604   -1.03861   -0.03602
          1      26200 3470.80556   -1.03849   -0.03604   -1.03859   -0.03601
          1      26300 3483.44442   -1.03849   -0.03604   -1.03857   -0.03606
          1      26400 3495.51130   -1.03849   -0.03604   -1.03860   -0.03605
          1      26500 3508.54432   -1.03849   -0.03604   -1.03859   -0.03606
          1      26600 3521.38585   -1.03849   -0.03604   -1.03860   -0.03602
          1      26700 3534.63340   -1.03849   -0.03604   -1.03858   -0.03603
          1      26800 3547.55192   -1.03849   -0.03604   -1.03862   -0.03604
          1      26900 3560.80833   -1.03849   -0.03604   -1.03858   -0.03603
          1      27000 3573.96343   -1.03849   -0.03604   -1.03862   -0.03603
          1      27100 3584.92406   -1.03849   -0.03604   -1.03861   -0.03605
          1      27200 3593.42819   -1.03849   -0.03604   -1.03861   -0.03602
          1      27281 3600.15829   -1.03849   -0.03604   -1.03860   -0.03604
