          0          0    0.00000   -0.28660    0.26756   -0.28660    0.26756
          0          3    0.05534    0.43428    1.21312    0.43428    1.21312
          0          7    0.11843    0.43428    1.21312   -0.01035    0.32780
          0         13    0.30173    0.43428    1.21312   -0.08792    0.12357
          0         25    0.55237    0.43428    1.21312   -0.11706    0.04574
          0         49    1.42861    0.43428    1.21312   -0.07521    0.02524
          0         97    2.08009    0.43428    1.21312   -0.10209   -0.01421
          1          0    2.68771   -0.10209   -0.01421   -0.10209   -0.01421
          1        100    3.66984   -0.25171    0.00158   -0.20440   -0.00000
          1        200    4.76985   -0.26162   -0.01060   -0.23420   -0.00749
          1        300    5.90838   -0.26562   -0.00899   -0.24733   -0.00945
          1        400    7.05285   -0.26797   -0.00782   -0.25259   -0.00662
          1        500    7.91727   -0.26936   -0.00701   -0.25593   -0.00516
          1        600    9.14343   -0.27028   -0.00639   -0.25831   -0.00437
          1        700   10.29357   -0.27093   -0.00588   -0.26013   -0.00390
          1        800   11.31727   -0.27143   -0.00547   -0.26157   -0.00358
          1        900   12.35104   -0.27182   -0.00512   -0.26275   -0.00334
          1       1000   13.40773   -0.27213   -0.00482   -0.26374   -0.00315
          1       1100   14.42117   -0.27239   -0.00456   -0.26457   -0.00300
          1       1200   15.42083   -0.27241   -0.00433   -0.26529   -0.00287
          1       1300   16.43906   -0.27239   -0.00413   -0.26592   -0.00276
          1       1400   17.71682   -0.27237   -0.00395   -0.26648   -0.00267
          1       1500   18.95933   -0.27233   -0.00379   -0.26698   -0.00258
          1       1600   20.02827   -0.27232   -0.00365   -0.26881   -0.00293
          1       1700   21.17946   -0.27242   -0.00355   -0.26903   -0.00316
          1       1800   22.48814   -0.27251   -0.00346   -0.26939   -0.00307
          1       1900   23.62278   -0.27259   -0.00337   -0.26972   -0.00299
          1       2000   24.62430   -0.27267   -0.00329   -0.27003   -0.00291
          1       2100   25.87529   -0.27273   -0.00322   -0.27030   -0.00284
          1       2200   26.74451   -0.27279   -0.00315   -0.27056   -0.00278
          1       2300   27.91099   -0.27285   -0.00309   -0.27082   -0.00287
          1       2400   29.24696   -0.27292   -0.00303   -0.27150   -0.00299
          1       2500   30.52801   -0.27301   -0.00298   -0.27168   -0.00278
          1       2600   31.49623   -0.27310   -0.00293   -0.27187   -0.00273
          1       2700   32.47058   -0.27317   -0.00289   -0.27206   -0.00268
          1       2800   33.55574   -0.27325   -0.00285   -0.27223   -0.00263
          1       2900   34.76291   -0.27332   -0.00280   -0.27239   -0.00262
          1       3000   35.91567   -0.27340   -0.00276   -0.27275   -0.00246
          1       3100   36.90711   -0.27348   -0.00272   -0.27287   -0.00246
          1       3200   38.10843   -0.27357   -0.00269   -0.27301   -0.00242
          1       3300   39.19833   -0.27364   -0.00265   -0.27314   -0.00239
          1       3400   40.66485   -0.27372   -0.00262   -0.27326   -0.00235
          1       3500   41.70595   -0.27379   -0.00259   -0.27338   -0.00232
          1       3600   43.10284   -0.27386   -0.00255   -0.27350   -0.00228
          1       3700   44.08513   -0.27392   -0.00252   -0.27360   -0.00225
          1       3800   45.13052   -0.27398   -0.00250   -0.27371   -0.00222
          1       3900   46.37807   -0.27404   -0.00247   -0.27381   -0.00219
          1       4000   47.59350   -0.27410   -0.00244   -0.27390   -0.00217
          1       4100   48.38120   -0.27416   -0.00241   -0.27459   -0.00125
          1       4200   49.34412   -0.27422   -0.00239   -0.27427   -0.00209
          1       4300   50.51059   -0.27429   -0.00236   -0.27434   -0.00208
          1       4400   51.64435   -0.27435   -0.00234   -0.27442   -0.00206
          1       4500   52.66304   -0.27440   -0.00232   -0.27450   -0.00203
          1       4600   53.88865   -0.27446   -0.00230   -0.27457   -0.00201
          1       4700   55.01730   -0.27451   -0.00227   -0.27465   -0.00199
          1       4800   56.07200   -0.27457   -0.00225   -0.27472   -0.00197
          1       4900   56.86363   -0.27462   -0.00223   -0.27479   -0.00195
          1       5000   58.03783   -0.27467   -0.00221   -0.27485   -0.00193
          1       5100   59.02676   -0.27472   -0.00220   -0.27492   -0.00191
          1       5200   59.96683   -0.27476   -0.00218   -0.27498   -0.00189
          1       5300   61.35978   -0.27481   -0.00216   -0.27504   -0.00187
          1       5400   62.69232   -0.27485   -0.00214   -0.27510   -0.00185
          1       5500   63.74748   -0.27490   -0.00212   -0.27515   -0.00184
          1       5600   64.57870   -0.27494   -0.00211   -0.27512   -0.00205
          1       5700   65.53172   -0.27498   -0.00209   -0.27541   -0.00177
          1       5800   66.49025   -0.27503   -0.00207   -0.27544   -0.00178
          1       5900   67.67355   -0.27507   -0.00206   -0.27549   -0.00177
          1       6000   68.88254   -0.27511   -0.00204   -0.27554   -0.00175
          1       6100   70.21368   -0.27515   -0.00203   -0.27559   -0.00174
          1       6200   71.24589   -0.27519   -0.00201   -0.27563   -0.00173
          1       6300   72.43033   -0.27523   -0.00200   -0.27568   -0.00171
          1       6400   73.74706   -0.27527   -0.00199   -0.27572   -0.00170
          1       6500   74.87192   -0.27530   -0.00197   -0.27576   -0.00169
          1       6600   76.20014   -0.27534   -0.00196   -0.27581   -0.00167
          1       6700   77.32702   -0.27538   -0.00195   -0.27585   -0.00166
          1       6800   78.46245   -0.27541   -0.00193   -0.27589   -0.00165
          1       6900   79.67902   -0.27545   -0.00192   -0.27593   -0.00164
          1       7000   80.66275   -0.27548   -0.00191   -0.27596   -0.00162
          1       7100   81.62909   -0.27551   -0.00190   -0.27600   -0.00162
          1       7200   82.51905   -0.27554   -0.00188   -0.27604   -0.00169
          1       7300   83.53635   -0.27558   -0.00187   -0.27623   -0.00150
          1       7400   84.53276   -0.27561   -0.00186   -0.27622   -0.00161
          1       7500   85.56907   -0.27564   -0.00185   -0.27625   -0.00159
          1       7600   86.75788   -0.27567   -0.00184   -0.27629   -0.00158
          1       7700   87.44978   -0.27570   -0.00183   -0.27632   -0.00157
          1       7800   88.71252   -0.27573   -0.00182   -0.27635   -0.00156
          1       7900   89.86096   -0.27576   -0.00181   -0.27637   -0.00159
          1       8000   91.05980   -0.27579   -0.00180   -0.27648   -0.00152
          1       8100   92.23213   -0.27582   -0.00179   -0.27649   -0.00152
          1       8200   93.57763   -0.27585   -0.00178   -0.27652   -0.00151
          1       8300   94.64993   -0.27588   -0.00177   -0.27655   -0.00151
          1       8400   95.64243   -0.27591   -0.00176   -0.27658   -0.00150
          1       8500   96.78759   -0.27593   -0.00175   -0.27661   -0.00149
          1       8600   97.97659   -0.27596   -0.00174   -0.27663   -0.00148
          1       8700   98.96954   -0.27599   -0.00174   -0.27666   -0.00147
          1       8800  100.02994   -0.27601   -0.00173   -0.27669   -0.00146
          1       8900  101.04091   -0.27604   -0.00172   -0.27671   -0.00145
          1       9000  102.16078   -0.27606   -0.00171   -0.27674   -0.00145
          1       9100  103.25978   -0.27609   -0.00170   -0.27676   -0.00144
          1       9200  104.19868   -0.27611   -0.00169   -0.27679   -0.00143
          1       9300  105.53610   -0.27614   -0.00169   -0.27681   -0.00142
          1       9400  106.89081   -0.27616   -0.00168   -0.27681   -0.00148
          1       9500  107.95517   -0.27619   -0.00167   -0.27695   -0.00137
          1       9600  109.06149   -0.27621   -0.00166   -0.27695   -0.00139
          1       9700  110.02092   -0.27623   -0.00165   -0.27697   -0.00139
          1       9800  110.94019   -0.27625   -0.00165   -0.27699   -0.00138
          1       9900  112.30466   -0.27628   -0.00164   -0.27701   -0.00137
          1      10000  113.49228   -0.27630   -0.00163   -0.27703   -0.00137
          1      10100  114.71909   -0.27632   -0.00163   -0.27705   -0.00136
          1      10200  115.82131   -0.27634   -0.00162   -0.27707   -0.00135
          1      10300  116.96267   -0.27636   -0.00161   -0.27709   -0.00135
          1      10400  118.17258   -0.27638   -0.00160   -0.27711   -0.00134
          1      10500  119.45623   -0.27640   -0.00160   -0.27713   -0.00133
          1      10600  120.66569   -0.27642   -0.00159   -0.27715   -0.00133
          1      10700  121.87253   -0.27645   -0.00158   -0.27717   -0.00132
          1      10800  122.94003   -0.27646   -0.00158   -0.27719   -0.00131
          1      10900  123.95606   -0.27648   -0.00157   -0.27721   -0.00131
          1      11000  124.84990   -0.27650   -0.00157   -0.27723   -0.00130
          1      11100  125.96562   -0.27652   -0.00156   -0.27725   -0.00130
          1      11200  127.05292   -0.27654   -0.00155   -0.27726   -0.00129
          1      11300  128.19530   -0.27656   -0.00155   -0.27728   -0.00129
          1      11400  129.50672   -0.27658   -0.00154   -0.27730   -0.00128
          1      11500  130.89970   -0.27660   -0.00153   -0.27732   -0.00127
          1      11600  132.09617   -0.27662   -0.00153   -0.27741   -0.00111
          1      11700  133.13824   -0.27663   -0.00152   -0.27742   -0.00124
          1      11800  134.17957   -0.27665   -0.00152   -0.27742   -0.00125
          1      11900  135.13537   -0.27667   -0.00151   -0.27743   -0.00125
          1      12000  135.96813   -0.27669   -0.00151   -0.27745   -0.00124
          1      12100  137.20521   -0.27670   -0.00150   -0.27746   -0.00124
          1      12200  138.23585   -0.27672   -0.00149   -0.27748   -0.00123
          1      12300  139.22826   -0.27674   -0.00149   -0.27749   -0.00123
          1      12400  140.46518   -0.27675   -0.00148   -0.27751   -0.00122
          1      12500  141.65091   -0.27677   -0.00148   -0.27752   -0.00122
          1      12600  142.69785   -0.27679   -0.00147   -0.27754   -0.00121
          1      12700  143.79182   -0.27680   -0.00147   -0.27755   -0.00121
          1      12800  144.79568   -0.27682   -0.00146   -0.27757   -0.00120
          1      12900  145.97856   -0.27683   -0.00146   -0.27758   -0.00120
          1      13000  147.22465   -0.27685   -0.00145   -0.27760   -0.00119
          1      13100  148.40683   -0.27686   -0.00145   -0.27761   -0.00119
          1      13200  149.47459   -0.27688   -0.00144   -0.27762   -0.00119
          1      13300  150.53764   -0.27689   -0.00144   -0.27764   -0.00118
          1      13400  151.32866   -0.27691   -0.00143   -0.27765   -0.00118
          1      13500  152.45174   -0.27692   -0.00143   -0.27767   -0.00117
          1      13600  153.74521   -0.27694   -0.00142   -0.27768   -0.00117
          1      13700  154.59610   -0.27695   -0.00142   -0.27769   -0.00116
          1      13800  155.79034   -0.27697   -0.00141   -0.27770   -0.00116
          1      13900  156.83410   -0.27698   -0.00141   -0.27772   -0.00116
          1      14000  158.19115   -0.27700   -0.00140   -0.27773   -0.00114
          1      14100  159.53896   -0.27701   -0.00140   -0.27783   -0.00108
          1      14200  160.57798   -0.27702   -0.00140   -0.27780   -0.00113
          1      14300  161.53475   -0.27704   -0.00139   -0.27781   -0.00113
          1      14400  162.61385   -0.27705   -0.00139   -0.27782   -0.00113
          1      14500  163.69656   -0.27706   -0.00138   -0.27783   -0.00113
          1      14600  164.94524   -0.27708   -0.00138   -0.27784   -0.00113
          1      14700  165.91196   -0.27709   -0.00137   -0.27785   -0.00112
          1      14800  166.82769   -0.27710   -0.00137   -0.27787   -0.00112
          1      14900  167.84882   -0.27712   -0.00137   -0.27788   -0.00111
          1      15000  168.91793   -0.27713   -0.00136   -0.27789   -0.00111
          1      15100  170.01211   -0.27714   -0.00136   -0.27790   -0.00111
          1      15200  171.10607   -0.27715   -0.00135   -0.27791   -0.00110
          1      15300  172.21167   -0.27717   -0.00135   -0.27792   -0.00110
          1      15400  173.28684   -0.27718   -0.00135   -0.27793   -0.00110
          1      15500  174.55222   -0.27719   -0.00134   -0.27794   -0.00109
          1      15600  175.67780   -0.27720   -0.00134   -0.27795   -0.00109
          1      15700  176.83153   -0.27722   -0.00133   -0.27796   -0.00108
          1      15800  177.93272   -0.27723   -0.00133   -0.27797   -0.00108
          1      15900  179.11775   -0.27724   -0.00133   -0.27798   -0.00108
          1      16000  180.17308   -0.27725   -0.00132   -0.27799   -0.00107
          1      16100  180.91905   -0.27726   -0.00132   -0.27800   -0.00107
          1      16200  181.76029   -0.27727   -0.00131   -0.27801   -0.00107
          1      16300  182.89838   -0.27729   -0.00131   -0.27802   -0.00106
          1      16400  184.03641   -0.27730   -0.00131   -0.27803   -0.00106
          1      16500  185.23741   -0.27731   -0.00130   -0.27804   -0.00106
          1      16600  186.18419   -0.27732   -0.00130   -0.27805   -0.00105
          1      16700  187.46418   -0.27733   -0.00130   -0.27807   -0.00104
          1      16800  188.63519   -0.27734   -0.00129   -0.27815   -0.00099
          1      16900  189.74125   -0.27735   -0.00129   -0.27812   -0.00104
          1      17000  190.89787   -0.27736   -0.00129   -0.27812   -0.00104
          1      17100  192.15735   -0.27737   -0.00128   -0.27813   -0.00104
          1      17200  193.35655   -0.27738   -0.00128   -0.27814   -0.00103
          1      17300  194.41445   -0.27739   -0.00128   -0.27815   -0.00103
          1      17400  195.58777   -0.27741   -0.00127   -0.27816   -0.00103
          1      17500  196.79097   -0.27742   -0.00127   -0.27817   -0.00103
          1      17600  197.56863   -0.27743   -0.00127   -0.27818   -0.00102
          1      17700  198.73299   -0.27744   -0.00126   -0.27818   -0.00102
          1      17800  200.05927   -0.27745   -0.00126   -0.27819   -0.00102
          1      17900  200.90746   -0.27746   -0.00126   -0.27820   -0.00101
          1      18000  201.93990   -0.27747   -0.00125   -0.27821   -0.00101
          1      18100  203.08877   -0.27748   -0.00125   -0.27822   -0.00101
          1      18200  204.48899   -0.27749   -0.00125   -0.27823   -0.00101
          1      18300  205.56060   -0.27750   -0.00124   -0.27824   -0.00100
          1      18400  206.41351   -0.27750   -0.00124   -0.27824   -0.00100
          1      18500  207.60142   -0.27751   -0.00124   -0.27825   -0.00100
          1      18600  208.53168   -0.27752   -0.00123   -0.27826   -0.00099
          1      18700  209.61958   -0.27753   -0.00123   -0.27827   -0.00099
          1      18800  210.69338   -0.27754   -0.00123   -0.27827   -0.00099
          1      18900  211.92599   -0.27755   -0.00123   -0.27828   -0.00099
          1      19000  213.04289   -0.27756   -0.00122   -0.27829   -0.00098
          1      19100  214.13526   -0.27757   -0.00122   -0.27830   -0.00098
          1      19200  215.34677   -0.27758   -0.00122   -0.27831   -0.00098
          1      19300  216.36548   -0.27759   -0.00121   -0.27831   -0.00098
          1      19400  217.61894   -0.27760   -0.00121   -0.27832   -0.00097
          1      19500  218.85970   -0.27761   -0.00121   -0.27833   -0.00097
          1      19600  219.84751   -0.27762   -0.00120   -0.27831   -0.00107
          1      19700  221.01304   -0.27762   -0.00120   -0.27838   -0.00095
          1      19800  222.34772   -0.27763   -0.00120   -0.27838   -0.00096
          1      19900  223.62109   -0.27764   -0.00120   -0.27838   -0.00096
          1      20000  224.72363   -0.27765   -0.00119   -0.27839   -0.00096
          1      20100  225.57695   -0.27766   -0.00119   -0.27840   -0.00095
          1      20200  226.81232   -0.27767   -0.00119   -0.27841   -0.00095
          1      20300  227.74524   -0.27768   -0.00119   -0.27841   -0.00095
          1      20400  228.65544   -0.27768   -0.00118   -0.27842   -0.00095
          1      20500  229.71110   -0.27769   -0.00118   -0.27843   -0.00095
          1      20600  230.69232   -0.27770   -0.00118   -0.27843   -0.00094
          1      20700  231.74175   -0.27771   -0.00118   -0.27844   -0.00094
          1      20800  232.86251   -0.27772   -0.00117   -0.27845   -0.00094
          1      20900  233.72562   -0.27772   -0.00117   -0.27845   -0.00094
          1      21000  234.77297   -0.27773   -0.00117   -0.27846   -0.00093
          1      21100  235.94954   -0.27774   -0.00116   -0.27847   -0.00093
          1      21200  237.08770   -0.27775   -0.00116   -0.27847   -0.00093
          1      21300  238.24428   -0.27776   -0.00116   -0.27848   -0.00093
          1      21400  239.46369   -0.27776   -0.00116   -0.27849   -0.00092
          1      21500  240.43434   -0.27777   -0.00115   -0.27849   -0.00092
          1      21600  241.69315   -0.27778   -0.00115   -0.27850   -0.00092
          1      21700  242.68969   -0.27779   -0.00115   -0.27850   -0.00092
          1      21800  243.67416   -0.27779   -0.00115   -0.27851   -0.00092
          1      21900  244.93894   -0.27780   -0.00114   -0.27852   -0.00091
          1      22000  246.02844   -0.27781   -0.00114   -0.27852   -0.00091
          1      22100  247.02087   -0.27782   -0.00114   -0.27853   -0.00091
          1      22200  248.15586   -0.27782   -0.00114   -0.27853   -0.00091
          1      22300  249.15285   -0.27783   -0.00114   -0.27854   -0.00091
          1      22400  250.08247   -0.27784   -0.00113   -0.27855   -0.00090
          1      22500  251.32883   -0.27785   -0.00113   -0.27855   -0.00090
          1      22600  252.50441   -0.27785   -0.00113   -0.27853   -0.00095
          1      22700  253.69427   -0.27786   -0.00113   -0.27860   -0.00088
          1      22800  254.72420   -0.27787   -0.00112   -0.27860   -0.00089
          1      22900  255.72609   -0.27788   -0.00112   -0.27860   -0.00089
          1      23000  256.74419   -0.27788   -0.00112   -0.27860   -0.00089
          1      23100  257.83628   -0.27789   -0.00112   -0.27861   -0.00089
          1      23200  259.04822   -0.27790   -0.00111   -0.27861   -0.00089
          1      23300  260.35235   -0.27790   -0.00111   -0.27862   -0.00089
          1      23400  261.49513   -0.27791   -0.00111   -0.27863   -0.00088
          1      23500  262.65166   -0.27792   -0.00111   -0.27863   -0.00088
          1      23600  264.04277   -0.27792   -0.00111   -0.27864   -0.00088
          1      23700  265.10643   -0.27793   -0.00110   -0.27864   -0.00088
          1      23800  265.95071   -0.27794   -0.00110   -0.27865   -0.00088
          1      23900  266.91517   -0.27794   -0.00110   -0.27865   -0.00087
          1      24000  267.96223   -0.27795   -0.00110   -0.27866   -0.00087
          1      24100  268.89982   -0.27796   -0.00110   -0.27866   -0.00087
          1      24200  270.05756   -0.27796   -0.00109   -0.27867   -0.00087
          1      24300  271.26618   -0.27797   -0.00109   -0.27867   -0.00087
          1      24400  272.49424   -0.27798   -0.00109   -0.27868   -0.00086
          1      24500  273.46784   -0.27798   -0.00109   -0.27868   -0.00086
          1      24600  274.49795   -0.27799   -0.00108   -0.27869   -0.00086
          1      24700  275.44749   -0.27800   -0.00108   -0.27869   -0.00086
          1      24800  276.45586   -0.27800   -0.00108   -0.27870   -0.00086
          1      24900  277.63418   -0.27801   -0.00108   -0.27871   -0.00086
          1      25000  278.75713   -0.27801   -0.00108   -0.27871   -0.00085
          1      25100  279.95981   -0.27802   -0.00107   -0.27872   -0.00085
          1      25200  281.14700   -0.27803   -0.00107   -0.27872   -0.00085
          1      25300  282.21919   -0.27803   -0.00107   -0.27872   -0.00085
          1      25400  283.31949   -0.27804   -0.00107   -0.27873   -0.00085
          1      25500  284.40816   -0.27805   -0.00107   -0.27873   -0.00085
          1      25600  285.19733   -0.27805   -0.00106   -0.27874   -0.00084
          1      25700  286.35525   -0.27806   -0.00106   -0.27874   -0.00084
          1      25800  287.57377   -0.27806   -0.00106   -0.27876   -0.00082
          1      25900  288.90061   -0.27807   -0.00106   -0.27880   -0.00080
          1      26000  289.88527   -0.27808   -0.00106   -0.27878   -0.00083
          1      26100  290.86691   -0.27808   -0.00106   -0.27878   -0.00083
          1      26200  291.85782   -0.27809   -0.00105   -0.27879   -0.00083
          1      26300  292.82183   -0.27809   -0.00105   -0.27879   -0.00083
          1      26400  293.95299   -0.27810   -0.00105   -0.27880   -0.00083
          1      26500  294.99866   -0.27810   -0.00105   -0.27880   -0.00083
          1      26600  295.98290   -0.27811   -0.00105   -0.27881   -0.00083
          1      26700  297.17525   -0.27812   -0.00104   -0.27881   -0.00083
          1      26800  298.48066   -0.27812   -0.00104   -0.27881   -0.00082
          1      26900  299.51077   -0.27813   -0.00104   -0.27882   -0.00082
          1      27000  300.58537   -0.27813   -0.00104   -0.27882   -0.00082
          1      27100  301.67606   -0.27814   -0.00104   -0.27883   -0.00082
          1      27200  302.74174   -0.27814   -0.00104   -0.27883   -0.00082
          1      27300  304.04794   -0.27815   -0.00103   -0.27884   -0.00082
          1      27400  305.17597   -0.27815   -0.00103   -0.27884   -0.00081
          1      27500  306.07377   -0.27816   -0.00103   -0.27885   -0.00081
          1      27600  307.13038   -0.27817   -0.00103   -0.27885   -0.00081
          1      27700  308.21930   -0.27817   -0.00103   -0.27885   -0.00081
          1      27800  309.35799   -0.27818   -0.00102   -0.27886   -0.00081
          1      27900  310.51074   -0.27818   -0.00102   -0.27886   -0.00081
          1      28000  311.60155   -0.27819   -0.00102   -0.27887   -0.00081
          1      28100  312.59464   -0.27819   -0.00102   -0.27887   -0.00080
          1      28200  313.74709   -0.27820   -0.00102   -0.27887   -0.00080
          1      28300  315.10372   -0.27820   -0.00102   -0.27888   -0.00080
          1      28400  316.37650   -0.27821   -0.00101   -0.27888   -0.00080
          1      28500  317.35969   -0.27821   -0.00101   -0.27889   -0.00080
          1      28600  318.27989   -0.27822   -0.00101   -0.27889   -0.00080
          1      28700  319.31624   -0.27822   -0.00101   -0.27890   -0.00080
          1      28800  320.22787   -0.27823   -0.00101   -0.27890   -0.00079
          1      28900  321.37925   -0.27823   -0.00101   -0.27890   -0.00079
          1      29000  322.46778   -0.27824   -0.00100   -0.27891   -0.00079
          1      29100  323.52407   -0.27824   -0.00100   -0.27891   -0.00079
          1      29200  324.82380   -0.27825   -0.00100   -0.27891   -0.00079
          1      29300  326.02209   -0.27825   -0.00100   -0.27891   -0.00080
          1      29400  327.22326   -0.27826   -0.00100   -0.27895   -0.00078
          1      29500  328.28547   -0.27826   -0.00100   -0.27895   -0.00078
          1      29600  329.52517   -0.27827   -0.00099   -0.27895   -0.00078
          1      29700  330.39333   -0.27827   -0.00099   -0.27895   -0.00078
          1      29800  331.38304   -0.27828   -0.00099   -0.27896   -0.00078
          1      29900  332.44063   -0.27828   -0.00099   -0.27896   -0.00078
          1      30000  333.56429   -0.27829   -0.00099   -0.27896   -0.00078
          1      30100  334.80722   -0.27829   -0.00099   -0.27897   -0.00078
          1      30200  335.91906   -0.27830   -0.00099   -0.27897   -0.00078
          1      30300  337.02478   -0.27830   -0.00098   -0.27897   -0.00077
          1      30400  338.28401   -0.27831   -0.00098   -0.27898   -0.00077
          1      30500  339.32255   -0.27831   -0.00098   -0.27898   -0.00077
          1      30600  340.79773   -0.27832   -0.00098   -0.27898   -0.00077
          1      30700  341.90873   -0.27832   -0.00098   -0.27899   -0.00077
          1      30800  342.87849   -0.27833   -0.00098   -0.27899   -0.00077
          1      30900  343.92912   -0.27833   -0.00098   -0.27900   -0.00077
          1      31000  345.03381   -0.27833   -0.00097   -0.27900   -0.00076
          1      31100  346.22414   -0.27834   -0.00097   -0.27900   -0.00076
          1      31200  347.54350   -0.27834   -0.00097   -0.27901   -0.00076
          1      31300  348.57544   -0.27835   -0.00097   -0.27901   -0.00076
          1      31400  349.75202   -0.27835   -0.00097   -0.27901   -0.00076
          1      31500  350.88855   -0.27836   -0.00097   -0.27902   -0.00076
          1      31600  352.07391   -0.27836   -0.00096   -0.27902   -0.00076
          1      31700  353.06028   -0.27837   -0.00096   -0.27902   -0.00076
          1      31800  354.28300   -0.27837   -0.00096   -0.27903   -0.00076
          1      31900  355.33474   -0.27838   -0.00096   -0.27903   -0.00075
          1      32000  356.28237   -0.27838   -0.00096   -0.27903   -0.00075
          1      32100  357.44152   -0.27838   -0.00096   -0.27904   -0.00075
          1      32200  358.66236   -0.27839   -0.00096   -0.27904   -0.00075
          1      32300  360.02919   -0.27839   -0.00095   -0.27904   -0.00075
          1      32400  361.04430   -0.27840   -0.00095   -0.27905   -0.00075
          1      32500  362.06495   -0.27840   -0.00095   -0.27905   -0.00075
          1      32600  363.28514   -0.27841   -0.00095   -0.27905   -0.00075
          1      32700  364.10610   -0.27841   -0.00095   -0.27906   -0.00074
          1      32800  365.43401   -0.27841   -0.00095   -0.27906   -0.00074
          1      32900  366.65534   -0.27842   -0.00095   -0.27906   -0.00074
          1      33000  367.90266   -0.27842   -0.00095   -0.27907   -0.00074
          1      33100  368.95739   -0.27843   -0.00094   -0.27908   -0.00072
          1      33200  369.96815   -0.27843   -0.00094   -0.27911   -0.00071
          1      33300  371.10301   -0.27844   -0.00094   -0.27910   -0.00073
          1      33400  372.32900   -0.27844   -0.00094   -0.27910   -0.00073
          1      33500  373.41976   -0.27844   -0.00094   -0.27910   -0.00073
          1      33600  374.54736   -0.27845   -0.00094   -0.27910   -0.00073
          1      33700  375.79728   -0.27845   -0.00094   -0.27910   -0.00073
          1      33800  376.84368   -0.27846   -0.00093   -0.27911   -0.00073
          1      33900  377.91511   -0.27846   -0.00093   -0.27911   -0.00073
          1      34000  379.13914   -0.27846   -0.00093   -0.27911   -0.00073
          1      34100  380.03849   -0.27847   -0.00093   -0.27912   -0.00073
          1      34200  381.20990   -0.27847   -0.00093   -0.27912   -0.00073
          1      34300  382.42045   -0.27848   -0.00093   -0.27912   -0.00073
          1      34400  383.26137   -0.27848   -0.00093   -0.27913   -0.00073
          1      34500  384.29273   -0.27848   -0.00093   -0.27913   -0.00072
          1      34600  385.31992   -0.27849   -0.00092   -0.27913   -0.00072
          1      34700  386.58112   -0.27849   -0.00092   -0.27913   -0.00072
          1      34800  387.76904   -0.27850   -0.00092   -0.27914   -0.00072
          1      34900  388.88210   -0.27850   -0.00092   -0.27914   -0.00072
          1      35000  390.20748   -0.27850   -0.00092   -0.27914   -0.00072
          1      35100  391.18142   -0.27851   -0.00092   -0.27915   -0.00072
          1      35200  392.15386   -0.27851   -0.00092   -0.27915   -0.00072
          1      35300  392.97294   -0.27851   -0.00092   -0.27915   -0.00072
          1      35400  394.08612   -0.27852   -0.00091   -0.27915   -0.00071
          1      35500  395.20434   -0.27852   -0.00091   -0.27916   -0.00071
          1      35600  396.32010   -0.27853   -0.00091   -0.27916   -0.00071
          1      35700  397.58234   -0.27853   -0.00091   -0.27916   -0.00071
          1      35800  398.73262   -0.27853   -0.00091   -0.27917   -0.00071
          1      35900  399.68147   -0.27854   -0.00091   -0.27917   -0.00071
          1      36000  400.84355   -0.27854   -0.00091   -0.27917   -0.00071
          1      36100  401.80232   -0.27854   -0.00091   -0.27917   -0.00071
          1      36200  403.02015   -0.27855   -0.00090   -0.27918   -0.00071
          1      36300  404.02058   -0.27855   -0.00090   -0.27918   -0.00071
          1      36400  405.13308   -0.27856   -0.00090   -0.27918   -0.00070
          1      36500  406.41458   -0.27856   -0.00090   -0.27919   -0.00070
          1      36600  407.69398   -0.27856   -0.00090   -0.27919   -0.00070
          1      36700  408.64249   -0.27857   -0.00090   -0.27919   -0.00070
          1      36800  409.72171   -0.27857   -0.00090   -0.27919   -0.00070
          1      36900  410.77738   -0.27857   -0.00090   -0.27920   -0.00070
          1      37000  411.95898   -0.27858   -0.00090   -0.27920   -0.00070
          1      37100  413.02780   -0.27858   -0.00089   -0.27923   -0.00066
          1      37200  414.08403   -0.27858   -0.00089   -0.27923   -0.00068
          1      37300  415.11902   -0.27859   -0.00089   -0.27922   -0.00069
          1      37400  416.13472   -0.27859   -0.00089   -0.27922   -0.00069
          1      37500  417.21419   -0.27859   -0.00089   -0.27923   -0.00069
          1      37600  418.52309   -0.27860   -0.00089   -0.27923   -0.00069
          1      37700  419.72633   -0.27860   -0.00089   -0.27923   -0.00069
          1      37800  420.51801   -0.27861   -0.00089   -0.27923   -0.00069
          1      37900  421.71686   -0.27861   -0.00089   -0.27924   -0.00069
          1      38000  422.92257   -0.27861   -0.00088   -0.27924   -0.00069
          1      38100  424.19824   -0.27862   -0.00088   -0.27924   -0.00069
          1      38200  425.46824   -0.27862   -0.00088   -0.27924   -0.00069
          1      38300  426.45152   -0.27862   -0.00088   -0.27925   -0.00069
          1      38400  427.30514   -0.27863   -0.00088   -0.27925   -0.00069
          1      38500  428.48387   -0.27863   -0.00088   -0.27925   -0.00068
          1      38600  429.60484   -0.27863   -0.00088   -0.27925   -0.00068
          1      38700  430.78755   -0.27864   -0.00088   -0.27926   -0.00068
          1      38800  431.87061   -0.27864   -0.00088   -0.27926   -0.00068
          1      38900  432.86919   -0.27864   -0.00087   -0.27926   -0.00068
          1      39000  433.94437   -0.27865   -0.00087   -0.27926   -0.00068
          1      39100  435.19828   -0.27865   -0.00087   -0.27927   -0.00068
          1      39200  436.22592   -0.27865   -0.00087   -0.27927   -0.00068
          1      39300  437.47329   -0.27866   -0.00087   -0.27927   -0.00068
          1      39400  438.63830   -0.27866   -0.00087   -0.27927   -0.00068
          1      39500  439.54825   -0.27866   -0.00087   -0.27928   -0.00068
          1      39600  440.61405   -0.27866   -0.00087   -0.27928   -0.00067
          1      39700  441.75533   -0.27867   -0.00087   -0.27928   -0.00067
          1      39800  442.91111   -0.27867   -0.00086   -0.27928   -0.00067
          1      39900  443.86315   -0.27867   -0.00086   -0.27929   -0.00067
          1      40000  445.04281   -0.27868   -0.00086   -0.27929   -0.00067
          1      40100  446.28793   -0.27868   -0.00086   -0.27929   -0.00067
          1      40200  447.40516   -0.27868   -0.00086   -0.27929   -0.00067
          1      40300  448.47798   -0.27869   -0.00086   -0.27930   -0.00067
          1      40400  449.53473   -0.27869   -0.00086   -0.27930   -0.00067
          1      40500  450.62212   -0.27869   -0.00086   -0.27930   -0.00067
          1      40600  451.74241   -0.27870   -0.00086   -0.27930   -0.00067
          1      40700  452.72517   -0.27870   -0.00086   -0.27930   -0.00067
          1      40800  453.78759   -0.27870   -0.00085   -0.27931   -0.00066
          1      40900  454.69805   -0.27871   -0.00085   -0.27931   -0.00066
          1      41000  455.82368   -0.27871   -0.00085   -0.27931   -0.00066
          1      41100  456.90347   -0.27871   -0.00085   -0.27932   -0.00066
          1      41200  458.05849   -0.27872   -0.00085   -0.27936   -0.00061
          1      41300  459.35857   -0.27872   -0.00085   -0.27934   -0.00065
          1      41400  460.45713   -0.27872   -0.00085   -0.27933   -0.00066
          1      41500  461.62032   -0.27872   -0.00085   -0.27934   -0.00066
          1      41600  462.40730   -0.27873   -0.00085   -0.27934   -0.00066
          1      41700  463.63161   -0.27873   -0.00085   -0.27934   -0.00066
          1      41800  464.89124   -0.27873   -0.00084   -0.27934   -0.00066
          1      41900  465.99525   -0.27874   -0.00084   -0.27934   -0.00066
          1      42000  467.33337   -0.27874   -0.00084   -0.27935   -0.00065
          1      42100  468.63786   -0.27874   -0.00084   -0.27935   -0.00065
          1      42200  469.56999   -0.27874   -0.00084   -0.27935   -0.00065
          1      42300  470.59486   -0.27875   -0.00084   -0.27935   -0.00065
          1      42400  471.72066   -0.27875   -0.00084   -0.27935   -0.00065
          1      42500  472.74717   -0.27875   -0.00084   -0.27936   -0.00065
          1      42600  473.72909   -0.27876   -0.00084   -0.27936   -0.00065
          1      42700  474.77813   -0.27876   -0.00084   -0.27936   -0.00065
          1      42800  476.09870   -0.27876   -0.00084   -0.27936   -0.00065
          1      42900  477.26611   -0.27877   -0.00083   -0.27936   -0.00065
          1      43000  478.32743   -0.27877   -0.00083   -0.27937   -0.00065
          1      43100  479.34464   -0.27877   -0.00083   -0.27937   -0.00065
          1      43200  480.35681   -0.27877   -0.00083   -0.27937   -0.00065
          1      43300  481.21209   -0.27878   -0.00083   -0.27937   -0.00064
          1      43400  482.24671   -0.27878   -0.00083   -0.27938   -0.00064
          1      43500  483.41968   -0.27878   -0.00083   -0.27938   -0.00064
          1      43600  484.43193   -0.27879   -0.00083   -0.27938   -0.00064
          1      43700  485.52645   -0.27879   -0.00083   -0.27938   -0.00064
          1      43800  486.74936   -0.27879   -0.00083   -0.27938   -0.00064
          1      43900  487.69270   -0.27879   -0.00083   -0.27939   -0.00064
          1      44000  488.79491   -0.27880   -0.00082   -0.27939   -0.00064
          1      44100  489.97362   -0.27880   -0.00082   -0.27939   -0.00064
          1      44200  491.14022   -0.27880   -0.00082   -0.27939   -0.00064
          1      44300  492.15373   -0.27880   -0.00082   -0.27939   -0.00064
          1      44400  493.29555   -0.27881   -0.00082   -0.27940   -0.00064
          1      44500  494.46806   -0.27881   -0.00082   -0.27940   -0.00064
          1      44600  495.87585   -0.27881   -0.00082   -0.27940   -0.00064
          1      44700  497.08322   -0.27882   -0.00082   -0.27940   -0.00063
          1      44800  498.47301   -0.27882   -0.00082   -0.27940   -0.00063
          1      44900  499.34751   -0.27882   -0.00082   -0.27941   -0.00063
          1      45000  500.53235   -0.27882   -0.00082   -0.27941   -0.00063
          1      45100  501.73819   -0.27883   -0.00081   -0.27941   -0.00063
          1      45200  502.70633   -0.27883   -0.00081   -0.27941   -0.00063
          1      45300  503.73017   -0.27883   -0.00081   -0.27941   -0.00063
          1      45400  504.95668   -0.27883   -0.00081   -0.27941   -0.00063
          1      45500  506.08909   -0.27884   -0.00081   -0.27942   -0.00064
          1      45600  507.10248   -0.27884   -0.00081   -0.27944   -0.00062
          1      45700  508.09168   -0.27884   -0.00081   -0.27944   -0.00062
          1      45800  509.27698   -0.27884   -0.00081   -0.27944   -0.00062
          1      45900  510.47838   -0.27885   -0.00081   -0.27944   -0.00062
          1      46000  511.46507   -0.27885   -0.00081   -0.27944   -0.00062
          1      46100  512.50039   -0.27885   -0.00081   -0.27944   -0.00062
          1      46200  513.60805   -0.27886   -0.00081   -0.27944   -0.00062
          1      46300  514.74367   -0.27886   -0.00080   -0.27944   -0.00062
          1      46400  515.85567   -0.27886   -0.00080   -0.27945   -0.00062
          1      46500  516.76356   -0.27886   -0.00080   -0.27945   -0.00062
          1      46600  517.83716   -0.27887   -0.00080   -0.27945   -0.00062
          1      46700  518.89045   -0.27887   -0.00080   -0.27945   -0.00062
          1      46800  519.74216   -0.27887   -0.00080   -0.27945   -0.00062
          1      46900  521.16243   -0.27887   -0.00080   -0.27945   -0.00062
          1      47000  522.29259   -0.27888   -0.00080   -0.27946   -0.00062
          1      47100  523.45901   -0.27888   -0.00080   -0.27946   -0.00062
          1      47200  524.68466   -0.27888   -0.00080   -0.27946   -0.00062
          1      47300  525.94083   -0.27888   -0.00080   -0.27946   -0.00062
          1      47400  526.96907   -0.27889   -0.00080   -0.27946   -0.00062
          1      47500  528.27817   -0.27889   -0.00079   -0.27947   -0.00061
          1      47600  529.13518   -0.27889   -0.00079   -0.27947   -0.00061
          1      47700  530.10776   -0.27889   -0.00079   -0.27947   -0.00061
          1      47800  531.24336   -0.27890   -0.00079   -0.27947   -0.00061
          1      47900  532.46201   -0.27890   -0.00079   -0.27947   -0.00061
          1      48000  533.61532   -0.27890   -0.00079   -0.27947   -0.00061
          1      48100  534.64326   -0.27890   -0.00079   -0.27948   -0.00061
          1      48200  535.68790   -0.27890   -0.00079   -0.27948   -0.00061
          1      48300  536.78980   -0.27891   -0.00079   -0.27948   -0.00061
          1      48400  537.84162   -0.27891   -0.00079   -0.27948   -0.00061
          1      48500  538.78297   -0.27891   -0.00079   -0.27948   -0.00061
          1      48600  540.05193   -0.27891   -0.00079   -0.27949   -0.00061
          1      48700  541.04534   -0.27892   -0.00079   -0.27949   -0.00061
          1      48800  541.98902   -0.27892   -0.00078   -0.27949   -0.00061
          1      48900  543.09102   -0.27892   -0.00078   -0.27949   -0.00061
          1      49000  544.07496   -0.27892   -0.00078   -0.27949   -0.00061
          1      49100  545.28572   -0.27893   -0.00078   -0.27949   -0.00060
          1      49200  546.32165   -0.27893   -0.00078   -0.27950   -0.00060
          1      49300  547.42180   -0.27893   -0.00078   -0.27950   -0.00060
          1      49400  548.57486   -0.27893   -0.00078   -0.27950   -0.00060
          1      49500  549.67763   -0.27894   -0.00078   -0.27950   -0.00060
          1      49600  550.50738   -0.27894   -0.00078   -0.27950   -0.00060
          1      49700  551.33807   -0.27894   -0.00078   -0.27950   -0.00060
          1      49800  552.33325   -0.27894   -0.00078   -0.27951   -0.00060
          1      49900  553.29708   -0.27895   -0.00078   -0.27951   -0.00060
          1      50000  554.32473   -0.27895   -0.00078   -0.27951   -0.00059
          1      50100  555.18342   -0.27895   -0.00077   -0.27955   -0.00056
          1      50200  556.34984   -0.27895   -0.00077   -0.27953   -0.00059
          1      50300  557.67558   -0.27895   -0.00077   -0.27953   -0.00059
          1      50400  558.81970   -0.27896   -0.00077   -0.27953   -0.00059
          1      50500  560.16170   -0.27896   -0.00077   -0.27953   -0.00060
          1      50600  561.22045   -0.27896   -0.00077   -0.27953   -0.00059
          1      50700  562.43061   -0.27896   -0.00077   -0.27953   -0.00059
          1      50800  563.57373   -0.27897   -0.00077   -0.27953   -0.00059
          1      50900  564.70781   -0.27897   -0.00077   -0.27953   -0.00059
          1      51000  565.95436   -0.27897   -0.00077   -0.27953   -0.00059
          1      51100  567.10073   -0.27897   -0.00077   -0.27954   -0.00059
          1      51200  568.10833   -0.27897   -0.00077   -0.27954   -0.00059
          1      51300  569.42878   -0.27898   -0.00077   -0.27954   -0.00059
          1      51400  570.39652   -0.27898   -0.00077   -0.27954   -0.00059
          1      51500  571.64171   -0.27898   -0.00076   -0.27954   -0.00059
          1      51600  572.98789   -0.27898   -0.00076   -0.27954   -0.00059
          1      51700  574.14672   -0.27899   -0.00076   -0.27955   -0.00059
          1      51800  575.26373   -0.27899   -0.00076   -0.27955   -0.00059
          1      51900  576.39008   -0.27899   -0.00076   -0.27955   -0.00059
          1      52000  577.44274   -0.27899   -0.00076   -0.27955   -0.00059
          1      52100  578.55885   -0.27899   -0.00076   -0.27955   -0.00059
          1      52200  579.63174   -0.27900   -0.00076   -0.27955   -0.00059
          1      52300  580.65746   -0.27900   -0.00076   -0.27956   -0.00059
          1      52400  581.79128   -0.27900   -0.00076   -0.27956   -0.00058
          1      52500  582.82740   -0.27900   -0.00076   -0.27956   -0.00058
          1      52600  583.94260   -0.27900   -0.00076   -0.27956   -0.00058
          1      52700  585.17404   -0.27901   -0.00076   -0.27956   -0.00058
          1      52800  586.18228   -0.27901   -0.00076   -0.27956   -0.00058
          1      52900  587.31107   -0.27901   -0.00075   -0.27957   -0.00058
          1      53000  588.42136   -0.27901   -0.00075   -0.27957   -0.00058
          1      53100  589.59259   -0.27902   -0.00075   -0.27957   -0.00058
          1      53200  590.83868   -0.27902   -0.00075   -0.27957   -0.00058
          1      53300  591.80048   -0.27902   -0.00075   -0.27957   -0.00058
          1      53400  593.05602   -0.27902   -0.00075   -0.27957   -0.00058
          1      53500  594.24969   -0.27902   -0.00075   -0.27957   -0.00058
          1      53600  595.36475   -0.27903   -0.00075   -0.27958   -0.00058
          1      53700  596.63034   -0.27903   -0.00075   -0.27958   -0.00058
          1      53800  597.65116   -0.27903   -0.00075   -0.27958   -0.00058
          1      53900  598.50575   -0.27903   -0.00075   -0.27958   -0.00058
          1      54000  599.39890   -0.27903   -0.00075   -0.27958   -0.00058
          1      54088  600.20196   -0.27904   -0.00075   -0.27958   -0.00058
