          1          0    0.00000   -1.03631   -0.02800   -1.03631   -0.02800   -3.43075    3.43075    0.00000
          1          1    0.03422   -0.72041   -0.03390   -0.52125   -0.02865   -3.43075   -0.72041    0.00000
          2          0    0.03422   -0.30628   -0.04809   -0.52125   -0.02865   -3.43075   -0.72041   -2.07558
          2        100    6.11050   -0.95445   -0.03243   -1.04030   -0.02896   -3.43075   -0.72041   -2.07558
          2        200   12.46872   -0.97982   -0.03155   -1.04075   -0.02935   -3.43075   -0.72041   -2.07558
          2        300   19.61734   -0.99107   -0.03114   -1.04092   -0.02909   -3.43075   -0.72041   -2.07558
          2        400   26.10789   -0.99778   -0.03089   -1.04105   -0.02914   -3.43075   -0.72041   -2.07558
          2        500   33.28104   -1.00237   -0.03072   -1.04101   -0.02932   -3.43075   -0.72041   -2.07558
          2        600   39.92895   -1.00575   -0.03059   -1.04107   -0.02896   -3.43075   -0.72041   -2.07558
          2        700   46.60189   -1.00839   -0.03049   -1.04091   -0.02915   -3.43075   -0.72041   -2.07558
          2        800   53.32950   -1.01051   -0.03041   -1.04100   -0.02915   -3.43075   -0.72041   -2.07558
          2        900   60.62477   -1.01227   -0.03034   -1.04116   -0.02917   -3.43075   -0.72041   -2.07558
          2       1000   67.35875   -1.01376   -0.03029   -1.04102   -0.02904   -3.43075   -0.72041   -2.07558
          2       1100   74.11859   -1.01504   -0.03024   -1.04115   -0.02926   -3.43075   -0.72041   -2.07558
          2       1200   80.87640   -1.01616   -0.03019   -1.04123   -0.02925   -3.43075   -0.72041   -2.07558
          2       1300   87.66136   -1.01714   -0.03015   -1.04115   -0.02918   -3.43075   -0.72041   -2.07558
          2       1400   94.28240   -1.01802   -0.03012   -1.04116   -0.02920   -3.43075   -0.72041   -2.07558
          2       1500  100.88192   -1.01881   -0.03009   -1.04119   -0.02919   -3.43075   -0.72041   -2.07558
          2       1600  107.38242   -1.01953   -0.03006   -1.04115   -0.02919   -3.43075   -0.72041   -2.07558
          2       1700  114.44969   -1.02018   -0.03004   -1.04123   -0.02918   -3.43075   -0.72041   -2.07558
          2       1800  120.65710   -1.02077   -0.03001   -1.04126   -0.02918   -3.43075   -0.72041   -2.07558
          2       1900  127.26974   -1.02132   -0.02999   -1.04112   -0.02919   -3.43075   -0.72041   -2.07558
          2       2000  134.21128   -1.02183   -0.02997   -1.04110   -0.02913   -3.43075   -0.72041   -2.07558
          2       2100  140.96124   -1.02229   -0.02995   -1.04118   -0.02913   -3.43075   -0.72041   -2.07558
          2       2200  147.78147   -1.02273   -0.02993   -1.04114   -0.02912   -3.43075   -0.72041   -2.07558
          2       2300  154.41978   -1.02314   -0.02992   -1.04113   -0.02913   -3.43075   -0.72041   -2.07558
          2       2400  161.12783   -1.02352   -0.02990   -1.04121   -0.02913   -3.43075   -0.72041   -2.07558
          2       2500  167.69829   -1.02388   -0.02989   -1.04119   -0.02925   -3.43075   -0.72041   -2.07558
          2       2600  174.42695   -1.02422   -0.02987   -1.04120   -0.02907   -3.43075   -0.72041   -2.07558
          2       2700  180.98273   -1.02454   -0.02986   -1.04116   -0.02916   -3.43075   -0.72041   -2.07558
          2       2800  187.63202   -1.02484   -0.02985   -1.04125   -0.02917   -3.43075   -0.72041   -2.07558
          2       2900  193.91829   -1.02513   -0.02984   -1.04120   -0.02913   -3.43075   -0.72041   -2.07558
          2       3000  200.75692   -1.02540   -0.02983   -1.04121   -0.02911   -3.43075   -0.72041   -2.07558
          2       3100  207.38533   -1.02566   -0.02982   -1.04116   -0.02913   -3.43075   -0.72041   -2.07558
          2       3200  214.44409   -1.02591   -0.02981   -1.04121   -0.02914   -3.43075   -0.72041   -2.07558
          2       3300  221.07167   -1.02614   -0.02980   -1.04122   -0.02922   -3.43075   -0.72041   -2.07558
          2       3400  227.65670   -1.02637   -0.02979   -1.04123   -0.02923   -3.43075   -0.72041   -2.07558
          2       3500  234.37048   -1.02658   -0.02978   -1.04125   -0.02920   -3.43075   -0.72041   -2.07558
          2       3600  240.99429   -1.02679   -0.02977   -1.04128   -0.02919   -3.43075   -0.72041   -2.07558
          2       3700  247.25795   -1.02699   -0.02976   -1.04123   -0.02917   -3.43075   -0.72041   -2.07558
          2       3800  253.60986   -1.02718   -0.02976   -1.04119   -0.02915   -3.43075   -0.72041   -2.07558
          2       3900  260.00042   -1.02736   -0.02975   -1.04121   -0.02918   -3.43075   -0.72041   -2.07558
          2       4000  266.61834   -1.02754   -0.02974   -1.04127   -0.02914   -3.43075   -0.72041   -2.07558
          2       4100  273.56136   -1.02770   -0.02974   -1.04117   -0.02918   -3.43075   -0.72041   -2.07558
          2       4200  280.10746   -1.02787   -0.02973   -1.04130   -0.02913   -3.43075   -0.72041   -2.07558
          2       4300  286.92694   -1.02803   -0.02972   -1.04128   -0.02913   -3.43075   -0.72041   -2.07558
          2       4400  293.76810   -1.02818   -0.02972   -1.04123   -0.02913   -3.43075   -0.72041   -2.07558
          2       4500  300.71147   -1.02832   -0.02971   -1.04125   -0.02915   -3.43075   -0.72041   -2.07558
          2       4600  307.54279   -1.02847   -0.02971   -1.04126   -0.02912   -3.43075   -0.72041   -2.07558
          2       4700  313.93879   -1.02860   -0.02970   -1.04125   -0.02915   -3.43075   -0.72041   -2.07558
          2       4800  320.48450   -1.02874   -0.02969   -1.04124   -0.02921   -3.43075   -0.72041   -2.07558
          2       4900  327.01629   -1.02887   -0.02969   -1.04125   -0.02913   -3.43075   -0.72041   -2.07558
          2       5000  333.08389   -1.02899   -0.02968   -1.04130   -0.02918   -3.43075   -0.72041   -2.07558
          2       5100  339.40087   -1.02911   -0.02968   -1.04127   -0.02920   -3.43075   -0.72041   -2.07558
          2       5200  346.20702   -1.02923   -0.02967   -1.04128   -0.02919   -3.43075   -0.72041   -2.07558
          2       5300  353.03008   -1.02935   -0.02967   -1.04130   -0.02917   -3.43075   -0.72041   -2.07558
          2       5400  359.84124   -1.02946   -0.02967   -1.04122   -0.02923   -3.43075   -0.72041   -2.07558
          2       5500  366.50627   -1.02957   -0.02966   -1.04131   -0.02920   -3.43075   -0.72041   -2.07558
          2       5600  373.36441   -1.02967   -0.02966   -1.04128   -0.02920   -3.43075   -0.72041   -2.07558
          2       5700  380.51924   -1.02977   -0.02965   -1.04125   -0.02920   -3.43075   -0.72041   -2.07558
          2       5800  387.66693   -1.02987   -0.02965   -1.04128   -0.02922   -3.43075   -0.72041   -2.07558
          2       5900  394.48427   -1.02997   -0.02965   -1.04125   -0.02914   -3.43075   -0.72041   -2.07558
          2       6000  400.95239   -1.03007   -0.02964   -1.04126   -0.02912   -3.43075   -0.72041   -2.07558
          2       6100  408.29938   -1.03016   -0.02964   -1.04126   -0.02916   -3.43075   -0.72041   -2.07558
          2       6200  414.49399   -1.03025   -0.02963   -1.04128   -0.02921   -3.43075   -0.72041   -2.07558
          2       6300  420.79896   -1.03034   -0.02963   -1.04128   -0.02921   -3.43075   -0.72041   -2.07558
          2       6400  427.56658   -1.03043   -0.02963   -1.04125   -0.02924   -3.43075   -0.72041   -2.07558
          2       6500  433.97340   -1.03051   -0.02962   -1.04128   -0.02917   -3.43075   -0.72041   -2.07558
          2       6600  440.61950   -1.03059   -0.02962   -1.04123   -0.02915   -3.43075   -0.72041   -2.07558
          2       6700  447.06717   -1.03067   -0.02962   -1.04129   -0.02921   -3.43075   -0.72041   -2.07558
          2       6800  453.78870   -1.03075   -0.02961   -1.04129   -0.02923   -3.43075   -0.72041   -2.07558
          2       6900  460.17799   -1.03083   -0.02961   -1.04125   -0.02918   -3.43075   -0.72041   -2.07558
          2       7000  466.95265   -1.03090   -0.02961   -1.04123   -0.02919   -3.43075   -0.72041   -2.07558
          2       7100  473.73802   -1.03098   -0.02960   -1.04127   -0.02920   -3.43075   -0.72041   -2.07558
          2       7200  480.50926   -1.03105   -0.02960   -1.04129   -0.02918   -3.43075   -0.72041   -2.07558
          2       7300  486.84223   -1.03112   -0.02960   -1.04128   -0.02913   -3.43075   -0.72041   -2.07558
          2       7400  493.38383   -1.03119   -0.02960   -1.04125   -0.02918   -3.43075   -0.72041   -2.07558
          2       7500  500.28815   -1.03126   -0.02959   -1.04126   -0.02917   -3.43075   -0.72041   -2.07558
          2       7600  507.45298   -1.03132   -0.02959   -1.04131   -0.02920   -3.43075   -0.72041   -2.07558
          2       7700  513.72637   -1.03139   -0.02959   -1.04130   -0.02922   -3.43075   -0.72041   -2.07558
          2       7800  520.63960   -1.03145   -0.02959   -1.04131   -0.02921   -3.43075   -0.72041   -2.07558
          2       7900  527.30242   -1.03152   -0.02958   -1.04132   -0.02917   -3.43075   -0.72041   -2.07558
          2       8000  534.14658   -1.03158   -0.02958   -1.04130   -0.02916   -3.43075   -0.72041   -2.07558
          2       8100  540.71978   -1.03164   -0.02958   -1.04129   -0.02921   -3.43075   -0.72041   -2.07558
          2       8200  547.35383   -1.03170   -0.02958   -1.04127   -0.02916   -3.43075   -0.72041   -2.07558
          2       8300  554.05883   -1.03176   -0.02957   -1.04128   -0.02915   -3.43075   -0.72041   -2.07558
          2       8400  561.33376   -1.03181   -0.02957   -1.04129   -0.02917   -3.43075   -0.72041   -2.07558
          2       8500  567.94769   -1.03187   -0.02957   -1.04130   -0.02920   -3.43075   -0.72041   -2.07558
          2       8600  574.63046   -1.03192   -0.02957   -1.04127   -0.02915   -3.43075   -0.72041   -2.07558
          2       8700  581.25196   -1.03198   -0.02956   -1.04128   -0.02916   -3.43075   -0.72041   -2.07558
          2       8800  587.61088   -1.03203   -0.02956   -1.04131   -0.02920   -3.43075   -0.72041   -2.07558
          2       8900  594.44455   -1.03208   -0.02956   -1.04132   -0.02918   -3.43075   -0.72041   -2.07558
          2       9000  601.08896   -1.03214   -0.02956   -1.04126   -0.02920   -3.43075   -0.72041   -2.07558
          2       9100  607.63636   -1.03219   -0.02956   -1.04129   -0.02918   -3.43075   -0.72041   -2.07558
          2       9200  614.37032   -1.03224   -0.02955   -1.04131   -0.02922   -3.43075   -0.72041   -2.07558
          2       9300  621.25477   -1.03229   -0.02955   -1.04128   -0.02918   -3.43075   -0.72041   -2.07558
          2       9400  628.20469   -1.03233   -0.02955   -1.04128   -0.02915   -3.43075   -0.72041   -2.07558
          2       9500  635.04829   -1.03238   -0.02955   -1.04130   -0.02917   -3.43075   -0.72041   -2.07558
          2       9600  641.44133   -1.03243   -0.02955   -1.04128   -0.02919   -3.43075   -0.72041   -2.07558
          2       9700  648.15598   -1.03247   -0.02954   -1.04127   -0.02917   -3.43075   -0.72041   -2.07558
          2       9800  655.10309   -1.03252   -0.02954   -1.04131   -0.02922   -3.43075   -0.72041   -2.07558
          2       9900  662.28832   -1.03256   -0.02954   -1.04126   -0.02920   -3.43075   -0.72041   -2.07558
          2      10000  669.73099   -1.03261   -0.02954   -1.04129   -0.02921   -3.43075   -0.72041   -2.07558
          2      10100  676.45004   -1.03265   -0.02954   -1.04126   -0.02918   -3.43075   -0.72041   -2.07558
          2      10200  682.92267   -1.03269   -0.02954   -1.04130   -0.02919   -3.43075   -0.72041   -2.07558
          2      10300  690.06894   -1.03274   -0.02953   -1.04129   -0.02920   -3.43075   -0.72041   -2.07558
          2      10400  697.01110   -1.03278   -0.02953   -1.04132   -0.02919   -3.43075   -0.72041   -2.07558
          2      10500  703.57749   -1.03282   -0.02953   -1.04130   -0.02915   -3.43075   -0.72041   -2.07558
          2      10600  710.06252   -1.03286   -0.02953   -1.04131   -0.02922   -3.43075   -0.72041   -2.07558
          2      10700  716.39387   -1.03290   -0.02953   -1.04131   -0.02919   -3.43075   -0.72041   -2.07558
          2      10800  723.06833   -1.03294   -0.02953   -1.04130   -0.02915   -3.43075   -0.72041   -2.07558
          2      10900  729.87251   -1.03298   -0.02952   -1.04130   -0.02919   -3.43075   -0.72041   -2.07558
          2      11000  736.54679   -1.03302   -0.02952   -1.04129   -0.02920   -3.43075   -0.72041   -2.07558
          2      11100  743.42350   -1.03305   -0.02952   -1.04131   -0.02921   -3.43075   -0.72041   -2.07558
          2      11200  751.08987   -1.03309   -0.02952   -1.04130   -0.02919   -3.43075   -0.72041   -2.07558
          2      11300  758.37484   -1.03313   -0.02952   -1.04131   -0.02920   -3.43075   -0.72041   -2.07558
          2      11400  765.21570   -1.03316   -0.02952   -1.04130   -0.02915   -3.43075   -0.72041   -2.07558
          2      11500  771.88930   -1.03320   -0.02952   -1.04130   -0.02919   -3.43075   -0.72041   -2.07558
          2      11600  778.84887   -1.03323   -0.02951   -1.04128   -0.02914   -3.43075   -0.72041   -2.07558
          2      11700  785.04441   -1.03327   -0.02951   -1.04130   -0.02919   -3.43075   -0.72041   -2.07558
          2      11800  791.78734   -1.03330   -0.02951   -1.04131   -0.02919   -3.43075   -0.72041   -2.07558
          2      11900  798.40328   -1.03334   -0.02951   -1.04128   -0.02917   -3.43075   -0.72041   -2.07558
          2      12000  805.54346   -1.03337   -0.02951   -1.04130   -0.02920   -3.43075   -0.72041   -2.07558
          2      12100  812.09872   -1.03340   -0.02951   -1.04129   -0.02915   -3.43075   -0.72041   -2.07558
          2      12200  818.89943   -1.03344   -0.02951   -1.04132   -0.02917   -3.43075   -0.72041   -2.07558
          2      12300  825.57548   -1.03347   -0.02951   -1.04131   -0.02920   -3.43075   -0.72041   -2.07558
          2      12400  832.00622   -1.03350   -0.02950   -1.04128   -0.02921   -3.43075   -0.72041   -2.07558
          2      12500  838.47329   -1.03353   -0.02950   -1.04127   -0.02920   -3.43075   -0.72041   -2.07558
          2      12600  845.46252   -1.03356   -0.02950   -1.04130   -0.02919   -3.43075   -0.72041   -2.07558
          2      12700  852.16365   -1.03359   -0.02950   -1.04129   -0.02922   -3.43075   -0.72041   -2.07558
          2      12800  858.95811   -1.03362   -0.02950   -1.04128   -0.02917   -3.43075   -0.72041   -2.07558
          2      12900  865.33783   -1.03365   -0.02950   -1.04130   -0.02921   -3.43075   -0.72041   -2.07558
          2      13000  872.19726   -1.03368   -0.02950   -1.04131   -0.02920   -3.43075   -0.72041   -2.07558
          2      13100  878.64601   -1.03371   -0.02950   -1.04130   -0.02919   -3.43075   -0.72041   -2.07558
          2      13200  885.07184   -1.03374   -0.02949   -1.04130   -0.02921   -3.43075   -0.72041   -2.07558
          2      13300  891.74419   -1.03377   -0.02949   -1.04132   -0.02921   -3.43075   -0.72041   -2.07558
          2      13400  898.73988   -1.03380   -0.02949   -1.04131   -0.02915   -3.43075   -0.72041   -2.07558
          2      13500  905.36566   -1.03383   -0.02949   -1.04132   -0.02921   -3.43075   -0.72041   -2.07558
          2      13600  911.66521   -1.03385   -0.02949   -1.04132   -0.02916   -3.43075   -0.72041   -2.07558
          2      13700  918.37240   -1.03388   -0.02949   -1.04132   -0.02915   -3.43075   -0.72041   -2.07558
          2      13800  925.12625   -1.03391   -0.02949   -1.04128   -0.02915   -3.43075   -0.72041   -2.07558
          2      13900  932.38180   -1.03394   -0.02949   -1.04129   -0.02918   -3.43075   -0.72041   -2.07558
          2      14000  938.88782   -1.03396   -0.02949   -1.04135   -0.02918   -3.43075   -0.72041   -2.07558
          2      14100  945.38237   -1.03399   -0.02948   -1.04130   -0.02919   -3.43075   -0.72041   -2.07558
          2      14200  952.09428   -1.03401   -0.02948   -1.04132   -0.02918   -3.43075   -0.72041   -2.07558
          2      14300  958.95678   -1.03404   -0.02948   -1.04134   -0.02920   -3.43075   -0.72041   -2.07558
          2      14400  965.55243   -1.03407   -0.02948   -1.04129   -0.02917   -3.43075   -0.72041   -2.07558
          2      14500  972.29086   -1.03409   -0.02948   -1.04129   -0.02916   -3.43075   -0.72041   -2.07558
          2      14600  978.89893   -1.03412   -0.02948   -1.04127   -0.02923   -3.43075   -0.72041   -2.07558
          2      14700  985.69102   -1.03414   -0.02948   -1.04129   -0.02917   -3.43075   -0.72041   -2.07558
          2      14800  992.28517   -1.03416   -0.02948   -1.04129   -0.02918   -3.43075   -0.72041   -2.07558
          2      14900  999.34014   -1.03419   -0.02948   -1.04133   -0.02918   -3.43075   -0.72041   -2.07558
          2      15000 1006.12958   -1.03421   -0.02948   -1.04130   -0.02920   -3.43075   -0.72041   -2.07558
          2      15100 1013.17612   -1.03424   -0.02947   -1.04132   -0.02918   -3.43075   -0.72041   -2.07558
          2      15200 1019.61825   -1.03426   -0.02947   -1.04128   -0.02920   -3.43075   -0.72041   -2.07558
          2      15300 1026.46266   -1.03428   -0.02947   -1.04132   -0.02921   -3.43075   -0.72041   -2.07558
          2      15400 1033.16758   -1.03431   -0.02947   -1.04130   -0.02919   -3.43075   -0.72041   -2.07558
          2      15500 1039.56795   -1.03433   -0.02947   -1.04129   -0.02919   -3.43075   -0.72041   -2.07558
          2      15600 1045.85663   -1.03435   -0.02947   -1.04133   -0.02921   -3.43075   -0.72041   -2.07558
          2      15700 1052.76686   -1.03437   -0.02947   -1.04132   -0.02918   -3.43075   -0.72041   -2.07558
          2      15800 1059.59069   -1.03440   -0.02947   -1.04130   -0.02919   -3.43075   -0.72041   -2.07558
          2      15900 1066.11058   -1.03442   -0.02947   -1.04128   -0.02915   -3.43075   -0.72041   -2.07558
          2      16000 1073.07649   -1.03444   -0.02947   -1.04130   -0.02920   -3.43075   -0.72041   -2.07558
          2      16100 1079.90928   -1.03446   -0.02947   -1.04130   -0.02919   -3.43075   -0.72041   -2.07558
          2      16200 1086.58841   -1.03448   -0.02946   -1.04132   -0.02918   -3.43075   -0.72041   -2.07558
          2      16300 1093.13256   -1.03450   -0.02946   -1.04131   -0.02918   -3.43075   -0.72041   -2.07558
          2      16400 1099.99096   -1.03452   -0.02946   -1.04132   -0.02919   -3.43075   -0.72041   -2.07558
          2      16500 1106.15928   -1.03454   -0.02946   -1.04131   -0.02917   -3.43075   -0.72041   -2.07558
          2      16600 1112.89101   -1.03457   -0.02946   -1.04130   -0.02920   -3.43075   -0.72041   -2.07558
          2      16700 1118.82793   -1.03459   -0.02946   -1.04131   -0.02920   -3.43075   -0.72041   -2.07558
          2      16800 1125.62038   -1.03461   -0.02946   -1.04134   -0.02919   -3.43075   -0.72041   -2.07558
          2      16900 1132.27942   -1.03463   -0.02946   -1.04130   -0.02921   -3.43075   -0.72041   -2.07558
          2      17000 1138.80948   -1.03465   -0.02946   -1.04128   -0.02918   -3.43075   -0.72041   -2.07558
          2      17100 1145.07384   -1.03467   -0.02946   -1.04131   -0.02922   -3.43075   -0.72041   -2.07558
          2      17200 1151.64909   -1.03468   -0.02946   -1.04129   -0.02920   -3.43075   -0.72041   -2.07558
          2      17300 1158.19375   -1.03470   -0.02946   -1.04129   -0.02918   -3.43075   -0.72041   -2.07558
          2      17400 1164.98563   -1.03472   -0.02945   -1.04133   -0.02918   -3.43075   -0.72041   -2.07558
          2      17500 1171.46903   -1.03474   -0.02945   -1.04132   -0.02919   -3.43075   -0.72041   -2.07558
          2      17600 1178.93005   -1.03476   -0.02945   -1.04131   -0.02919   -3.43075   -0.72041   -2.07558
          2      17700 1185.66617   -1.03478   -0.02945   -1.04131   -0.02919   -3.43075   -0.72041   -2.07558
          2      17800 1191.89941   -1.03480   -0.02945   -1.04129   -0.02919   -3.43075   -0.72041   -2.07558
          2      17900 1198.79879   -1.03482   -0.02945   -1.04131   -0.02919   -3.43075   -0.72041   -2.07558
          2      18000 1205.15200   -1.03483   -0.02945   -1.04129   -0.02920   -3.43075   -0.72041   -2.07558
          2      18100 1211.92623   -1.03485   -0.02945   -1.04128   -0.02919   -3.43075   -0.72041   -2.07558
          2      18200 1219.10771   -1.03487   -0.02945   -1.04129   -0.02918   -3.43075   -0.72041   -2.07558
          2      18300 1226.00178   -1.03489   -0.02945   -1.04132   -0.02920   -3.43075   -0.72041   -2.07558
          2      18400 1232.82971   -1.03491   -0.02945   -1.04133   -0.02921   -3.43075   -0.72041   -2.07558
          2      18500 1239.25063   -1.03492   -0.02945   -1.04131   -0.02920   -3.43075   -0.72041   -2.07558
          2      18600 1245.45845   -1.03494   -0.02945   -1.04131   -0.02921   -3.43075   -0.72041   -2.07558
          2      18700 1252.54796   -1.03496   -0.02945   -1.04133   -0.02919   -3.43075   -0.72041   -2.07558
          2      18800 1259.40925   -1.03497   -0.02944   -1.04129   -0.02918   -3.43075   -0.72041   -2.07558
          2      18900 1266.21665   -1.03499   -0.02944   -1.04131   -0.02919   -3.43075   -0.72041   -2.07558
          2      19000 1272.58169   -1.03501   -0.02944   -1.04133   -0.02919   -3.43075   -0.72041   -2.07558
          2      19100 1279.23247   -1.03502   -0.02944   -1.04131   -0.02919   -3.43075   -0.72041   -2.07558
          2      19200 1285.48884   -1.03504   -0.02944   -1.04133   -0.02918   -3.43075   -0.72041   -2.07558
          2      19300 1291.96405   -1.03506   -0.02944   -1.04130   -0.02916   -3.43075   -0.72041   -2.07558
          2      19400 1298.91941   -1.03507   -0.02944   -1.04132   -0.02921   -3.43075   -0.72041   -2.07558
          2      19500 1305.84847   -1.03509   -0.02944   -1.04129   -0.02917   -3.43075   -0.72041   -2.07558
          2      19600 1312.54579   -1.03511   -0.02944   -1.04131   -0.02920   -3.43075   -0.72041   -2.07558
          2      19700 1319.91227   -1.03512   -0.02944   -1.04131   -0.02915   -3.43075   -0.72041   -2.07558
          2      19800 1326.53059   -1.03514   -0.02944   -1.04133   -0.02918   -3.43075   -0.72041   -2.07558
          2      19900 1333.25305   -1.03515   -0.02944   -1.04133   -0.02919   -3.43075   -0.72041   -2.07558
          2      20000 1340.22170   -1.03517   -0.02944   -1.04131   -0.02919   -3.43075   -0.72041   -2.07558
          2      20100 1346.99798   -1.03518   -0.02944   -1.04133   -0.02916   -3.43075   -0.72041   -2.07558
          2      20200 1353.77279   -1.03520   -0.02944   -1.04134   -0.02920   -3.43075   -0.72041   -2.07558
          2      20300 1360.17638   -1.03521   -0.02944   -1.04130   -0.02921   -3.43075   -0.72041   -2.07558
          2      20400 1366.85241   -1.03523   -0.02943   -1.04130   -0.02918   -3.43075   -0.72041   -2.07558
          2      20500 1373.74878   -1.03524   -0.02943   -1.04134   -0.02918   -3.43075   -0.72041   -2.07558
          2      20600 1380.19547   -1.03526   -0.02943   -1.04133   -0.02919   -3.43075   -0.72041   -2.07558
          2      20700 1386.82827   -1.03527   -0.02943   -1.04132   -0.02921   -3.43075   -0.72041   -2.07558
          2      20800 1393.11622   -1.03529   -0.02943   -1.04132   -0.02919   -3.43075   -0.72041   -2.07558
          2      20900 1399.71090   -1.03530   -0.02943   -1.04132   -0.02916   -3.43075   -0.72041   -2.07558
          2      21000 1406.24743   -1.03532   -0.02943   -1.04133   -0.02921   -3.43075   -0.72041   -2.07558
          2      21100 1412.63768   -1.03533   -0.02943   -1.04132   -0.02917   -3.43075   -0.72041   -2.07558
          2      21200 1419.40218   -1.03535   -0.02943   -1.04133   -0.02919   -3.43075   -0.72041   -2.07558
          2      21300 1426.34474   -1.03536   -0.02943   -1.04132   -0.02921   -3.43075   -0.72041   -2.07558
          2      21400 1433.01461   -1.03537   -0.02943   -1.04133   -0.02915   -3.43075   -0.72041   -2.07558
          2      21500 1439.71546   -1.03539   -0.02943   -1.04132   -0.02917   -3.43075   -0.72041   -2.07558
          2      21600 1446.30071   -1.03540   -0.02943   -1.04133   -0.02918   -3.43075   -0.72041   -2.07558
          2      21700 1452.87668   -1.03542   -0.02943   -1.04134   -0.02920   -3.43075   -0.72041   -2.07558
          2      21800 1458.96646   -1.03543   -0.02943   -1.04133   -0.02920   -3.43075   -0.72041   -2.07558
          2      21900 1465.23227   -1.03544   -0.02943   -1.04131   -0.02917   -3.43075   -0.72041   -2.07558
          2      22000 1471.95907   -1.03546   -0.02943   -1.04132   -0.02918   -3.43075   -0.72041   -2.07558
          2      22100 1478.79159   -1.03547   -0.02942   -1.04133   -0.02918   -3.43075   -0.72041   -2.07558
          2      22200 1485.34037   -1.03548   -0.02942   -1.04131   -0.02917   -3.43075   -0.72041   -2.07558
          2      22300 1491.92727   -1.03550   -0.02942   -1.04131   -0.02918   -3.43075   -0.72041   -2.07558
          2      22400 1499.06023   -1.03551   -0.02942   -1.04135   -0.02919   -3.43075   -0.72041   -2.07558
          2      22500 1505.66923   -1.03552   -0.02942   -1.04132   -0.02919   -3.43075   -0.72041   -2.07558
          2      22600 1512.28910   -1.03554   -0.02942   -1.04131   -0.02920   -3.43075   -0.72041   -2.07558
          2      22700 1519.15774   -1.03555   -0.02942   -1.04130   -0.02918   -3.43075   -0.72041   -2.07558
          2      22800 1526.61599   -1.03556   -0.02942   -1.04133   -0.02919   -3.43075   -0.72041   -2.07558
          2      22900 1533.51173   -1.03557   -0.02942   -1.04128   -0.02918   -3.43075   -0.72041   -2.07558
          2      23000 1540.13836   -1.03559   -0.02942   -1.04133   -0.02917   -3.43075   -0.72041   -2.07558
          2      23100 1546.86264   -1.03560   -0.02942   -1.04130   -0.02917   -3.43075   -0.72041   -2.07558
          2      23200 1553.42541   -1.03561   -0.02942   -1.04130   -0.02917   -3.43075   -0.72041   -2.07558
          2      23300 1559.92698   -1.03562   -0.02942   -1.04130   -0.02916   -3.43075   -0.72041   -2.07558
          2      23400 1566.58931   -1.03564   -0.02942   -1.04130   -0.02917   -3.43075   -0.72041   -2.07558
          2      23500 1573.01736   -1.03565   -0.02942   -1.04131   -0.02917   -3.43075   -0.72041   -2.07558
          2      23600 1579.10476   -1.03566   -0.02942   -1.04131   -0.02919   -3.43075   -0.72041   -2.07558
          2      23700 1585.64117   -1.03567   -0.02942   -1.04132   -0.02921   -3.43075   -0.72041   -2.07558
          2      23800 1592.19705   -1.03568   -0.02942   -1.04133   -0.02918   -3.43075   -0.72041   -2.07558
          2      23900 1598.69513   -1.03570   -0.02942   -1.04133   -0.02917   -3.43075   -0.72041   -2.07558
          2      24000 1604.89829   -1.03571   -0.02942   -1.04134   -0.02917   -3.43075   -0.72041   -2.07558
          2      24100 1611.76828   -1.03572   -0.02941   -1.04132   -0.02921   -3.43075   -0.72041   -2.07558
          2      24200 1618.23284   -1.03573   -0.02941   -1.04135   -0.02919   -3.43075   -0.72041   -2.07558
          2      24300 1625.01091   -1.03574   -0.02941   -1.04133   -0.02920   -3.43075   -0.72041   -2.07558
          2      24400 1631.76356   -1.03575   -0.02941   -1.04133   -0.02921   -3.43075   -0.72041   -2.07558
          2      24500 1638.18187   -1.03577   -0.02941   -1.04131   -0.02919   -3.43075   -0.72041   -2.07558
          2      24600 1645.09163   -1.03578   -0.02941   -1.04133   -0.02917   -3.43075   -0.72041   -2.07558
          2      24700 1651.58348   -1.03579   -0.02941   -1.04134   -0.02919   -3.43075   -0.72041   -2.07558
          2      24800 1658.10430   -1.03580   -0.02941   -1.04132   -0.02918   -3.43075   -0.72041   -2.07558
          2      24900 1664.97456   -1.03581   -0.02941   -1.04133   -0.02920   -3.43075   -0.72041   -2.07558
          2      25000 1671.76444   -1.03582   -0.02941   -1.04132   -0.02918   -3.43075   -0.72041   -2.07558
          2      25100 1678.47451   -1.03583   -0.02941   -1.04130   -0.02920   -3.43075   -0.72041   -2.07558
          2      25200 1685.04427   -1.03584   -0.02941   -1.04131   -0.02917   -3.43075   -0.72041   -2.07558
          2      25300 1691.25080   -1.03585   -0.02941   -1.04133   -0.02921   -3.43075   -0.72041   -2.07558
          2      25400 1697.94134   -1.03587   -0.02941   -1.04133   -0.02921   -3.43075   -0.72041   -2.07558
          2      25500 1704.25293   -1.03588   -0.02941   -1.04130   -0.02920   -3.43075   -0.72041   -2.07558
          2      25600 1710.78833   -1.03589   -0.02941   -1.04132   -0.02918   -3.43075   -0.72041   -2.07558
          2      25700 1717.22256   -1.03590   -0.02941   -1.04130   -0.02919   -3.43075   -0.72041   -2.07558
          2      25800 1723.74239   -1.03591   -0.02941   -1.04133   -0.02921   -3.43075   -0.72041   -2.07558
          2      25900 1730.03205   -1.03592   -0.02941   -1.04134   -0.02920   -3.43075   -0.72041   -2.07558
          2      26000 1736.99067   -1.03593   -0.02941   -1.04130   -0.02920   -3.43075   -0.72041   -2.07558
          2      26100 1743.61819   -1.03594   -0.02941   -1.04132   -0.02920   -3.43075   -0.72041   -2.07558
          2      26200 1750.08537   -1.03595   -0.02941   -1.04133   -0.02919   -3.43075   -0.72041   -2.07558
          2      26300 1756.22004   -1.03596   -0.02941   -1.04133   -0.02921   -3.43075   -0.72041   -2.07558
          2      26400 1763.11215   -1.03597   -0.02940   -1.04130   -0.02917   -3.43075   -0.72041   -2.07558
          2      26500 1769.32454   -1.03598   -0.02940   -1.04132   -0.02919   -3.43075   -0.72041   -2.07558
          2      26600 1775.71300   -1.03599   -0.02940   -1.04132   -0.02917   -3.43075   -0.72041   -2.07558
          2      26700 1782.48990   -1.03600   -0.02940   -1.04130   -0.02918   -3.43075   -0.72041   -2.07558
          2      26800 1789.27494   -1.03601   -0.02940   -1.04131   -0.02920   -3.43075   -0.72041   -2.07558
          2      26900 1795.15256   -1.03602   -0.02940   -1.04131   -0.02916   -3.43075   -0.72041   -2.07558
          2      27000 1801.85643   -1.03603   -0.02940   -1.04131   -0.02917   -3.43075   -0.72041   -2.07558
          2      27100 1809.03961   -1.03604   -0.02940   -1.04132   -0.02921   -3.43075   -0.72041   -2.07558
          2      27200 1816.31440   -1.03605   -0.02940   -1.04129   -0.02920   -3.43075   -0.72041   -2.07558
          2      27300 1823.64647   -1.03606   -0.02940   -1.04133   -0.02918   -3.43075   -0.72041   -2.07558
          2      27400 1830.40924   -1.03607   -0.02940   -1.04132   -0.02918   -3.43075   -0.72041   -2.07558
          2      27500 1836.85748   -1.03608   -0.02940   -1.04133   -0.02922   -3.43075   -0.72041   -2.07558
          2      27600 1843.34402   -1.03609   -0.02940   -1.04131   -0.02916   -3.43075   -0.72041   -2.07558
          2      27700 1849.83295   -1.03610   -0.02940   -1.04134   -0.02920   -3.43075   -0.72041   -2.07558
          2      27800 1856.56132   -1.03611   -0.02940   -1.04133   -0.02920   -3.43075   -0.72041   -2.07558
          2      27900 1862.63356   -1.03612   -0.02940   -1.04131   -0.02919   -3.43075   -0.72041   -2.07558
          2      28000 1869.46740   -1.03613   -0.02940   -1.04133   -0.02918   -3.43075   -0.72041   -2.07558
          2      28100 1875.61717   -1.03614   -0.02940   -1.04130   -0.02919   -3.43075   -0.72041   -2.07558
          2      28200 1882.01569   -1.03615   -0.02940   -1.04133   -0.02920   -3.43075   -0.72041   -2.07558
          2      28300 1888.25979   -1.03615   -0.02940   -1.04130   -0.02916   -3.43075   -0.72041   -2.07558
          2      28400 1894.58982   -1.03616   -0.02940   -1.04131   -0.02919   -3.43075   -0.72041   -2.07558
          2      28500 1900.95535   -1.03617   -0.02940   -1.04131   -0.02919   -3.43075   -0.72041   -2.07558
          2      28600 1906.89473   -1.03618   -0.02940   -1.04132   -0.02921   -3.43075   -0.72041   -2.07558
          2      28700 1913.35416   -1.03619   -0.02940   -1.04131   -0.02918   -3.43075   -0.72041   -2.07558
          2      28800 1919.88274   -1.03620   -0.02940   -1.04135   -0.02919   -3.43075   -0.72041   -2.07558
          2      28900 1926.09523   -1.03621   -0.02940   -1.04131   -0.02917   -3.43075   -0.72041   -2.07558
          2      29000 1932.32346   -1.03622   -0.02940   -1.04128   -0.02917   -3.43075   -0.72041   -2.07558
          2      29100 1939.67342   -1.03623   -0.02939   -1.04134   -0.02921   -3.43075   -0.72041   -2.07558
          2      29200 1946.47564   -1.03624   -0.02939   -1.04134   -0.02919   -3.43075   -0.72041   -2.07558
          2      29300 1953.37871   -1.03624   -0.02939   -1.04131   -0.02918   -3.43075   -0.72041   -2.07558
          2      29400 1960.03607   -1.03625   -0.02939   -1.04133   -0.02921   -3.43075   -0.72041   -2.07558
          2      29500 1966.92499   -1.03626   -0.02939   -1.04131   -0.02920   -3.43075   -0.72041   -2.07558
          2      29600 1973.01052   -1.03627   -0.02939   -1.04133   -0.02921   -3.43075   -0.72041   -2.07558
          2      29700 1979.63339   -1.03628   -0.02939   -1.04131   -0.02917   -3.43075   -0.72041   -2.07558
          2      29800 1986.08635   -1.03629   -0.02939   -1.04133   -0.02917   -3.43075   -0.72041   -2.07558
          2      29900 1992.44552   -1.03630   -0.02939   -1.04131   -0.02917   -3.43075   -0.72041   -2.07558
          2      30000 1998.95443   -1.03630   -0.02939   -1.04130   -0.02916   -3.43075   -0.72041   -2.07558
          2      30100 2005.28574   -1.03631   -0.02939   -1.04132   -0.02918   -3.43075   -0.72041   -2.07558
          2      30200 2011.86043   -1.03632   -0.02939   -1.04133   -0.02918   -3.43075   -0.72041   -2.07558
          2      30300 2018.74267   -1.03633   -0.02939   -1.04132   -0.02920   -3.43075   -0.72041   -2.07558
          2      30400 2025.14019   -1.03634   -0.02939   -1.04130   -0.02919   -3.43075   -0.72041   -2.07558
          2      30500 2031.82661   -1.03635   -0.02939   -1.04132   -0.02919   -3.43075   -0.72041   -2.07558
          2      30600 2039.27870   -1.03635   -0.02939   -1.04130   -0.02919   -3.43075   -0.72041   -2.07558
          2      30700 2046.07850   -1.03636   -0.02939   -1.04131   -0.02919   -3.43075   -0.72041   -2.07558
          2      30800 2052.39726   -1.03637   -0.02939   -1.04134   -0.02919   -3.43075   -0.72041   -2.07558
          2      30900 2059.40584   -1.03638   -0.02939   -1.04132   -0.02920   -3.43075   -0.72041   -2.07558
          2      31000 2065.81773   -1.03639   -0.02939   -1.04132   -0.02918   -3.43075   -0.72041   -2.07558
          2      31100 2072.45711   -1.03639   -0.02939   -1.04133   -0.02917   -3.43075   -0.72041   -2.07558
          2      31200 2078.82363   -1.03640   -0.02939   -1.04132   -0.02918   -3.43075   -0.72041   -2.07558
          2      31300 2086.32107   -1.03641   -0.02939   -1.04132   -0.02921   -3.43075   -0.72041   -2.07558
          2      31400 2092.49056   -1.03642   -0.02939   -1.04134   -0.02920   -3.43075   -0.72041   -2.07558
          2      31500 2098.83197   -1.03643   -0.02939   -1.04130   -0.02916   -3.43075   -0.72041   -2.07558
          2      31600 2105.70401   -1.03643   -0.02939   -1.04130   -0.02919   -3.43075   -0.72041   -2.07558
          2      31700 2112.03292   -1.03644   -0.02939   -1.04132   -0.02920   -3.43075   -0.72041   -2.07558
          2      31800 2118.31794   -1.03645   -0.02939   -1.04132   -0.02919   -3.43075   -0.72041   -2.07558
          2      31900 2124.99676   -1.03646   -0.02939   -1.04132   -0.02919   -3.43075   -0.72041   -2.07558
          2      32000 2131.23294   -1.03646   -0.02939   -1.04132   -0.02918   -3.43075   -0.72041   -2.07558
          2      32100 2137.34119   -1.03647   -0.02938   -1.04135   -0.02920   -3.43075   -0.72041   -2.07558
          2      32200 2143.73701   -1.03648   -0.02938   -1.04131   -0.02919   -3.43075   -0.72041   -2.07558
          2      32300 2150.53004   -1.03649   -0.02938   -1.04133   -0.02920   -3.43075   -0.72041   -2.07558
          2      32400 2156.84623   -1.03649   -0.02938   -1.04132   -0.02917   -3.43075   -0.72041   -2.07558
          2      32500 2163.60951   -1.03650   -0.02938   -1.04133   -0.02920   -3.43075   -0.72041   -2.07558
          2      32600 2170.29090   -1.03651   -0.02938   -1.04130   -0.02918   -3.43075   -0.72041   -2.07558
          2      32700 2176.83444   -1.03652   -0.02938   -1.04135   -0.02918   -3.43075   -0.72041   -2.07558
          2      32800 2184.11684   -1.03652   -0.02938   -1.04132   -0.02917   -3.43075   -0.72041   -2.07558
          2      32900 2190.74372   -1.03653   -0.02938   -1.04132   -0.02920   -3.43075   -0.72041   -2.07558
          2      33000 2197.94863   -1.03654   -0.02938   -1.04133   -0.02919   -3.43075   -0.72041   -2.07558
          2      33100 2204.37746   -1.03655   -0.02938   -1.04133   -0.02919   -3.43075   -0.72041   -2.07558
          2      33200 2211.43619   -1.03655   -0.02938   -1.04133   -0.02920   -3.43075   -0.72041   -2.07558
          2      33300 2218.15625   -1.03656   -0.02938   -1.04132   -0.02919   -3.43075   -0.72041   -2.07558
          2      33400 2224.77983   -1.03657   -0.02938   -1.04131   -0.02919   -3.43075   -0.72041   -2.07558
          2      33500 2231.99490   -1.03658   -0.02938   -1.04131   -0.02918   -3.43075   -0.72041   -2.07558
          2      33600 2238.06966   -1.03658   -0.02938   -1.04132   -0.02919   -3.43075   -0.72041   -2.07558
          2      33700 2245.14905   -1.03659   -0.02938   -1.04130   -0.02918   -3.43075   -0.72041   -2.07558
          2      33800 2252.95532   -1.03660   -0.02938   -1.04132   -0.02919   -3.43075   -0.72041   -2.07558
          2      33900 2259.09351   -1.03660   -0.02938   -1.04133   -0.02917   -3.43075   -0.72041   -2.07558
          2      34000 2265.59772   -1.03661   -0.02938   -1.04131   -0.02922   -3.43075   -0.72041   -2.07558
          2      34100 2272.26616   -1.03662   -0.02938   -1.04132   -0.02919   -3.43075   -0.72041   -2.07558
          2      34200 2278.83006   -1.03662   -0.02938   -1.04133   -0.02918   -3.43075   -0.72041   -2.07558
          2      34300 2285.42381   -1.03663   -0.02938   -1.04132   -0.02920   -3.43075   -0.72041   -2.07558
          2      34400 2291.52002   -1.03664   -0.02938   -1.04134   -0.02920   -3.43075   -0.72041   -2.07558
          2      34500 2298.49916   -1.03664   -0.02938   -1.04134   -0.02919   -3.43075   -0.72041   -2.07558
          2      34600 2305.06065   -1.03665   -0.02938   -1.04133   -0.02920   -3.43075   -0.72041   -2.07558
          2      34700 2311.84394   -1.03666   -0.02938   -1.04133   -0.02916   -3.43075   -0.72041   -2.07558
          2      34800 2319.01885   -1.03667   -0.02938   -1.04131   -0.02917   -3.43075   -0.72041   -2.07558
          2      34900 2325.54330   -1.03667   -0.02938   -1.04130   -0.02918   -3.43075   -0.72041   -2.07558
          2      35000 2332.28230   -1.03668   -0.02938   -1.04132   -0.02919   -3.43075   -0.72041   -2.07558
          2      35100 2338.82108   -1.03669   -0.02938   -1.04132   -0.02919   -3.43075   -0.72041   -2.07558
          2      35200 2344.73832   -1.03669   -0.02938   -1.04130   -0.02919   -3.43075   -0.72041   -2.07558
          2      35300 2350.81867   -1.03670   -0.02938   -1.04132   -0.02921   -3.43075   -0.72041   -2.07558
          2      35400 2357.94346   -1.03671   -0.02938   -1.04133   -0.02919   -3.43075   -0.72041   -2.07558
          2      35500 2364.27443   -1.03671   -0.02938   -1.04133   -0.02919   -3.43075   -0.72041   -2.07558
          2      35600 2370.64952   -1.03672   -0.02938   -1.04133   -0.02918   -3.43075   -0.72041   -2.07558
          2      35700 2377.02030   -1.03672   -0.02937   -1.04133   -0.02919   -3.43075   -0.72041   -2.07558
          2      35800 2383.68156   -1.03673   -0.02937   -1.04133   -0.02920   -3.43075   -0.72041   -2.07558
          2      35900 2390.56951   -1.03674   -0.02937   -1.04132   -0.02920   -3.43075   -0.72041   -2.07558
          2      36000 2397.46953   -1.03674   -0.02937   -1.04131   -0.02919   -3.43075   -0.72041   -2.07558
          2      36100 2403.92080   -1.03675   -0.02937   -1.04132   -0.02918   -3.43075   -0.72041   -2.07558
          2      36200 2410.65512   -1.03676   -0.02937   -1.04130   -0.02919   -3.43075   -0.72041   -2.07558
          2      36300 2417.18903   -1.03676   -0.02937   -1.04130   -0.02919   -3.43075   -0.72041   -2.07558
          2      36400 2423.81031   -1.03677   -0.02937   -1.04133   -0.02919   -3.43075   -0.72041   -2.07558
          2      36500 2430.55651   -1.03678   -0.02937   -1.04132   -0.02920   -3.43075   -0.72041   -2.07558
          2      36600 2436.67884   -1.03678   -0.02937   -1.04132   -0.02919   -3.43075   -0.72041   -2.07558
          2      36700 2443.11632   -1.03679   -0.02937   -1.04131   -0.02918   -3.43075   -0.72041   -2.07558
          2      36800 2449.41394   -1.03679   -0.02937   -1.04132   -0.02917   -3.43075   -0.72041   -2.07558
          2      36900 2455.83398   -1.03680   -0.02937   -1.04134   -0.02919   -3.43075   -0.72041   -2.07558
          2      37000 2463.33712   -1.03681   -0.02937   -1.04133   -0.02919   -3.43075   -0.72041   -2.07558
          2      37100 2469.72798   -1.03681   -0.02937   -1.04134   -0.02920   -3.43075   -0.72041   -2.07558
          2      37200 2475.96393   -1.03682   -0.02937   -1.04134   -0.02920   -3.43075   -0.72041   -2.07558
          2      37300 2482.49039   -1.03683   -0.02937   -1.04133   -0.02919   -3.43075   -0.72041   -2.07558
          2      37400 2488.27148   -1.03683   -0.02937   -1.04133   -0.02919   -3.43075   -0.72041   -2.07558
          2      37500 2494.88320   -1.03684   -0.02937   -1.04134   -0.02918   -3.43075   -0.72041   -2.07558
          2      37600 2501.41317   -1.03684   -0.02937   -1.04135   -0.02919   -3.43075   -0.72041   -2.07558
          2      37700 2508.15659   -1.03685   -0.02937   -1.04133   -0.02919   -3.43075   -0.72041   -2.07558
          2      37800 2514.50741   -1.03686   -0.02937   -1.04132   -0.02918   -3.43075   -0.72041   -2.07558
          2      37900 2520.85741   -1.03686   -0.02937   -1.04133   -0.02921   -3.43075   -0.72041   -2.07558
          2      38000 2527.39602   -1.03687   -0.02937   -1.04134   -0.02917   -3.43075   -0.72041   -2.07558
          2      38100 2534.25737   -1.03687   -0.02937   -1.04132   -0.02917   -3.43075   -0.72041   -2.07558
          2      38200 2540.13501   -1.03688   -0.02937   -1.04133   -0.02921   -3.43075   -0.72041   -2.07558
          2      38300 2546.77394   -1.03688   -0.02937   -1.04134   -0.02920   -3.43075   -0.72041   -2.07558
          2      38400 2553.12436   -1.03689   -0.02937   -1.04133   -0.02919   -3.43075   -0.72041   -2.07558
          2      38500 2559.39685   -1.03690   -0.02937   -1.04135   -0.02919   -3.43075   -0.72041   -2.07558
          2      38600 2566.31686   -1.03690   -0.02937   -1.04132   -0.02918   -3.43075   -0.72041   -2.07558
          2      38700 2572.91036   -1.03691   -0.02937   -1.04132   -0.02919   -3.43075   -0.72041   -2.07558
          2      38800 2579.47995   -1.03691   -0.02937   -1.04134   -0.02920   -3.43075   -0.72041   -2.07558
          2      38900 2586.02157   -1.03692   -0.02937   -1.04135   -0.02919   -3.43075   -0.72041   -2.07558
          2      39000 2592.35997   -1.03693   -0.02937   -1.04133   -0.02917   -3.43075   -0.72041   -2.07558
          2      39100 2598.95752   -1.03693   -0.02937   -1.04133   -0.02919   -3.43075   -0.72041   -2.07558
          2      39200 2605.45681   -1.03694   -0.02937   -1.04132   -0.02917   -3.43075   -0.72041   -2.07558
          2      39300 2611.86852   -1.03694   -0.02937   -1.04133   -0.02921   -3.43075   -0.72041   -2.07558
          2      39400 2617.82932   -1.03695   -0.02937   -1.04134   -0.02917   -3.43075   -0.72041   -2.07558
          2      39500 2624.83315   -1.03695   -0.02937   -1.04133   -0.02920   -3.43075   -0.72041   -2.07558
          2      39600 2631.34035   -1.03696   -0.02937   -1.04131   -0.02917   -3.43075   -0.72041   -2.07558
          2      39700 2638.00083   -1.03696   -0.02937   -1.04134   -0.02919   -3.43075   -0.72041   -2.07558
          2      39800 2644.54860   -1.03697   -0.02937   -1.04133   -0.02918   -3.43075   -0.72041   -2.07558
          2      39900 2650.73366   -1.03698   -0.02936   -1.04134   -0.02919   -3.43075   -0.72041   -2.07558
          2      40000 2657.06568   -1.03698   -0.02936   -1.04134   -0.02917   -3.43075   -0.72041   -2.07558
          2      40100 2663.59704   -1.03699   -0.02936   -1.04133   -0.02921   -3.43075   -0.72041   -2.07558
          2      40200 2670.02763   -1.03699   -0.02936   -1.04134   -0.02920   -3.43075   -0.72041   -2.07558
          2      40300 2676.32940   -1.03700   -0.02936   -1.04133   -0.02921   -3.43075   -0.72041   -2.07558
          2      40400 2683.55426   -1.03700   -0.02936   -1.04133   -0.02920   -3.43075   -0.72041   -2.07558
          2      40500 2691.09895   -1.03701   -0.02936   -1.04129   -0.02919   -3.43075   -0.72041   -2.07558
          2      40600 2697.50378   -1.03701   -0.02936   -1.04132   -0.02920   -3.43075   -0.72041   -2.07558
          2      40700 2704.30607   -1.03702   -0.02936   -1.04132   -0.02919   -3.43075   -0.72041   -2.07558
          2      40800 2710.57214   -1.03702   -0.02936   -1.04133   -0.02919   -3.43075   -0.72041   -2.07558
          2      40900 2717.19648   -1.03703   -0.02936   -1.04133   -0.02919   -3.43075   -0.72041   -2.07558
          2      41000 2724.51667   -1.03703   -0.02936   -1.04135   -0.02918   -3.43075   -0.72041   -2.07558
          2      41100 2730.99599   -1.03704   -0.02936   -1.04134   -0.02920   -3.43075   -0.72041   -2.07558
          2      41200 2737.63357   -1.03705   -0.02936   -1.04134   -0.02921   -3.43075   -0.72041   -2.07558
          2      41300 2743.86275   -1.03705   -0.02936   -1.04134   -0.02918   -3.43075   -0.72041   -2.07558
          2      41400 2750.29128   -1.03706   -0.02936   -1.04134   -0.02919   -3.43075   -0.72041   -2.07558
          2      41500 2756.59578   -1.03706   -0.02936   -1.04133   -0.02918   -3.43075   -0.72041   -2.07558
          2      41600 2763.70187   -1.03707   -0.02936   -1.04133   -0.02919   -3.43075   -0.72041   -2.07558
          2      41700 2770.44477   -1.03707   -0.02936   -1.04132   -0.02920   -3.43075   -0.72041   -2.07558
          2      41800 2777.14629   -1.03708   -0.02936   -1.04134   -0.02919   -3.43075   -0.72041   -2.07558
          2      41900 2783.34237   -1.03708   -0.02936   -1.04134   -0.02920   -3.43075   -0.72041   -2.07558
          2      42000 2789.42233   -1.03709   -0.02936   -1.04133   -0.02920   -3.43075   -0.72041   -2.07558
          2      42100 2795.99817   -1.03709   -0.02936   -1.04134   -0.02919   -3.43075   -0.72041   -2.07558
          2      42200 2802.54529   -1.03710   -0.02936   -1.04134   -0.02917   -3.43075   -0.72041   -2.07558
          2      42300 2808.70668   -1.03710   -0.02936   -1.04135   -0.02919   -3.43075   -0.72041   -2.07558
          2      42400 2814.97781   -1.03711   -0.02936   -1.04133   -0.02919   -3.43075   -0.72041   -2.07558
          2      42500 2821.40462   -1.03711   -0.02936   -1.04133   -0.02919   -3.43075   -0.72041   -2.07558
          2      42600 2827.52267   -1.03712   -0.02936   -1.04133   -0.02917   -3.43075   -0.72041   -2.07558
          2      42700 2833.78622   -1.03712   -0.02936   -1.04134   -0.02918   -3.43075   -0.72041   -2.07558
          2      42800 2840.93134   -1.03713   -0.02936   -1.04133   -0.02918   -3.43075   -0.72041   -2.07558
          2      42900 2847.88980   -1.03713   -0.02936   -1.04134   -0.02919   -3.43075   -0.72041   -2.07558
          2      43000 2854.53760   -1.03714   -0.02936   -1.04134   -0.02917   -3.43075   -0.72041   -2.07558
          2      43100 2861.23664   -1.03714   -0.02936   -1.04133   -0.02919   -3.43075   -0.72041   -2.07558
          2      43200 2867.83232   -1.03715   -0.02936   -1.04134   -0.02918   -3.43075   -0.72041   -2.07558
          2      43300 2874.17310   -1.03715   -0.02936   -1.04133   -0.02921   -3.43075   -0.72041   -2.07558
          2      43400 2880.68937   -1.03716   -0.02936   -1.04133   -0.02919   -3.43075   -0.72041   -2.07558
          2      43500 2887.41175   -1.03716   -0.02936   -1.04133   -0.02920   -3.43075   -0.72041   -2.07558
          2      43600 2893.84253   -1.03717   -0.02936   -1.04131   -0.02920   -3.43075   -0.72041   -2.07558
          2      43700 2900.26303   -1.03717   -0.02936   -1.04132   -0.02920   -3.43075   -0.72041   -2.07558
          2      43800 2906.87458   -1.03717   -0.02936   -1.04133   -0.02919   -3.43075   -0.72041   -2.07558
          2      43900 2913.44218   -1.03718   -0.02936   -1.04133   -0.02919   -3.43075   -0.72041   -2.07558
          2      44000 2919.76517   -1.03718   -0.02936   -1.04133   -0.02920   -3.43075   -0.72041   -2.07558
          2      44100 2926.30874   -1.03719   -0.02936   -1.04134   -0.02920   -3.43075   -0.72041   -2.07558
          2      44200 2932.86991   -1.03719   -0.02936   -1.04135   -0.02919   -3.43075   -0.72041   -2.07558
          2      44300 2939.00095   -1.03720   -0.02936   -1.04132   -0.02919   -3.43075   -0.72041   -2.07558
          2      44400 2945.65815   -1.03720   -0.02936   -1.04133   -0.02918   -3.43075   -0.72041   -2.07558
          2      44500 2953.04515   -1.03721   -0.02936   -1.04133   -0.02916   -3.43075   -0.72041   -2.07558
          2      44600 2960.93164   -1.03721   -0.02936   -1.04133   -0.02919   -3.43075   -0.72041   -2.07558
          2      44700 2967.98036   -1.03722   -0.02936   -1.04134   -0.02919   -3.43075   -0.72041   -2.07558
          2      44800 2974.44832   -1.03722   -0.02936   -1.04132   -0.02920   -3.43075   -0.72041   -2.07558
          2      44900 2980.58079   -1.03723   -0.02935   -1.04132   -0.02920   -3.43075   -0.72041   -2.07558
          2      45000 2987.45043   -1.03723   -0.02935   -1.04133   -0.02920   -3.43075   -0.72041   -2.07558
          2      45100 2993.80754   -1.03724   -0.02935   -1.04133   -0.02921   -3.43075   -0.72041   -2.07558
          2      45200 3000.41439   -1.03724   -0.02935   -1.04133   -0.02920   -3.43075   -0.72041   -2.07558
          2      45300 3007.78087   -1.03724   -0.02935   -1.04132   -0.02920   -3.43075   -0.72041   -2.07558
          2      45400 3014.40346   -1.03725   -0.02935   -1.04133   -0.02920   -3.43075   -0.72041   -2.07558
          2      45500 3021.12582   -1.03725   -0.02935   -1.04132   -0.02920   -3.43075   -0.72041   -2.07558
          2      45600 3027.45497   -1.03726   -0.02935   -1.04134   -0.02919   -3.43075   -0.72041   -2.07558
          2      45700 3034.13135   -1.03726   -0.02935   -1.04134   -0.02919   -3.43075   -0.72041   -2.07558
          2      45800 3040.66805   -1.03727   -0.02935   -1.04132   -0.02919   -3.43075   -0.72041   -2.07558
          2      45900 3047.16726   -1.03727   -0.02935   -1.04133   -0.02916   -3.43075   -0.72041   -2.07558
          2      46000 3053.62733   -1.03728   -0.02935   -1.04132   -0.02917   -3.43075   -0.72041   -2.07558
          2      46100 3059.65847   -1.03728   -0.02935   -1.04134   -0.02918   -3.43075   -0.72041   -2.07558
          2      46200 3066.57344   -1.03729   -0.02935   -1.04134   -0.02920   -3.43075   -0.72041   -2.07558
          2      46300 3072.99632   -1.03729   -0.02935   -1.04133   -0.02919   -3.43075   -0.72041   -2.07558
          2      46400 3079.56025   -1.03729   -0.02935   -1.04134   -0.02920   -3.43075   -0.72041   -2.07558
          2      46500 3086.28481   -1.03730   -0.02935   -1.04133   -0.02917   -3.43075   -0.72041   -2.07558
          2      46600 3093.12403   -1.03730   -0.02935   -1.04132   -0.02918   -3.43075   -0.72041   -2.07558
          2      46700 3099.50334   -1.03731   -0.02935   -1.04132   -0.02918   -3.43075   -0.72041   -2.07558
          2      46800 3105.35350   -1.03731   -0.02935   -1.04133   -0.02919   -3.43075   -0.72041   -2.07558
          2      46900 3111.84896   -1.03732   -0.02935   -1.04132   -0.02918   -3.43075   -0.72041   -2.07558
          2      47000 3118.17267   -1.03732   -0.02935   -1.04131   -0.02919   -3.43075   -0.72041   -2.07558
          2      47100 3124.63943   -1.03732   -0.02935   -1.04134   -0.02919   -3.43075   -0.72041   -2.07558
          2      47200 3131.02294   -1.03733   -0.02935   -1.04133   -0.02919   -3.43075   -0.72041   -2.07558
          2      47300 3137.65273   -1.03733   -0.02935   -1.04135   -0.02919   -3.43075   -0.72041   -2.07558
          2      47400 3144.36092   -1.03734   -0.02935   -1.04134   -0.02919   -3.43075   -0.72041   -2.07558
          2      47500 3150.98714   -1.03734   -0.02935   -1.04133   -0.02920   -3.43075   -0.72041   -2.07558
          2      47600 3157.46835   -1.03735   -0.02935   -1.04132   -0.02919   -3.43075   -0.72041   -2.07558
          2      47700 3163.50462   -1.03735   -0.02935   -1.04132   -0.02920   -3.43075   -0.72041   -2.07558
          2      47800 3169.95144   -1.03735   -0.02935   -1.04133   -0.02918   -3.43075   -0.72041   -2.07558
          2      47900 3176.42475   -1.03736   -0.02935   -1.04133   -0.02919   -3.43075   -0.72041   -2.07558
          2      48000 3182.94142   -1.03736   -0.02935   -1.04133   -0.02918   -3.43075   -0.72041   -2.07558
          2      48100 3189.37805   -1.03737   -0.02935   -1.04134   -0.02919   -3.43075   -0.72041   -2.07558
          2      48200 3195.82728   -1.03737   -0.02935   -1.04132   -0.02919   -3.43075   -0.72041   -2.07558
          2      48300 3202.37379   -1.03737   -0.02935   -1.04133   -0.02916   -3.43075   -0.72041   -2.07558
          2      48400 3209.07983   -1.03738   -0.02935   -1.04134   -0.02920   -3.43075   -0.72041   -2.07558
          2      48500 3216.01169   -1.03738   -0.02935   -1.04131   -0.02920   -3.43075   -0.72041   -2.07558
          2      48600 3224.20613   -1.03739   -0.02935   -1.04132   -0.02917   -3.43075   -0.72041   -2.07558
          2      48700 3230.94695   -1.03739   -0.02935   -1.04134   -0.02920   -3.43075   -0.72041   -2.07558
          2      48800 3237.93133   -1.03740   -0.02935   -1.04133   -0.02918   -3.43075   -0.72041   -2.07558
          2      48900 3244.66414   -1.03740   -0.02935   -1.04134   -0.02920   -3.43075   -0.72041   -2.07558
          2      49000 3252.01671   -1.03740   -0.02935   -1.04131   -0.02918   -3.43075   -0.72041   -2.07558
          2      49100 3258.56464   -1.03741   -0.02935   -1.04133   -0.02918   -3.43075   -0.72041   -2.07558
          2      49200 3265.53430   -1.03741   -0.02935   -1.04135   -0.02920   -3.43075   -0.72041   -2.07558
          2      49300 3271.94035   -1.03742   -0.02935   -1.04133   -0.02919   -3.43075   -0.72041   -2.07558
          2      49400 3278.39284   -1.03742   -0.02935   -1.04133   -0.02919   -3.43075   -0.72041   -2.07558
          2      49500 3284.78179   -1.03742   -0.02935   -1.04133   -0.02919   -3.43075   -0.72041   -2.07558
          2      49600 3291.70284   -1.03743   -0.02935   -1.04135   -0.02920   -3.43075   -0.72041   -2.07558
          2      49700 3298.70460   -1.03743   -0.02935   -1.04132   -0.02918   -3.43075   -0.72041   -2.07558
          2      49800 3305.08349   -1.03744   -0.02935   -1.04133   -0.02918   -3.43075   -0.72041   -2.07558
          2      49900 3311.49284   -1.03744   -0.02935   -1.04134   -0.02920   -3.43075   -0.72041   -2.07558
          2      50000 3318.07448   -1.03744   -0.02935   -1.04134   -0.02921   -3.43075   -0.72041   -2.07558
          2      50100 3325.41539   -1.03745   -0.02935   -1.04134   -0.02921   -3.43075   -0.72041   -2.07558
          2      50200 3332.01447   -1.03745   -0.02935   -1.04133   -0.02918   -3.43075   -0.72041   -2.07558
          2      50300 3338.44588   -1.03745   -0.02935   -1.04132   -0.02920   -3.43075   -0.72041   -2.07558
          2      50400 3345.03287   -1.03746   -0.02935   -1.04133   -0.02919   -3.43075   -0.72041   -2.07558
          2      50500 3351.66941   -1.03746   -0.02935   -1.04133   -0.02919   -3.43075   -0.72041   -2.07558
          2      50600 3358.43696   -1.03747   -0.02935   -1.04133   -0.02917   -3.43075   -0.72041   -2.07558
          2      50700 3364.81697   -1.03747   -0.02935   -1.04131   -0.02919   -3.43075   -0.72041   -2.07558
          2      50800 3371.28205   -1.03747   -0.02935   -1.04134   -0.02919   -3.43075   -0.72041   -2.07558
          2      50900 3377.98978   -1.03748   -0.02934   -1.04132   -0.02917   -3.43075   -0.72041   -2.07558
          2      51000 3384.95021   -1.03748   -0.02934   -1.04134   -0.02919   -3.43075   -0.72041   -2.07558
          2      51100 3391.52047   -1.03749   -0.02934   -1.04133   -0.02919   -3.43075   -0.72041   -2.07558
          2      51200 3397.94499   -1.03749   -0.02934   -1.04135   -0.02920   -3.43075   -0.72041   -2.07558
          2      51300 3404.50046   -1.03749   -0.02934   -1.04133   -0.02919   -3.43075   -0.72041   -2.07558
          2      51400 3410.89916   -1.03750   -0.02934   -1.04133   -0.02920   -3.43075   -0.72041   -2.07558
          2      51500 3417.11565   -1.03750   -0.02934   -1.04130   -0.02918   -3.43075   -0.72041   -2.07558
          2      51600 3423.36273   -1.03750   -0.02934   -1.04133   -0.02921   -3.43075   -0.72041   -2.07558
          2      51700 3429.98685   -1.03751   -0.02934   -1.04132   -0.02921   -3.43075   -0.72041   -2.07558
          2      51800 3436.63086   -1.03751   -0.02934   -1.04134   -0.02918   -3.43075   -0.72041   -2.07558
          2      51900 3443.40783   -1.03752   -0.02934   -1.04131   -0.02919   -3.43075   -0.72041   -2.07558
          2      52000 3449.61492   -1.03752   -0.02934   -1.04134   -0.02920   -3.43075   -0.72041   -2.07558
          2      52100 3456.17248   -1.03752   -0.02934   -1.04133   -0.02919   -3.43075   -0.72041   -2.07558
          2      52200 3463.01036   -1.03753   -0.02934   -1.04135   -0.02919   -3.43075   -0.72041   -2.07558
          2      52300 3469.63548   -1.03753   -0.02934   -1.04134   -0.02919   -3.43075   -0.72041   -2.07558
          2      52400 3476.04752   -1.03753   -0.02934   -1.04134   -0.02920   -3.43075   -0.72041   -2.07558
          2      52500 3482.91367   -1.03754   -0.02934   -1.04134   -0.02921   -3.43075   -0.72041   -2.07558
          2      52600 3489.38230   -1.03754   -0.02934   -1.04134   -0.02919   -3.43075   -0.72041   -2.07558
          2      52700 3495.85943   -1.03754   -0.02934   -1.04134   -0.02920   -3.43075   -0.72041   -2.07558
          2      52800 3502.42704   -1.03755   -0.02934   -1.04133   -0.02919   -3.43075   -0.72041   -2.07558
          2      52900 3509.04712   -1.03755   -0.02934   -1.04135   -0.02919   -3.43075   -0.72041   -2.07558
          2      53000 3515.39063   -1.03756   -0.02934   -1.04135   -0.02920   -3.43075   -0.72041   -2.07558
          2      53100 3521.76135   -1.03756   -0.02934   -1.04134   -0.02918   -3.43075   -0.72041   -2.07558
          2      53200 3528.48766   -1.03756   -0.02934   -1.04132   -0.02917   -3.43075   -0.72041   -2.07558
          2      53300 3534.92630   -1.03757   -0.02934   -1.04133   -0.02919   -3.43075   -0.72041   -2.07558
          2      53400 3541.44712   -1.03757   -0.02934   -1.04134   -0.02919   -3.43075   -0.72041   -2.07558
          2      53500 3547.99552   -1.03757   -0.02934   -1.04133   -0.02919   -3.43075   -0.72041   -2.07558
          2      53600 3554.16558   -1.03758   -0.02934   -1.04134   -0.02917   -3.43075   -0.72041   -2.07558
          2      53700 3560.48656   -1.03758   -0.02934   -1.04134   -0.02919   -3.43075   -0.72041   -2.07558
          2      53800 3567.10350   -1.03758   -0.02934   -1.04132   -0.02918   -3.43075   -0.72041   -2.07558
          2      53900 3573.81113   -1.03759   -0.02934   -1.04135   -0.02919   -3.43075   -0.72041   -2.07558
          2      54000 3580.15191   -1.03759   -0.02934   -1.04134   -0.02919   -3.43075   -0.72041   -2.07558
          2      54100 3586.70180   -1.03759   -0.02934   -1.04134   -0.02919   -3.43075   -0.72041   -2.07558
          2      54200 3592.90951   -1.03760   -0.02934   -1.04132   -0.02919   -3.43075   -0.72041   -2.07558
          2      54300 3599.13716   -1.03760   -0.02934   -1.04135   -0.02920   -3.43075   -0.72041   -2.07558
          2      54315 3600.10898   -1.03760   -0.02934   -1.04134   -0.02919   -3.43075   -0.72041   -2.07558
