          0          0    0.00000   -0.99071    0.05355   -0.99071    0.05355
          0          3    4.19712   -0.60169    0.01747   -0.60169    0.01747
          0          7   11.13138   -0.60169    0.01746   -0.22713   -0.23854
          1          0   17.19028   -0.22713   -0.23854   -0.22713   -0.23854
          1        100  221.28021   -0.96503   -0.03869   -0.99769   -0.00972
          1        200  466.81359   -0.97580   -0.02925   -0.99951   -0.00575
          1        300  685.84093   -0.98062   -0.02460   -1.00090   -0.00358
          1        400  899.21295   -0.98351   -0.02168   -1.00128   -0.00268
          1        500 1128.96143   -0.98548   -0.01962   -1.00103   -0.00218
          1        600 1364.41951   -0.98693   -0.01807   -1.00125   -0.00189
          1        700 1604.60098   -0.98808   -0.01684   -1.00174   -0.00128
          1        800 1854.43798   -0.98899   -0.01584   -1.00162   -0.00106
          1        900 2103.55664   -0.98975   -0.01500   -1.00186   -0.00040
          1       1000 2363.36530   -0.99040   -0.01429   -1.00166   -0.00020
          1       1100 2597.20037   -0.99095   -0.01367   -1.00195   -0.00010
          1       1200 2847.28343   -0.99144   -0.01312   -1.00165   -0.00005
          1       1300 3066.17522   -0.99186   -0.01264   -1.00198    0.00001
          1       1400 3319.91499   -0.99224   -0.01221   -1.00200   -0.00014
          1       1500 3562.64731   -0.99259   -0.01182   -1.00161    0.00004
          1       1520 3601.86098   -0.99265   -0.01174   -1.00190    0.00016
