          1          0    0.00000   -1.03591   -0.04372   -1.03591   -0.04372   -3.33657    3.33657    0.00000
          1          1    0.02348   -0.72901   -0.03891   -0.53944   -0.03067   -3.33657   -0.72901    0.00000
          2          0    0.02348   -0.30820   -0.05011   -0.53944   -0.03067   -3.33657   -0.72901   -2.03279
          2        100    6.58227   -0.95470   -0.04640   -1.03921   -0.04513   -3.33657   -0.72901   -2.03279
          2        200   12.94003   -0.97968   -0.04620   -1.04003   -0.04507   -3.33657   -0.72901   -2.03279
          2        300   19.55278   -0.99079   -0.04607   -1.03996   -0.04543   -3.33657   -0.72901   -2.03279
          2        400   26.20636   -0.99742   -0.04598   -1.04014   -0.04514   -3.33657   -0.72901   -2.03279
          2        500   32.52187   -1.00196   -0.04592   -1.04003   -0.04524   -3.33657   -0.72901   -2.03279
          2        600   39.22339   -1.00530   -0.04587   -1.04021   -0.04510   -3.33657   -0.72901   -2.03279
          2        700   45.69476   -1.00791   -0.04583   -1.04021   -0.04522   -3.33657   -0.72901   -2.03279
          2        800   51.95733   -1.01001   -0.04580   -1.04018   -0.04527   -3.33657   -0.72901   -2.03279
          2        900   57.92301   -1.01175   -0.04577   -1.04021   -0.04524   -3.33657   -0.72901   -2.03279
          2       1000   64.21987   -1.01322   -0.04575   -1.04019   -0.04533   -3.33657   -0.72901   -2.03279
          2       1100   70.48061   -1.01448   -0.04573   -1.04026   -0.04529   -3.33657   -0.72901   -2.03279
          2       1200   77.08207   -1.01559   -0.04571   -1.04026   -0.04531   -3.33657   -0.72901   -2.03279
          2       1300   83.31963   -1.01656   -0.04569   -1.04023   -0.04535   -3.33657   -0.72901   -2.03279
          2       1400   89.47756   -1.01743   -0.04568   -1.04027   -0.04528   -3.33657   -0.72901   -2.03279
          2       1500   96.07912   -1.01821   -0.04567   -1.04034   -0.04531   -3.33657   -0.72901   -2.03279
          2       1600  102.43094   -1.01892   -0.04565   -1.04025   -0.04532   -3.33657   -0.72901   -2.03279
          2       1700  108.06324   -1.01956   -0.04564   -1.04026   -0.04524   -3.33657   -0.72901   -2.03279
          2       1800  115.59378   -1.02015   -0.04563   -1.04030   -0.04531   -3.33657   -0.72901   -2.03279
          2       1900  122.25397   -1.02069   -0.04562   -1.04031   -0.04519   -3.33657   -0.72901   -2.03279
          2       2000  128.58736   -1.02119   -0.04562   -1.04034   -0.04528   -3.33657   -0.72901   -2.03279
          2       2100  135.18687   -1.02166   -0.04561   -1.04033   -0.04525   -3.33657   -0.72901   -2.03279
          2       2200  141.90229   -1.02209   -0.04560   -1.04033   -0.04526   -3.33657   -0.72901   -2.03279
          2       2300  148.25485   -1.02249   -0.04559   -1.04029   -0.04532   -3.33657   -0.72901   -2.03279
          2       2400  155.28046   -1.02287   -0.04559   -1.04033   -0.04523   -3.33657   -0.72901   -2.03279
          2       2500  161.42165   -1.02323   -0.04558   -1.04033   -0.04530   -3.33657   -0.72901   -2.03279
          2       2600  167.62971   -1.02356   -0.04558   -1.04033   -0.04523   -3.33657   -0.72901   -2.03279
          2       2700  174.00790   -1.02388   -0.04557   -1.04028   -0.04533   -3.33657   -0.72901   -2.03279
          2       2800  180.40370   -1.02418   -0.04557   -1.04039   -0.04525   -3.33657   -0.72901   -2.03279
          2       2900  186.85974   -1.02446   -0.04556   -1.04035   -0.04524   -3.33657   -0.72901   -2.03279
          2       3000  193.15622   -1.02473   -0.04556   -1.04033   -0.04532   -3.33657   -0.72901   -2.03279
          2       3100  199.43242   -1.02499   -0.04555   -1.04040   -0.04527   -3.33657   -0.72901   -2.03279
          2       3200  205.79000   -1.02523   -0.04555   -1.04035   -0.04531   -3.33657   -0.72901   -2.03279
          2       3300  212.23900   -1.02546   -0.04554   -1.04034   -0.04527   -3.33657   -0.72901   -2.03279
          2       3400  218.85611   -1.02568   -0.04554   -1.04033   -0.04522   -3.33657   -0.72901   -2.03279
          2       3500  225.04289   -1.02590   -0.04554   -1.04037   -0.04524   -3.33657   -0.72901   -2.03279
          2       3600  231.24822   -1.02610   -0.04553   -1.04039   -0.04526   -3.33657   -0.72901   -2.03279
          2       3700  237.59414   -1.02630   -0.04553   -1.04036   -0.04524   -3.33657   -0.72901   -2.03279
          2       3800  244.03390   -1.02648   -0.04553   -1.04037   -0.04527   -3.33657   -0.72901   -2.03279
          2       3900  250.70697   -1.02667   -0.04552   -1.04036   -0.04527   -3.33657   -0.72901   -2.03279
          2       4000  257.61204   -1.02684   -0.04552   -1.04039   -0.04526   -3.33657   -0.72901   -2.03279
          2       4100  264.46957   -1.02701   -0.04552   -1.04038   -0.04525   -3.33657   -0.72901   -2.03279
          2       4200  271.10364   -1.02717   -0.04551   -1.04036   -0.04526   -3.33657   -0.72901   -2.03279
          2       4300  277.48117   -1.02732   -0.04551   -1.04036   -0.04528   -3.33657   -0.72901   -2.03279
          2       4400  284.29017   -1.02747   -0.04551   -1.04035   -0.04527   -3.33657   -0.72901   -2.03279
          2       4500  291.31007   -1.02762   -0.04551   -1.04037   -0.04525   -3.33657   -0.72901   -2.03279
          2       4600  298.02501   -1.02776   -0.04550   -1.04040   -0.04528   -3.33657   -0.72901   -2.03279
          2       4700  304.08956   -1.02790   -0.04550   -1.04040   -0.04530   -3.33657   -0.72901   -2.03279
          2       4800  310.74435   -1.02803   -0.04550   -1.04031   -0.04526   -3.33657   -0.72901   -2.03279
          2       4900  317.42432   -1.02815   -0.04550   -1.04037   -0.04531   -3.33657   -0.72901   -2.03279
          2       5000  324.19554   -1.02828   -0.04549   -1.04039   -0.04528   -3.33657   -0.72901   -2.03279
          2       5100  331.50607   -1.02840   -0.04549   -1.04039   -0.04529   -3.33657   -0.72901   -2.03279
          2       5200  338.89955   -1.02852   -0.04549   -1.04042   -0.04528   -3.33657   -0.72901   -2.03279
          2       5300  345.76521   -1.02863   -0.04549   -1.04039   -0.04527   -3.33657   -0.72901   -2.03279
          2       5400  352.50172   -1.02874   -0.04549   -1.04039   -0.04531   -3.33657   -0.72901   -2.03279
          2       5500  359.45589   -1.02885   -0.04548   -1.04040   -0.04524   -3.33657   -0.72901   -2.03279
          2       5600  365.84029   -1.02895   -0.04548   -1.04036   -0.04524   -3.33657   -0.72901   -2.03279
          2       5700  372.10235   -1.02905   -0.04548   -1.04039   -0.04530   -3.33657   -0.72901   -2.03279
          2       5800  378.60957   -1.02915   -0.04548   -1.04041   -0.04526   -3.33657   -0.72901   -2.03279
          2       5900  384.81278   -1.02925   -0.04548   -1.04044   -0.04529   -3.33657   -0.72901   -2.03279
          2       6000  391.31857   -1.02934   -0.04548   -1.04038   -0.04529   -3.33657   -0.72901   -2.03279
          2       6100  397.57569   -1.02943   -0.04547   -1.04040   -0.04526   -3.33657   -0.72901   -2.03279
          2       6200  403.93589   -1.02952   -0.04547   -1.04039   -0.04529   -3.33657   -0.72901   -2.03279
          2       6300  409.84176   -1.02961   -0.04547   -1.04036   -0.04527   -3.33657   -0.72901   -2.03279
          2       6400  416.66376   -1.02970   -0.04547   -1.04040   -0.04529   -3.33657   -0.72901   -2.03279
          2       6500  423.06913   -1.02978   -0.04547   -1.04040   -0.04531   -3.33657   -0.72901   -2.03279
          2       6600  429.39258   -1.02986   -0.04547   -1.04040   -0.04528   -3.33657   -0.72901   -2.03279
          2       6700  435.65678   -1.02994   -0.04546   -1.04039   -0.04527   -3.33657   -0.72901   -2.03279
          2       6800  442.69731   -1.03002   -0.04546   -1.04039   -0.04531   -3.33657   -0.72901   -2.03279
          2       6900  449.00972   -1.03009   -0.04546   -1.04043   -0.04529   -3.33657   -0.72901   -2.03279
          2       7000  454.82895   -1.03017   -0.04546   -1.04039   -0.04523   -3.33657   -0.72901   -2.03279
          2       7100  461.30153   -1.03024   -0.04546   -1.04040   -0.04527   -3.33657   -0.72901   -2.03279
          2       7200  467.53367   -1.03031   -0.04546   -1.04043   -0.04524   -3.33657   -0.72901   -2.03279
          2       7300  474.01309   -1.03038   -0.04546   -1.04042   -0.04529   -3.33657   -0.72901   -2.03279
          2       7400  480.35659   -1.03045   -0.04546   -1.04043   -0.04528   -3.33657   -0.72901   -2.03279
          2       7500  486.68726   -1.03052   -0.04545   -1.04040   -0.04528   -3.33657   -0.72901   -2.03279
          2       7600  492.98303   -1.03058   -0.04545   -1.04041   -0.04527   -3.33657   -0.72901   -2.03279
          2       7700  499.45894   -1.03065   -0.04545   -1.04039   -0.04526   -3.33657   -0.72901   -2.03279
          2       7800  505.76717   -1.03071   -0.04545   -1.04041   -0.04529   -3.33657   -0.72901   -2.03279
          2       7900  512.28377   -1.03077   -0.04545   -1.04038   -0.04529   -3.33657   -0.72901   -2.03279
          2       8000  518.73417   -1.03084   -0.04545   -1.04040   -0.04524   -3.33657   -0.72901   -2.03279
          2       8100  525.08130   -1.03090   -0.04545   -1.04039   -0.04527   -3.33657   -0.72901   -2.03279
          2       8200  531.32540   -1.03095   -0.04545   -1.04041   -0.04527   -3.33657   -0.72901   -2.03279
          2       8300  537.58442   -1.03101   -0.04545   -1.04044   -0.04529   -3.33657   -0.72901   -2.03279
          2       8400  543.81164   -1.03107   -0.04545   -1.04037   -0.04526   -3.33657   -0.72901   -2.03279
          2       8500  550.51907   -1.03112   -0.04544   -1.04044   -0.04525   -3.33657   -0.72901   -2.03279
          2       8600  557.13044   -1.03118   -0.04544   -1.04042   -0.04527   -3.33657   -0.72901   -2.03279
          2       8700  563.07252   -1.03123   -0.04544   -1.04041   -0.04526   -3.33657   -0.72901   -2.03279
          2       8800  569.42762   -1.03128   -0.04544   -1.04037   -0.04530   -3.33657   -0.72901   -2.03279
          2       8900  575.86353   -1.03134   -0.04544   -1.04039   -0.04529   -3.33657   -0.72901   -2.03279
          2       9000  581.87305   -1.03139   -0.04544   -1.04041   -0.04525   -3.33657   -0.72901   -2.03279
          2       9100  587.95992   -1.03144   -0.04544   -1.04045   -0.04530   -3.33657   -0.72901   -2.03279
          2       9200  593.97749   -1.03149   -0.04544   -1.04040   -0.04527   -3.33657   -0.72901   -2.03279
          2       9300  600.26929   -1.03154   -0.04544   -1.04046   -0.04529   -3.33657   -0.72901   -2.03279
          2       9400  606.22974   -1.03158   -0.04544   -1.04041   -0.04526   -3.33657   -0.72901   -2.03279
          2       9500  613.08013   -1.03163   -0.04544   -1.04040   -0.04528   -3.33657   -0.72901   -2.03279
          2       9600  619.58085   -1.03168   -0.04543   -1.04044   -0.04528   -3.33657   -0.72901   -2.03279
          2       9700  625.52476   -1.03172   -0.04543   -1.04041   -0.04528   -3.33657   -0.72901   -2.03279
          2       9800  631.47569   -1.03177   -0.04543   -1.04046   -0.04528   -3.33657   -0.72901   -2.03279
          2       9900  637.48633   -1.03181   -0.04543   -1.04044   -0.04528   -3.33657   -0.72901   -2.03279
          2      10000  644.14238   -1.03185   -0.04543   -1.04038   -0.04526   -3.33657   -0.72901   -2.03279
          2      10100  650.12340   -1.03190   -0.04543   -1.04042   -0.04526   -3.33657   -0.72901   -2.03279
          2      10200  656.30631   -1.03194   -0.04543   -1.04043   -0.04528   -3.33657   -0.72901   -2.03279
          2      10300  663.14486   -1.03198   -0.04543   -1.04045   -0.04526   -3.33657   -0.72901   -2.03279
          2      10400  669.33901   -1.03202   -0.04543   -1.04042   -0.04529   -3.33657   -0.72901   -2.03279
          2      10500  675.81574   -1.03206   -0.04543   -1.04045   -0.04527   -3.33657   -0.72901   -2.03279
          2      10600  682.06985   -1.03210   -0.04543   -1.04042   -0.04527   -3.33657   -0.72901   -2.03279
          2      10700  688.33088   -1.03214   -0.04543   -1.04041   -0.04526   -3.33657   -0.72901   -2.03279
          2      10800  695.08037   -1.03218   -0.04543   -1.04043   -0.04526   -3.33657   -0.72901   -2.03279
          2      10900  701.07718   -1.03222   -0.04542   -1.04045   -0.04528   -3.33657   -0.72901   -2.03279
          2      11000  708.11284   -1.03226   -0.04542   -1.04043   -0.04526   -3.33657   -0.72901   -2.03279
          2      11100  714.77719   -1.03229   -0.04542   -1.04046   -0.04527   -3.33657   -0.72901   -2.03279
          2      11200  721.58192   -1.03233   -0.04542   -1.04045   -0.04528   -3.33657   -0.72901   -2.03279
          2      11300  728.15672   -1.03237   -0.04542   -1.04043   -0.04526   -3.33657   -0.72901   -2.03279
          2      11400  734.39872   -1.03240   -0.04542   -1.04043   -0.04528   -3.33657   -0.72901   -2.03279
          2      11500  740.71577   -1.03244   -0.04542   -1.04043   -0.04527   -3.33657   -0.72901   -2.03279
          2      11600  746.92226   -1.03247   -0.04542   -1.04042   -0.04526   -3.33657   -0.72901   -2.03279
          2      11700  752.86333   -1.03251   -0.04542   -1.04046   -0.04526   -3.33657   -0.72901   -2.03279
          2      11800  759.74643   -1.03254   -0.04542   -1.04043   -0.04529   -3.33657   -0.72901   -2.03279
          2      11900  765.68799   -1.03257   -0.04542   -1.04042   -0.04528   -3.33657   -0.72901   -2.03279
          2      12000  772.21287   -1.03261   -0.04542   -1.04043   -0.04526   -3.33657   -0.72901   -2.03279
          2      12100  777.89309   -1.03264   -0.04542   -1.04043   -0.04525   -3.33657   -0.72901   -2.03279
          2      12200  784.11327   -1.03267   -0.04542   -1.04040   -0.04526   -3.33657   -0.72901   -2.03279
          2      12300  790.37356   -1.03270   -0.04542   -1.04044   -0.04532   -3.33657   -0.72901   -2.03279
          2      12400  796.68356   -1.03274   -0.04542   -1.04044   -0.04527   -3.33657   -0.72901   -2.03279
          2      12500  802.96749   -1.03277   -0.04542   -1.04045   -0.04527   -3.33657   -0.72901   -2.03279
          2      12600  808.62055   -1.03280   -0.04541   -1.04044   -0.04527   -3.33657   -0.72901   -2.03279
          2      12700  815.59826   -1.03283   -0.04541   -1.04043   -0.04528   -3.33657   -0.72901   -2.03279
          2      12800  821.61710   -1.03286   -0.04541   -1.04044   -0.04529   -3.33657   -0.72901   -2.03279
          2      12900  827.72058   -1.03289   -0.04541   -1.04044   -0.04529   -3.33657   -0.72901   -2.03279
          2      13000  834.28155   -1.03292   -0.04541   -1.04045   -0.04528   -3.33657   -0.72901   -2.03279
          2      13100  840.97440   -1.03295   -0.04541   -1.04042   -0.04528   -3.33657   -0.72901   -2.03279
          2      13200  847.18249   -1.03297   -0.04541   -1.04045   -0.04527   -3.33657   -0.72901   -2.03279
          2      13300  853.64764   -1.03300   -0.04541   -1.04043   -0.04525   -3.33657   -0.72901   -2.03279
          2      13400  860.24776   -1.03303   -0.04541   -1.04044   -0.04528   -3.33657   -0.72901   -2.03279
          2      13500  866.22814   -1.03306   -0.04541   -1.04044   -0.04529   -3.33657   -0.72901   -2.03279
          2      13600  873.31614   -1.03309   -0.04541   -1.04046   -0.04528   -3.33657   -0.72901   -2.03279
          2      13700  879.47245   -1.03311   -0.04541   -1.04043   -0.04526   -3.33657   -0.72901   -2.03279
          2      13800  885.87006   -1.03314   -0.04541   -1.04042   -0.04527   -3.33657   -0.72901   -2.03279
          2      13900  892.26721   -1.03317   -0.04541   -1.04043   -0.04526   -3.33657   -0.72901   -2.03279
          2      14000  899.58162   -1.03319   -0.04541   -1.04043   -0.04525   -3.33657   -0.72901   -2.03279
          2      14100  907.19332   -1.03322   -0.04541   -1.04044   -0.04527   -3.33657   -0.72901   -2.03279
          2      14200  914.21703   -1.03324   -0.04541   -1.04042   -0.04526   -3.33657   -0.72901   -2.03279
          2      14300  921.30908   -1.03327   -0.04541   -1.04045   -0.04527   -3.33657   -0.72901   -2.03279
          2      14400  927.54310   -1.03329   -0.04541   -1.04045   -0.04530   -3.33657   -0.72901   -2.03279
          2      14500  933.86328   -1.03332   -0.04541   -1.04046   -0.04527   -3.33657   -0.72901   -2.03279
          2      14600  939.87183   -1.03334   -0.04540   -1.04044   -0.04529   -3.33657   -0.72901   -2.03279
          2      14700  945.71745   -1.03337   -0.04540   -1.04045   -0.04530   -3.33657   -0.72901   -2.03279
          2      14800  952.39105   -1.03339   -0.04540   -1.04042   -0.04527   -3.33657   -0.72901   -2.03279
          2      14900  959.18423   -1.03342   -0.04540   -1.04042   -0.04527   -3.33657   -0.72901   -2.03279
          2      15000  965.50798   -1.03344   -0.04540   -1.04044   -0.04526   -3.33657   -0.72901   -2.03279
          2      15100  971.59850   -1.03346   -0.04540   -1.04043   -0.04528   -3.33657   -0.72901   -2.03279
          2      15200  977.89402   -1.03349   -0.04540   -1.04045   -0.04529   -3.33657   -0.72901   -2.03279
          2      15300  984.29269   -1.03351   -0.04540   -1.04044   -0.04527   -3.33657   -0.72901   -2.03279
          2      15400  990.30519   -1.03353   -0.04540   -1.04042   -0.04528   -3.33657   -0.72901   -2.03279
          2      15500  996.70015   -1.03355   -0.04540   -1.04042   -0.04529   -3.33657   -0.72901   -2.03279
          2      15600 1003.25588   -1.03358   -0.04540   -1.04043   -0.04528   -3.33657   -0.72901   -2.03279
          2      15700 1009.95467   -1.03360   -0.04540   -1.04045   -0.04527   -3.33657   -0.72901   -2.03279
          2      15800 1016.03460   -1.03362   -0.04540   -1.04044   -0.04526   -3.33657   -0.72901   -2.03279
          2      15900 1021.91837   -1.03364   -0.04540   -1.04044   -0.04527   -3.33657   -0.72901   -2.03279
          2      16000 1028.15466   -1.03366   -0.04540   -1.04041   -0.04523   -3.33657   -0.72901   -2.03279
          2      16100 1034.42171   -1.03369   -0.04540   -1.04042   -0.04525   -3.33657   -0.72901   -2.03279
          2      16200 1040.32960   -1.03371   -0.04540   -1.04043   -0.04525   -3.33657   -0.72901   -2.03279
          2      16300 1046.66428   -1.03373   -0.04540   -1.04043   -0.04530   -3.33657   -0.72901   -2.03279
          2      16400 1053.57579   -1.03375   -0.04540   -1.04044   -0.04527   -3.33657   -0.72901   -2.03279
          2      16500 1060.08224   -1.03377   -0.04540   -1.04044   -0.04527   -3.33657   -0.72901   -2.03279
          2      16600 1066.97669   -1.03379   -0.04540   -1.04044   -0.04527   -3.33657   -0.72901   -2.03279
          2      16700 1073.00053   -1.03381   -0.04540   -1.04045   -0.04528   -3.33657   -0.72901   -2.03279
          2      16800 1078.97315   -1.03383   -0.04540   -1.04046   -0.04527   -3.33657   -0.72901   -2.03279
          2      16900 1084.80763   -1.03385   -0.04540   -1.04045   -0.04529   -3.33657   -0.72901   -2.03279
          2      17000 1092.16076   -1.03387   -0.04540   -1.04043   -0.04528   -3.33657   -0.72901   -2.03279
          2      17100 1098.44328   -1.03389   -0.04540   -1.04047   -0.04528   -3.33657   -0.72901   -2.03279
          2      17200 1105.04487   -1.03391   -0.04539   -1.04045   -0.04527   -3.33657   -0.72901   -2.03279
          2      17300 1111.33148   -1.03393   -0.04539   -1.04045   -0.04526   -3.33657   -0.72901   -2.03279
          2      17400 1117.45545   -1.03394   -0.04539   -1.04044   -0.04528   -3.33657   -0.72901   -2.03279
          2      17500 1123.42216   -1.03396   -0.04539   -1.04046   -0.04526   -3.33657   -0.72901   -2.03279
          2      17600 1130.14124   -1.03398   -0.04539   -1.04044   -0.04526   -3.33657   -0.72901   -2.03279
          2      17700 1136.39571   -1.03400   -0.04539   -1.04045   -0.04529   -3.33657   -0.72901   -2.03279
          2      17800 1143.28489   -1.03402   -0.04539   -1.04044   -0.04530   -3.33657   -0.72901   -2.03279
          2      17900 1150.06005   -1.03404   -0.04539   -1.04042   -0.04528   -3.33657   -0.72901   -2.03279
          2      18000 1157.06716   -1.03405   -0.04539   -1.04043   -0.04530   -3.33657   -0.72901   -2.03279
          2      18100 1163.13163   -1.03407   -0.04539   -1.04046   -0.04528   -3.33657   -0.72901   -2.03279
          2      18200 1169.24139   -1.03409   -0.04539   -1.04043   -0.04530   -3.33657   -0.72901   -2.03279
          2      18300 1175.24055   -1.03411   -0.04539   -1.04045   -0.04527   -3.33657   -0.72901   -2.03279
          2      18400 1181.79844   -1.03412   -0.04539   -1.04048   -0.04527   -3.33657   -0.72901   -2.03279
          2      18500 1187.72252   -1.03414   -0.04539   -1.04043   -0.04529   -3.33657   -0.72901   -2.03279
          2      18600 1194.06971   -1.03416   -0.04539   -1.04045   -0.04529   -3.33657   -0.72901   -2.03279
          2      18700 1200.19234   -1.03418   -0.04539   -1.04044   -0.04530   -3.33657   -0.72901   -2.03279
          2      18800 1206.63753   -1.03419   -0.04539   -1.04044   -0.04528   -3.33657   -0.72901   -2.03279
          2      18900 1213.28645   -1.03421   -0.04539   -1.04046   -0.04527   -3.33657   -0.72901   -2.03279
          2      19000 1219.59143   -1.03423   -0.04539   -1.04044   -0.04531   -3.33657   -0.72901   -2.03279
          2      19100 1226.07114   -1.03424   -0.04539   -1.04043   -0.04530   -3.33657   -0.72901   -2.03279
          2      19200 1232.90132   -1.03426   -0.04539   -1.04043   -0.04529   -3.33657   -0.72901   -2.03279
          2      19300 1239.53895   -1.03428   -0.04539   -1.04044   -0.04529   -3.33657   -0.72901   -2.03279
          2      19400 1245.77376   -1.03429   -0.04539   -1.04040   -0.04528   -3.33657   -0.72901   -2.03279
          2      19500 1252.52358   -1.03431   -0.04539   -1.04042   -0.04526   -3.33657   -0.72901   -2.03279
          2      19600 1258.85785   -1.03432   -0.04539   -1.04045   -0.04526   -3.33657   -0.72901   -2.03279
          2      19700 1265.05790   -1.03434   -0.04539   -1.04046   -0.04525   -3.33657   -0.72901   -2.03279
          2      19800 1271.13825   -1.03435   -0.04539   -1.04047   -0.04526   -3.33657   -0.72901   -2.03279
          2      19900 1277.02878   -1.03437   -0.04539   -1.04044   -0.04528   -3.33657   -0.72901   -2.03279
          2      20000 1283.12939   -1.03439   -0.04539   -1.04044   -0.04528   -3.33657   -0.72901   -2.03279
          2      20100 1289.21180   -1.03440   -0.04539   -1.04046   -0.04528   -3.33657   -0.72901   -2.03279
          2      20200 1296.07260   -1.03442   -0.04539   -1.04046   -0.04529   -3.33657   -0.72901   -2.03279
          2      20300 1303.16855   -1.03443   -0.04539   -1.04044   -0.04527   -3.33657   -0.72901   -2.03279
          2      20400 1309.98480   -1.03445   -0.04539   -1.04044   -0.04527   -3.33657   -0.72901   -2.03279
          2      20500 1316.48705   -1.03446   -0.04539   -1.04041   -0.04525   -3.33657   -0.72901   -2.03279
          2      20600 1323.33586   -1.03447   -0.04539   -1.04046   -0.04528   -3.33657   -0.72901   -2.03279
          2      20700 1329.49548   -1.03449   -0.04538   -1.04044   -0.04528   -3.33657   -0.72901   -2.03279
          2      20800 1336.17856   -1.03450   -0.04538   -1.04043   -0.04527   -3.33657   -0.72901   -2.03279
          2      20900 1342.73828   -1.03452   -0.04538   -1.04041   -0.04529   -3.33657   -0.72901   -2.03279
          2      21000 1348.74688   -1.03453   -0.04538   -1.04045   -0.04525   -3.33657   -0.72901   -2.03279
          2      21100 1354.70695   -1.03455   -0.04538   -1.04044   -0.04528   -3.33657   -0.72901   -2.03279
          2      21200 1360.89360   -1.03456   -0.04538   -1.04044   -0.04528   -3.33657   -0.72901   -2.03279
          2      21300 1367.14971   -1.03457   -0.04538   -1.04045   -0.04526   -3.33657   -0.72901   -2.03279
          2      21400 1373.58848   -1.03459   -0.04538   -1.04043   -0.04527   -3.33657   -0.72901   -2.03279
          2      21500 1380.08483   -1.03460   -0.04538   -1.04045   -0.04527   -3.33657   -0.72901   -2.03279
          2      21600 1386.03481   -1.03462   -0.04538   -1.04047   -0.04527   -3.33657   -0.72901   -2.03279
          2      21700 1393.30593   -1.03463   -0.04538   -1.04045   -0.04528   -3.33657   -0.72901   -2.03279
          2      21800 1400.41682   -1.03464   -0.04538   -1.04044   -0.04528   -3.33657   -0.72901   -2.03279
          2      21900 1407.06264   -1.03466   -0.04538   -1.04046   -0.04527   -3.33657   -0.72901   -2.03279
          2      22000 1413.57308   -1.03467   -0.04538   -1.04044   -0.04527   -3.33657   -0.72901   -2.03279
          2      22100 1419.48719   -1.03468   -0.04538   -1.04045   -0.04527   -3.33657   -0.72901   -2.03279
          2      22200 1425.69941   -1.03470   -0.04538   -1.04046   -0.04527   -3.33657   -0.72901   -2.03279
          2      22300 1432.54831   -1.03471   -0.04538   -1.04046   -0.04529   -3.33657   -0.72901   -2.03279
          2      22400 1440.34321   -1.03472   -0.04538   -1.04047   -0.04527   -3.33657   -0.72901   -2.03279
          2      22500 1447.45978   -1.03473   -0.04538   -1.04047   -0.04528   -3.33657   -0.72901   -2.03279
          2      22600 1453.62258   -1.03475   -0.04538   -1.04046   -0.04528   -3.33657   -0.72901   -2.03279
          2      22700 1459.98190   -1.03476   -0.04538   -1.04046   -0.04528   -3.33657   -0.72901   -2.03279
          2      22800 1466.20637   -1.03477   -0.04538   -1.04045   -0.04528   -3.33657   -0.72901   -2.03279
          2      22900 1472.65028   -1.03479   -0.04538   -1.04044   -0.04529   -3.33657   -0.72901   -2.03279
          2      23000 1478.62696   -1.03480   -0.04538   -1.04047   -0.04529   -3.33657   -0.72901   -2.03279
          2      23100 1484.98272   -1.03481   -0.04538   -1.04046   -0.04529   -3.33657   -0.72901   -2.03279
          2      23200 1491.26143   -1.03482   -0.04538   -1.04047   -0.04528   -3.33657   -0.72901   -2.03279
          2      23300 1497.69365   -1.03483   -0.04538   -1.04046   -0.04527   -3.33657   -0.72901   -2.03279
          2      23400 1504.66599   -1.03485   -0.04538   -1.04046   -0.04528   -3.33657   -0.72901   -2.03279
          2      23500 1511.12012   -1.03486   -0.04538   -1.04045   -0.04530   -3.33657   -0.72901   -2.03279
          2      23600 1517.55516   -1.03487   -0.04538   -1.04047   -0.04527   -3.33657   -0.72901   -2.03279
          2      23700 1524.04341   -1.03488   -0.04538   -1.04045   -0.04527   -3.33657   -0.72901   -2.03279
          2      23800 1529.94134   -1.03489   -0.04538   -1.04045   -0.04526   -3.33657   -0.72901   -2.03279
          2      23900 1536.56437   -1.03491   -0.04538   -1.04046   -0.04526   -3.33657   -0.72901   -2.03279
          2      24000 1542.93015   -1.03492   -0.04538   -1.04044   -0.04526   -3.33657   -0.72901   -2.03279
          2      24100 1549.08643   -1.03493   -0.04538   -1.04045   -0.04528   -3.33657   -0.72901   -2.03279
          2      24200 1555.12390   -1.03494   -0.04538   -1.04046   -0.04528   -3.33657   -0.72901   -2.03279
          2      24300 1561.22895   -1.03495   -0.04538   -1.04047   -0.04527   -3.33657   -0.72901   -2.03279
          2      24400 1567.55039   -1.03496   -0.04538   -1.04044   -0.04530   -3.33657   -0.72901   -2.03279
          2      24500 1574.58856   -1.03498   -0.04538   -1.04047   -0.04530   -3.33657   -0.72901   -2.03279
          2      24600 1581.95805   -1.03499   -0.04538   -1.04046   -0.04530   -3.33657   -0.72901   -2.03279
          2      24700 1588.81469   -1.03500   -0.04538   -1.04046   -0.04527   -3.33657   -0.72901   -2.03279
          2      24800 1594.76711   -1.03501   -0.04538   -1.04046   -0.04530   -3.33657   -0.72901   -2.03279
          2      24900 1601.10266   -1.03502   -0.04538   -1.04048   -0.04529   -3.33657   -0.72901   -2.03279
          2      25000 1607.31799   -1.03503   -0.04538   -1.04047   -0.04527   -3.33657   -0.72901   -2.03279
          2      25100 1613.72917   -1.03504   -0.04538   -1.04047   -0.04527   -3.33657   -0.72901   -2.03279
          2      25200 1619.87411   -1.03505   -0.04537   -1.04046   -0.04528   -3.33657   -0.72901   -2.03279
          2      25300 1625.93142   -1.03506   -0.04537   -1.04045   -0.04529   -3.33657   -0.72901   -2.03279
          2      25400 1632.42930   -1.03507   -0.04537   -1.04045   -0.04530   -3.33657   -0.72901   -2.03279
          2      25500 1639.07254   -1.03508   -0.04537   -1.04044   -0.04528   -3.33657   -0.72901   -2.03279
          2      25600 1645.06543   -1.03510   -0.04537   -1.04045   -0.04528   -3.33657   -0.72901   -2.03279
          2      25700 1651.16289   -1.03511   -0.04537   -1.04046   -0.04527   -3.33657   -0.72901   -2.03279
          2      25800 1657.42261   -1.03512   -0.04537   -1.04047   -0.04529   -3.33657   -0.72901   -2.03279
          2      25900 1663.69315   -1.03513   -0.04537   -1.04046   -0.04528   -3.33657   -0.72901   -2.03279
          2      26000 1670.23855   -1.03514   -0.04537   -1.04046   -0.04528   -3.33657   -0.72901   -2.03279
          2      26100 1676.46612   -1.03515   -0.04537   -1.04046   -0.04528   -3.33657   -0.72901   -2.03279
          2      26200 1682.55881   -1.03516   -0.04537   -1.04046   -0.04528   -3.33657   -0.72901   -2.03279
          2      26300 1688.94112   -1.03517   -0.04537   -1.04046   -0.04527   -3.33657   -0.72901   -2.03279
          2      26400 1695.14181   -1.03518   -0.04537   -1.04048   -0.04528   -3.33657   -0.72901   -2.03279
          2      26500 1701.45951   -1.03519   -0.04537   -1.04043   -0.04526   -3.33657   -0.72901   -2.03279
          2      26600 1707.84592   -1.03520   -0.04537   -1.04044   -0.04528   -3.33657   -0.72901   -2.03279
          2      26700 1714.01974   -1.03521   -0.04537   -1.04046   -0.04528   -3.33657   -0.72901   -2.03279
          2      26800 1720.37043   -1.03522   -0.04537   -1.04045   -0.04529   -3.33657   -0.72901   -2.03279
          2      26900 1726.82627   -1.03523   -0.04537   -1.04043   -0.04529   -3.33657   -0.72901   -2.03279
          2      27000 1732.99332   -1.03524   -0.04537   -1.04045   -0.04528   -3.33657   -0.72901   -2.03279
          2      27100 1739.26785   -1.03525   -0.04537   -1.04045   -0.04528   -3.33657   -0.72901   -2.03279
          2      27200 1745.36826   -1.03526   -0.04537   -1.04046   -0.04527   -3.33657   -0.72901   -2.03279
          2      27300 1751.51862   -1.03527   -0.04537   -1.04046   -0.04526   -3.33657   -0.72901   -2.03279
          2      27400 1757.60731   -1.03528   -0.04537   -1.04046   -0.04527   -3.33657   -0.72901   -2.03279
          2      27500 1764.11102   -1.03529   -0.04537   -1.04047   -0.04528   -3.33657   -0.72901   -2.03279
          2      27600 1770.40975   -1.03529   -0.04537   -1.04045   -0.04528   -3.33657   -0.72901   -2.03279
          2      27700 1776.95274   -1.03530   -0.04537   -1.04046   -0.04527   -3.33657   -0.72901   -2.03279
          2      27800 1783.64183   -1.03531   -0.04537   -1.04048   -0.04528   -3.33657   -0.72901   -2.03279
          2      27900 1789.73735   -1.03532   -0.04537   -1.04045   -0.04525   -3.33657   -0.72901   -2.03279
          2      28000 1795.90663   -1.03533   -0.04537   -1.04045   -0.04525   -3.33657   -0.72901   -2.03279
          2      28100 1802.65887   -1.03534   -0.04537   -1.04047   -0.04527   -3.33657   -0.72901   -2.03279
          2      28200 1808.93265   -1.03535   -0.04537   -1.04046   -0.04528   -3.33657   -0.72901   -2.03279
          2      28300 1815.79654   -1.03536   -0.04537   -1.04046   -0.04527   -3.33657   -0.72901   -2.03279
          2      28400 1822.54287   -1.03537   -0.04537   -1.04045   -0.04527   -3.33657   -0.72901   -2.03279
          2      28500 1829.38065   -1.03538   -0.04537   -1.04047   -0.04528   -3.33657   -0.72901   -2.03279
          2      28600 1835.41194   -1.03539   -0.04537   -1.04046   -0.04530   -3.33657   -0.72901   -2.03279
          2      28700 1841.77010   -1.03540   -0.04537   -1.04047   -0.04528   -3.33657   -0.72901   -2.03279
          2      28800 1847.83829   -1.03540   -0.04537   -1.04047   -0.04527   -3.33657   -0.72901   -2.03279
          2      28900 1854.39533   -1.03541   -0.04537   -1.04046   -0.04528   -3.33657   -0.72901   -2.03279
          2      29000 1860.44114   -1.03542   -0.04537   -1.04047   -0.04528   -3.33657   -0.72901   -2.03279
          2      29100 1866.64210   -1.03543   -0.04537   -1.04047   -0.04528   -3.33657   -0.72901   -2.03279
          2      29200 1873.53010   -1.03544   -0.04537   -1.04047   -0.04528   -3.33657   -0.72901   -2.03279
          2      29300 1879.30663   -1.03545   -0.04537   -1.04047   -0.04528   -3.33657   -0.72901   -2.03279
          2      29400 1885.71361   -1.03546   -0.04537   -1.04048   -0.04529   -3.33657   -0.72901   -2.03279
          2      29500 1891.57948   -1.03546   -0.04537   -1.04046   -0.04527   -3.33657   -0.72901   -2.03279
          2      29600 1897.84270   -1.03547   -0.04537   -1.04046   -0.04528   -3.33657   -0.72901   -2.03279
          2      29700 1903.74382   -1.03548   -0.04537   -1.04046   -0.04529   -3.33657   -0.72901   -2.03279
          2      29800 1909.95349   -1.03549   -0.04537   -1.04046   -0.04527   -3.33657   -0.72901   -2.03279
          2      29900 1915.85003   -1.03550   -0.04537   -1.04047   -0.04526   -3.33657   -0.72901   -2.03279
          2      30000 1922.08173   -1.03551   -0.04537   -1.04043   -0.04527   -3.33657   -0.72901   -2.03279
          2      30100 1928.50192   -1.03552   -0.04537   -1.04047   -0.04528   -3.33657   -0.72901   -2.03279
          2      30200 1934.41319   -1.03552   -0.04537   -1.04047   -0.04528   -3.33657   -0.72901   -2.03279
          2      30300 1940.67480   -1.03553   -0.04537   -1.04046   -0.04527   -3.33657   -0.72901   -2.03279
          2      30400 1946.94700   -1.03554   -0.04537   -1.04045   -0.04529   -3.33657   -0.72901   -2.03279
          2      30500 1952.54522   -1.03555   -0.04537   -1.04047   -0.04526   -3.33657   -0.72901   -2.03279
          2      30600 1958.52359   -1.03556   -0.04537   -1.04047   -0.04528   -3.33657   -0.72901   -2.03279
          2      30700 1965.30578   -1.03556   -0.04537   -1.04046   -0.04530   -3.33657   -0.72901   -2.03279
          2      30800 1971.91459   -1.03557   -0.04537   -1.04046   -0.04529   -3.33657   -0.72901   -2.03279
          2      30900 1979.46914   -1.03558   -0.04537   -1.04047   -0.04525   -3.33657   -0.72901   -2.03279
          2      31000 1985.97886   -1.03559   -0.04537   -1.04046   -0.04530   -3.33657   -0.72901   -2.03279
          2      31100 1992.47861   -1.03560   -0.04537   -1.04048   -0.04527   -3.33657   -0.72901   -2.03279
          2      31200 1998.52480   -1.03560   -0.04537   -1.04047   -0.04527   -3.33657   -0.72901   -2.03279
          2      31300 2005.26599   -1.03561   -0.04537   -1.04046   -0.04527   -3.33657   -0.72901   -2.03279
          2      31400 2011.96098   -1.03562   -0.04537   -1.04046   -0.04530   -3.33657   -0.72901   -2.03279
          2      31500 2018.58315   -1.03563   -0.04536   -1.04048   -0.04528   -3.33657   -0.72901   -2.03279
          2      31600 2024.91045   -1.03564   -0.04536   -1.04046   -0.04526   -3.33657   -0.72901   -2.03279
          2      31700 2032.33524   -1.03564   -0.04536   -1.04045   -0.04528   -3.33657   -0.72901   -2.03279
          2      31800 2038.79845   -1.03565   -0.04536   -1.04044   -0.04527   -3.33657   -0.72901   -2.03279
          2      31900 2045.33541   -1.03566   -0.04536   -1.04045   -0.04527   -3.33657   -0.72901   -2.03279
          2      32000 2051.40812   -1.03567   -0.04536   -1.04046   -0.04529   -3.33657   -0.72901   -2.03279
          2      32100 2057.47546   -1.03567   -0.04536   -1.04047   -0.04529   -3.33657   -0.72901   -2.03279
          2      32200 2063.93788   -1.03568   -0.04536   -1.04046   -0.04527   -3.33657   -0.72901   -2.03279
          2      32300 2070.42825   -1.03569   -0.04536   -1.04046   -0.04529   -3.33657   -0.72901   -2.03279
          2      32400 2076.52462   -1.03570   -0.04536   -1.04047   -0.04527   -3.33657   -0.72901   -2.03279
          2      32500 2082.40105   -1.03570   -0.04536   -1.04047   -0.04528   -3.33657   -0.72901   -2.03279
          2      32600 2088.31523   -1.03571   -0.04536   -1.04047   -0.04527   -3.33657   -0.72901   -2.03279
          2      32700 2094.71834   -1.03572   -0.04536   -1.04045   -0.04526   -3.33657   -0.72901   -2.03279
          2      32800 2100.53911   -1.03572   -0.04536   -1.04046   -0.04529   -3.33657   -0.72901   -2.03279
          2      32900 2107.08464   -1.03573   -0.04536   -1.04044   -0.04527   -3.33657   -0.72901   -2.03279
          2      33000 2113.14121   -1.03574   -0.04536   -1.04047   -0.04529   -3.33657   -0.72901   -2.03279
          2      33100 2119.43651   -1.03575   -0.04536   -1.04047   -0.04528   -3.33657   -0.72901   -2.03279
          2      33200 2125.77283   -1.03575   -0.04536   -1.04048   -0.04527   -3.33657   -0.72901   -2.03279
          2      33300 2132.19564   -1.03576   -0.04536   -1.04047   -0.04527   -3.33657   -0.72901   -2.03279
          2      33400 2138.63991   -1.03577   -0.04536   -1.04047   -0.04528   -3.33657   -0.72901   -2.03279
          2      33500 2145.02093   -1.03578   -0.04536   -1.04047   -0.04528   -3.33657   -0.72901   -2.03279
          2      33600 2150.96709   -1.03578   -0.04536   -1.04046   -0.04528   -3.33657   -0.72901   -2.03279
          2      33700 2157.10710   -1.03579   -0.04536   -1.04047   -0.04527   -3.33657   -0.72901   -2.03279
          2      33800 2163.48931   -1.03580   -0.04536   -1.04047   -0.04528   -3.33657   -0.72901   -2.03279
          2      33900 2169.47752   -1.03580   -0.04536   -1.04046   -0.04529   -3.33657   -0.72901   -2.03279
          2      34000 2175.58184   -1.03581   -0.04536   -1.04045   -0.04528   -3.33657   -0.72901   -2.03279
          2      34100 2181.66447   -1.03582   -0.04536   -1.04046   -0.04529   -3.33657   -0.72901   -2.03279
          2      34200 2187.64234   -1.03582   -0.04536   -1.04048   -0.04529   -3.33657   -0.72901   -2.03279
          2      34300 2193.97155   -1.03583   -0.04536   -1.04047   -0.04529   -3.33657   -0.72901   -2.03279
          2      34400 2200.70685   -1.03584   -0.04536   -1.04047   -0.04529   -3.33657   -0.72901   -2.03279
          2      34500 2207.13074   -1.03584   -0.04536   -1.04046   -0.04527   -3.33657   -0.72901   -2.03279
          2      34600 2214.27673   -1.03585   -0.04536   -1.04047   -0.04528   -3.33657   -0.72901   -2.03279
          2      34700 2221.01204   -1.03586   -0.04536   -1.04047   -0.04528   -3.33657   -0.72901   -2.03279
          2      34800 2226.87906   -1.03586   -0.04536   -1.04045   -0.04528   -3.33657   -0.72901   -2.03279
          2      34900 2233.09380   -1.03587   -0.04536   -1.04047   -0.04529   -3.33657   -0.72901   -2.03279
          2      35000 2239.70028   -1.03588   -0.04536   -1.04047   -0.04529   -3.33657   -0.72901   -2.03279
          2      35100 2246.28049   -1.03588   -0.04536   -1.04047   -0.04528   -3.33657   -0.72901   -2.03279
          2      35200 2252.39907   -1.03589   -0.04536   -1.04047   -0.04529   -3.33657   -0.72901   -2.03279
          2      35300 2258.58751   -1.03590   -0.04536   -1.04046   -0.04527   -3.33657   -0.72901   -2.03279
          2      35400 2264.75031   -1.03590   -0.04536   -1.04047   -0.04529   -3.33657   -0.72901   -2.03279
          2      35500 2271.14479   -1.03591   -0.04536   -1.04047   -0.04528   -3.33657   -0.72901   -2.03279
          2      35600 2277.69766   -1.03592   -0.04536   -1.04047   -0.04527   -3.33657   -0.72901   -2.03279
          2      35700 2284.07701   -1.03592   -0.04536   -1.04044   -0.04528   -3.33657   -0.72901   -2.03279
          2      35800 2290.21452   -1.03593   -0.04536   -1.04048   -0.04527   -3.33657   -0.72901   -2.03279
          2      35900 2296.12840   -1.03594   -0.04536   -1.04047   -0.04528   -3.33657   -0.72901   -2.03279
          2      36000 2302.26391   -1.03594   -0.04536   -1.04047   -0.04529   -3.33657   -0.72901   -2.03279
          2      36100 2308.63355   -1.03595   -0.04536   -1.04047   -0.04527   -3.33657   -0.72901   -2.03279
          2      36200 2315.29994   -1.03595   -0.04536   -1.04045   -0.04528   -3.33657   -0.72901   -2.03279
          2      36300 2321.69175   -1.03596   -0.04536   -1.04046   -0.04528   -3.33657   -0.72901   -2.03279
          2      36400 2327.65393   -1.03597   -0.04536   -1.04047   -0.04528   -3.33657   -0.72901   -2.03279
          2      36500 2333.41387   -1.03597   -0.04536   -1.04047   -0.04529   -3.33657   -0.72901   -2.03279
          2      36600 2338.96722   -1.03598   -0.04536   -1.04048   -0.04528   -3.33657   -0.72901   -2.03279
          2      36700 2345.06446   -1.03599   -0.04536   -1.04047   -0.04528   -3.33657   -0.72901   -2.03279
          2      36800 2351.10226   -1.03599   -0.04536   -1.04048   -0.04528   -3.33657   -0.72901   -2.03279
          2      36900 2357.41126   -1.03600   -0.04536   -1.04046   -0.04527   -3.33657   -0.72901   -2.03279
          2      37000 2364.26489   -1.03600   -0.04536   -1.04045   -0.04530   -3.33657   -0.72901   -2.03279
          2      37100 2370.67306   -1.03601   -0.04536   -1.04046   -0.04526   -3.33657   -0.72901   -2.03279
          2      37200 2377.49155   -1.03602   -0.04536   -1.04045   -0.04528   -3.33657   -0.72901   -2.03279
          2      37300 2383.57193   -1.03602   -0.04536   -1.04046   -0.04528   -3.33657   -0.72901   -2.03279
          2      37400 2390.05799   -1.03603   -0.04536   -1.04047   -0.04527   -3.33657   -0.72901   -2.03279
          2      37500 2396.40888   -1.03603   -0.04536   -1.04047   -0.04526   -3.33657   -0.72901   -2.03279
          2      37600 2402.40193   -1.03604   -0.04536   -1.04047   -0.04528   -3.33657   -0.72901   -2.03279
          2      37700 2408.86530   -1.03605   -0.04536   -1.04047   -0.04529   -3.33657   -0.72901   -2.03279
          2      37800 2415.25546   -1.03605   -0.04536   -1.04047   -0.04528   -3.33657   -0.72901   -2.03279
          2      37900 2421.46381   -1.03606   -0.04536   -1.04046   -0.04527   -3.33657   -0.72901   -2.03279
          2      38000 2427.66107   -1.03606   -0.04536   -1.04047   -0.04528   -3.33657   -0.72901   -2.03279
          2      38100 2434.26385   -1.03607   -0.04536   -1.04045   -0.04527   -3.33657   -0.72901   -2.03279
          2      38200 2439.97866   -1.03608   -0.04536   -1.04046   -0.04528   -3.33657   -0.72901   -2.03279
          2      38300 2446.36565   -1.03608   -0.04536   -1.04045   -0.04528   -3.33657   -0.72901   -2.03279
          2      38400 2452.40396   -1.03609   -0.04536   -1.04047   -0.04527   -3.33657   -0.72901   -2.03279
          2      38500 2459.27006   -1.03609   -0.04536   -1.04047   -0.04528   -3.33657   -0.72901   -2.03279
          2      38600 2466.55265   -1.03610   -0.04536   -1.04046   -0.04528   -3.33657   -0.72901   -2.03279
          2      38700 2473.05162   -1.03610   -0.04536   -1.04047   -0.04529   -3.33657   -0.72901   -2.03279
          2      38800 2479.21770   -1.03611   -0.04536   -1.04046   -0.04528   -3.33657   -0.72901   -2.03279
          2      38900 2485.53438   -1.03612   -0.04536   -1.04046   -0.04526   -3.33657   -0.72901   -2.03279
          2      39000 2491.68351   -1.03612   -0.04536   -1.04047   -0.04527   -3.33657   -0.72901   -2.03279
          2      39100 2497.80991   -1.03613   -0.04536   -1.04046   -0.04529   -3.33657   -0.72901   -2.03279
          2      39200 2504.35370   -1.03613   -0.04536   -1.04047   -0.04527   -3.33657   -0.72901   -2.03279
          2      39300 2510.61547   -1.03614   -0.04536   -1.04046   -0.04528   -3.33657   -0.72901   -2.03279
          2      39400 2516.81120   -1.03614   -0.04536   -1.04045   -0.04527   -3.33657   -0.72901   -2.03279
          2      39500 2523.25446   -1.03615   -0.04536   -1.04047   -0.04528   -3.33657   -0.72901   -2.03279
          2      39600 2529.44353   -1.03615   -0.04536   -1.04046   -0.04529   -3.33657   -0.72901   -2.03279
          2      39700 2535.61893   -1.03616   -0.04536   -1.04047   -0.04527   -3.33657   -0.72901   -2.03279
          2      39800 2542.13511   -1.03617   -0.04536   -1.04046   -0.04529   -3.33657   -0.72901   -2.03279
          2      39900 2548.50517   -1.03617   -0.04536   -1.04047   -0.04529   -3.33657   -0.72901   -2.03279
          2      40000 2554.53454   -1.03618   -0.04536   -1.04045   -0.04528   -3.33657   -0.72901   -2.03279
          2      40100 2560.99580   -1.03618   -0.04536   -1.04048   -0.04527   -3.33657   -0.72901   -2.03279
          2      40200 2567.13997   -1.03619   -0.04536   -1.04046   -0.04528   -3.33657   -0.72901   -2.03279
          2      40300 2572.83089   -1.03619   -0.04536   -1.04046   -0.04528   -3.33657   -0.72901   -2.03279
          2      40400 2579.20094   -1.03620   -0.04535   -1.04047   -0.04529   -3.33657   -0.72901   -2.03279
          2      40500 2585.08027   -1.03620   -0.04535   -1.04047   -0.04529   -3.33657   -0.72901   -2.03279
          2      40600 2591.12546   -1.03621   -0.04535   -1.04046   -0.04527   -3.33657   -0.72901   -2.03279
          2      40700 2598.28521   -1.03621   -0.04535   -1.04047   -0.04529   -3.33657   -0.72901   -2.03279
          2      40800 2604.65706   -1.03622   -0.04535   -1.04045   -0.04527   -3.33657   -0.72901   -2.03279
          2      40900 2611.18154   -1.03622   -0.04535   -1.04045   -0.04529   -3.33657   -0.72901   -2.03279
          2      41000 2617.29439   -1.03623   -0.04535   -1.04047   -0.04527   -3.33657   -0.72901   -2.03279
          2      41100 2623.86311   -1.03623   -0.04535   -1.04048   -0.04526   -3.33657   -0.72901   -2.03279
          2      41200 2630.54898   -1.03624   -0.04535   -1.04047   -0.04530   -3.33657   -0.72901   -2.03279
          2      41300 2636.46648   -1.03624   -0.04535   -1.04046   -0.04528   -3.33657   -0.72901   -2.03279
          2      41400 2642.74655   -1.03625   -0.04535   -1.04048   -0.04528   -3.33657   -0.72901   -2.03279
          2      41500 2649.22561   -1.03626   -0.04535   -1.04048   -0.04528   -3.33657   -0.72901   -2.03279
          2      41600 2655.75255   -1.03626   -0.04535   -1.04047   -0.04528   -3.33657   -0.72901   -2.03279
          2      41700 2661.63896   -1.03627   -0.04535   -1.04046   -0.04527   -3.33657   -0.72901   -2.03279
          2      41800 2667.92671   -1.03627   -0.04535   -1.04047   -0.04528   -3.33657   -0.72901   -2.03279
          2      41900 2674.74555   -1.03628   -0.04535   -1.04048   -0.04528   -3.33657   -0.72901   -2.03279
          2      42000 2681.69219   -1.03628   -0.04535   -1.04047   -0.04528   -3.33657   -0.72901   -2.03279
          2      42100 2688.07644   -1.03629   -0.04535   -1.04047   -0.04528   -3.33657   -0.72901   -2.03279
          2      42200 2694.36269   -1.03629   -0.04535   -1.04048   -0.04528   -3.33657   -0.72901   -2.03279
          2      42300 2701.13795   -1.03630   -0.04535   -1.04047   -0.04528   -3.33657   -0.72901   -2.03279
          2      42400 2708.04646   -1.03630   -0.04535   -1.04047   -0.04528   -3.33657   -0.72901   -2.03279
          2      42500 2714.65346   -1.03631   -0.04535   -1.04045   -0.04529   -3.33657   -0.72901   -2.03279
          2      42600 2722.23355   -1.03631   -0.04535   -1.04048   -0.04528   -3.33657   -0.72901   -2.03279
          2      42700 2729.58852   -1.03632   -0.04535   -1.04048   -0.04528   -3.33657   -0.72901   -2.03279
          2      42800 2736.64416   -1.03632   -0.04535   -1.04046   -0.04527   -3.33657   -0.72901   -2.03279
          2      42900 2742.88174   -1.03632   -0.04535   -1.04047   -0.04528   -3.33657   -0.72901   -2.03279
          2      43000 2749.24383   -1.03633   -0.04535   -1.04047   -0.04527   -3.33657   -0.72901   -2.03279
          2      43100 2755.53265   -1.03633   -0.04535   -1.04047   -0.04528   -3.33657   -0.72901   -2.03279
          2      43200 2762.41091   -1.03634   -0.04535   -1.04047   -0.04529   -3.33657   -0.72901   -2.03279
          2      43300 2768.80400   -1.03634   -0.04535   -1.04048   -0.04529   -3.33657   -0.72901   -2.03279
          2      43400 2775.08466   -1.03635   -0.04535   -1.04046   -0.04530   -3.33657   -0.72901   -2.03279
          2      43500 2781.61233   -1.03635   -0.04535   -1.04046   -0.04529   -3.33657   -0.72901   -2.03279
          2      43600 2787.70702   -1.03636   -0.04535   -1.04047   -0.04527   -3.33657   -0.72901   -2.03279
          2      43700 2793.93023   -1.03636   -0.04535   -1.04048   -0.04529   -3.33657   -0.72901   -2.03279
          2      43800 2800.27485   -1.03637   -0.04535   -1.04047   -0.04527   -3.33657   -0.72901   -2.03279
          2      43900 2806.74218   -1.03637   -0.04535   -1.04048   -0.04527   -3.33657   -0.72901   -2.03279
          2      44000 2813.48622   -1.03638   -0.04535   -1.04047   -0.04528   -3.33657   -0.72901   -2.03279
          2      44100 2820.66853   -1.03638   -0.04535   -1.04048   -0.04529   -3.33657   -0.72901   -2.03279
          2      44200 2827.28596   -1.03639   -0.04535   -1.04047   -0.04528   -3.33657   -0.72901   -2.03279
          2      44300 2833.48977   -1.03639   -0.04535   -1.04047   -0.04528   -3.33657   -0.72901   -2.03279
          2      44400 2839.68860   -1.03640   -0.04535   -1.04047   -0.04527   -3.33657   -0.72901   -2.03279
          2      44500 2846.02821   -1.03640   -0.04535   -1.04048   -0.04527   -3.33657   -0.72901   -2.03279
          2      44600 2852.81588   -1.03641   -0.04535   -1.04049   -0.04528   -3.33657   -0.72901   -2.03279
          2      44700 2859.34534   -1.03641   -0.04535   -1.04048   -0.04529   -3.33657   -0.72901   -2.03279
          2      44800 2865.58369   -1.03641   -0.04535   -1.04047   -0.04528   -3.33657   -0.72901   -2.03279
          2      44900 2871.84713   -1.03642   -0.04535   -1.04047   -0.04527   -3.33657   -0.72901   -2.03279
          2      45000 2878.22271   -1.03642   -0.04535   -1.04047   -0.04527   -3.33657   -0.72901   -2.03279
          2      45100 2885.06192   -1.03643   -0.04535   -1.04047   -0.04528   -3.33657   -0.72901   -2.03279
          2      45200 2891.27264   -1.03643   -0.04535   -1.04047   -0.04527   -3.33657   -0.72901   -2.03279
          2      45300 2897.46823   -1.03644   -0.04535   -1.04047   -0.04529   -3.33657   -0.72901   -2.03279
          2      45400 2903.55299   -1.03644   -0.04535   -1.04047   -0.04528   -3.33657   -0.72901   -2.03279
          2      45500 2909.49008   -1.03645   -0.04535   -1.04047   -0.04528   -3.33657   -0.72901   -2.03279
          2      45600 2916.23597   -1.03645   -0.04535   -1.04047   -0.04527   -3.33657   -0.72901   -2.03279
          2      45700 2922.89199   -1.03645   -0.04535   -1.04048   -0.04529   -3.33657   -0.72901   -2.03279
          2      45800 2928.97792   -1.03646   -0.04535   -1.04047   -0.04529   -3.33657   -0.72901   -2.03279
          2      45900 2935.80095   -1.03646   -0.04535   -1.04047   -0.04528   -3.33657   -0.72901   -2.03279
          2      46000 2942.19045   -1.03647   -0.04535   -1.04046   -0.04527   -3.33657   -0.72901   -2.03279
          2      46100 2948.41278   -1.03647   -0.04535   -1.04047   -0.04527   -3.33657   -0.72901   -2.03279
          2      46200 2955.84778   -1.03648   -0.04535   -1.04047   -0.04529   -3.33657   -0.72901   -2.03279
          2      46300 2963.10699   -1.03648   -0.04535   -1.04048   -0.04527   -3.33657   -0.72901   -2.03279
          2      46400 2969.50559   -1.03649   -0.04535   -1.04048   -0.04528   -3.33657   -0.72901   -2.03279
          2      46500 2976.48881   -1.03649   -0.04535   -1.04048   -0.04528   -3.33657   -0.72901   -2.03279
          2      46600 2982.39639   -1.03649   -0.04535   -1.04048   -0.04528   -3.33657   -0.72901   -2.03279
          2      46700 2988.24244   -1.03650   -0.04535   -1.04046   -0.04527   -3.33657   -0.72901   -2.03279
          2      46800 2994.19150   -1.03650   -0.04535   -1.04047   -0.04529   -3.33657   -0.72901   -2.03279
          2      46900 3000.64284   -1.03651   -0.04535   -1.04047   -0.04527   -3.33657   -0.72901   -2.03279
          2      47000 3006.78577   -1.03651   -0.04535   -1.04048   -0.04527   -3.33657   -0.72901   -2.03279
          2      47100 3013.04937   -1.03652   -0.04535   -1.04048   -0.04528   -3.33657   -0.72901   -2.03279
          2      47200 3020.21474   -1.03652   -0.04535   -1.04048   -0.04528   -3.33657   -0.72901   -2.03279
          2      47300 3026.70707   -1.03652   -0.04535   -1.04046   -0.04528   -3.33657   -0.72901   -2.03279
          2      47400 3033.52743   -1.03653   -0.04535   -1.04047   -0.04527   -3.33657   -0.72901   -2.03279
          2      47500 3039.41981   -1.03653   -0.04535   -1.04047   -0.04526   -3.33657   -0.72901   -2.03279
          2      47600 3045.79477   -1.03654   -0.04535   -1.04046   -0.04528   -3.33657   -0.72901   -2.03279
          2      47700 3052.82548   -1.03654   -0.04535   -1.04048   -0.04529   -3.33657   -0.72901   -2.03279
          2      47800 3059.74138   -1.03654   -0.04535   -1.04048   -0.04527   -3.33657   -0.72901   -2.03279
          2      47900 3065.91074   -1.03655   -0.04535   -1.04046   -0.04528   -3.33657   -0.72901   -2.03279
          2      48000 3072.68571   -1.03655   -0.04535   -1.04048   -0.04528   -3.33657   -0.72901   -2.03279
          2      48100 3078.70308   -1.03656   -0.04535   -1.04047   -0.04528   -3.33657   -0.72901   -2.03279
          2      48200 3085.13232   -1.03656   -0.04535   -1.04047   -0.04528   -3.33657   -0.72901   -2.03279
          2      48300 3092.01459   -1.03657   -0.04535   -1.04048   -0.04528   -3.33657   -0.72901   -2.03279
          2      48400 3098.16608   -1.03657   -0.04535   -1.04046   -0.04528   -3.33657   -0.72901   -2.03279
          2      48500 3105.25367   -1.03657   -0.04535   -1.04045   -0.04529   -3.33657   -0.72901   -2.03279
          2      48600 3111.26505   -1.03658   -0.04535   -1.04046   -0.04528   -3.33657   -0.72901   -2.03279
          2      48700 3117.24379   -1.03658   -0.04535   -1.04048   -0.04528   -3.33657   -0.72901   -2.03279
          2      48800 3123.62752   -1.03659   -0.04535   -1.04047   -0.04527   -3.33657   -0.72901   -2.03279
          2      48900 3130.09528   -1.03659   -0.04535   -1.04049   -0.04528   -3.33657   -0.72901   -2.03279
          2      49000 3135.74966   -1.03659   -0.04535   -1.04046   -0.04528   -3.33657   -0.72901   -2.03279
          2      49100 3141.78156   -1.03660   -0.04535   -1.04047   -0.04527   -3.33657   -0.72901   -2.03279
          2      49200 3148.19347   -1.03660   -0.04535   -1.04047   -0.04526   -3.33657   -0.72901   -2.03279
          2      49300 3154.54802   -1.03661   -0.04535   -1.04047   -0.04528   -3.33657   -0.72901   -2.03279
          2      49400 3161.01409   -1.03661   -0.04535   -1.04045   -0.04528   -3.33657   -0.72901   -2.03279
          2      49500 3167.07349   -1.03661   -0.04535   -1.04047   -0.04528   -3.33657   -0.72901   -2.03279
          2      49600 3173.32349   -1.03662   -0.04535   -1.04046   -0.04528   -3.33657   -0.72901   -2.03279
          2      49700 3179.86529   -1.03662   -0.04535   -1.04047   -0.04528   -3.33657   -0.72901   -2.03279
          2      49800 3185.83633   -1.03663   -0.04535   -1.04047   -0.04528   -3.33657   -0.72901   -2.03279
          2      49900 3191.95647   -1.03663   -0.04535   -1.04047   -0.04528   -3.33657   -0.72901   -2.03279
          2      50000 3198.73238   -1.03663   -0.04535   -1.04047   -0.04527   -3.33657   -0.72901   -2.03279
          2      50100 3206.21917   -1.03664   -0.04535   -1.04047   -0.04530   -3.33657   -0.72901   -2.03279
          2      50200 3213.35921   -1.03664   -0.04535   -1.04046   -0.04527   -3.33657   -0.72901   -2.03279
          2      50300 3219.77981   -1.03664   -0.04535   -1.04046   -0.04529   -3.33657   -0.72901   -2.03279
          2      50400 3226.27471   -1.03665   -0.04535   -1.04046   -0.04527   -3.33657   -0.72901   -2.03279
          2      50500 3232.86632   -1.03665   -0.04535   -1.04048   -0.04529   -3.33657   -0.72901   -2.03279
          2      50600 3239.07646   -1.03666   -0.04535   -1.04045   -0.04528   -3.33657   -0.72901   -2.03279
          2      50700 3245.36750   -1.03666   -0.04535   -1.04047   -0.04527   -3.33657   -0.72901   -2.03279
          2      50800 3252.57896   -1.03666   -0.04535   -1.04046   -0.04528   -3.33657   -0.72901   -2.03279
          2      50900 3259.06865   -1.03667   -0.04535   -1.04047   -0.04528   -3.33657   -0.72901   -2.03279
          2      51000 3265.29400   -1.03667   -0.04535   -1.04048   -0.04528   -3.33657   -0.72901   -2.03279
          2      51100 3271.68820   -1.03667   -0.04535   -1.04048   -0.04528   -3.33657   -0.72901   -2.03279
          2      51200 3277.91087   -1.03668   -0.04535   -1.04048   -0.04527   -3.33657   -0.72901   -2.03279
          2      51300 3283.99635   -1.03668   -0.04535   -1.04047   -0.04527   -3.33657   -0.72901   -2.03279
          2      51400 3290.42869   -1.03669   -0.04535   -1.04047   -0.04528   -3.33657   -0.72901   -2.03279
          2      51500 3297.42839   -1.03669   -0.04535   -1.04048   -0.04528   -3.33657   -0.72901   -2.03279
          2      51600 3304.44447   -1.03669   -0.04535   -1.04048   -0.04528   -3.33657   -0.72901   -2.03279
          2      51700 3311.48443   -1.03670   -0.04535   -1.04046   -0.04528   -3.33657   -0.72901   -2.03279
          2      51800 3319.12886   -1.03670   -0.04535   -1.04047   -0.04528   -3.33657   -0.72901   -2.03279
          2      51900 3325.60306   -1.03670   -0.04535   -1.04047   -0.04528   -3.33657   -0.72901   -2.03279
          2      52000 3331.91708   -1.03671   -0.04535   -1.04049   -0.04529   -3.33657   -0.72901   -2.03279
          2      52100 3337.69573   -1.03671   -0.04535   -1.04047   -0.04527   -3.33657   -0.72901   -2.03279
          2      52200 3344.16049   -1.03672   -0.04535   -1.04047   -0.04529   -3.33657   -0.72901   -2.03279
          2      52300 3350.64680   -1.03672   -0.04535   -1.04048   -0.04527   -3.33657   -0.72901   -2.03279
          2      52400 3356.99412   -1.03672   -0.04535   -1.04047   -0.04529   -3.33657   -0.72901   -2.03279
          2      52500 3363.15749   -1.03673   -0.04535   -1.04047   -0.04527   -3.33657   -0.72901   -2.03279
          2      52600 3369.11392   -1.03673   -0.04535   -1.04048   -0.04529   -3.33657   -0.72901   -2.03279
          2      52700 3375.53719   -1.03673   -0.04535   -1.04047   -0.04527   -3.33657   -0.72901   -2.03279
          2      52800 3382.11857   -1.03674   -0.04535   -1.04048   -0.04527   -3.33657   -0.72901   -2.03279
          2      52900 3388.52949   -1.03674   -0.04535   -1.04048   -0.04530   -3.33657   -0.72901   -2.03279
          2      53000 3394.55433   -1.03674   -0.04535   -1.04049   -0.04528   -3.33657   -0.72901   -2.03279
          2      53100 3400.66686   -1.03675   -0.04535   -1.04047   -0.04528   -3.33657   -0.72901   -2.03279
          2      53200 3407.36478   -1.03675   -0.04535   -1.04048   -0.04527   -3.33657   -0.72901   -2.03279
          2      53300 3414.28288   -1.03675   -0.04535   -1.04048   -0.04527   -3.33657   -0.72901   -2.03279
          2      53400 3421.36873   -1.03676   -0.04535   -1.04048   -0.04529   -3.33657   -0.72901   -2.03279
          2      53500 3428.74326   -1.03676   -0.04535   -1.04049   -0.04528   -3.33657   -0.72901   -2.03279
          2      53600 3436.44094   -1.03677   -0.04535   -1.04047   -0.04529   -3.33657   -0.72901   -2.03279
          2      53700 3443.50758   -1.03677   -0.04535   -1.04047   -0.04528   -3.33657   -0.72901   -2.03279
          2      53800 3449.64791   -1.03677   -0.04535   -1.04048   -0.04527   -3.33657   -0.72901   -2.03279
          2      53900 3455.60254   -1.03678   -0.04535   -1.04047   -0.04527   -3.33657   -0.72901   -2.03279
          2      54000 3461.65491   -1.03678   -0.04534   -1.04048   -0.04528   -3.33657   -0.72901   -2.03279
          2      54100 3467.75842   -1.03678   -0.04534   -1.04048   -0.04528   -3.33657   -0.72901   -2.03279
          2      54200 3473.99003   -1.03679   -0.04534   -1.04047   -0.04528   -3.33657   -0.72901   -2.03279
          2      54300 3479.71374   -1.03679   -0.04534   -1.04047   -0.04529   -3.33657   -0.72901   -2.03279
          2      54400 3485.84913   -1.03679   -0.04534   -1.04047   -0.04528   -3.33657   -0.72901   -2.03279
          2      54500 3493.10612   -1.03680   -0.04534   -1.04047   -0.04528   -3.33657   -0.72901   -2.03279
          2      54600 3500.10751   -1.03680   -0.04534   -1.04048   -0.04528   -3.33657   -0.72901   -2.03279
          2      54700 3506.16892   -1.03680   -0.04534   -1.04047   -0.04527   -3.33657   -0.72901   -2.03279
          2      54800 3512.55514   -1.03681   -0.04534   -1.04047   -0.04528   -3.33657   -0.72901   -2.03279
          2      54900 3518.26289   -1.03681   -0.04534   -1.04047   -0.04529   -3.33657   -0.72901   -2.03279
          2      55000 3524.17047   -1.03681   -0.04534   -1.04048   -0.04528   -3.33657   -0.72901   -2.03279
          2      55100 3530.44679   -1.03682   -0.04534   -1.04047   -0.04529   -3.33657   -0.72901   -2.03279
          2      55200 3536.76013   -1.03682   -0.04534   -1.04049   -0.04528   -3.33657   -0.72901   -2.03279
          2      55300 3543.04250   -1.03682   -0.04534   -1.04048   -0.04528   -3.33657   -0.72901   -2.03279
          2      55400 3549.80245   -1.03683   -0.04534   -1.04048   -0.04529   -3.33657   -0.72901   -2.03279
          2      55500 3556.14193   -1.03683   -0.04534   -1.04048   -0.04526   -3.33657   -0.72901   -2.03279
          2      55600 3562.26891   -1.03683   -0.04534   -1.04046   -0.04528   -3.33657   -0.72901   -2.03279
          2      55700 3568.34237   -1.03684   -0.04534   -1.04046   -0.04529   -3.33657   -0.72901   -2.03279
          2      55800 3574.24586   -1.03684   -0.04534   -1.04047   -0.04527   -3.33657   -0.72901   -2.03279
          2      55900 3580.30929   -1.03684   -0.04534   -1.04048   -0.04529   -3.33657   -0.72901   -2.03279
          2      56000 3586.41550   -1.03685   -0.04534   -1.04047   -0.04529   -3.33657   -0.72901   -2.03279
          2      56100 3592.72647   -1.03685   -0.04534   -1.04048   -0.04528   -3.33657   -0.72901   -2.03279
          2      56200 3599.57418   -1.03685   -0.04534   -1.04047   -0.04529   -3.33657   -0.72901   -2.03279
          2      56206 3600.12249   -1.03685   -0.04534   -1.04048   -0.04528   -3.33657   -0.72901   -2.03279
